# {'window': 14, 'contam': 0.9915201934565973, 'q': 0.0010867779165825273, 'thres': 1.8194357732331972}
4.272753911186434606e-02
1.382344751256560533e+00
1.242682050218025136e+00
2.667625671088686423e-01
1.458334588015901545e+00
1.124254896369181189e+00
8.226666209329087653e-01
1.729759463623777416e+00
6.234723245298482430e-01
9.990211851604218207e-01
1.645737026142897186e+00
2.654696589943256191e-01
1.413401982126972101e+00
1.490961622044761681e+00
4.192794723463388884e-02
1.517089454009816540e+00
1.287169247116875637e+00
5.885117006962138353e-01
1.592740304045256128e+00
7.831362254819401736e-01
9.371561906031703471e-01
1.583926175730803410e+00
4.931814761945400583e-01
1.061556234357593498e+00
1.547424896982616316e+00
1.579091264503051928e-01
1.437453584187148303e+00
1.205521360331125891e+00
3.158228542107622272e-01
1.502214622340095840e+00
7.883853917778105291e-01
8.233333094796481122e-01
1.648925677207733420e+00
8.682677377715997125e-01
1.086662643425612140e+00
1.516000311380662380e+00
3.094469345759661705e-01
1.370907474698962458e+00
1.302424725855465093e+00
1.463153531059436241e-01
1.594788763378633512e+00
1.108575371816508781e+00
3.549681349432161626e-01
1.558227317294031300e+00
8.557804091050874584e-01
1.018643133398343892e+00
1.558923040910249469e+00
4.549626609670702204e-01
1.371554951565836733e+00
1.398774634008701279e+00
2.138566654845409643e-01
1.411229641052848871e+00
1.414985520299119282e+00
2.678981785606019406e-01
1.556525582864988433e+00
1.156926342488149295e+00
6.304595989728857264e-01
1.531027089438004918e+00
7.143802461140585924e-01
9.853016568970079936e-01
1.569799794922017044e+00
2.108967651104654006e-01
1.326740164311341674e+00
1.367202111778970108e+00
8.590842559829559022e-02
1.551805590471342589e+00
1.194946010608605169e+00
4.228383087143583463e-01
1.573079687436238938e+00
8.325751160903855919e-01
9.039330714504048014e-01
1.602389410684903037e+00
2.448181634444185906e-01
1.105906795126555542e+00
1.463227837432842682e+00
5.288775268807609231e-02
1.408582126650889554e+00
1.310133906209337784e+00
1.784292100459971830e-01
1.646092774929460267e+00
9.350399671391832479e-01
7.041658269403164860e-01
1.608570210872953821e+00
7.498606827193075031e-01
1.131314313266947424e+00
1.741863468622337319e+00
3.980684863558190956e-01
1.257723561787062572e+00
1.574294056572660194e+00
1.953166173760310376e-01
1.589867995657752608e+00
1.165233876156996029e+00
4.983052952051998385e-01
1.618225914923378639e+00
8.431635767446928886e-01
9.543741557830971445e-01
1.626178813783909050e+00
5.770701218516415265e-01
1.125884244813030843e+00
1.498140127484143269e+00
1.160596351007884691e-01
1.479959638246323594e+00
1.306038051292927049e+00
3.414871394781588410e-01
1.600355954856183649e+00
9.292732064503680389e-01
6.691659915391900970e-01
1.606628839767198835e+00
5.572030915034693610e-01
9.319414945962246621e-01
1.560454960131882451e+00
3.336955970656447779e-01
1.291529184260105323e+00
1.255443745349526630e+00
1.507951161944049989e-01
1.608688332458216186e+00
1.075850661032373035e+00
4.168066911815532793e-01
1.692351719573057744e+00
7.904168067077620430e-01
9.090923747532528854e-01
1.529596436721207375e+00
3.318732613379719032e-01
1.310776411434214417e+00
1.415784218436511921e+00
1.532099331250959540e-01
1.390452043556739792e+00
1.348406584300881006e+00
2.159810141785722670e-01
1.534069091823813791e+00
9.978410542756008805e-01
7.502053466836147155e-01
2.980745029552197556e-01
5.252255330372722630e-01
8.949922231529908734e-01
1.805235576487975946e+00
2.064137520689300065e-01
1.322597739228861480e+00
1.591831710266272237e+00
2.169009694982780567e-01
1.342677889818381098e+00
1.127155220076716313e+00
5.086393059205612799e-01
1.428191334697451520e+00
9.973329572867322135e-01
8.335152441198002693e-01
1.570231551093326017e+00
5.217385350245608011e-01
1.148956180033304797e+00
1.509879572889016863e+00
7.717908875735306207e-02
1.408206978092037653e+00
1.295380669788049222e+00
3.122278172558072273e-01
1.544998101718223493e+00
1.174610344625827585e+00
7.228567280465633127e-01
1.723439989986251142e+00
5.592210802428543293e-01
1.044105736714276977e+00
1.518437151840661858e+00
2.400900124596639373e-01
1.192496134871252167e+00
1.403181350220297441e+00
7.690364751805912891e-02
1.661725032587724415e+00
1.080499711485549019e+00
4.793505788918576704e-01
1.492086747744057140e+00
8.731932684882373064e-01
8.716100386891858509e-01
1.651774439762865088e+00
5.030346603241226955e-01
1.132085628747218964e+00
1.425968137005727554e+00
9.583523950653277668e-02
1.423421631325556325e+00
1.486541051143142500e+00
3.347583146192725234e-01
1.548554844557111565e+00
9.516294712151561752e-01
7.019799749209930662e-01
1.746299070540170639e+00
5.200019213336917190e-01
9.729378755273435653e-01
1.603602044007771621e+00
2.472759503188340924e-01
1.328437349743199825e+00
1.448635487812494738e+00
8.315349370134292317e-02
1.359522251230839585e+00
1.062607998190388203e+00
3.791687122957125844e-01
1.595626475640812947e+00
9.437002205151648893e-01
7.536804908647196655e-01
1.720698959563563113e+00
5.008994920390527072e-01
1.082099678432571155e+00
1.469103487941936903e+00
7.847488721975534598e-03
1.365602368962501201e+00
1.321283316193440749e+00
2.846075938537410144e-01
1.603439640132198862e+00
9.628728509742073838e-01
6.726248913467669510e-01
1.496800119793542327e+00
6.296219743027117177e-01
1.110264640230249178e+00
1.632130575481084422e+00
7.135292355259287289e-02
1.279525055768946373e+00
1.452826374458627390e+00
6.334016373898204710e-02
1.556313188955929849e+00
1.094179698313738847e+00
5.547432505707766692e-01
1.592515757183081693e+00
7.871132452632163545e-01
8.023215178073059839e-01
1.633903835963229856e+00
4.500512164869742149e-01
1.125740432531521007e+00
1.549443074661042141e+00
1.175637085628354617e-01
1.583092253387283321e+00
1.230245253801017791e+00
2.450357737749267462e-01
1.551520774950219117e+00
1.078363579469032940e+00
7.082786096802959896e-01
1.481557657556399121e+00
6.922630708539719846e-01
1.087708097050364309e+00
1.573948725962522666e+00
1.866493783012767305e-01
1.218818576661701014e+00
1.415580188421182051e+00
2.202815069485145050e-01
1.499415426139834473e+00
1.107347028730994554e+00
7.192281218955464128e-01
1.549791613187112560e+00
9.286406556636142007e-01
7.802464072927715044e-01
1.489682796401174958e+00
4.079798395913455944e-01
1.092123408117817718e+00
1.497551458753993092e+00
7.024216397124152800e-03
1.397763953471363951e+00
1.358260573321565357e+00
3.330284553380776225e-01
1.565277656061123457e+00
1.049873510011187117e+00
7.488739115176997752e-01
1.566238857932665818e+00
6.526640567010193461e-01
1.054057312482809650e+00
1.483756641751145633e+00
2.040510852683836973e-02
1.254556532900927390e+00
1.454206869450068718e+00
4.705002218848197693e-02
1.436079101034847705e+00
1.236847449441522917e+00
5.265792786070090381e-01
1.646236974938156461e+00
8.503044783204198875e-01
8.337271183261261154e-01
1.681639935080873505e+00
3.901576117389363163e-01
1.279628911737766606e+00
1.510390843662810401e+00
5.719722330045116238e-02
1.438316220170006599e+00
1.431075073374952433e+00
2.077005210876718133e-01
1.562274792534629642e+00
9.401751512677219980e-01
7.224326739338448045e-01
1.673455415338961361e+00
5.170234297666668200e-01
1.074992369596956543e+00
1.476531662255702093e+00
3.506792041801446991e-01
1.643592598270381844e+00
1.405391417170774870e+00
1.496092193108837787e-01
1.286000252244535957e+00
1.149642277479423269e+00
5.976934641130581261e-01
1.715703217438167894e+00
9.080360186628605446e-01
8.847712223638305451e-01
1.620597079661517226e+00
5.108583979660884511e-01
1.341341742026177730e+00
1.419204876508359581e+00
1.286855591355998141e-01
1.463663802788619517e+00
1.389931795026301931e+00
3.369302397203752242e-01
1.532007729386416495e+00
9.143938369275576017e-01
7.718896834983316468e-01
1.703506618758210411e+00
8.061009567758457006e-01
1.077415488140899491e+00
1.613139076279652695e+00
4.683563919923379726e-01
1.632352810652973218e+00
1.381474458592184096e+00
1.923338683281300421e-01
1.448283596050915945e+00
1.215272749698506738e+00
5.403303114305728627e-01
1.662312845561511487e+00
8.426145877541402207e-01
9.094567668751065703e-01
1.295752556233963348e+00
5.092554923807557365e-01
1.066232683918900692e+00
1.477869040230496145e+00
1.404320496338787583e-01
1.446498028525037505e+00
1.322684816449460454e+00
3.776871594077721439e-01
1.551830979166139768e+00
1.036381973378363908e+00
6.976038887094471175e-01
1.439619572384740476e+00
6.251249778943069879e-01
1.114882382885217904e+00
1.662035759100606525e+00
2.065885007372161852e-01
1.344443052186485632e+00
1.364663829205509105e+00
1.272166649361755608e-01
1.561336939615010744e+00
1.053844981300516626e+00
4.379982689011081565e-01
1.468347576135199395e+00
8.974376986901542175e-01
1.099913086651570504e+00
1.596759005537567111e+00
4.522586009185776690e-01
1.221033608496750134e+00
1.510163453528632349e+00
4.633562290294539199e-02
1.374391772276797985e+00
1.182463889685858138e+00
2.322327487161979231e-01
1.547555955724706722e+00
9.827672412313416261e-01
6.573862549754829754e-01
1.469339257618961225e+00
7.473729222429690289e-01
1.125798951893018707e+00
1.526639358669539925e+00
2.272738391779993705e-01
1.276273645633042575e+00
1.413947332325196982e+00
1.386031170292660319e-01
1.452012247878252449e+00
1.386923586514030138e+00
4.491067428312072174e-01
1.564406641290775335e+00
8.767161329944264114e-01
8.174250932929181257e-01
1.600603691826402608e+00
3.749089891242541328e-01
1.169119512319965581e+00
1.504390737365091102e+00
1.015003741318246250e-01
1.399433861472607399e+00
1.268067330824107941e+00
3.329232603565621673e-01
1.407837864357905477e+00
9.494533116764161118e-01
7.545580417748648516e-01
1.514012803566757270e+00
5.090358236325256414e-01
1.081090259945282073e+00
1.550956578127009600e+00
3.429987577525986375e-01
1.278097101295684102e+00
1.342435553658704483e+00
2.818875202115720402e-01
1.447760035431089110e+00
1.184418224045547641e+00
5.844060034719303909e-01
1.567727565649486232e+00
7.906382332029685545e-01
8.549457420701644939e-01
1.607050581959597713e+00
4.601399380006914175e-01
1.147065607596882142e+00
1.470702000032321877e+00
7.078791456680430527e-03
1.367669104389152679e+00
1.163252673595744691e+00
3.474483966225748732e-01
1.617127995341938629e+00
8.836312161492283490e-01
6.615689206857069404e-01
1.529487971193025375e+00
6.353364148549232038e-01
1.012570112587136251e+00
1.531013747530693081e+00
3.906436004276875873e-01
1.219354460722430034e+00
1.467971062765397017e+00
1.676515142503086642e-01
1.581083820050566136e+00
1.211152158904434950e+00
4.521535885664004772e-01
1.648812026927564567e+00
8.518500570587800302e-01
8.074522568344741913e-01
1.636654403473215780e+00
4.795163857750440739e-01
1.198350907707256940e+00
1.425744888060838766e+00
2.054057736944266827e-02
1.496706511803985951e+00
1.290891206355142762e+00
3.305097028703932738e-01
1.498259402209569879e+00
1.069441205848419285e+00
5.574939403891550072e-01
1.725876941351374372e+00
8.603905584440284526e-01
1.050010614672479692e+00
1.858372757620152083e+00
3.128198240249304707e-01
1.333130443301575818e+00
1.295622402726176237e+00
2.514221970479001145e-02
1.437748969474322847e+00
1.105649944639175875e+00
4.478517152816742786e-01
1.528238938450803941e+00
8.918242011529564639e-01
8.078237980553395481e-01
1.618385689984872311e+00
4.391741192037365016e-01
1.318381624936030283e+00
1.571633898118235617e+00
9.658670730280981276e-02
1.503349044989682026e+00
1.237811547648382637e+00
4.655721546548274858e-01
1.715324604571795808e+00
1.039230239813914825e+00
6.490496822001672328e-01
1.617819744162929174e+00
6.281347558671762643e-01
9.526244598339909109e-01
1.572718812499941166e+00
2.953066111462663290e-01
1.380067283483294549e+00
1.334984973801670360e+00
1.214386902178839212e-02
1.471355300486256290e+00
1.201911573305112668e+00
3.987202222896410464e-01
1.496948153895854006e+00
8.174526662773964336e-01
8.014243864379662075e-01
1.572581292998728175e+00
3.418259661990499243e-01
1.217190752905715767e+00
1.521615599554655862e+00
1.622183681517114229e-01
1.344129491975307733e+00
1.206579519443227388e+00
3.882160775477040970e-01
1.548932217158887514e+00
1.104541498297263669e+00
6.122235279314204304e-01
1.613255720607389421e+00
6.031849900660376518e-01
1.041817243064468990e+00
1.558203968166639530e+00
3.408299989897409232e-01
1.659703954083077582e+00
1.387577555576551491e+00
1.713770077360891875e-01
1.492270277946725621e+00
1.133659742508128954e+00
5.581521077650249962e-01
1.623568996472698922e+00
9.045323088932510913e-01
8.212612869345409239e-01
1.619375051133860488e+00
3.980462783053788089e-01
1.188828852403371217e+00
1.422768563878195280e+00
5.511103777050568864e-02
1.521197719150969574e+00
1.247982792884308356e+00
3.177152290698922465e-01
1.516720184907165647e+00
9.761406102671412732e-01
7.128212817023050762e-01
1.617440819925900053e+00
5.442802850842416440e-01
8.761901699298303425e-01
1.601249817969115696e+00
2.763303395801196549e-01
1.224005464249019903e+00
1.433766392805966516e+00
1.721383964290602586e-01
1.518805443660629972e+00
1.079832719150541465e+00
5.628349534885550565e-01
1.487760610608806378e+00
9.036604019509923980e-01
6.751725188000865518e-01
2.896662037521577360e-01
3.779243667875741841e-01
9.998164152988138209e-01
1.594031342994371103e+00
7.470527926569438260e-02
1.190712334032674846e+00
1.435653237149302042e+00
2.865638894487980703e-01
1.430511400328602578e+00
1.081620743216770819e+00
6.984973269295705611e-01
1.567990980077495156e+00
7.390171276657548916e-01
1.201386230792424126e+00
1.393519428371196467e+00
2.797193413633279890e-01
1.349355111926866080e+00
1.418120486157064875e+00
7.812448606999890244e-02
1.546677450935014297e+00
1.024722370483429623e+00
5.982084803634404313e-01
1.675290915686642901e+00
8.823058463401987073e-01
9.922474223989820041e-01
1.559892479555736067e+00
3.899404592449284279e-01
1.194906992437280602e+00
1.327400115044749418e+00
1.366847071502206301e-01
1.556239331530744563e+00
1.222442389189029477e+00
2.943884401462174005e-01
1.637715903234968629e+00
1.133340938619122218e+00
6.432292783795517943e-01
1.527514406028010363e+00
6.624988082121028299e-01
9.515991873893818731e-01
1.555235222081119417e+00
2.363184813644759186e-01
1.299750185510884615e+00
1.374179708899365027e+00
1.602558884161112696e-01
1.592803687720743211e+00
1.295238940039910469e+00
4.888878185917208685e-01
1.712217204698996298e+00
8.318606933316109453e-01
7.795294095696361225e-01
1.566662313162308751e+00
4.779518262696610398e-01
1.206842491242894999e+00
1.534628950857855001e+00
1.237615065131336123e-01
1.524583038772454158e+00
1.632022037607455456e+00
2.537491166845438073e-01
1.502085397141187162e+00
9.141016461322382103e-01
7.008276829959269039e-01
1.604839134682317647e+00
7.065381289042254043e-01
9.852908046454534885e-01
1.534581783140249955e+00
1.576539328396189543e-01
1.416512580947384858e+00
1.364992228119316753e+00
1.170639430014847882e-01
1.551024676076561803e+00
1.103466581361375543e+00
5.230176875716093798e-01
1.136451288130787995e+00
8.157205676813257256e-01
9.057017504637576710e-01
1.595639967294148809e+00
4.831099163019999532e-01
1.115443218920626478e+00
1.409042597248755913e+00
2.576693793096576091e-01
1.313186692482336992e+00
1.359202255992979724e+00
2.670263363837478421e-01
1.539414139929960568e+00
1.004400400499142254e+00
7.393884077182921732e-01
1.472459455392316707e+00
6.615082509913552400e-01
9.182702274382409380e-01
1.748392603960369218e+00
2.110120165205909004e-01
1.429036747476697178e+00
1.293850865557436336e+00
1.101431952012007776e-01
1.498783988146904944e+00
1.233104092757476122e+00
3.961744151833359595e-01
1.554766631887591233e+00
1.007166134499643873e+00
8.329610331578432003e-01
1.682226442837803315e+00
3.956316919418319533e-01
1.125557308385957800e+00
1.426105446176115343e+00
7.697810353047808418e-02
1.389458359914074626e+00
1.279715021000933373e+00
2.752846880203201341e-01
1.519524845763966736e+00
1.047060490272749833e+00
7.072944585778011550e-01
1.563725438873808216e+00
8.232725529554519861e-01
1.021698950910188808e+00
1.430820060343218847e+00
1.058923090152835839e-01
1.345719244225195066e+00
1.374914708272314101e+00
5.194517236640027597e-02
1.494898768658419641e+00
1.123680240732684688e+00
5.599971213954763050e-01
1.627854453012322455e+00
8.266127478535523210e-01
9.405860267822907517e-01
1.563545624486735619e+00
5.040813814657998382e-01
1.054590791006722261e+00
1.389675353120093382e+00
3.434537217418530408e-02
1.467127647596145668e+00
1.285078916368085133e+00
2.757120726828257151e-01
1.561118974406800808e+00
1.033469115109768133e+00
6.503405240957786937e-01
1.692144877318116913e+00
6.188964260029320430e-01
1.033644114945947656e+00
1.680806730788737324e+00
2.761137233599232355e-01
1.393834094571424931e+00
1.366942846771456832e+00
1.614112766593588377e-01
1.371495611740718656e+00
1.103316732987558613e+00
5.313534005817862615e-01
1.558778885151158367e+00
7.269426802844379809e-01
9.327480971091821615e-01
1.686467583640240742e+00
4.291729512470242591e-01
1.054470831954160470e+00
1.585001968825724861e+00
2.317032862939671922e-01
1.379305054706143840e+00
1.406296439425683831e+00
3.629077328323790930e-01
1.448408137280626118e+00
9.736976886968360390e-01
7.411264769050279755e-01
1.792085100522452512e+00
5.977474065109932289e-01
1.068638168902676933e+00
1.528543661994734348e+00
4.491686722429477086e-01
1.246095679829969383e+00
1.439081494394988781e+00
1.617772252964104207e-01
1.505509205727020738e+00
1.248818167115598010e+00
4.752726938181417449e-01
1.494195377319204932e+00
9.334392234565392910e-01
9.846462647939236978e-01
1.523627955284045710e+00
4.225876017198069157e-01
1.185297954548750532e+00
1.527151813353451848e+00
2.889271632218680386e-02
1.373102588234808241e+00
1.236838859997100526e+00
4.200378272933115165e-01
1.552472054920392752e+00
9.424720725053373771e-01
6.381168531347188866e-01
1.802586442523443022e+00
8.331415049785855231e-01
1.066340126655163534e+00
1.532431900312769324e+00
3.466878559122443804e-01
1.409562054212479376e+00
1.268564454887934456e+00
7.959853939388590593e-02
1.349681434487477016e+00
1.255834907116204491e+00
5.052107048733647243e-01
1.542210002327466078e+00
9.226684053504842220e-01
8.471492613804305627e-01
1.620656025084184160e+00
5.076610362883342553e-01
1.065599146001483311e+00
1.584408595663927111e+00
3.390194846331086309e-02
1.516046531302353007e+00
1.273510256416273023e+00
4.338212373272282707e-01
1.494940409717094187e+00
9.861705650597906159e-01
7.400501675172129756e-01
1.666360257509808429e+00
8.211823985309278928e-01
1.281498177022196483e+00
1.543809565174641740e+00
1.953621970062665303e-01
1.243131364803514938e+00
1.499509633226516314e+00
1.369979983748301489e-01
1.455354808853752013e+00
1.208001801897758964e+00
5.495187633942237859e-01
1.503276117092690933e+00
9.146793801297012916e-01
9.083697426405463737e-01
1.660024467131091086e+00
3.872001987284205970e-01
1.229200244445222134e+00
1.472264582469356986e+00
4.464579461335141386e-02
1.427920023588597820e+00
1.152083749891360975e+00
3.559897806473056869e-01
1.353313619838721005e+00
1.059761216865329647e+00
7.580787082666204935e-01
1.578297328120789933e+00
7.336504356325058707e-01
9.855725791579736939e-01
1.727900647651398058e+00
2.032133049619510579e-01
1.253456725967548646e+00
1.332363888282857012e+00
1.251134023943711870e-01
1.374602507033063414e+00
1.275666340608454075e+00
5.533781863588682626e-01
1.685697229807917363e+00
9.038699073129772277e-01
8.991082783442091442e-01
1.649577197098451409e+00
4.818938881197956103e-01
1.266013707424290979e+00
1.577680220566080704e+00
8.541957226683952187e-03
1.284288833247448469e+00
1.237755453845367004e+00
4.586683484726075677e-01
1.707770320375977535e+00
9.946489445772748184e-01
7.277516569056347029e-01
1.667430783267824346e+00
5.926822155364298572e-01
9.821379179641495094e-01
1.546631996781898444e+00
5.312571742355538529e-01
1.507866253479041463e+00
1.337409061388638243e+00
2.043745133686798998e-01
1.431705504123036654e+00
1.133126308180151254e+00
4.989260433718059051e-01
1.562056135679033009e+00
7.420813480264727424e-01
9.794062320151297740e-01
1.753496543432032651e+00
6.751584431168350386e-01
1.164187243573920227e+00
1.467420793514799815e+00
4.304025345655548840e-02
1.529507428331871255e+00
1.272046977203385998e+00
3.828864292065029540e-01
1.583543031140080881e+00
9.224876403475451569e-01
6.665667359088696120e-01
1.605996475324437567e+00
6.183562799358182094e-01
9.341925734121546698e-01
1.488842844060740855e+00
3.398351734961466142e-01
1.311487000362129063e+00
1.372513233143797251e+00
7.363892362146005899e-02
1.454174021214611923e+00
1.158693026616394173e+00
5.609967511375170135e-01
1.616242624375778147e+00
7.350551842677064407e-01
8.365074630012253598e-01
1.671421002998784600e+00
5.181709522360777864e-01
1.322343340449879001e+00
1.328491298899759698e+00
9.344212958811810854e-02
1.378007206383938144e+00
1.149258739389423134e+00
2.853849067028062514e-01
1.553920019900449923e+00
1.150999402404871974e+00
7.488818230244114194e-01
1.586274708193758487e+00
6.341901159308239722e-01
1.049095819788466777e+00
1.368195050324374495e+00
2.839833337478995245e-01
1.394859682915635446e+00
1.511960763752347559e+00
8.544703711163491311e-02
1.582473744399637505e+00
1.175023315093713050e+00
6.412534392220098356e-01
1.724317339214656242e+00
7.551084522591799963e-01
1.059021001908191595e+00
1.618155364786193262e+00
5.472025259419385224e-01
1.227841973400698672e+00
1.508293953533905718e+00
2.689608763122325330e-03
1.520641785385615341e+00
1.282757288205397028e+00
3.301887083685492996e-01
1.634968531018574645e+00
9.240949103287262600e-01
6.997164431425350051e-01
1.740008289975541578e+00
6.965787460441545953e-01
1.122345646853901258e+00
1.607774935599630250e+00
2.748364894708348327e-01
1.331534626649529152e+00
1.349738886441152141e+00
1.166683622791327285e-01
1.648266547448388408e+00
1.164047238071247881e+00
4.323311553320139944e-01
1.510050977132976424e+00
8.804821349429232669e-01
9.643847962141852692e-01
1.497167635122650831e+00
4.140186660001523578e-01
1.249222655248455993e+00
1.465695534461973537e+00
4.103771465379212058e-02
1.385483108770940053e+00
1.240307551359767668e+00
3.070545511808454031e-01
1.487684666059468697e+00
1.039740132103316839e+00
7.909359717440948012e-01
1.620188924471910541e+00
5.932956995172296022e-01
1.109242517292683861e+00
1.472320597964630551e+00
1.372584190543385818e-01
1.325617715093445836e+00
1.326867396642129604e+00
7.601401479969049912e-02
1.380013231275373009e+00
1.176969296875495452e+00
4.987058909889586222e-01
1.676828866947714936e+00
8.379776456040709531e-01
9.630492713331247900e-01
1.566879245627876616e+00
3.925202241486844268e-01
1.197255100726949184e+00
1.539670393929032599e+00
1.532752036509853200e-02
1.543584765537390879e+00
1.307994390849995581e+00
2.832831232546285105e-01
1.594424188707356249e+00
8.972844003272679725e-01
6.344683908264882044e-01
1.583656032895354837e+00
5.956698148685067862e-01
1.102919531941738640e+00
1.481688102917768424e+00
2.181770164647175436e-01
1.293980744797109672e+00
1.220862286386446227e+00
4.876101031139180864e-02
1.486432646028999827e+00
1.088802726011469657e+00
4.525600397937484809e-01
1.590089569954584947e+00
8.528897671884211329e-01
7.890053909299429291e-01
1.361481304117303504e+00
4.434256683110394115e-01
1.141637972137184098e+00
1.388271651074153068e+00
6.704111771078420656e-02
1.284772294958750782e+00
1.187742329833265220e+00
2.419384664000680252e-01
1.662180096720060396e+00
1.012503983406947361e+00
7.256756847704564084e-01
1.701811084905574978e+00
5.522514823001530848e-01
1.128484980866290011e+00
1.546314443306406439e+00
3.796090555833347979e-01
1.326834427802610517e+00
1.358506110588250548e+00
5.928453354473001147e-02
1.536057944993981073e+00
1.098873391327016780e+00
5.181090445960589985e-01
1.609894816945752094e+00
8.490254349921337873e-01
9.454280819332480101e-01
1.575772895738130730e+00
4.316040782078822136e-01
1.106685121867319488e+00
1.532104477962215272e+00
1.477771699660629656e-01
1.469326529135087211e+00
1.227082705188177414e+00
3.149934678862474358e-01
1.569743733906932226e+00
9.356721397423574116e-01
7.818107550382292770e-01
1.631362002369104891e+00
7.749575721127129890e-01
9.463647894865071519e-01
1.418903849198725586e+00
2.219783669450960395e-01
1.215679994492007143e+00
1.386386767264612407e+00
1.303415443282121833e-01
1.515712772896456340e+00
1.111339534853174493e+00
4.013737037443671496e-01
1.471102047713388705e+00
9.516511073403650656e-01
8.029934184961895483e-01
1.550900766276317899e+00
3.656053711174089837e-01
1.368228501231833150e+00
1.485291375931243385e+00
1.839395427592211557e-02
1.415794898185071871e+00
1.373525630563112943e+00
3.893097463013028281e-01
1.661469870224199674e+00
9.760908234506230352e-01
6.362434460524287738e-01
1.652277751456314281e+00
7.431221331031114818e-01
1.053985876183052728e+00
1.450211196026134353e+00
3.984145942406407959e-01
1.429809774031951974e+00
1.535087170129750156e+00
1.994601979789922264e-01
1.553018776287079517e+00
1.350215425583470186e+00
5.137860233264450738e-01
1.734367715910556162e+00
8.565833914473477417e-01
9.141693481526536047e-01
1.618312617004951992e+00
5.280447611041103606e-01
1.335638436251595840e+00
1.388021422252687209e+00
1.353855639984479498e-01
1.445895848136633077e+00
1.587091940767594300e+00
3.261778415381332286e-01
1.509750882795827920e+00
9.361867100076614046e-01
8.171349953229859464e-01
1.621347745129854134e+00
4.671482344655930596e-01
1.108567495742099673e+00
1.434957227190110984e+00
2.638555731152826267e-01
1.254041765482050597e+00
1.375715501696952447e+00
9.355622277723499303e-02
1.583175458342265696e+00
1.234161639695997570e+00
5.927393462230845511e-01
1.475955146495132153e+00
7.754589132167648557e-01
8.745552830285535650e-01
1.721965593842249120e+00
4.182339570044192323e-01
1.126144256401595767e+00
1.496971515223090243e+00
2.185293917642918554e-02
1.494849816986991042e+00
1.387226049217247681e+00
3.111275848239526409e-01
1.716638968047156322e+00
1.072670239960822558e+00
6.631916405944419113e-01
1.689838830527076841e+00
6.737230480301051871e-01
1.123005497401616593e+00
1.595468105268774028e+00
3.074828509623193096e-01
1.406465789273504186e+00
1.405424695364579035e+00
1.067566903896441655e-01
1.585202280133401587e+00
1.126915119838279189e+00
5.445376921761051481e-01
1.564537447543062232e+00
9.486427178669080140e-01
7.802574628637167775e-01
1.248285216087146487e+00
4.866549374701323316e-01
1.232607631946542659e+00
1.515229286967666678e+00
4.599349280566975007e-03
1.453493962125589789e+00
1.256649172079894683e+00
2.803197412364551999e-01
1.501321972852142084e+00
9.590777092705710105e-01
8.256406556260993401e-01
1.526673467547568164e+00
7.848858837041686742e-01
9.742728498904510426e-01
1.545651371428369059e+00
2.059854861493916611e-01
1.260504401069957314e+00
1.377644915946597548e+00
8.321673619607640460e-02
1.674371569603431587e+00
1.094171274003227667e+00
7.212044105071220290e-01
1.671577714832174433e+00
9.402725034093579737e-01
8.164158784295495463e-01
1.539834099245665389e+00
5.765640896489596656e-01
1.159509020385828038e+00
1.484838564107921144e+00
1.069618058729739501e-01
1.338305294556279446e+00
1.116095511151810271e+00
4.358095604704778081e-01
1.672498730913181131e+00
8.690854278656492404e-01
6.880681966640408431e-01
1.664025157298064439e+00
6.474140093233280435e-01
1.179348086482452151e+00
1.484980801709807396e+00
3.132874168840932838e-01
1.413618263151928511e+00
1.278011188843688695e+00
1.257098230689667473e-01
1.553603369212085195e+00
1.147037850320193453e+00
5.963744747913859445e-01
1.652146027306213849e+00
8.097266781810160685e-01
8.426172270922565044e-01
1.594922965794371761e+00
4.848351945522705320e-01
1.166636452904606269e+00
1.389520367012699431e+00
2.440637734052476526e-01
1.406476496089356543e+00
1.206550488592709414e+00
3.581151844444003252e-01
1.380746699970502700e+00
8.503103375478942016e-01
6.618772556101760740e-01
1.446410536987482010e+00
4.840167577190193082e-01
1.072519952991147996e+00
1.435747598402229208e+00
2.661844220896927848e-01
1.327999551534787770e+00
1.381651638048176034e+00
1.696288986052644776e-01
1.537209166777228742e+00
1.207011179235203180e+00
5.849654189149121608e-01
1.645017251044299966e+00
8.232470940081344501e-01
1.010752888344906619e+00
1.563582715260259270e+00
5.701098149200156673e-01
1.076189058513996377e+00
1.578012253846505786e+00
1.073057849060803925e-01
1.408731294384871768e+00
1.308969649751978492e+00
2.830526249668006145e-01
1.616747373211398164e+00
9.154549161781495581e-01
5.921960005453646980e-01
1.129540394941233261e+00
6.842573267093445821e-01
1.105987201393667796e+00
1.565606473200590765e+00
2.040568167899727281e-01
1.424617863740652801e+00
1.459052268158957721e+00
2.463843077974830209e-01
1.430444497612013421e+00
1.058733628426307583e+00
5.643752075367910459e-01
1.611293109936734913e+00
8.788901895804838160e-01
8.628921881886504330e-01
1.630169884619168119e+00
3.552667543045386900e-01
1.181836005935111178e+00
9.393982148074643268e-01
1.260186845103238862e-01
1.338185459354775730e+00
1.300170636719244710e+00
3.953570340999841282e-01
1.495178994588292287e+00
1.141635982890459200e+00
7.670714446138704457e-01
1.524019469103380375e+00
6.425167869093009188e-01
1.097303278252952596e+00
1.459298758453069889e+00
3.943751293687566273e-01
1.260522465931279035e+00
1.271407838159528403e+00
2.632922050339930875e-01
1.465733608844435487e+00
1.239048737292786306e+00
5.737476204667159019e-01
1.534004469148352756e+00
9.123836879406986844e-01
8.609651874959862727e-01
1.383813951199219794e+00
4.767491070722237323e-01
1.146745994471588315e+00
1.464812738012729376e+00
6.655860669726933188e-03
1.493411848537104847e+00
1.386633061703149039e+00
2.532149269920085377e-01
1.583513482965832830e+00
1.050118509737937744e+00
7.790338863906373090e-01
1.502603908433892688e+00
5.715021419785850654e-01
9.263970813649460290e-01
1.501930166694498414e+00
2.594470132079976232e-01
1.498517601968102353e+00
1.362645754990168934e+00
9.986369242903961330e-02
1.568336691938176708e+00
1.118490282453938223e+00
4.206960215715661588e-01
1.523996584598506621e+00
7.436165694801504245e-01
8.679380264071135942e-01
1.705068012035883873e+00
5.357538794756120382e-01
1.219954915766107373e+00
1.342188903128207711e+00
2.380756617741921766e-01
1.510290121406066000e+00
1.178098659292573958e+00
3.939638006450950081e-01
1.647395432846856078e+00
1.028128778851219227e+00
7.133056501879291300e-01
1.627633567035740247e+00
6.853741364555460125e-01
1.183368910909251115e+00
1.507229646376390564e+00
3.797072432693451849e-01
1.361011730507529771e+00
1.436137207001873417e+00
1.081661160246728398e-01
1.668535347308890859e+00
1.194506452186509415e+00
4.977737234248009734e-01
1.532879335602197246e+00
7.501084966729725245e-01
1.048099462191362186e+00
1.473522041172020680e+00
6.178136990380247440e-01
1.141776875183599049e+00
1.473767228675302743e+00
2.101111078962877299e-01
1.518094042443981717e+00
1.330556101469335673e+00
1.279013730479846567e-01
1.571918823744644866e+00
1.123198290449211489e+00
8.680468084403584195e-01
1.635879703335402890e+00
6.959290831564355351e-01
1.106855826569522305e+00
1.496737899751989120e+00
3.038734840331982490e-01
1.319580006014515527e+00
1.322279557472912259e+00
6.885408543212104271e-02
1.483179615993042377e+00
1.097267487511849327e+00
5.467237998525320553e-01
1.525484911455457393e+00
8.172613229480792940e-01
7.037111508378838254e-01
1.451508644316027441e+00
4.113135438054746906e-01
1.234358360026197365e+00
1.501573742102266795e+00
3.616684654083246464e-02
1.373081734662749076e+00
1.150832180494939516e+00
3.689825515294321567e-01
1.477146843771291573e+00
1.073188438572232561e+00
7.308508423255996034e-01
1.595289467567415409e+00
5.090563147547323419e-01
9.956364923948640699e-01
1.574964992551443732e+00
2.484284517015391547e-01
1.195188600459415662e+00
1.366054858455546084e+00
1.790253637379032314e-01
1.439578005338548294e+00
1.152187081546815817e+00
5.103857830080350544e-01
1.628936210079838132e+00
8.174174580303539273e-01
8.783840735851317083e-01
1.727568541970230465e+00
4.183944075707478616e-01
1.380271410593184589e+00
1.380000240271291867e+00
8.393497601105813499e-02
1.464902317870730553e+00
1.238931774327193924e+00
3.335847996396198445e-01
1.528369919746862982e+00
9.775762371922133154e-01
7.195263425391963397e-01
1.539475478679199760e+00
7.189097636360282095e-01
1.059732611567567373e+00
1.671386263628181545e+00
3.225978449173830254e-01
1.395757296622655241e+00
1.415124603990560503e+00
6.492921490922980154e-02
1.628381810493968240e+00
1.235743798007003180e+00
5.830209254487529469e-01
1.472507764855186085e+00
8.721661590987699331e-01
7.341351605949921755e-01
1.743895994377289371e+00
3.713410868221486139e-01
1.239228866456155709e+00
1.693123821795873507e+00
9.892506343606025099e-02
1.717080805251071318e+00
1.346817531341510943e+00
2.513288647079892635e-01
1.466942429253906388e+00
8.837332310640140243e-01
6.833315568886095814e-01
1.614339718157010495e+00
6.036638036933212881e-01
1.143461975408767373e+00
1.651155897172489784e+00
3.458572475462248219e-01
1.414219595268346508e+00
1.516416050196548237e+00
1.499114811571607420e-01
1.634074909782349261e+00
1.140200984415104424e+00
5.010651072278354823e-01
1.544506363377529556e+00
8.643512798858925539e-01
8.822001025612944414e-01
1.567169721847824659e+00
3.024545248544024956e-01
1.255079053969201386e+00
1.415357293755030277e+00
1.440750442507443552e-02
1.421561586722885462e+00
1.289225005273707536e+00
2.133241862388627896e-01
1.504460441928580750e+00
1.020595250545429877e+00
6.785598204667568911e-01
1.668954524588960320e+00
6.278920562157632723e-01
1.173759055871200774e+00
1.594446849478223127e+00
2.713126308953487387e-01
1.456141396881486250e+00
1.545124103967987717e+00
2.267864177488835287e-01
1.639398081255198480e+00
1.062797614125975176e+00
6.016681671971267908e-01
1.496000296973170496e+00
8.977759622107832627e-01
9.132332734889612169e-01
1.526509087976326118e+00
3.887136665371934141e-01
1.190111005035335179e+00
1.465734577199947042e+00
1.808455749187781181e-01
1.450076632219835071e+00
1.296140939989824714e+00
3.563023094968564286e-01
1.451495203355325891e+00
1.211403287040229593e+00
7.245467973614888590e-01
1.634628365628440827e+00
6.269448983312796431e-01
1.037163497597635375e+00
1.492793424586116746e+00
2.755948434939451408e-01
1.340692233386623133e+00
1.438563935394437499e+00
1.382010873074309143e-01
1.382360640694114018e+00
1.166786433471531437e+00
4.858147273534770272e-01
1.696990528329291426e+00
8.842900815178047491e-01
8.764077178360325515e-01
1.485573502166987137e+00
4.670098063412275180e-01
1.288915810001947770e+00
1.617256026643037137e+00
5.793851174585598618e-03
1.606739579837387577e+00
1.099374073178153388e+00
4.613212123373906515e-01
1.473052974056695552e+00
9.911650259309190414e-01
7.667117287981680684e-01
1.779446202987305048e+00
6.758517953513443199e-01
1.214344645716697313e+00
1.458536114175390530e+00
2.599637224010767911e-01
1.282245047683267414e+00
1.359774874363295805e+00
7.730124001301337533e-02
1.571502394492271915e+00
1.123757790867065509e+00
5.566592364013629446e-01
1.645637717330194594e+00
8.035622505631446755e-01
7.288220367064740524e-01
1.373878432481199674e+00
5.191970237707480562e-01
1.273975942483400514e+00
1.380542519208302954e+00
7.151719216723509409e-02
1.417053438827725831e+00
1.392195591587932046e+00
1.455367763667598235e-01
1.505124863568776394e+00
1.008552000258880810e+00
7.472711947741506044e-01
1.599159337874523468e+00
6.002025415594371971e-01
1.001245747074371639e+00
1.485411229053795079e+00
2.245664806045718220e-01
1.248137470857204612e+00
1.365616998341431909e+00
4.746132613503521724e-02
1.517003205663606469e+00
1.230729860410739063e+00
4.958295777562993223e-01
1.709213261829829689e+00
8.826876667582160829e-01
8.436986207720190700e-01
1.493717049349596371e+00
4.993263399531724378e-01
1.137251562346562217e+00
1.517362990254413679e+00
1.342644384605596874e-01
1.461272193026946553e+00
1.371642835420824991e+00
2.843169920943876550e-01
1.417869861926743136e+00
9.731149130280983828e-01
7.527335019426196761e-01
1.656751145329680375e+00
6.275057525781581047e-01
1.092702698934481242e+00
1.588954411250267373e+00
2.278286396602977049e-01
1.283013862378920233e+00
1.374245566746924219e+00
2.104020094191837442e-01
1.576451979803486170e+00
1.156449017446225191e+00
6.061840656011371342e-01
1.671254202963514013e+00
8.882810240316970640e-01
9.164018653568144490e-01
1.696810559004680474e+00
4.582027081765770449e-01
1.212194355463861006e+00
1.656263398315288349e+00
1.623009299493598234e-02
1.374869923763531787e+00
1.160158395916494944e+00
3.708540740297331384e-01
1.621422742130094630e+00
9.733834806715360166e-01
6.958179649916708120e-01
1.477296131996836959e+00
7.513808028236853565e-01
1.006254089471035895e+00
1.583435026893628805e+00
1.975767296844095078e-01
1.245430035839077521e+00
1.410387111747170463e+00
6.931533419264523932e-02
1.425238442544654038e+00
1.087271502936729917e+00
5.575704280684076197e-01
1.573480322386608954e+00
9.335615487059908402e-01
9.601472433904689741e-01
1.528143440035460099e+00
4.585858472623615678e-01
1.244430976815025680e+00
1.431450201913869291e+00
1.837500809217482850e-02
1.474296148939454598e+00
1.353467816457196271e+00
2.967080597274527887e-01
1.531639405877316840e+00
1.024083016605098706e+00
6.459166653184288398e-01
1.597574208268374818e+00
7.410393093566762790e-01
1.057612888588547850e+00
1.494454548979152975e+00
4.300741982483763937e-01
1.439124235383369088e+00
1.375820116915961622e+00
1.067162835393895282e-01
1.733892488175069690e+00
1.246305628176476610e+00
5.607761473700146881e-01
1.566060902913964714e+00
9.795605968179282863e-01
8.982457410581599078e-01
1.590480673901013997e+00
5.099316147220729345e-01
1.124449278959799514e+00
1.402932138240569504e+00
1.475757423613813513e-01
1.368690203862049204e+00
1.352775784824133298e+00
2.190148224717687331e-01
1.534232905598280405e+00
1.039362506922974383e+00
6.416390740148578686e-01
1.648990732168313711e+00
6.390278208866113641e-01
1.014593509193210341e+00
1.555120776668383442e+00
3.291148905547936487e-01
1.306626216877239122e+00
1.382838569594571743e+00
7.362837996389821893e-02
4.491189141900248094e-01
1.075117545123063678e+00
4.862612042655919398e-01
1.708770334277976533e+00
8.682028325040396233e-01
7.948813375827707972e-01
1.750695947034596411e+00
3.320747380667898319e-01
1.065836611954340984e+00
1.539574685532693055e+00
5.649601686690806923e-02
1.313892959451500086e+00
1.552434414871282753e+00
4.035020934046309460e-01
1.503716329294302323e+00
9.216706725538124090e-01
8.030315189729106962e-01
1.726995251778918661e+00
6.596673966623166629e-01
9.969069580194631630e-01
1.531049551516074025e+00
3.532515761463350112e-01
1.290723007256071142e+00
1.559637313034763606e+00
1.878431101044671370e-01
1.524297282754400351e+00
1.172238727652157975e+00
5.936339625453674884e-01
1.677457284280456040e+00
8.478166086636732546e-01
9.489285636236676202e-01
1.787171913735518203e+00
5.454718449493429766e-01
1.316588159574044292e+00
1.350645882254415620e+00
9.914014368713544578e-03
1.460819401005648110e+00
1.324320933869535866e+00
3.749159503994040632e-01
1.493278314520617212e+00
1.069368094223366095e+00
5.559155309009083945e-01
1.543396692520794033e+00
6.298181023726940886e-01
1.101574695463710896e+00
1.572132141686783058e+00
1.579804652714550950e-01
1.335880625752031259e+00
1.317404028126946347e+00
1.884550995563337161e-01
1.354601116653780579e+00
1.176247540162608018e+00
5.243205830788942867e-01
1.489694681075358851e+00
7.819158869397281331e-01
7.062518539948565710e-01
1.489466074867531242e+00
4.525824075688231196e-01
1.118494916904656522e+00
1.476656289418228019e+00
1.920632057135804316e-02
1.464057159031356248e+00
1.545022576433235040e+00
3.469650187298856103e-01
1.609952526057450761e+00
1.167987116168335060e+00
6.444878636560807950e-01
1.653050435037428878e+00
7.165961160577423161e-01
1.047906957385857929e+00
1.465321899353523971e+00
2.675600270668597180e-01
1.319017931318076542e+00
1.430699018744414630e+00
7.722483356643437824e-02
1.398732687564293142e+00
1.273162241135935124e+00
5.311446044168528502e-01
1.577475776242077021e+00
8.383813907407067223e-01
9.424636001126655005e-01
1.617673275829968116e+00
4.682158623727203373e-01
1.280662993351287193e+00
1.453347073109784837e+00
1.918819864027018762e-03
1.487135344732036790e+00
1.320196347946694715e+00
2.695318654824865323e-01
1.534384762974968952e+00
9.190150009749857851e-01
7.874136475342150554e-01
1.585208512444397089e+00
6.830042973513817950e-01
1.090670127595878336e+00
1.490126774599999759e+00
2.489691705188432913e-01
1.364993124435729621e+00
1.428649880503832126e+00
1.914992368821348545e-01
1.494571671491097486e+00
1.293267599576678251e+00
6.321066616598791654e-01
1.693006581118019716e+00
8.292705478112790685e-01
9.255682077262822327e-01
1.698667473672462069e+00
4.230122832874221306e-01
9.981815690937509977e-01
1.432298344311983218e+00
5.948367641272367390e-02
1.369089015500045914e+00
1.176533039289080262e+00
1.987735289165628028e-01
1.597560641521055036e+00
1.087404223608927856e+00
6.657796999431662144e-01
1.605412777088353060e+00
7.468805638236227784e-01
9.059102960804160665e-01
1.493421835287428667e+00
2.238042656960888555e-01
1.247177855710219996e+00
1.208142896190753657e+00
9.609311917391864799e-02
1.664201839768779667e+00
1.252315631669552509e+00
4.894915545703849569e-01
1.495365068044881562e+00
7.223337954163495667e-01
9.082926950749924400e-01
1.481815321591274603e+00
4.143313025265187854e-01
1.150398969992621145e+00
1.472480874453671928e+00
1.480295722884076293e-01
1.430844743127743346e+00
1.326035880748780205e+00
1.962704440208203061e-01
1.511468878360171741e+00
1.047549657357886632e+00
6.450403728645167645e-01
1.522755897438779815e+00
7.234671209617811183e-01
1.020409501749740544e+00
1.551746625843795524e+00
2.589673442529353276e-01
1.328431775916519175e+00
1.487963921280188728e+00
1.453217159241425027e-01
1.445033330452932363e+00
1.080933333521084005e+00
4.043197013200762191e-01
1.659668114370773440e+00
8.766506176156085850e-01
9.184458285997822991e-01
2.534758402954113699e-01
3.172092297352679946e-01
1.170843513020085380e+00
1.543793930168729345e+00
5.426445474102241373e-02
1.425494588176894339e+00
1.306781054964803124e+00
5.731625760249047241e-01
1.526988528898883590e+00
1.175250060311453737e+00
7.842672193961187643e-01
1.458334553639972109e+00
6.202654999272638747e-01
1.162362412799558209e+00
1.467018758952283841e+00
4.096508664613679462e-01
1.343071311315835903e+00
1.290086517193458793e+00
1.147674966475192848e-01
1.475051685952170732e+00
1.080470750427495519e+00
5.231225912097230424e-01
1.574359462559470790e+00
9.677384828022081997e-01
9.182876601217726531e-01
1.533398142577227397e+00
5.770624481131813033e-01
1.241191543006023856e+00
1.428394299315546068e+00
2.854440243010959721e-02
1.439981624015383099e+00
1.285402385995594532e+00
3.896897738309738624e-01
1.500268644879070523e+00
9.752678089575393949e-01
9.418273378681530916e-01
1.583536760431278223e+00
5.274703481977092157e-01
1.114704285012295237e+00
1.576724156479532457e+00
1.500477771413279426e-01
1.268859930408097858e+00
1.371265335079690617e+00
2.661760522675075680e-01
1.421901703114021309e+00
1.140042308165962082e+00
4.965633553093070640e-01
1.639647285048742020e+00
8.609412431515856001e-01
8.681256529878121908e-01
1.645815033644783210e+00
4.751804362267135762e-01
1.235830060120699292e+00
1.527856763242267268e+00
2.764014370269180648e-02
1.401298605558048527e+00
1.360649312334524019e+00
2.872616000688205662e-01
1.637928666645145137e+00
1.114937883627410642e+00
8.483551950785458429e-01
1.686931903092229401e+00
6.844912184152625034e-01
1.086053566577668716e+00
1.545143786449957979e+00
1.640427476412319729e-01
1.344793310363250116e+00
1.467166652547079453e+00
2.451374394539682089e-01
1.526394628194861713e+00
1.267222529690514410e+00
4.797720557385610207e-01
1.556932307079203159e+00
8.164203099077704806e-01
9.168086021322306989e-01
1.529443069510543651e+00
4.163756876452620048e-01
1.234987664260072782e+00
1.768407237144712651e-01
1.643014778418365185e-01
1.241776295412827524e+00
1.547341291794062101e+00
4.172823692955994757e-01
1.370079687267976798e+00
1.083226037018712562e+00
8.318709980933269854e-01
1.617512365137588226e+00
7.948176798788050279e-01
1.058572926122131053e+00
1.502335196356398006e+00
3.814240911256972510e-01
1.366689174950435737e+00
1.342997495753537107e+00
1.181673430839159378e-01
1.375132153090163012e+00
1.224221377287171064e+00
5.926936017492118181e-01
1.498089694945580863e+00
9.654466707135683778e-01
1.014451731702490589e+00
1.560171776159794188e+00
2.762277909943465781e-01
1.196700437461439170e+00
1.467044978273701838e+00
3.670667926536892028e-02
1.327598912548835886e+00
1.476196617246253728e+00
3.165271883378504847e-01
1.400045351152507056e+00
9.975564672711101366e-01
7.292394705749347672e-01
1.756816290861718421e+00
7.430215199032504936e-01
1.055668142859522485e+00
1.545906430868380976e+00
2.182206373337174932e-01
1.342341244315918392e+00
1.387224752594908850e+00
1.249894161179041091e-01
1.650145413917400994e+00
1.153009017312685902e+00
5.611815397497615931e-01
1.658000786957865902e+00
1.139825531227344424e+00
9.387040312271939246e-01
1.551339529726353916e+00
5.066602330500893370e-01
1.243597445251807709e+00
1.401180649363577224e+00
1.351878035732669292e-01
1.384689451993603049e+00
1.207760619116530654e+00
3.223046796547994752e-01
1.674794517498128910e+00
1.024235479901804524e+00
8.548525930166805953e-01
1.605567936702982923e+00
7.655939995136376020e-01
1.107891127897675521e+00
1.531580079986301524e+00
2.476186200682380101e-01
1.353887090957176520e+00
1.340434653936223075e+00
1.679182315406271830e-03
1.534841514418910924e+00
1.308810943804317839e+00
5.590961298517331812e-01
6.817084048857596779e-01
7.532146693658714476e-01
8.449427022582993718e-01
1.609014352082910770e+00
3.267936626917281040e-01
1.135461078789011147e+00
1.648613804285145035e+00
1.032966927573099672e-03
1.325387452345044181e+00
1.324127966449507365e+00
4.418355687445968960e-01
1.566655480750614116e+00
1.017397286032619252e+00
8.694779190803142432e-01
1.461043539453163120e+00
6.938181535189604787e-01
1.108427531290592016e+00
1.528031889125271103e+00
2.519479126733578100e-01
1.309469171898689055e+00
1.487806110936794379e+00
2.485454182898825803e-01
1.482571210090368519e+00
1.125788149841349339e+00
5.943314771586283296e-01
1.613166327179798021e+00
7.817398289236486830e-01
9.658382946676220548e-01
1.572822398120101273e+00
5.518068872603855146e-01
1.239778859687540091e+00
1.740149800625707677e+00
3.408799498331310796e-02
1.469942831959265117e+00
1.257832549165314839e+00
2.889889929866537033e-01
1.492955745446019611e+00
1.018120402732757501e+00
6.129308274434792647e-01
1.513350005089435735e+00
6.215963781876201466e-01
1.046845923567480074e+00
1.577093196813991405e+00
2.351438792208518924e-01
1.423040380771293467e+00
1.349655208942814877e+00
1.314362080155307977e-01
1.537932758120671206e+00
1.195475770107729208e+00
5.457269116750423921e-01
4.114155101525102110e-01
6.961908148400349772e-01
7.062065549967153633e-01
1.687385681393158476e+00
4.456989539744893869e-01
9.911129953947190874e-01
1.631719782024947163e+00
6.152007620636477936e-02
1.231561716417433949e+00
1.554118405586764062e+00
3.844701726551009169e-01
1.659804751203531659e+00
1.080270265684076580e+00
7.292063129203429916e-01
1.489242748805033933e+00
5.296071796131744946e-01
1.172523477298562433e+00
1.571396557933577576e+00
2.383813477968383943e-01
1.354356226040685174e+00
1.470796748046140578e+00
2.546774268514011563e-01
1.501385710258769768e+00
1.172592730943261552e+00
4.831045255916289749e-01
1.690404836200062988e+00
9.713871740708530655e-01
8.960925070265095549e-01
1.515516018263478371e+00
4.553775321107058627e-01
1.239555089634169160e+00
1.367536696555652576e+00
3.130924902298208579e-03
1.376236969132581534e+00
1.435320219359532690e+00
3.038203194106947058e-01
1.479780950432431519e+00
9.440334158334501291e-01
8.930728670568469640e-01
1.722705208714344849e+00
6.505814144585519987e-01
1.004891586936268233e+00
1.664811210877437775e+00
3.615225413894944673e-01
1.477193283533259072e+00
1.357468321915706433e+00
8.676696308691007886e-02
1.392105158565511758e+00
1.240316445862322370e+00
5.562946909102598481e-01
1.580314565244537173e+00
7.434545002215874332e-01
8.992771089032014498e-01
1.640185461743437711e+00
4.388163140413535723e-01
1.104774967907580452e+00
1.470685348155130745e+00
1.612140149807085865e-01
1.389657061914968406e+00
1.405251017488265308e+00
2.803384978094036195e-01
1.561965835301529992e+00
8.557887444285807721e-01
7.125657143465109478e-01
1.602576343149075599e+00
7.728870167361368004e-01
1.066612708384522712e+00
1.590635385037973970e+00
2.054067912104892701e-01
1.333772838808997330e+00
1.425620344018567742e+00
1.354924194743310495e-01
1.381250980116329519e+00
1.125463677634183091e+00
5.035672514161564362e-01
1.473910522573633752e+00
7.954579221447271031e-01
8.334628697581981660e-01
1.482303735782075416e+00
4.577113074474143395e-01
1.165925267326672676e+00
1.454578960379351971e+00
1.368459067983210653e-01
1.564560526059012968e+00
1.271192199120374955e+00
3.421483962247931498e-01
1.395243376015748105e+00
1.109661628235223851e+00
6.266267221580511526e-01
1.601581852596793309e+00
6.947768610349772667e-01
1.147764641654339224e+00
1.573094407804306538e+00
3.775115960945591431e-01
1.306234556893801635e+00
1.432359922260344254e+00
8.423108371836464381e-02
1.548545256369896927e+00
1.159073315123686276e+00
4.767934717630285535e-01
1.365372994254632433e+00
8.104553804743469536e-01
8.689908858056315522e-01
1.508404256145843725e+00
4.212099577728997679e-01
1.178457901271952046e+00
1.415717677334656033e+00
9.850887763727479707e-02
1.467933958874817701e+00
1.251061660348930404e+00
2.071319207183277833e-01
1.648835077304177998e+00
9.858454556409002034e-01
7.580980002167396758e-01
1.549875497729635621e+00
8.036409694291689609e-01
1.015575738695386976e+00
1.536265716345175392e+00
2.719665399537145589e-01
1.339962988712559477e+00
1.393688758512943382e+00
1.008520435356490413e-01
1.489842442080039131e+00
1.022145771931208813e+00
5.611186539611578983e-01
1.528383932816512747e+00
8.389674751929081520e-01
9.230236342904625246e-01
1.636483780860762405e+00
4.594154887696887402e-01
1.104710341459144374e+00
1.398595879644995321e+00
