# {'window': 10, 'contam': 0.9932020484212816, 'q': 0.0012287037435558805, 'thres': 2.406569231949984}
1.220121661960776593e-01
1.256855406489863602e+00
1.302667298760941339e+00
2.829061472393433752e-01
1.413744512917503027e+00
1.030722020955940454e+00
5.884167258812286194e-01
1.395648719816504624e+00
7.287005092728321420e-01
9.282622044248866056e-01
1.496207251364936708e+00
2.776815160324276333e-01
1.372202785509639700e+00
1.353743133086636963e+00
2.376973678829512326e-01
1.387494309621132293e+00
1.098538315208569260e+00
5.060515340438017651e-01
1.529851923608733566e+00
7.703839077322603979e-01
8.100819787649938819e-01
1.502384735562671159e+00
4.550506063713730120e-01
1.156686036510477411e+00
1.434357830052586991e+00
2.154901623161933899e-02
1.149947722358285906e+00
1.182575518519430879e+00
2.688103983428259958e-01
1.467696669846086710e+00
8.939190537212980958e-01
5.718023060394619161e-01
1.643959547838074187e+00
7.237911365584768220e-01
9.213745018718999535e-01
1.470258068862691170e+00
1.033140484492231087e-01
1.131454098401738273e+00
1.302776258314551683e+00
7.371355972972680470e-02
1.455861364463026719e+00
1.219758944952179958e+00
2.953589910728596224e-01
1.490223187436620744e+00
7.682187271929579175e-01
7.216697990404202789e-01
1.566317926754358991e+00
5.467053518508120380e-01
1.214269735461300126e+00
1.388086826781991023e+00
2.130846338802363793e-01
1.296977098820027541e+00
1.223204773198225848e+00
3.135537813816900443e-01
1.612165158057266012e+00
9.749435932526143711e-01
6.426826787719651657e-01
1.485602979579876415e+00
7.141979621999023919e-01
1.085483532539354368e+00
1.422626017119160258e+00
2.709781856782272347e-01
1.259503634536903727e+00
1.238248212491935840e+00
1.521103037587436257e-01
1.292634719398390031e+00
1.135363492579157363e+00
4.661052686362058273e-01
1.474371491801180767e+00
7.709239634652185202e-01
8.058554588113807648e-01
1.439335112497959202e+00
3.642405848626509846e-01
1.179710703672403715e+00
1.347547757172178118e+00
1.845022189125522516e-01
1.293936709955877840e+00
1.447540357738226646e+00
4.222449519898298642e-01
1.487024860519936098e+00
9.727296639881246598e-01
6.238554003175192930e-01
1.608401842700091899e+00
6.353674726596978406e-01
9.889103069173283966e-01
1.446756079599213374e+00
2.797191255781407704e-01
1.228123996764590276e+00
1.307750032570835996e+00
1.149167176923824168e-01
1.343321895101599273e+00
1.300066611982452880e+00
3.507115318215652255e-01
1.653675286152944013e+00
9.452360856823174284e-01
8.383140581258792245e-01
1.483821116036734722e+00
3.527149013606249439e-01
9.705759981346993026e-01
1.369647987333641792e+00
1.384760380545028424e-01
1.480324660767710743e+00
1.312637390841666196e+00
1.742835790305962140e-01
1.485193749842315558e+00
9.336364873667623021e-01
6.380129997196055669e-01
1.384912653613149303e+00
6.447928461096030794e-01
8.839898342637114714e-01
1.439500786847614400e+00
2.434571078072608752e-01
1.236368056870669641e+00
1.230137714314241348e+00
1.124988820445651655e-01
1.316574130719654567e+00
1.030683119920889235e+00
3.225384823170249771e-01
1.449547795039807685e+00
8.365901595901465981e-01
8.858019670030496950e-01
1.506810706090409235e+00
5.228516911013089130e-01
1.122393096668149237e+00
1.438022995143886096e+00
1.853381094588024969e-01
1.403675935710233080e+00
1.206512264173875248e+00
2.066914382288237151e-01
1.515114898144084732e+00
9.343649848992698903e-01
6.789088674216974262e-01
1.531589541549461808e+00
6.518762746749331427e-01
1.036528165702373716e+00
1.433698806108253843e+00
2.872014707984638648e-01
1.317625868490946095e+00
1.186138165328828542e+00
2.085512000937587984e-02
1.374221302188152416e+00
1.105644988540694262e+00
3.808194409428649063e-01
1.514674727603623205e+00
8.708048582218054223e-01
9.191206072767281743e-01
1.590383477242674592e+00
5.600405594501705053e-01
1.140512242090678141e+00
1.452354295550596142e+00
5.057060285336223426e-02
1.207285713045977760e+00
1.261716900262197960e+00
2.403215631103238770e-01
1.497984380906461688e+00
8.187257681573911761e-01
7.055408033799571710e-01
1.468268973979540704e+00
6.337196489452586734e-01
9.895932498403490207e-01
1.539458021091220763e+00
2.905082267232097504e-01
1.122914066486021767e+00
1.291726608921498487e+00
5.698000010333792442e-02
1.571715586417004262e+00
1.211102049455451191e+00
4.799746288593148003e-01
1.525621909428706013e+00
8.425283557421844316e-01
9.375117659512262058e-01
1.398048719886788582e+00
4.510281134416733728e-01
1.012989312173200762e+00
1.430748944006675183e+00
6.120600200049195611e-02
1.272217390586042107e+00
1.319621796362348887e+00
2.614163729488498400e-01
1.426595365870975129e+00
9.761254491364905750e-01
5.663263269698100011e-01
1.469677192361490858e+00
6.232844358195527290e-01
7.926330627574147414e-01
1.528292876987351612e+00
2.111230983078884738e-01
1.194330190465008767e+00
1.266212697815312538e+00
2.559206640942096600e-02
1.373174985258839742e+00
1.217530943407783006e+00
3.386892445563884357e-01
1.601606457452112497e+00
7.845465136455209709e-01
7.344795392045810889e-01
1.488934085481913305e+00
6.017536318759592051e-01
1.065821464215087389e+00
1.345577895165233517e+00
1.306188643598228394e-01
1.324770474974741985e+00
1.368232389123642534e+00
2.376755120340559579e-01
1.448962579748464430e+00
1.077548268149054245e+00
5.676328221629169946e-01
1.563788697887470880e+00
6.905703752416589847e-01
9.081080790091009547e-01
1.464091484405555921e+00
3.935695617989257711e-01
1.296236705485778185e+00
1.377489793349073066e+00
1.389871870935030507e-01
1.400334381347756896e+00
1.190574878478193988e+00
3.601606682610712928e-01
1.648278175849599236e+00
8.057361294824159081e-01
8.171100781428594084e-01
1.499664990651963681e+00
6.648232612203891501e-01
1.049113553806398480e+00
1.385205643322508617e+00
1.581854782175834973e-01
1.306323243558542790e+00
1.209726795197863636e+00
1.879708383349370238e-01
1.457970528948820510e+00
1.043805016964368004e+00
4.853052202239834800e-01
1.542433402708969226e+00
5.199272514004371626e-01
1.173476253780708634e+00
1.367451597355005211e+00
2.859677593962427489e-01
1.189801766448729703e+00
1.363158796314360544e+00
1.036515944671987932e-01
1.360314010947125007e+00
1.065441245014594696e+00
6.071689269314374249e-01
1.449665159985420892e+00
7.490864032424425778e-01
8.267287420967510680e-01
1.655621396343542440e+00
5.166357059275433761e-01
1.198420332627467388e+00
1.407206301317199593e+00
2.505374159584432547e-01
1.272018177906764524e+00
1.305195537368097014e+00
3.308103185534581048e-01
1.549211850431003512e+00
1.181979052178450340e+00
6.168003607294280100e-01
1.609120847310046010e+00
6.966991597803662284e-01
8.047082172212869366e-01
1.479969163121148901e+00
2.628244235839798382e-01
1.092112289188050811e+00
1.354651440374478266e+00
1.169310361484020427e-01
1.516469762902859619e+00
1.158694457190199367e+00
4.331610802387448333e-01
1.335243381225174719e+00
8.147404786819524292e-01
6.249198676784308848e-01
1.384819814137110416e+00
4.714008612801611764e-01
9.216892106938964213e-01
1.450301597493380612e+00
1.048859208861740167e-01
1.345747124002546036e+00
1.161894338133272031e+00
4.382494042486240748e-01
1.447813820513825567e+00
8.236375060519464109e-01
4.887921696294460494e-01
1.477930649976155086e+00
6.974093533345275819e-01
9.276728661521311814e-01
1.450196763695382085e+00
4.047572030657615172e-01
1.342960891821865177e+00
1.352970413135744066e+00
1.084692619276795000e-01
1.520948975729845554e+00
1.243250258693951782e+00
3.646707225198510538e-01
1.398678178445155407e+00
7.904656244949227473e-01
7.977471910359498208e-01
1.550203442471966619e+00
5.206778133658936936e-01
1.080510167457670034e+00
1.210151357903276104e+00
1.072799020190252084e-01
1.365023001391864277e+00
1.230739365245323347e+00
3.325407713380927333e-01
1.591846508657725145e+00
9.795902368234822299e-01
6.136340449220383242e-01
1.588425175444284632e+00
6.900146023175202092e-01
1.023823543860665986e+00
1.461655756784649540e+00
2.696728590038343087e-01
1.277611336430159117e+00
1.474905585735415192e+00
8.222388057945756445e-02
1.356928206330326292e+00
1.132131037270556861e+00
3.524555264434826030e-01
1.539592449596709933e+00
8.153429374192026069e-01
7.589420222226477275e-01
1.481538606094397581e+00
3.824650426619061738e-01
1.077773123088821228e+00
1.323064830372520984e+00
2.232617211087489784e-02
1.202190920325729939e+00
1.052233036765205743e+00
1.219141971648660672e-01
1.552102529207082027e+00
9.473709998925610165e-01
7.015818214533076080e-01
1.581052638505537900e+00
6.315159868404700561e-01
1.078193466115977550e+00
1.552242976587892676e+00
4.321063124325735805e-01
1.177124077671858116e+00
1.291015095830709170e+00
6.080602779510083100e-02
1.303905924413688355e+00
1.007104755217774317e+00
4.858509189529108818e-01
1.512036040877026810e+00
8.612766569181116161e-01
8.015841012131852406e-01
1.488479951459978690e+00
5.636563754343296706e-01
9.561021458692975372e-01
1.520970057957770516e+00
2.030674646821889751e-01
1.382026879517034956e+00
1.194866710165096491e+00
3.540463919719833985e-01
1.386082534873566585e+00
1.071199949459413325e+00
7.383468443419023419e-01
1.433425640277056434e+00
5.165299897398529794e-01
1.051187258433182947e+00
1.527099481536834169e+00
2.628951129635770378e-01
1.271439034320640094e+00
1.420559717352068096e+00
2.399387941455877471e-01
1.423058482876808917e+00
1.096045204999761769e+00
4.695048345000050749e-01
1.484779918756009787e+00
8.270586049799381057e-01
6.141783635524806773e-01
1.360745714215207069e+00
4.176754512019530963e-01
1.041884678001354425e+00
1.302402411933196280e+00
3.818393901652912537e-02
1.176891710158895155e+00
1.211711325442824672e+00
1.401431716035604347e-01
1.388001358786357331e+00
8.680730696436105287e-01
6.529923256025711442e-01
1.536341268100291924e+00
7.101373422542476277e-01
8.332334763944599931e-01
1.500937188026618685e+00
7.497958202744040013e-02
1.077371343964478312e+00
1.417268183870265208e+00
2.643518018616061727e-02
1.528261791552608884e+00
1.192106881537579710e+00
3.903158507302016411e-01
1.640098412503423475e+00
7.935823960951553513e-01
8.025536298760347353e-01
1.555395334121772555e+00
4.085296885691752644e-01
1.077760028108726953e+00
1.504835223444240588e+00
1.376182776577015154e-01
1.245159883975772264e+00
1.091592086409777229e+00
1.992125799055095570e-01
1.442391699368982705e+00
1.112316904391480676e+00
6.706881325686748774e-01
1.499662115610501445e+00
6.752678123901094676e-01
1.076721557165443599e+00
1.455212821979988913e+00
3.540370255950806566e-01
1.323714482075103449e+00
1.353987496982565597e+00
2.380751467345926797e-01
1.347202684117010607e+00
1.232365218884126534e+00
3.822968970835500246e-01
1.564184073196175362e+00
9.416541780134011219e-01
7.925170270256219895e-01
1.609848591561873432e+00
5.723220978049613494e-01
1.174234425692301409e+00
1.458220874913804588e+00
1.100372089724565988e-01
1.418629762116898174e+00
1.190399705678767850e+00
1.637689593834930346e-01
1.443211601304929204e+00
9.083532219636242244e-01
6.060778145003278272e-01
1.496908550676866900e+00
6.944093249667544487e-01
1.014646604260180940e+00
1.486951500620008471e+00
1.851534570912995448e-01
1.163678026960479839e+00
1.369090168584355283e+00
1.000613421610301590e-01
1.462316660631376664e+00
1.073147440067640179e+00
4.233573125281125948e-01
1.549010028798434746e+00
8.111781428831871255e-01
7.356643307238113216e-01
1.593473138944816458e+00
5.577280163325784024e-01
1.156671703795465245e+00
1.489986812272089844e+00
6.092012116324258680e-02
1.347600359957236149e+00
1.241725009414562875e+00
2.387448698787629220e-01
1.302454250202074615e+00
8.763928800260960550e-01
6.210079162001586051e-01
1.576576014935233916e+00
7.414444462433716909e-01
8.867895009343066404e-01
1.477160406254742986e+00
2.579712936384197519e-01
1.358433207767828055e+00
1.297735371077022526e+00
7.076474650204117589e-02
1.270171515347462199e+00
1.156132791755991374e+00
4.115551419438827629e-01
1.510124997127704205e+00
7.890449985506429176e-01
8.314504343216835291e-01
1.415389979559348310e+00
4.316715747882746701e-01
1.139635492028254538e+00
1.409701278807435676e+00
1.486627497491752603e-01
1.265411219140581300e+00
1.385070887731079559e+00
2.804378043907314599e-01
1.590321200743925578e+00
1.070860909750977141e+00
7.032052867500754312e-01
1.436229082376591304e+00
5.682457464815122705e-01
9.440637575118070446e-01
1.446814251488345748e+00
2.737848511602172241e-01
1.155559275004648168e+00
1.335852935704942457e+00
5.200085991138442276e-04
1.373414752850169229e+00
1.131309277397916091e+00
4.327300691627574691e-01
1.530118760989296778e+00
7.844127382053520670e-01
8.963033052729992844e-01
1.471663080685872593e+00
5.895944506544679165e-01
9.711254165479130673e-01
1.417151719732132165e+00
8.948826425290788700e-02
1.266419484301056997e+00
1.302180720914883461e+00
2.385468042232966046e-01
1.512525807516163390e+00
8.796097297537605053e-01
5.889946649287211011e-01
1.655757070792305941e+00
7.833870062304513215e-01
9.562518221203025748e-01
1.339316956949682780e+00
2.568956415924451009e-01
1.253010319121843574e+00
1.327044630361268185e+00
7.742129749291334906e-02
1.435011577153225915e+00
1.211057186528800234e+00
4.994734236984066933e-01
1.406283708128823084e+00
7.313074378971038403e-01
6.497239455957583010e-01
1.498322580704070983e+00
5.614461200227719440e-01
1.241990442333595235e+00
1.381411970587987925e+00
1.794802379165091888e-01
1.347308391574859820e+00
1.356282779083491929e+00
2.986529995335450161e-01
1.450184432594001205e+00
9.484214408942803765e-01
7.071539215682446367e-01
1.522071746704071193e+00
7.726915137587326843e-01
9.000639036280102534e-01
1.446665899829235880e+00
1.673497941236836428e-01
1.235783228969795422e+00
1.329556708149028932e+00
5.357841928564051337e-02
1.344833236766667328e+00
1.092808935623719169e+00
3.542934211601269090e-01
1.441117839600205119e+00
7.168675212149037135e-01
6.236761914275181784e-01
1.477561784498684805e+00
5.841127782245372213e-01
1.018867154435606048e+00
1.457809180945342842e+00
1.583288966146852439e-01
1.421033946203745124e+00
1.052937220035666810e+00
1.790326781651103150e-01
1.410257167720162297e+00
9.976322616979096392e-01
7.159031123597420221e-01
1.410701491971186439e+00
6.405541549952366021e-01
9.959665081571166256e-01
1.494470322232114512e+00
3.456531141268457952e-01
1.099527581626445816e+00
1.306731144214750673e+00
1.353906998702182618e-01
1.499409986359254487e+00
9.585477835167556249e-01
5.720136597061813433e-01
1.598910559915644791e+00
8.238449321057609298e-01
8.699822923720957890e-01
1.474730298730180023e+00
5.026946345499875290e-01
1.145230065784473616e+00
1.308320315311840565e+00
1.466174691948053943e-01
1.252590279414438346e+00
1.191434516118291542e+00
4.188389623925337091e-01
1.448570363422299279e+00
1.024813099831391794e+00
6.217209068908576830e-01
1.590758211901127650e+00
7.726570379508159725e-01
1.003677577800187404e+00
1.407487236794647156e+00
2.592661374481139980e-01
1.082229355675220717e+00
1.406678099780432900e+00
1.397724413308054081e-01
1.500262379675040281e+00
9.819770039963202635e-01
5.797863739628411617e-01
1.517645132163272903e+00
8.780282917417384647e-01
9.094265535889275442e-01
1.574948317017637489e+00
4.835066961370687033e-01
1.116504483695921701e+00
1.420216154965741939e+00
2.058344578609669906e-01
1.337217932102758855e+00
1.278748025484907069e+00
3.790544664321761070e-01
1.478762514678540807e+00
1.117842961276174218e+00
8.153371590475694264e-01
1.596059382481713529e+00
6.010612557037694481e-01
9.883652800289831619e-01
1.458297573871462749e+00
3.125450156053765083e-01
1.112503952203230284e+00
1.377758485776109820e+00
1.113993885656937577e-01
1.494797608829537605e+00
1.030337332680324014e+00
3.862031681179943221e-01
1.529715303158865503e+00
9.712170175585623788e-01
8.956946602104761679e-01
1.479949972365214972e+00
5.653904598177834639e-01
1.134659455431092256e+00
1.376029260994490855e+00
8.024627178200856303e-02
1.251378814403636630e+00
1.238998081937925821e+00
1.449545802761288693e-01
1.312545870364953515e+00
9.507953465621262756e-01
5.267278447485242987e-01
1.480547061100201622e+00
7.062392153400495198e-01
6.871119127470735055e-01
1.446800859640474890e+00
2.961897309231836806e-01
1.126084334319795044e+00
1.391229311192811124e+00
1.327046299848752831e-01
1.347152636650320146e+00
9.597079891565807319e-01
3.490890689013738668e-01
1.489543231457369554e+00
8.034137616659668968e-01
7.911537553825709335e-01
1.515167953714831262e+00
4.035300428730101974e-01
9.665462838350924457e-01
1.356330220330411285e+00
7.410639585124795259e-02
1.338321228383017925e+00
1.207068977170694613e+00
2.112250932481480603e-01
1.451607659486638280e+00
9.020930711889505460e-01
5.730755591852599862e-01
1.502129688625148507e+00
5.726424979812189120e-01
1.034275991661423477e+00
1.425627166131696821e+00
3.004287522109927444e-01
1.252694110862645482e+00
1.367599800869904847e+00
1.297829045022051708e-01
1.426924590236655188e+00
1.123176587174178120e+00
4.405711592347800742e-01
1.542226960879340192e+00
7.772321191785510619e-01
6.865087742358407796e-01
1.481263247002321037e+00
4.257544881782361901e-01
1.100320369138976462e+00
1.427181921080658666e+00
4.178678642283797928e-02
1.354329750715034697e+00
1.233442822040476949e+00
3.932986382200691633e-01
1.465626069096128692e+00
9.429091903233897121e-01
6.719850540210073886e-01
1.554826214458539857e+00
5.392032958126724562e-01
9.392976817553696511e-01
1.477261909315182864e+00
2.960542538473026064e-01
1.179584281301891080e+00
1.528899795778688953e+00
1.085191152886363503e-01
1.385130690198502323e+00
9.742048185184453146e-01
5.261263047896141964e-01
1.631693797788397626e+00
7.954819969022246529e-01
6.537594144663680940e-01
1.451115136818153406e+00
4.220488809124342544e-01
1.121151401723467833e+00
1.260055153537389616e+00
1.563173145820232479e-01
1.480675875578422840e+00
1.190421519824592211e+00
3.184829312284020997e-01
1.495852877069248965e+00
1.058332852177254813e+00
6.134728166382751313e-01
1.453242571394357752e+00
7.517072107650997204e-01
1.039899555697519906e+00
1.506263466208183743e+00
2.243489746434506604e-01
1.153524595517742446e+00
1.292064319290647578e+00
1.820725834957802325e-01
1.353904165407786131e+00
1.045349576316763507e+00
4.901936166572856690e-01
1.536526073361051958e+00
1.011614633649684958e+00
7.742826493253639475e-01
1.573195015296005028e+00
3.937015833228125761e-01
9.612389045703786383e-01
1.500875393514475409e+00
2.726982509595689275e-02
1.351502863480420924e+00
1.063947087019244231e+00
3.130551363060996017e-01
1.374271030486235778e+00
1.050834385370502888e+00
4.473059053524034434e-01
1.714252916483508971e+00
6.397420734036373124e-01
1.012659047432661330e+00
1.387495835341176376e+00
3.047452943796899461e-01
1.233960282951287901e+00
1.358696926207992872e+00
1.211242812495592763e-01
1.500924184161456676e+00
1.134592905780795968e+00
4.521245808284360956e-01
1.520366650694390920e+00
8.505464756402809634e-01
7.377551654666244518e-01
1.403837805636803493e+00
3.190712282690501000e-01
1.162541002332684315e+00
1.269566454129666511e+00
4.742038785616989327e-02
1.414637633952952722e+00
1.098035618841294747e+00
3.124657494868532392e-01
1.429600498197728164e+00
8.792267124450799942e-01
6.849250918071834171e-01
1.438768149273239816e+00
6.674480102998634479e-01
9.970604688596190757e-01
1.448538452635099505e+00
2.807060177990176042e-01
1.271449425969965352e+00
1.308960986695133721e+00
1.464987857211420830e-01
1.371033474058270585e+00
1.157771021114005983e+00
5.652485585129582990e-01
1.566651138104373064e+00
6.698348364331307980e-01
7.343087468783691119e-01
1.554621843116098967e+00
5.034942318481465673e-01
1.061677963405058156e+00
1.445132657203764159e+00
1.003562996861900869e-01
1.330406001035920216e+00
1.192554489796953998e+00
2.405983430850725246e-01
1.568007150329864485e+00
1.026443792060030447e+00
5.970701327912005807e-01
1.487319112108914654e+00
6.358444384906986047e-01
9.877805853674535008e-01
1.501027780315788318e+00
3.171396155270391204e-01
1.201209007351559332e+00
1.259449109716074711e+00
2.385731813492203424e-02
1.497325005343618010e+00
1.127272991078707376e+00
4.946792110477344351e-01
1.320891835803410963e+00
6.819611994395389232e-01
8.209584188892847800e-01
1.577399741939783828e+00
3.837014384775320197e-01
1.227242023728940534e+00
1.429669496236613213e+00
4.941723880958609483e-02
1.328957195824722604e+00
1.129245302981249699e+00
2.577196638054481959e-01
1.518080256644055881e+00
9.130570739241813394e-01
6.906031275854574991e-01
1.512207441958621112e+00
6.958625249994637718e-01
1.066927578923470676e+00
1.487311707234474811e+00
1.971684473569504936e-01
1.157997983459541969e+00
1.290530990262382716e+00
6.783661627673087668e-02
1.434590569152706552e+00
1.190733741420881175e+00
5.334043278972983027e-01
1.584338739111152083e+00
8.023935907726453820e-01
8.315383772820723607e-01
1.492505890967524174e+00
4.011785548206651675e-01
1.105846737396075197e+00
1.402305723530652637e+00
2.027718232712995561e-01
1.364464699999681896e+00
1.146143467974667818e+00
2.166168166321151833e-01
1.357035792712327105e+00
1.014884362334064649e+00
6.572417192858958090e-01
1.553457572568010425e+00
6.343902034405450863e-01
9.966437122939045823e-01
1.501676096818856054e+00
4.143900978275606439e-01
1.327031682337350249e+00
1.462732176296841935e+00
1.766266503013749212e-01
1.257694871570106177e+00
1.160347924269254483e+00
4.460253733214816774e-01
1.566102192252428971e+00
7.638211254746216650e-01
6.641461452935825127e-01
1.512700291596050128e+00
4.944834185552774430e-01
1.068098985187951877e+00
1.321884786537234291e+00
8.364356596228458840e-03
1.280908920221657032e+00
1.211521322160479919e+00
2.372187752681854112e-01
1.501671620358691950e+00
1.041420396125685599e+00
6.065631678231324653e-01
1.414033766497953204e+00
5.663241727411324478e-01
8.481382522958810233e-01
1.471173495788598018e+00
2.756800864818522712e-01
1.278557058332769669e+00
1.185784006011930902e+00
3.244054664672603450e-02
1.615750049696282220e+00
1.035703457567887176e+00
5.536090186183826312e-01
1.476536591049234959e+00
8.684461519093932269e-01
8.219027619744683211e-01
1.374496145009963088e+00
6.425175704750719641e-01
9.895055029922708023e-01
1.255134335593034445e+00
1.483389569059726520e-01
1.263773764601935357e+00
1.206912087080722173e+00
3.178502819718682648e-01
1.339936535284659724e+00
9.960447062756291325e-01
6.721974272244514159e-01
1.526597309236630950e+00
6.871042487677874178e-01
9.288554530905615003e-01
1.459673758246988307e+00
3.065520998503646899e-01
1.203138048544712291e+00
1.464460671222842292e+00
6.273232106895662574e-02
1.446682469790532277e+00
1.126183244357775948e+00
3.136268815735188120e-01
1.461585226826379369e+00
8.542731241113077356e-01
8.117969186474440768e-01
1.433697422018486156e+00
5.499745691333635111e-01
1.047936433560322067e+00
1.416409874749636533e+00
3.993552336862857266e-02
1.328305790700281319e+00
1.173037830912983415e+00
3.437897657667111084e-01
1.647238230816921778e+00
9.171765722959295264e-01
7.362143345638163527e-01
1.620234805257881439e+00
7.803778754596730760e-01
9.639631194794600066e-01
1.481651587857679031e+00
2.886640298374379965e-01
1.159632302804951332e+00
1.323020522593115977e+00
5.985727485731216768e-02
1.428300439256612542e+00
1.235582242586000357e+00
4.358219147558988760e-01
1.565933103605622545e+00
8.652986931121472436e-01
7.865548971488299790e-01
1.574789733036780159e+00
5.699355685791303028e-01
1.041774110345711879e+00
1.508258803210785981e+00
1.128783395616593660e-01
1.310050279224383107e+00
1.168384705184435157e+00
2.903102819698497039e-01
1.427254335981376077e+00
8.268116864996201132e-01
7.164193537820475743e-01
1.522891534586842566e+00
4.425550139970638730e-01
9.583368657915301014e-01
1.542528772753870125e+00
3.557097413947646891e-01
1.313553953067741364e+00
1.397757588281689056e+00
2.229613239251371226e-02
1.519773485594204887e+00
1.022754104188763113e+00
3.154564210396408330e-01
1.466821122428496604e+00
7.806972224658316195e-01
7.677399406762327461e-01
1.562263045571207654e+00
4.002025464822908107e-01
1.181615250949018092e+00
1.298095853242315467e+00
2.312989205300189921e-01
1.330492595333523154e+00
1.363196556651247393e+00
2.515445297075454834e-01
1.550626054623510219e+00
8.012643410189247417e-01
6.656709780456953052e-01
1.487454608254833666e+00
6.975931806536820323e-01
9.469713476564295407e-01
1.548822971487334721e+00
3.244235596471344296e-01
1.173114354937107695e+00
1.299959982274463410e+00
5.184134532478471002e-02
1.381324999113602958e+00
1.034886469167819678e+00
4.925528279825959199e-01
1.451428410334782981e+00
8.172822778689996515e-01
7.799114626722623012e-01
1.418418993347324575e+00
4.711942197905005236e-01
1.157448887712634100e+00
1.424179242601167905e+00
9.822420847622542750e-02
1.430706386059435786e+00
1.362960830928722222e+00
3.113536770321355673e-01
1.457501834617326963e+00
1.083854231584724603e+00
7.084920010781620148e-01
1.412377660468599361e+00
7.620281463352301943e-01
8.958565651306867883e-01
1.586877756567158126e+00
2.726042781993316400e-01
1.274649203404427222e+00
1.236188345021880908e+00
2.500284407567761602e-01
1.410559894618127696e+00
1.211339385058322060e+00
5.591357190634526075e-01
1.474190018673231073e+00
8.036473721870789344e-01
5.841588357031718415e-01
1.359741112931308837e+00
6.806625874730254377e-01
9.452518097854708534e-01
1.359857762030563411e+00
1.240523879959801179e-02
1.259928511954882202e+00
1.251112253570867638e+00
3.015481480107129464e-01
1.388510683981376337e+00
8.709044627723422360e-01
6.362241795805938516e-01
1.574257544990449009e+00
6.404261517576292917e-01
8.635995669823770537e-01
1.545983324830056072e+00
3.006545320704775981e-01
1.341393908586471895e+00
1.363600233315141130e+00
1.670364184191443224e-02
1.431501523131123665e+00
1.209474505891382057e+00
4.816715317613354808e-01
1.499366266042849283e+00
8.129302263169904119e-01
7.813218802273154129e-01
1.572485988591436401e+00
4.162478991661106575e-01
1.060892120506226721e+00
1.400189915743406566e+00
2.979744753121800482e-02
1.446032865801093248e+00
1.224543074155049371e+00
1.054074017037156252e-01
1.484755663809858239e+00
1.011888994896856353e+00
6.259214422612702222e-01
1.443761298513885238e+00
5.208830952439598150e-01
8.782368291968598584e-01
1.395586169879371896e+00
2.865776383144290618e-01
1.160550538434007350e+00
1.349504795170807014e+00
1.389930874179196030e-02
1.338540803342312069e+00
1.130730168981658679e+00
3.771145710054271682e-01
1.547140772592811020e+00
7.428286550713661951e-01
6.350232276121664521e-01
1.536659079998566435e+00
4.087618288523939825e-01
1.146819275502271918e+00
1.289136634551362404e+00
2.546112754673695022e-01
1.284314623974854408e+00
1.247596826445514395e+00
2.990116556114686963e-01
1.456477056117008173e+00
1.002337106155865465e+00
6.987209553123419070e-01
1.598088620772616153e+00
5.562853350166887534e-01
1.026064476131846259e+00
1.469485754012247680e+00
1.553937242965631738e-01
1.238088294031854275e+00
1.413048880475670011e+00
1.940045222765164612e-02
1.444940188504807876e+00
1.082754531238035778e+00
3.890427872771400897e-01
1.547075349675476330e+00
8.390552422425893164e-01
7.969224019491802924e-01
1.257948231384206750e+00
4.782809550109194396e-01
1.131982259734422014e+00
1.410945736390018190e+00
1.914504931928508180e-02
1.311728647805299408e+00
1.355638347590393034e+00
1.871255163551701906e-01
1.466813793024744905e+00
9.686512031824757729e-01
7.075174018417954569e-01
1.581165864084555173e+00
6.842991561331253081e-01
8.763086003575658589e-01
1.520799205258643205e+00
4.164701530076476699e-01
1.273711841017126645e+00
1.428789822497498418e+00
1.238046781190104417e-01
1.473025457114375714e+00
1.087567453871260970e+00
4.233715074480757234e-01
1.453883088657867084e+00
8.652425787157156378e-01
8.544548914633142145e-01
1.557803891215700620e+00
3.445356448022620643e-01
1.123640683684848263e+00
1.408220492674234547e+00
1.142565803679350539e-01
1.417860537759646267e+00
1.300028833144100560e+00
3.791461288596320589e-01
1.424504191363800132e+00
8.921766621424860322e-01
6.638235850206334332e-01
1.444932678811240212e+00
5.635681602369704279e-01
9.238941177210833189e-01
1.464656182295851039e+00
4.306442679910796323e-01
1.235063525843900001e+00
1.395817640071919108e+00
1.765501940066663000e-01
1.443890629980915552e+00
1.174079244302465908e+00
4.422386725417929987e-01
1.528805634461147145e+00
7.579825769840947691e-01
8.028742131158372874e-01
1.396631264425304719e+00
5.097878517694922618e-01
1.145621804493402784e+00
1.442680841311727580e+00
1.443071449789894156e-02
1.258273946030114221e+00
1.266975761539574918e+00
1.732930666791391017e-01
1.445254421594078797e+00
1.142913828158740985e+00
5.474664324164509877e-01
1.464012450923519060e+00
4.622810808599857602e-01
8.661655979573257280e-01
1.500186068684243867e+00
3.158717496730709673e-01
1.231413056372369086e+00
1.386780073695074167e+00
1.908345416462767230e-02
1.402873309842855631e+00
1.071189907803958619e+00
4.858053646545123505e-01
1.498728873421147467e+00
7.911866903674017459e-01
7.848448114451525015e-01
1.543568060105121598e+00
5.233956577179290637e-01
1.064758146813441275e+00
1.485146277626715028e+00
1.368093034966452182e-01
1.295174717376084805e+00
1.132175582595451147e+00
2.358622881663945958e-01
1.439106162517909349e+00
8.742754960891533367e-01
6.395306472504630468e-01
1.439969204877504128e+00
7.427710183871852889e-01
8.609248356501075783e-01
1.406646036635642583e+00
2.953032620104490968e-01
1.246035183342856678e+00
1.282232202155163536e+00
6.823306072314133663e-02
1.325227487077683231e+00
1.095966186255858288e+00
4.531383750957830858e-01
1.528797543673120485e+00
8.518819901714594911e-01
7.511908689963990859e-01
1.433673642364433620e+00
4.937250023351014150e-01
1.192635620528884610e+00
1.464469858229818788e+00
1.410905521918450756e-01
1.202119132440958582e+00
1.192026625107242888e+00
2.745050115221857601e-01
1.607390943468949507e+00
1.154521910004586260e+00
7.242315585577723258e-01
1.496836749506202047e+00
5.713041830905213336e-01
8.351149004177133017e-01
1.381941094765766431e+00
2.584321049798918302e-01
1.122108131614391713e+00
1.344703486677636839e+00
4.592758618143208404e-02
1.570091350650892004e+00
1.149966618410209973e+00
4.338697067469096669e-01
1.512553055638296673e+00
8.102065559486054669e-01
7.274511901822413584e-01
1.437141641208073084e+00
5.977946857542901782e-01
1.043949780162332308e+00
1.503275760473127498e+00
2.063618617012416556e-01
1.251406871820071043e+00
1.377773821641718355e+00
9.889159615760667599e-02
1.432795068694635132e+00
9.941197045852236958e-01
6.028077533485113326e-01
1.541458646512170239e+00
5.916965642673200909e-01
8.735125672689456611e-01
1.522307181650839114e+00
2.671370190359113606e-01
1.248306829987823274e+00
1.462342442013397248e+00
5.954418324907101434e-02
1.419109186234367215e+00
1.005860196734621681e+00
3.906865398774623244e-01
1.619040688874536116e+00
8.584769658803410586e-01
8.243023113440308691e-01
1.443658185809247874e+00
4.524364787859938564e-01
1.224010889646375499e+00
1.220402619250771536e+00
1.432091842742635734e-01
1.283277618590113356e+00
1.236962474176732441e+00
3.417629674617573832e-01
1.384198513198454883e+00
9.551418951879320218e-01
5.111241038895654176e-01
1.569952233976390721e+00
8.234502935491874176e-01
1.065530383627914190e+00
1.352591261861847194e+00
2.420613675424273525e-01
1.276821065066100935e+00
1.446037914899665822e+00
5.224631935129997462e-02
1.359599299846972587e+00
1.156431526332222459e+00
4.191627629916197528e-01
1.441919768268503432e+00
8.175016161017600869e-01
7.900942061250403325e-01
1.589614707745096167e+00
3.687643601609442712e-01
1.190562029313833481e+00
1.409014867023415718e+00
1.969662288275099149e-01
1.374433095446411679e+00
1.082514337080481948e+00
2.960426535681499050e-01
1.478204083356794651e+00
9.988340985095036650e-01
7.004051896451526371e-01
1.466402835941555738e+00
6.883807119723694967e-01
9.202828080871512384e-01
1.379528701677192437e+00
3.302019392397612663e-01
1.237113976981164321e+00
1.336263034907449576e+00
5.337100751026141454e-02
1.353643123130640058e+00
1.080102788690822324e+00
3.909586702973315564e-01
1.589827459132038934e+00
8.744044608151153586e-01
7.973036155952869519e-01
1.477851548121069891e+00
4.320530024452007845e-01
1.083357161524771239e+00
1.503056729967275684e+00
2.425045878301598790e-02
1.324560231035076807e+00
1.100083056313087448e+00
1.272478633387426339e-01
1.540620106357521335e+00
1.030267145981846433e+00
7.231112309337747179e-01
1.598470641125120162e+00
6.491153012138687339e-01
9.024883844054288895e-01
1.515690886261458203e+00
2.362609179702090945e-01
1.334333750233753779e+00
1.146657467797198571e+00
1.024598784466728696e-01
1.325997505819832556e+00
1.135597404946905531e+00
3.283512200794705960e-01
1.494834641017647403e+00
9.381537974920128864e-01
7.561370230438339002e-01
1.504250320773865779e+00
5.626360573743753868e-01
1.113830154715853116e+00
1.470919022337756399e+00
1.322466032200124708e-01
1.186123073192515642e+00
1.116598481002416543e+00
3.077270351864492826e-01
1.451763888323909013e+00
9.418239260464930096e-01
5.305343611575239482e-01
1.410515169306969074e+00
6.008450258030322289e-01
1.039434033329613705e+00
1.484038124393866731e+00
3.672780971355724122e-01
1.099472148622926637e+00
1.332392199349498485e+00
8.797065583562903301e-02
1.434519076174508800e+00
1.060808438820580069e+00
7.266824639636225713e-01
1.441530884069903928e+00
6.215250749680618636e-01
1.017991111148465411e+00
1.446911374508784487e+00
6.201047019458761911e-01
9.560605129774082389e-01
1.431840185520467879e+00
2.727576223991461102e-02
1.417612549092623020e+00
1.146052708319473590e+00
3.830065293174249597e-01
1.493337947038308577e+00
9.544740024703028958e-01
6.525476814826359773e-01
1.383154543588134500e+00
6.470867717390823559e-01
9.565142963927759645e-01
1.468397920433810233e+00
3.309471432237449662e-01
1.101323507817573821e+00
1.287990631204283476e+00
7.327703512831984511e-02
1.411715832596035280e+00
1.213486629225252633e+00
4.148450707160951101e-01
1.456134942007790700e+00
7.208051838427145253e-01
7.643832004103487954e-01
1.581353863311160346e+00
5.182725415531329594e-01
1.183909876941086292e+00
1.409039408472435362e+00
3.909373734232472752e-02
1.305117215738467173e+00
1.291921727860434022e+00
2.344507032536936042e-01
1.399915507479068122e+00
8.820118469567060915e-01
5.125582059052785633e-01
1.478510135990953156e+00
5.859425143591028284e-01
8.775871431136567091e-01
1.371692631435963206e+00
2.062645070802138769e-01
1.314236043697428746e+00
1.216077265781680738e+00
1.110926589689761740e-01
1.483053680147798481e+00
1.013255205475425580e+00
4.018188417649228295e-01
1.544096312179646491e+00
8.362018463554479197e-01
7.032310973746465077e-01
1.459639019636459034e+00
6.038950503499400657e-01
1.018808760723050710e+00
1.399556319642981439e+00
1.995650743718183628e-01
1.432630262545854016e+00
1.161753665069107377e+00
2.110582961014524639e-01
1.471784824702135008e+00
9.492580425137884248e-01
6.795114958312853393e-01
1.562325854619579735e+00
6.794613628375969494e-01
7.339482416273007681e-01
1.558342512515681788e+00
4.223894792907402218e-01
1.217598749065928354e+00
1.369186354574371212e+00
4.211011603415032445e-02
1.479518264042412934e+00
1.126700992121740796e+00
4.827156487565943399e-01
1.505465261381921271e+00
7.757491549545205700e-01
6.272783096721314955e-01
1.541467061546417661e+00
4.690912072554836998e-01
1.151643200642562981e+00
1.421796380294353623e+00
1.967822060846467769e-01
1.109769990444847032e+00
1.272741668127823633e+00
1.103570043010508317e-01
1.552103641807068835e+00
8.481546837940193706e-01
6.456913991470022429e-01
1.409260485826274500e+00
6.345200379636322108e-01
9.285854233748221942e-01
1.489073348117985418e+00
2.940477039674933013e-01
1.278989545124629590e+00
1.265942241700308557e+00
1.321775121084532989e-01
1.496640664310020297e+00
1.154013058057312247e+00
3.361765366594887117e-01
1.425538540855201708e+00
8.875318604179417425e-01
8.842602749264449891e-01
1.541910358302315931e+00
5.559450076495876525e-01
1.025318932003316252e+00
1.449747397340068300e+00
1.315290653607097682e-01
1.259369388288399394e+00
1.142486263658197165e+00
1.730761381037186353e-01
1.532852561665549507e+00
1.119768846333820456e+00
6.665600858087028513e-01
1.503802970220144974e+00
6.948801500519886654e-01
1.095467624696338849e+00
1.351371408689955311e+00
1.266726227271157468e+00
7.745745499996715688e-01
1.147838967124173770e+00
1.574180499129707478e+00
9.857076397246096189e-01
1.175892180634209527e+00
1.031010094238799635e+00
7.624166901776167071e-01
7.909958036989599428e-01
6.455131795415242069e-01
5.564653946759293701e-01
1.793290345015839948e-01
3.383362243627452415e-04
1.547080362962987010e-01
1.183609542432812356e+00
2.417599469689827085e+00
1.974411733638345545e+00
1.722965945889776584e+00
1.610890732937626080e+00
1.210150382702812832e+00
1.128029560685995802e+00
7.944165015419001330e-01
5.684723705976311159e-01
4.317797558284551807e-01
2.262102918710295896e-02
1.680923833532967926e-01
3.205141095400242390e-01
2.020031604488318422e+00
2.307479462286476934e+00
1.750863016091274371e+00
1.730671244610334281e+00
1.387307212699893100e+00
1.153422926662204917e+00
1.007067764626109030e+00
6.202758798572387544e-01
5.564653946759160474e-01
1.793290345015193799e-01
3.383362243860599250e-04
1.547080362963741962e-01
1.183609542432711548e+00
2.417599469689784453e+00
1.974411733638586242e+00
1.722965945889838757e+00
1.610890732937748204e+00
1.210150382702736449e+00
1.128029560685863686e+00
7.944165015418171993e-01
5.684723705977420272e-01
4.317797558285685344e-01
2.262102918706609955e-02
1.680923833532215195e-01
3.205141095402507245e-01
2.020031604488361054e+00
2.307479462286497807e+00
1.750863016091109614e+00
1.730671244610507697e+00
1.387307212699667058e+00
1.153422926662025505e+00
1.007067764626113693e+00
6.202758798574875554e-01
5.564653946761171088e-01
1.793290345014122433e-01
3.383362245776844190e-04
1.547080362963748623e-01
1.183609542432486617e+00
2.417599469689814207e+00
1.974411733638364197e+00
1.722965945889853856e+00
1.610890732937674708e+00
1.210150382702848360e+00
1.128029560686001354e+00
7.944165015418052089e-01
5.684723705977574593e-01
4.317797558286242676e-01
2.262102918715425126e-02
1.680923833531473566e-01
3.205141095401878859e-01
2.020031604488298882e+00
2.307479462286440519e+00
1.750863016091184221e+00
1.730671244610269888e+00
1.387307212699560921e+00
1.153422926662112324e+00
1.007067764626230710e+00
6.202758798576101240e-01
5.564653946757789349e-01
1.793290345016012033e-01
3.383362243754017840e-04
1.547080362965298495e-01
1.183609542432658257e+00
2.417599469689821312e+00
1.974411733638590016e+00
1.722965945889932904e+00
1.610890732937694025e+00
1.210150382702886329e+00
1.128029560685856358e+00
7.944165015418627185e-01
5.684723705976325592e-01
4.317797558286393667e-01
2.262102918719532951e-02
1.260437343472776917e+00
2.449183135973202141e+00
3.856920634957903271e-01
6.803076356509760725e-01
2.084088244435104986e+00
5.478686507749924717e-01
1.639538378445887790e-01
1.760088783397584233e+00
6.166668214113690816e-01
9.057524979515134689e-01
1.466575455489999236e+00
5.302956450825355716e-01
1.117377235945030023e+00
1.448397868781240660e+00
2.050602935165801444e-01
1.321240475881038323e+00
1.253275039391633872e+00
3.294060714018868241e-01
1.379314661673329834e+00
8.900989324750194776e-01
6.261392513841187446e-01
1.544567687530467914e+00
7.519170935192619476e-01
1.094520812373334984e+00
1.369774874859029490e+00
3.576220535022239799e-01
1.215383168791880575e+00
1.402970365122900187e+00
3.967960603507242334e-02
1.379848885736312258e+00
1.216769824694440061e+00
4.484820053955845265e-01
1.520360853468541329e+00
9.217548899949623564e-01
8.648408788048154161e-01
1.552130255962142158e+00
5.133415319556349221e-01
1.114031812508759822e+00
1.358918510550633840e+00
2.902559533213816545e-02
1.326997872446703530e+00
1.276278634319454985e+00
2.207576244015103106e-01
1.440354543974943446e+00
1.002034049172379149e+00
7.296111418738860932e-01
1.483895635173150707e+00
6.334884149990529512e-01
8.612972294686879193e-01
1.464272062226971816e+00
2.713593129610363808e-01
1.110892725583119134e+00
1.211557427733669368e+00
9.546663174030073362e-02
1.444816776304877592e+00
1.134761982720266182e+00
4.717460736016443335e-01
1.404510739054397828e+00
8.262277910517068502e-01
6.639646974106899746e-01
1.504426447734848571e+00
2.446933649728390558e-01
1.100578645758172547e+00
1.462755706010335111e+00
2.507907461421178819e-01
1.242911715149818130e+00
1.137199238153533187e+00
1.802485730062924063e-01
1.421609043082447288e+00
8.893745645285505708e-01
7.147246451130633282e-01
1.512109909515944262e+00
7.170873315059007602e-01
8.737229530459071913e-01
1.473025547839031058e+00
2.347516681523955095e-01
1.143287708099307132e+00
1.482631961232097950e+00
6.009002684124939431e-02
1.412781976876173351e+00
1.278484477939760611e+00
3.890677407290297207e-01
1.499417882801810986e+00
7.472988323317386605e-01
7.905717470962430049e-01
1.541622480735789447e+00
4.489352545709908715e-01
1.078114375212344545e+00
1.309635275918618280e+00
1.830483435175888629e-01
1.166358682261658730e+00
1.073410915446443736e+00
3.846676462953318998e-01
1.424945190318355870e+00
1.036845324463704365e+00
6.149454515793847387e-01
1.467703182410949214e+00
7.547764911597530935e-01
1.110502055565478319e+00
1.492787806257240613e+00
2.162431638568043657e-01
1.367958483925573843e+00
1.208758248104699895e+00
3.727363947663720617e-02
1.459529034465057551e+00
1.153823130273067932e+00
5.590095056894582859e-01
1.360198513012764510e+00
8.841116499517629457e-01
8.501595607565921586e-01
1.468235836924687288e+00
4.175264536847239638e-01
1.120803556019004610e+00
1.411737124159154089e+00
6.218942038950239781e-02
1.364973961068660646e+00
1.219133928983403559e+00
2.941149182523881689e-01
1.463313090504847924e+00
9.103405150055424722e-01
5.385435246002772125e-01
1.691285278053071606e+00
6.795727375132257775e-01
1.025165641306967412e+00
1.377001539366735194e+00
2.307456923255477299e-01
1.316863008991726369e+00
1.325671096488241663e+00
1.189965605883265831e-01
1.576460429351157488e+00
9.732635870218857566e-01
4.409964241258327866e-01
1.526110843475418699e+00
8.944225343648855020e-01
9.816671099193926553e-01
1.540612704085752238e+00
4.687150183145963322e-01
1.072849874782836999e+00
1.340181539728114046e+00
1.555881563508053345e-01
1.353034860948436391e+00
1.230886674975049333e+00
2.618647691743545280e-01
1.428960157806304476e+00
9.910968043989464293e-01
6.323893897295947975e-01
1.609358584995753905e+00
5.456121762118888441e-01
8.838140479266822780e-01
1.409282224104581482e+00
3.676802920195689772e-01
1.249130553423724477e+00
1.200746208516412006e+00
2.269394697540902950e-01
1.387440116131467782e+00
1.111181460011883226e+00
3.255185609058667273e-01
1.486882659989298361e+00
9.100914876832203460e-01
7.582356803604937134e-01
1.365846038467966483e+00
4.309565272743449693e-01
9.153385920857504132e-01
1.285988174701538478e+00
1.264586297129048353e-01
1.230818158536253204e+00
1.319933431512254396e+00
1.441361162929370998e-01
1.558451898872331043e+00
9.449510686694476691e-01
6.875007425320565080e-01
1.588266818443099693e+00
5.659773687686361354e-01
1.017145460316342787e+00
1.345073704729268904e+00
3.532072621046192795e-01
1.312990053167607751e+00
1.388163774154145935e+00
1.323849941405902397e-02
1.505289127349959788e+00
1.122907598766670567e+00
3.251220226238191180e-01
1.373531214972079528e+00
7.040991202318103159e-01
8.161975598147107602e-01
1.464294076826550883e+00
4.837082304590870629e-01
1.114493459892490712e+00
1.395204725717234862e+00
9.333483252853175260e-02
1.277363227549810576e+00
1.145671175574981548e+00
2.404086617494231581e-01
1.449354935279409951e+00
8.554328821373570202e-01
5.536565317603978631e-01
1.542176534981456903e+00
7.952947162449134355e-01
9.608342776229736870e-01
1.640007205372726373e+00
2.836834031645362186e-01
1.305135896148223562e+00
1.287645610469014823e+00
4.572090519824002774e-02
1.425007441982601764e+00
9.721273187660611770e-01
5.866574032401425942e-01
1.390160463222450682e+00
8.001013083035856122e-01
8.565371868496870489e-01
1.527061014466832400e+00
5.109003103031930504e-01
1.149221916477699335e+00
1.410159106248537242e+00
1.335587683314156116e-01
1.342441623518067173e+00
1.202028085885487707e+00
1.610826273814451592e-01
1.419436290842488235e+00
1.027832450655996377e+00
5.486026593611585955e-01
1.496854968522577156e+00
5.754437727180340412e-01
1.002809235196283399e+00
1.338078425532679416e+00
2.751051109567357322e-01
1.181078306311418968e+00
1.187228345058791712e+00
2.239663018729062816e-02
1.471986689461639797e+00
9.839727029852197715e-01
3.875837803419746042e-01
1.583463484824775724e+00
8.901562634116754191e-01
9.542786305237368483e-01
1.412733453198430134e+00
5.215124832677316968e-01
1.120675460269522139e+00
1.377854020051908046e+00
5.235401768845160397e-02
1.259874074882537220e+00
1.292011118632026445e+00
1.928946441092111441e-01
1.462964714982480929e+00
9.679033706871172926e-01
5.801792289516803924e-01
1.460240724871667783e+00
7.066864899976680325e-01
9.734328399779514918e-01
1.388932431859118966e+00
3.400073110398993959e-01
1.193854018235408265e+00
1.183522582980910176e+00
4.901742675697512430e-02
1.277824566679724327e+00
1.234493040010973042e+00
4.376157808874397981e-01
1.433440348279043208e+00
8.643234388340205188e-01
7.498195787405897983e-01
1.456944182942739197e+00
3.109914744926044472e-01
1.127491022722875158e+00
1.464778855765724419e+00
2.987721511717647549e-02
1.404064400045497152e+00
1.221734649622494784e+00
1.651298842647665743e-01
1.447697566227746035e+00
9.765038831462178326e-01
6.103130576212199010e-01
1.544411966269785053e+00
6.419470400627699247e-01
8.725498917418524902e-01
1.462511236090453082e+00
2.760016904994928577e-01
1.229237890452647752e+00
1.373947558187801787e+00
3.344930977216169221e-02
1.344345056868862409e+00
1.142556142712640721e+00
3.213943246493267680e-01
1.584158005116611756e+00
7.008307799193188581e-01
8.426862312811130851e-01
1.367488885518035380e+00
4.602892391760354251e-01
1.145838536566652133e+00
1.308026599123917277e+00
2.468864872209508010e-01
1.289020704250017468e+00
1.166185298506608570e+00
1.933914509591864728e-01
1.361856225942999377e+00
1.114711473466112324e+00
6.110373478001637215e-01
1.541111253953440619e+00
7.712838178978588255e-01
1.068963319237687282e+00
1.544065763863883722e+00
2.874143678897055354e-01
1.162577358124791793e+00
1.251336737587205539e+00
9.065473829616033097e-02
1.397596750527352327e+00
1.093759351946697489e+00
4.951776135954251146e-01
1.458411545476097304e+00
8.654898585530861332e-01
7.879114353280542993e-01
1.424110166052048543e+00
5.081449006670363255e-01
1.004507074278033540e+00
1.356648535750275109e+00
1.825467362552934958e-01
1.146251216872885337e+00
1.279676604824402597e+00
2.637412916901539228e-01
1.416792374650643227e+00
1.064629326640341267e+00
6.124818946419510191e-01
1.556571982052197933e+00
6.664265227554480031e-01
8.218783063277911305e-01
1.512280469340656408e+00
2.862488938464605726e-01
1.188195865656326955e+00
1.438036533085261803e+00
4.357162395802476051e-02
1.295424717488836031e+00
9.973594060153740948e-01
4.152065561400100080e-01
1.482446319500579257e+00
8.071585324402550388e-01
8.142496650755354226e-01
1.554102676847005871e+00
3.749077957165289909e-01
1.050292427873831924e+00
1.457199236775519102e+00
6.096926844493090469e-02
1.274964523552307938e+00
1.159328973635836757e+00
3.162664685977070733e-01
1.509036170675513766e+00
1.001971718659130595e+00
4.470207770252085933e-01
1.526460942149386657e+00
5.618316688641629142e-01
1.060047780131295525e+00
1.517047194598933890e+00
4.940228291809523054e-01
1.092803869820871743e+00
1.239135775908675186e+00
1.390335763385019963e-01
1.403439917767094425e+00
1.124548972279399539e+00
5.094076293266301958e-01
1.509326820312936412e+00
7.767451766430538695e-01
8.859299202381071270e-01
1.426693493841067362e+00
4.802374745024912128e-01
1.065867950328282632e+00
1.384937718395724549e+00
1.141758275780353771e-01
1.399247453058682700e+00
1.344530089947248097e+00
2.105376222070594605e-01
1.528213356385179855e+00
9.123388344548841733e-01
7.974463721232644131e-01
1.559924997090814891e+00
7.347347507858803528e-01
8.743118828345478599e-01
1.304747457626492357e+00
3.157617660690169026e-01
1.202991866430460854e+00
1.310024977744947972e+00
1.352972177219445571e-01
1.337144101795969542e+00
1.100943269508776634e+00
4.887560126336605304e-01
1.531166931503742168e+00
8.498967360823594941e-01
8.277325218144029328e-01
1.663211626348161998e+00
5.326968295462268799e-01
1.209454406491144329e+00
1.447254812753691500e+00
7.086069965305205609e-02
1.232548233770165869e+00
1.335680883951569031e+00
2.073650917506532909e-01
1.467925851440642360e+00
1.009464451240329241e+00
6.935256486440281032e-01
1.459968184609408581e+00
6.630280355444946316e-01
8.018948124003348887e-01
1.419667476647230364e+00
1.105634501738142761e-01
1.207000027845513301e+00
1.455134454478115957e+00
1.710860074809561482e-02
1.464220837906977213e+00
1.012543520095191552e+00
4.014263771579337226e-01
1.464306651474677867e+00
9.595056239833436029e-01
7.698430036503570717e-01
1.499227857882765358e+00
4.004514889108961029e-01
9.755735206713482821e-01
1.402842622912956916e+00
1.220203126737808424e-01
1.320015335855702521e+00
1.363198825394884350e+00
2.654649529601440516e-01
1.394026422008374899e+00
8.709603330920898667e-01
5.473749401899121736e-01
1.511488999879245343e+00
6.342319016148466604e-01
1.027006150944134832e+00
1.499799630134401207e+00
1.672503825129761923e-01
1.142380735309761697e+00
1.273800305684720913e+00
8.702278218606120108e-02
1.332907569742080911e+00
1.094515050328841888e+00
4.014270370543984723e-01
1.397912060027141745e+00
7.573425978353417465e-01
8.240459898514219672e-01
1.591489138142223814e+00
5.462685059454303049e-01
1.080867664783475623e+00
1.332189897161032643e+00
3.088054350353970634e-02
1.247581928723454192e+00
1.238426381202625270e+00
3.124506570104875758e-01
1.574302274925764245e+00
8.960203557970385368e-01
6.179566978058922411e-01
1.552395039706125468e+00
6.683275906646674036e-01
9.133768045785235490e-01
1.302011922226204321e+00
3.235792444284381064e-01
1.207420382252833102e+00
1.322964405696847923e+00
7.978100651974834312e-02
1.230724236456903764e+00
1.054816948471375637e+00
3.167458903855789876e-01
1.514965664542202273e+00
8.986496263847828514e-01
9.523149619264585919e-01
1.541039867389789597e+00
5.345067160229960423e-01
1.124987696223984202e+00
1.398743682121301291e+00
