# {'window': 10, 'contam': 0.9989143232617301, 'q': 0.00025173365385946285, 'thres': 4.629585395687004}
1.942910265073852505e-01
1.374830977988599656e+00
1.290337101471951353e+00
2.926895169225917082e-01
1.511560876478208471e+00
8.445062567601715475e-01
5.434271974385780357e-01
1.493550087653667813e+00
7.314501491308667003e-01
1.003778579995538989e+00
1.466250461696618324e+00
3.187944990188829042e-01
1.343310013158937721e+00
1.187306221495019631e+00
1.189126427317600265e-01
1.394285911222101992e+00
1.074310041078565758e+00
4.961040726991617911e-01
1.451726100111448314e+00
8.699667612004465811e-01
8.786787583265567303e-01
1.514618615117986788e+00
5.537780277671487950e-01
1.163081404823879339e+00
1.412542849087577990e+00
3.508424226855680339e-02
1.231894931517313774e+00
1.192649160206876502e+00
1.828399723993333892e-01
1.443762506616254937e+00
1.033447415067718866e+00
6.734434604280439274e-01
1.477062727132833375e+00
6.544500278515243963e-01
9.767952080947995830e-01
1.562190943440572299e+00
1.533695811155329769e-01
1.342733610441517067e+00
1.337493399039821895e+00
1.995751275627334065e-01
1.332070908958619126e+00
1.011355496558935751e+00
4.943794625430008582e-01
1.477527502019094552e+00
7.813400536484133019e-01
7.615529319503965278e-01
1.524380621276933301e+00
3.588069034767980003e-01
1.152360488154916318e+00
1.557394021876287171e+00
2.730613554010067334e-01
1.414404810773786991e+00
1.214298202554480399e+00
1.651237643923183229e-01
1.506093513690014207e+00
9.949654552000863905e-01
7.125851419920151697e-01
1.499429084860062655e+00
5.175417714701026073e-01
9.693945796125649217e-01
1.337376594976489308e+00
3.589134405048888810e-01
1.272068962320437757e+00
1.379346647197144504e+00
1.107159346557646806e-01
1.453018182860907226e+00
1.107809792067532051e+00
5.443130197538770254e-01
1.580169732415687811e+00
8.106711652092216669e-01
7.492475899113711924e-01
1.438550443825604042e+00
5.546280109372085931e-01
1.112206740777478053e+00
1.449609745365211477e+00
6.065919163181152096e-03
1.266166323546835892e+00
1.204091362011221467e+00
2.726354790960003327e-01
1.530955621760694774e+00
8.525678974291468482e-01
6.436618065731412042e-01
1.522304089611070887e+00
6.706512711023043805e-01
9.923917503814924101e-01
1.395392172682504484e+00
3.099784769906571147e-01
1.196789630744277577e+00
1.334729190052965420e+00
3.298636769025975468e-03
1.451252519357033366e+00
1.204772192882712423e+00
4.715546453082605227e-01
1.467487514074046873e+00
8.947706256503005218e-01
7.929479207843017630e-01
1.545186004421520209e+00
2.828365707772614868e-01
1.119328177437654448e+00
1.433403317777155905e+00
5.112108540823019631e-02
1.111579127033757386e+00
1.075168828730076687e+00
1.933347230404285910e-01
1.600161448654201068e+00
1.029042230236717037e+00
6.592220306495206739e-01
1.598923467503897244e+00
5.467673080880297576e-01
8.543382530358312188e-01
1.434569206992059254e+00
2.126449773054071013e-01
1.201418220134312875e+00
1.330909034191923856e+00
9.433151283931634490e-02
1.372660557208907894e+00
1.074448599125628956e+00
3.434548581089337249e-01
1.484240377696003366e+00
9.123076594678285467e-01
7.401078463771183502e-01
1.544822870313340868e+00
6.149921581544803839e-01
1.022628246851029932e+00
1.440187824519523430e+00
1.176728060665094555e-01
1.366585916360558040e+00
1.211234116584054332e+00
2.406714492858908483e-01
1.318170173762988284e+00
1.006998757861621296e+00
6.905066131755074332e-01
1.584448225602264504e+00
6.098000060928120414e-01
9.183857030789206455e-01
1.510834345931101996e+00
3.234511232399510661e-01
1.254001162123919988e+00
1.303606520569125626e+00
6.236797879001332312e-02
1.487701426662578985e+00
1.165651943982358274e+00
4.422115801143943759e-01
1.492194861148508522e+00
8.318482145478546252e-01
7.473328664184992753e-01
1.602069137400521814e+00
4.577581664676139694e-01
1.055474711834595736e+00
1.464185624049406220e+00
2.483647920648675567e-01
1.404744343679970919e+00
1.237011748234986053e+00
2.887719467244547755e-01
1.518083106939221327e+00
9.684890184301162552e-01
6.663819615322909007e-01
1.425958828100836850e+00
6.865400903100290497e-01
9.682984445494866588e-01
1.615800005886453672e+00
3.204370560682913149e-01
1.159837798998366365e+00
1.213234175763565847e+00
1.168627095925418857e-02
1.467331995234065545e+00
1.081729179047214551e+00
5.541821833469267045e-01
1.493215104197026299e+00
7.483807105264611570e-01
7.873243742909900034e-01
1.440386293196772582e+00
3.156359067972730470e-01
1.108416163588204606e+00
1.296139587762700662e+00
9.867911033755785710e-02
1.301606957672037490e+00
1.199799515033515229e+00
2.931498045251613171e-01
1.533768214492156279e+00
9.210073462028099955e-01
5.919807979760709493e-01
1.552990769282742933e+00
7.258315750849069214e-01
8.500863174078054918e-01
1.517250737157650242e+00
3.978407279450733580e-01
1.242330108264101174e+00
1.251630688866161911e+00
3.084263430587727561e-02
1.269259049132748229e+00
1.025735464317057088e+00
5.431242240649978292e-01
1.506088932199267649e+00
7.169079529102447834e-01
8.137668267152854407e-01
1.379999126923572739e+00
6.561394576335516371e-01
1.169534065331408135e+00
1.482017562305723901e+00
1.550927291713377620e-02
1.301750400291373344e+00
1.218254566539523243e+00
3.920288505022742620e-01
1.479978600935287769e+00
9.937995434378519288e-01
6.978709455268703454e-01
1.415925444051532311e+00
7.516986492484372118e-01
8.585620514407505954e-01
1.511995736381823718e+00
1.595682186085745913e-01
1.342838794000826397e+00
1.315369701537131064e+00
1.305086972715903959e-01
1.328043263937052076e+00
1.099283743789569279e+00
4.717736607003198968e-01
1.506905148662673888e+00
9.179939713881209995e-01
6.629571132909176656e-01
1.467086417745125715e+00
5.533670647246762275e-01
1.130952786818896882e+00
1.370812290862398308e+00
1.084523918191315772e-01
1.264524897749510490e+00
1.210094429728420407e+00
2.370450181996086036e-01
1.437798581188027836e+00
9.011980593467091571e-01
5.647922059900389868e-01
1.301066553486205146e+00
6.851172067630111329e-01
9.088203476790719382e-01
1.544744044835271612e+00
3.329607396686625753e-01
1.269076213673723252e+00
1.269976659301692345e+00
2.289555020714888200e-02
1.393752131944317574e+00
9.340451284373347818e-01
5.668454052860403269e-01
1.502589772343250640e+00
9.146326666537711869e-01
7.629433286431106520e-01
1.337756593020885010e+00
5.374338680413313085e-01
1.105234524860501777e+00
1.472017819683877793e+00
1.620630647798856905e-02
1.357531795673088348e+00
1.153667677480946230e+00
3.455431866737261881e-01
1.394215715415191292e+00
1.010484194863904728e+00
5.970590554560826213e-01
1.488964238532732187e+00
6.487699044528916215e-01
9.074893596541672158e-01
1.516878949580630520e+00
2.388777577068280367e-01
1.150037501334203682e+00
1.299003988640402563e+00
6.615180883260682321e-02
1.519345214142334477e+00
1.210229008098724801e+00
3.244502729554119003e-01
1.586845969516902821e+00
7.798638940079427595e-01
7.253685454982787828e-01
1.412541083271957820e+00
4.047418435225428324e-01
1.108233962202556322e+00
1.405430664806374130e+00
2.350796052259545577e-01
1.305268069316847246e+00
1.164569499325321056e+00
2.738433835546866257e-01
1.388015639175755433e+00
8.859640056043228684e-01
6.034424760851317959e-01
1.519352091801936311e+00
6.144316548348642826e-01
8.948218228856508194e-01
1.431018746089038451e+00
3.468609619273461120e-01
1.233989631421551714e+00
1.331824939526962126e+00
1.193737713951650292e-01
1.463721370288661783e+00
1.219668852127533620e+00
3.766389994507598482e-01
1.575111207498660404e+00
8.612906476167249137e-01
9.405155609433651920e-01
1.484725407196588964e+00
4.938509635272736453e-01
1.028142518627616964e+00
1.485234716169286262e+00
1.604031008602838093e-02
1.325696894433651796e+00
1.123969015288710738e+00
4.306479071629830124e-01
1.296267274106152945e+00
8.146335429949314033e-01
6.630425100672857619e-01
1.469581484810873251e+00
6.822492498039900433e-01
9.397444933916212495e-01
1.426667175212224414e+00
2.449636365900010326e-01
1.208364432231185948e+00
1.505979451313925743e+00
2.479224896151424606e-01
1.433784776743357803e+00
9.769739467954395851e-01
3.208118951665546725e-01
1.523145675202194127e+00
8.048490800246230759e-01
8.037780025539167372e-01
1.495856424856271794e+00
6.326019455860564245e-01
1.036972824572878871e+00
1.384568358111890829e+00
1.529502525301811300e-01
1.368288409118726845e+00
1.257623427722634357e+00
2.511110957021350232e-01
1.472893381959868853e+00
9.865777534435631324e-01
5.260355792992010837e-01
1.360582528122949109e+00
4.550765505824167501e-01
8.674483422070193850e-01
1.545724846065248403e+00
3.405524983241552950e-01
1.306668600659150803e+00
1.420720255437460944e+00
2.762413005070907257e-03
1.510515914407186244e+00
1.148016790543773480e+00
4.860963951714608600e-01
1.592405831140649264e+00
7.432169156065990823e-01
8.042552699516563042e-01
1.367179691572488087e+00
5.201594505462883156e-01
1.182654165391636258e+00
1.426121124099459569e+00
4.145554933759815208e-03
1.206549490632833344e+00
1.213309528177809682e+00
3.120184503179178614e-01
1.477685044602365272e+00
1.039730302733598455e+00
4.746952271383370059e-01
1.490308218680363783e+00
6.722004002084883689e-01
9.610493614908258708e-01
1.380358203428228459e+00
3.330689576160210663e-01
1.193539661627657456e+00
1.291788343921032034e+00
1.586460541230554355e-01
1.443664298478601227e+00
1.088043370885276140e+00
4.931597540951260794e-01
1.626582088509526791e+00
8.232375055981289158e-01
7.850881350888785359e-01
1.507623261574955631e+00
4.670324430618447709e-01
1.178938045036826976e+00
1.417870753844213683e+00
9.128434849671437923e-02
1.467494240955157681e+00
1.319747659128633233e+00
5.079935804487403228e-01
1.523031940933109896e+00
9.714170758553321017e-01
6.547180397509080318e-01
1.488200317588131538e+00
6.285133472046953163e-01
8.131082125444245579e-01
1.644587779568895236e+00
3.779138580570681194e-01
1.182385426934965622e+00
1.314373774212105106e+00
1.856281801851315805e-02
1.183671294340344682e+00
1.009292512351704696e+00
5.631631543740459600e-01
1.431043940228603262e+00
6.900804518753138606e-01
7.803236997133703445e-01
1.496730052263651078e+00
4.374166001009250904e-01
1.119833351757205442e+00
1.461555519262047964e+00
1.442123927926602378e-01
1.358292001239784108e+00
1.222543378544346471e+00
2.559052715367880482e-01
1.476503657678722492e+00
1.013476409342976670e+00
5.724093071610220074e-01
1.510599358671875780e+00
6.809484054656420593e-01
1.031551880000831645e+00
1.567204336112248519e+00
2.138668146688817440e-01
1.217729315907712273e+00
1.280430515004849168e+00
1.524225955691342338e-01
1.418581661892273305e+00
1.171815841233404321e+00
2.131362940346034629e-01
1.303288221438113403e+00
9.917256513447910704e-01
7.610934030680195361e-01
1.518900159421807672e+00
4.890072634492291792e-01
1.149928492042107342e+00
1.539463901136241653e+00
3.306621772478539334e-02
1.274655081324976624e+00
1.074315169368085465e+00
3.605621260972532993e-01
1.397714266305546404e+00
1.058260701658736425e+00
8.234735682643690158e-01
1.500165853077623623e+00
6.030706983920950393e-01
9.741526162156262103e-01
1.582596110514633114e+00
2.392141348151812230e-01
1.119312833289881404e+00
1.323209910019149893e+00
6.081208351165043324e-02
1.377732965717242131e+00
1.158383560149735869e+00
3.973413096825539892e-01
1.625138421848113968e+00
9.219528797219728178e-01
8.277119620351075513e-01
1.545947014529818864e+00
5.358152489249070616e-01
1.090941995361624173e+00
1.449015274491476379e+00
1.618696696726977802e-01
1.264377023039989112e+00
1.236915898407852321e+00
1.978974965295851318e-01
1.389243853533779438e+00
1.046087944844444007e+00
4.952549963754568352e-01
1.496986506287885987e+00
6.460348424944601931e-01
9.782756547469086961e-01
1.478110889163834596e+00
1.696145710753900193e-01
1.085134674062614657e+00
1.246293048164650363e+00
1.005226344580112396e-01
1.272848279250601511e+00
1.110309085943085750e+00
4.820106824591424699e-01
1.646185581380183116e+00
7.395594490786341346e-01
7.337007820113008449e-01
1.457717302222315547e+00
5.344037437102024946e-01
1.077976818642949253e+00
1.295183264715087379e+00
6.147939081128184213e-02
1.413530994987550304e+00
1.269498395347621544e+00
2.727682703328334624e-01
1.436416662111162701e+00
9.496898601766744497e-01
6.952648049134434460e-01
1.567448772482748831e+00
6.598113350229963814e-01
9.263757593493155973e-01
1.449129335694290699e+00
2.932516694276191549e-01
1.127758020106750303e+00
1.247941986039662776e+00
1.022932223163054155e-01
1.435362465478684957e+00
9.882985704878416433e-01
3.821479084138393878e-01
1.451627064101737918e+00
8.933208969333907845e-01
7.794772004131379495e-01
1.495133920590327126e+00
4.738337819497314696e-01
1.019769054156336452e+00
1.242000646834965139e+00
1.410285754023203053e-01
1.286781713391948800e+00
1.297140383970040833e+00
4.408308165375564025e-01
1.553827061755453265e+00
9.606701735979810142e-01
6.412894708161588353e-01
1.461973914256436302e+00
5.295060920532042026e-01
8.840736386278306158e-01
1.445131572484525284e+00
3.427393826496696327e-01
1.254006290686726643e+00
1.340904199867231972e+00
7.826109323338754920e-02
1.349162144583704093e+00
1.098534880419091531e+00
5.583522786598162924e-01
1.541874541166085244e+00
8.619257863572080680e-01
8.980357815524536713e-01
1.563245179351587799e+00
3.129416593134843327e-01
1.020701746326482695e+00
1.403882749894777460e+00
2.056400067935492404e-01
1.453610303755247024e+00
1.262098969854406283e+00
3.620812600221447464e-01
1.544088637283880905e+00
9.040435230310973624e-01
7.467077759201093956e-01
1.453694485067925646e+00
5.604216258054690591e-01
9.398561716500155594e-01
1.380447707925746448e+00
2.680908207485507289e-01
1.278706386270230588e+00
1.346263366537259865e+00
3.462091250803145392e-02
1.376088922448741592e+00
1.171820856326741600e+00
4.867051786436387695e-01
1.587947910881927882e+00
8.131402251399574288e-01
7.661364177771459172e-01
1.409630281904555638e+00
2.405372472592402500e-01
1.081713065002136043e+00
1.423007669616843662e+00
2.645322511610057603e-01
1.431366195389027984e+00
1.286257749507846659e+00
3.389534529882374803e-01
1.487288971104934632e+00
9.788491918077344422e-01
5.664450780260952278e-01
1.501743792029031299e+00
5.995353465727907283e-01
9.879367309417823595e-01
1.484610835224887460e+00
1.886413318206750511e-01
1.294429265449757116e+00
1.283415361040885605e+00
1.232168958902228884e-01
1.429946576279141901e+00
1.133903183707294593e+00
5.882085126566216626e-01
1.498059001575395621e+00
9.345021512299235278e-01
7.472886162133844934e-01
1.571209928606823958e+00
4.647005437840187603e-01
1.014360031703819720e+00
1.340218924531804801e+00
3.513091135673906962e-02
1.184073636619634939e+00
1.273768834053452093e+00
2.191440158773386437e-01
1.335253967158388733e+00
9.388358467613545644e-01
6.228307459828830162e-01
1.439530992294857592e+00
6.180660716711501301e-01
8.323500177128801969e-01
1.534038301441599472e+00
3.829663169416088198e-01
1.223461131720662287e+00
1.348628512708759386e+00
1.276464110604420554e-01
1.443312829351522497e+00
1.189189939441742005e+00
4.175000115940991074e-01
1.578755484562790690e+00
8.958072032976824861e-01
9.248387535759278189e-01
1.534661512648469284e+00
5.964068340707336935e-01
1.073791432528123257e+00
1.443996780660667056e+00
5.632243030412342755e-02
1.190263972429342232e+00
1.171919789197046535e+00
2.286225452410769743e-01
1.319015088429798199e+00
8.778929160273355459e-01
5.293122476885029348e-01
1.620572723797807368e+00
7.590572763246167254e-01
8.735961737885122869e-01
1.451310484126042688e+00
4.940737894469967029e-01
1.215359340506810604e+00
1.244815448258723478e+00
1.060011359390315988e-01
1.437918332874195571e+00
1.056385484389681828e+00
5.964392891329234336e-01
1.533464210208671963e+00
9.209739242738017584e-01
8.040117643122076663e-01
1.497244813026565646e+00
4.576190343409531347e-01
1.139077050399513125e+00
1.326313574174304843e+00
2.193554621140711425e-02
1.206462108088297125e+00
1.283120720959830763e+00
3.295125773811194980e-01
1.439769125967861330e+00
8.512715797991585731e-01
7.168783482432354859e-01
1.448053965186040681e+00
5.955048803262281698e-01
1.020207901629126113e+00
1.484841059589019796e+00
2.124742053077688930e-01
1.190813753506281047e+00
1.502519183719277951e+00
9.729633408892782165e-02
1.452257016530174472e+00
8.529431853910048877e-01
4.661544534104203885e-01
1.454225583292308777e+00
6.736349243842250090e-01
8.639815762557617740e-01
1.546536372961875072e+00
4.844033096628724833e-01
1.123221505297994360e+00
1.152361034892048774e+00
4.352564326253442750e-02
1.216783159589429619e+00
1.167104633819381343e+00
1.772308160213084405e-01
1.531622635245311725e+00
8.922319742633382234e-01
6.652360027000330245e-01
1.559549293815336801e+00
6.739500434064475964e-01
9.375932036482965692e-01
1.554407309327959785e+00
4.038228105607438168e-01
1.223420999760102434e+00
1.234897494171072863e+00
7.418170194566769959e-02
1.473915209148005223e+00
1.044600411965965314e+00
4.386085699561513285e-01
1.410129769009811795e+00
9.372114369306060455e-01
8.168202797172148255e-01
1.404397682735727848e+00
4.062036022502940602e-01
9.894229665901379533e-01
1.389088023763209723e+00
1.275199063506524677e-01
1.334824902390998158e+00
1.284135845275072851e+00
3.953813844878854566e-01
1.437618021420898229e+00
1.016975952551443463e+00
5.822455983663459289e-01
1.545679825137798336e+00
6.256654818029491194e-01
1.046202329794082120e+00
1.439920612574506542e+00
1.883474914193908611e-01
1.206174058838568763e+00
1.341408085118417359e+00
1.700734047468008270e-01
1.405873015022079064e+00
1.072753976472040627e+00
4.707340440546669003e-01
1.545120110495820764e+00
8.175130198916075175e-01
8.796444091465970283e-01
1.433011375457336589e+00
3.558842416449014001e-01
1.148034171992732499e+00
1.443741198171914597e+00
2.095467338965149029e-01
1.298362758869817002e+00
1.202572122189762727e+00
2.917739146531577177e-01
1.322405252964290234e+00
1.089740597316578130e+00
6.985458922478373633e-01
1.615803785352699418e+00
6.517622514659640043e-01
9.135425748143650715e-01
1.431000283501071557e+00
3.336660867694125066e-01
1.174064050648965685e+00
1.437480826149004187e+00
1.077485909993388391e-01
1.309601400290930640e+00
1.118847333753565154e+00
3.718931391423826449e-01
1.429751070855376671e+00
8.170088536525796918e-01
8.820425478112933204e-01
1.443613600979887668e+00
4.710200678327907120e-01
1.126906739344383457e+00
1.482589840952454274e+00
5.270091240780141323e-02
1.240631361391308030e+00
1.216148317611330354e+00
2.947500313016110929e-01
1.391011912720850008e+00
1.046631352155025452e+00
5.720447158559552880e-01
1.358881897479654377e+00
5.265850516221315392e-01
7.665871260758798655e-01
1.494336028699223551e+00
2.451254180900062085e-01
1.276420306082528988e+00
1.259530903606312036e+00
1.121937029352644694e-01
1.252417464688660553e+00
1.208580086216611171e+00
4.995805576477806431e-01
1.627981500151036043e+00
7.032155262445252131e-01
8.665088466265400413e-01
1.559432052570776550e+00
4.336466070504220172e-01
1.169942826624724930e+00
1.471979034188213520e+00
2.333348759644056358e-02
1.333124053200543058e+00
1.223688391431525080e+00
3.918509163848674093e-01
1.517983940978963053e+00
8.050244001538525707e-01
7.900434942500299540e-01
1.519330349533041691e+00
6.372657400631567270e-01
8.593552941144180224e-01
1.553165663073291292e+00
3.913230659714446724e-01
1.304872001887167121e+00
1.451275498295948818e+00
5.474279141708678076e-02
1.350413848054157429e+00
1.211796981028595566e+00
5.292823959465025041e-01
1.572117620773027191e+00
9.144832180626200069e-01
8.675949749576525871e-01
1.625368402136753598e+00
4.235319479289061939e-01
1.196575294454144345e+00
1.506085529073746709e+00
2.217396338638113473e-01
1.178302453371862235e+00
1.310204044138712831e+00
2.307357205729301808e-01
1.432653455554909749e+00
8.966183969262344622e-01
5.738315450547594176e-01
1.461535904263895569e+00
6.997065543447158475e-01
9.156070014547732505e-01
1.551304348066080863e+00
1.868511682594651835e-01
1.180439821111376464e+00
1.188046133811687000e+00
6.028659489511620229e-02
1.462722127336856470e+00
1.180720478767252057e+00
4.840272016312209269e-01
1.540249026948026678e+00
6.509242624635989127e-01
9.501804751782199077e-01
1.598407935002193581e+00
2.813611239956547716e-01
1.138730575513748011e+00
1.361958531799408512e+00
4.276414703522068983e-02
1.383317703294776546e+00
1.242650224626196342e+00
6.555648469720348759e-02
1.504622524813735485e+00
8.834255136705724265e-01
5.897647509820842515e-01
1.551660266571186719e+00
6.304938215138555790e-01
1.017750219140884926e+00
1.361760791214117194e+00
1.837406447444318580e-01
1.258677515068473918e+00
1.325410654546558487e+00
2.334300394168331572e-02
1.485143635505947968e+00
1.099880586177050201e+00
4.610033287590198370e-01
1.550668248000640626e+00
8.752912962920671447e-01
8.934106800837094964e-01
1.598561828107502247e+00
5.398662540050244152e-01
1.107360388514385674e+00
1.479809655541825641e+00
9.900820921418737597e-02
1.234181844571975439e+00
1.231481767065831567e+00
3.763511172476853295e-01
1.343363547504537125e+00
9.443878733214152721e-01
6.889804222972990555e-01
1.516585636850867669e+00
6.162280751700331960e-01
9.723476110092705849e-01
1.422411970302413398e+00
1.448854289733914613e-01
1.179547756171948514e+00
1.403145469437249604e+00
6.408110344195235009e-02
1.441313147963473540e+00
1.014628386401902782e+00
5.497592848320492775e-01
1.504625898219090541e+00
6.870979882874469480e-01
8.237999897756331791e-01
1.466159041135014940e+00
6.118366819656798627e-01
1.057491985224553233e+00
1.359320408881635300e+00
1.194676154077137509e-01
1.299838820162853015e+00
1.191650392644351353e+00
1.968838458411696080e-01
1.581798845094119832e+00
1.070954608980504208e+00
5.822265076200657807e-01
1.419580254593436175e+00
6.002108884845833714e-01
9.634140433527870195e-01
1.521084175964134255e+00
2.422235226043589207e-01
1.088271281605264207e+00
1.364556797383097653e+00
1.089571597321664920e-01
1.415403453922771559e+00
1.161680856296502640e+00
4.167820078240744297e-01
1.640071523873788850e+00
7.272439680067801504e-01
7.272488929875012831e-01
1.641347198673648311e+00
4.711982768003978861e-01
1.211458195229432322e+00
1.476374315184437958e+00
8.827726408336152020e-02
1.365265162309507563e+00
1.174096481498522637e+00
2.346058659346964004e-01
1.459815154307111174e+00
1.071775821172471721e+00
6.249938296670689564e-01
1.529689168482862405e+00
8.047296107994419412e-01
8.758380421223397327e-01
1.541697702555746341e+00
2.854675167215429687e-01
1.066011117823197019e+00
1.354928678423607424e+00
2.027275860322641510e-01
1.693670580640496359e+00
1.019228503277102016e+00
3.629043003144235002e-01
1.455471888458394147e+00
6.633117960550181103e-01
7.567158288418541767e-01
1.454130113040549288e+00
5.628142648639702372e-01
1.142453682329491960e+00
1.416831393054572175e+00
2.239563368699618029e-01
1.294552701062327449e+00
1.172031953358941392e+00
2.543017009884554480e-01
1.476546979336738286e+00
1.017467060300714987e+00
6.883751104400376297e-01
1.549619752782215309e+00
6.015759664697817310e-01
8.283796458810727126e-01
1.550225122895315444e+00
3.656024027732635018e-01
1.086262865651924203e+00
1.311062065895093776e+00
3.742099482344801720e-03
1.366529525156484404e+00
1.020383588936415231e+00
3.158351032572089268e-01
1.510482972606423502e+00
8.226773153806130612e-01
7.836529445087044854e-01
1.406658419148626438e+00
5.157461167547816583e-01
1.037095599912137844e+00
1.475672693932385870e+00
1.865162021794369573e-01
1.302752376709811033e+00
1.347597955772175782e+00
1.739382146417693120e-01
1.448873352659861391e+00
8.535734162517962798e-01
6.518641980541293179e-01
1.417203164151172201e+00
5.479514109513782261e-01
8.929570336269926356e-01
1.498623607833340809e+00
1.817049491557130025e-01
1.139042341808130354e+00
1.199750512058272323e+00
3.447148555395412872e-02
1.497945327395516779e+00
9.336128644696055634e-01
4.757694088869505733e-01
1.413390101539016452e+00
9.745543574299453393e-01
9.312626957279018791e-01
1.530619451752521787e+00
3.464814528180903963e-01
9.418803121392713695e-01
1.347804248183521736e+00
8.604423142396892821e-02
1.485897415376695507e+00
1.313883601281512936e+00
3.592922243697425078e-01
1.453927767826223016e+00
9.902707338367531253e-01
6.359118277790341001e-01
1.486242760334310686e+00
6.538676243954992806e-01
9.397794245458193085e-01
1.594439313717607831e+00
3.544127555452453726e-01
1.261243481909425590e+00
1.391077952258273021e+00
3.290601912368388837e-01
1.342947306670373209e+00
1.013531251419820478e+00
3.455055607497629078e-01
1.396588274222087644e+00
8.053149709001995449e-01
7.799595148400355615e-01
1.515231277218817896e+00
5.048982832367198137e-01
9.561152361012521528e-01
1.345525767976924358e+00
6.652354791785675125e-02
1.331679943915635933e+00
1.254516356761791629e+00
2.042150031860726911e-01
1.401193590501252917e+00
9.712745825321887905e-01
6.895718324612973849e-01
1.357575191431913408e+00
6.476916009507850402e-01
8.417036759708522720e-01
1.382684707456194984e+00
3.967034917598476484e-01
1.242519359066009521e+00
1.166216574219915092e+00
7.374513763192865057e-02
1.457408000134033932e+00
1.120847825323803892e+00
5.158104490760471172e-01
1.325251124557623505e+00
9.339946954506410659e-01
8.369371557424040153e-01
1.428289813289347787e+00
5.880199251932256566e-01
1.150296921052851973e+00
1.553895876654915131e+00
1.078873733689817982e-01
1.230470545975447916e+00
1.224948858907146665e+00
2.983197214861900148e-01
1.549780620606425741e+00
9.652156445200489321e-01
5.869559341655494755e-01
1.453655660098222002e+00
5.230844784847089590e-01
9.740693739161383480e-01
1.403852508380655895e+00
3.310509616407613653e-01
1.312637342023025289e+00
1.350957180508418398e+00
6.274471922374406929e-02
1.370611325230943311e+00
1.036014903471567328e+00
4.708740794335357638e-01
1.415105056579589293e+00
9.663060497046387365e-01
8.904675052160202497e-01
1.566307743571142330e+00
5.508734071765296614e-01
1.060377611898382311e+00
1.412531750320063839e+00
6.280284209723965838e-02
1.323587343863310561e+00
1.199205678686426690e+00
3.218876336820988282e-01
1.446849035461419630e+00
9.444172775557442279e-01
5.565883659786186044e-01
1.478838368378990076e+00
7.429809736682855270e-01
8.468428453705038050e-01
1.425843385647325823e+00
2.656643317852779296e-01
1.212833225958681149e+00
1.252693463510101468e+00
3.297768879531122466e-02
1.431603863385399800e+00
1.064935451446725523e+00
4.241912607591290518e-01
1.571357774673248331e+00
8.743624587826800409e-01
7.953419199526282624e-01
1.547687025294147478e+00
4.658008133860874200e-01
1.124516060971625597e+00
1.346419903595252210e+00
2.175194432774532061e-01
1.290098202409901917e+00
1.198554964540009315e+00
3.244884765037743812e-01
1.441990896447606696e+00
1.033953061392691053e+00
5.984330065223690820e-01
1.473904753149129832e+00
6.832933010044114353e-01
9.884217114505066126e-01
1.499861745149419612e+00
3.236345468680220105e-01
1.189246873526999648e+00
1.321612229586857756e+00
1.122554492927075598e-01
1.351631718906287416e+00
1.192666694600553745e+00
5.424225854479379771e-01
1.513084669425822204e+00
8.567122054373865758e-01
7.762334949902562897e-01
1.457284792720086930e+00
3.095911018131733972e-01
1.108710168393917117e+00
1.431631935752049500e+00
2.692040753590033142e-02
1.184123710080703384e+00
1.128410742521608778e+00
3.628393872936331865e-01
1.539097620212031892e+00
9.445675566786299049e-01
7.299930249491435319e-01
1.660338937366162115e+00
5.976150265055922839e-01
7.373283627016018471e-01
1.548475191653858607e+00
2.838470481921665511e-01
1.213097071158727225e+00
1.305900813841326613e+00
4.904302514992120443e-02
1.401297209499224872e+00
1.061033400496401935e+00
3.944937569207350725e-01
1.505148550252317863e+00
8.618607708599295147e-01
7.930450095973230473e-01
1.532206137923240785e+00
5.108358660276439700e-01
1.032998135576551624e+00
1.407794880423641759e+00
3.264431279288854126e-04
1.462100124525375966e+00
1.312073394515585134e+00
2.427422551886460611e-01
1.429681958431528344e+00
8.922647853628724590e-01
5.957693977529243679e-01
1.520741962112236223e+00
7.309438875811156144e-01
9.681039064324509225e-01
1.429680446801496307e+00
2.531276337733147086e-01
1.271315514235613398e+00
1.390558934155741388e+00
8.886170068918648746e-02
1.399785794396957606e+00
1.149952380865944646e+00
3.580121011727279146e-01
1.435176581101824667e+00
6.732683292894525717e-01
8.262228576179783124e-01
1.486115312899901397e+00
5.012998664814849459e-01
1.118862523552074606e+00
1.455659720289637749e+00
1.751862488041634747e-01
1.339651054666764152e+00
1.220069787322986876e+00
1.849121401581372837e-01
1.511941731112667497e+00
8.805815547835209589e-01
7.304173883020870228e-01
1.429847818451009278e+00
6.568523007218480814e-01
7.720071018293751530e-01
1.436203031383446849e+00
3.401077405866220760e-01
1.334769618406359992e+00
1.379522083105688690e+00
6.617156316303035579e-02
1.415261764059330352e+00
1.153243872029663830e+00
5.052981931256599335e-01
1.591980651787550327e+00
9.318520039333008098e-01
7.243551051049879064e-01
1.485108045590215919e+00
3.884061324956608052e-01
1.141113478828666539e+00
1.424910452369340330e+00
6.869880434055039564e-02
1.238833265671453132e+00
1.171819949964354013e+00
2.130227106108180946e-01
1.456555933737025077e+00
8.164930606079119357e-01
6.699059067481140106e-01
1.562983379589730992e+00
6.571745073047733365e-01
8.818480303141967847e-01
1.464746254892241639e+00
3.816308869747980781e-01
1.200516099923858881e+00
1.336454365827866475e+00
8.927432067426055440e-02
1.480508454359699577e+00
1.165530501691407039e+00
5.001108258682654961e-01
1.547239910313111810e+00
7.993457618120055619e-01
8.199845658633850842e-01
1.489273663341870169e+00
5.092836997128507015e-01
1.088393385610777697e+00
1.380569699373894954e+00
9.157706958853757684e-02
1.353531524331266445e+00
1.280707921297081109e+00
1.431767354254983027e-01
1.463543458759131610e+00
9.234809779688034626e-01
7.709524970905827779e-01
1.487071457586085055e+00
6.961243100054838040e-01
9.629871220093847439e-01
1.459515236641119706e+00
4.772790284814973361e-01
1.268611736404710699e+00
1.256689199051077566e+00
1.320895692207245120e-01
1.421072330982308340e+00
1.176012378258634250e+00
4.487014370066634283e-01
1.430235582401433225e+00
8.296114544132637825e-01
7.765264220689955810e-01
1.398308030144750580e+00
4.773825010223435861e-01
1.142278765569329613e+00
1.422583897673970865e+00
3.176762121707715769e-01
1.333417420845983248e+00
1.211416455518578683e+00
1.383150340897184860e-01
1.351971908112654219e+00
9.816517866615367405e-01
7.267715807997550126e-01
1.419518492463128556e+00
6.403747344122611151e-01
9.909650663866538256e-01
1.453813708145199390e+00
3.758672578457850078e-01
1.318236835817143460e+00
1.296824807804091373e+00
1.192412363115865348e-01
1.474203016110334330e+00
1.096086068459441787e+00
5.301030887310449469e-01
1.470755804940445666e+00
7.774968633953928121e-01
8.334896017403136126e-01
1.366857110918679563e+00
4.314611410115016810e-01
1.179824957594679091e+00
1.322865319963954178e+00
9.071361690179596815e-02
1.290928383268053592e+00
1.228357657239586231e+00
2.243455315065467359e-01
1.435919246066226007e+00
9.748720584270519351e-01
7.694314218764221058e-01
1.568073673049979355e+00
6.716889556330025712e-01
1.039277784653509951e+00
1.457499686045480525e+00
2.111302449356725897e-01
1.122713790753091745e+00
1.435398200646744504e+00
1.972250663742269872e-02
1.397651674864709648e+00
1.161252801400915358e+00
3.545172771718729798e-01
1.423260407493411428e+00
9.491811036738512231e-01
7.659511388129999210e-01
1.406377157495279695e+00
4.396228156788001828e-01
1.137564499319097422e+00
1.336173263512679954e+00
1.426824600132738929e-01
1.342078337610719263e+00
1.312890040267973291e+00
3.572816234914203415e-01
1.306065486668784414e+00
9.009875706209639068e-01
5.766692868074482226e-01
1.472940766527933931e+00
5.847777059237132535e-01
1.127638464493466719e+00
1.407311802015830837e+00
1.790057538523373015e-01
1.127039414171421283e+00
1.237789011076414036e+00
1.337784919180329268e-02
1.428700314008493066e+00
1.075291584356366403e+00
4.733385519568519828e-01
1.415949483971133516e+00
8.501063869836879006e-01
8.759623428634367714e-01
1.519655056707996499e+00
4.394630328769600913e-01
1.053576945369414153e+00
1.334749152814300732e+00
1.808989516637789230e-02
1.322238589017420862e+00
1.260714559273031110e+00
2.122558040766847343e-01
1.431095804261516280e+00
1.038243743559539967e+00
6.946543967461650260e-01
1.530165203201559132e+00
6.957585414178432126e-01
9.677858163461041663e-01
1.514394923625551836e+00
2.573762362640172885e-01
1.110047513030827160e+00
1.355085714861572033e+00
1.626316037986245966e-02
1.507044912776234424e+00
1.145430909493502014e+00
4.563148431160047869e-01
1.499412191474319478e+00
8.151429873296016648e-01
7.214442309948579934e-01
1.403665544462810111e+00
4.506754713304521043e-01
1.111060953947951013e+00
1.281986043145839416e+00
1.678261719394976981e-01
1.297666050747917188e+00
1.198596613667394006e+00
2.943420816402985141e-01
1.508896373751363207e+00
1.009810979775095818e+00
4.141050579836170198e-01
1.440011561518212080e+00
7.563757713641443559e-01
9.547516186020674755e-01
1.410065617852506836e+00
3.226423907358643151e-01
1.126622346532036412e+00
1.363423142237733865e+00
1.116132857452850624e-03
1.408338418422960148e+00
1.073869055787938676e+00
3.928755933445685633e-01
1.390136092040189286e+00
7.005104066878740099e-01
7.535025014598002446e-01
1.468417582920629183e+00
4.324263795831183588e-01
1.153020335408790009e+00
1.540362789961402523e+00
4.780204020170905621e-02
1.306872828482287696e+00
1.168701983701154967e+00
2.710991021183612459e-01
1.547034846511771145e+00
9.598956957545626834e-01
5.879679103191089995e-01
1.572129289124771123e+00
6.955152268304426455e-01
8.926334390737702407e-01
1.351544185610445981e+00
2.616652260545492825e-01
1.156184732083753941e+00
1.363280053322030616e+00
6.545847299244608730e-03
1.401021897848393927e+00
1.001763654758897726e+00
3.027450775957579721e-01
1.315751146710669284e+00
7.225480601102840517e-01
8.187658059610680716e-01
1.484605322835609309e+00
5.192797182919984822e-01
1.143432523836662495e+00
1.254447945330592784e+00
1.697023822294175255e-01
1.335451519045411928e+00
1.165199946917144347e+00
2.715808113538302759e-01
1.422628688954662435e+00
9.218525843951002052e-01
7.232688132557587579e-01
1.497351353070769830e+00
6.761333714238687564e-01
1.060884123256815803e+00
1.576917641809639559e+00
2.342914219914140617e-01
1.326407093191145803e+00
1.244968661916227459e+00
6.024567781053935533e-02
1.440111761103040955e+00
1.083988217222871642e+00
4.937123194997318221e-01
1.428376392668195161e+00
8.862083762754575655e-01
7.517659690821119067e-01
1.468379119078614625e+00
5.378191249646255834e-01
1.173445202611475002e+00
1.641236032299890679e+00
1.006723606912098001e-01
1.266605982127251062e+00
1.215321363192352511e+00
1.857028617495761202e-01
1.481314784343694013e+00
1.051354516804320571e+00
5.522797721330759968e-01
1.385140475116465542e+00
7.425374223972007748e-01
8.373855134267403910e-01
1.451750176301952688e+00
3.392965111308375858e-01
1.142585950328190991e+00
1.187317169877727840e+00
5.847427527878638898e-02
1.372638816487844915e+00
1.073482309802008317e+00
4.939620923944647579e-01
1.349721516315391057e+00
8.139729220781400931e-01
7.919951261649169627e-01
1.480850587353207404e+00
5.423061336210288630e-01
1.125397537043755669e+00
1.508929488244981965e+00
2.995598416070403835e-02
1.330408702169477486e+00
1.250396744407916927e+00
3.423433000212410815e-01
1.487239108342263139e+00
9.373599779130862286e-01
5.560885815695407741e-01
1.514783680333483096e+00
6.360900946222429742e-01
1.029338946648614472e+00
1.462879740998195288e+00
2.981954875279316797e-01
1.180211858978296835e+00
1.187746710914267201e+00
1.684004092572628786e-02
1.391016533497025476e+00
1.068770941568716326e+00
5.143891037303356395e-01
1.543609204968257043e+00
9.309106107242391959e-01
9.239418835630476279e-01
1.413148212811736082e+00
5.375904037439593885e-01
1.176076239800608603e+00
1.294126090011425534e+00
1.175466832011617946e-02
1.236967066476221122e+00
1.314793066571367408e+00
2.086096777697822591e-01
1.538183263666878187e+00
8.073641532699988854e-01
6.850104119927928892e-01
1.509097804073973093e+00
5.310340069404071439e-01
9.459144632891804960e-01
1.447322526995504788e+00
3.015451722663517464e-01
1.185806327010294758e+00
1.236418796047668689e+00
6.613227834001844663e-02
1.488478665677934742e+00
1.158228578569754808e+00
4.672580958960876885e-01
1.550943640596925022e+00
8.222930346057213402e-01
9.739752547739300992e-01
1.547644716865974379e+00
5.713592342539688396e-01
9.336504963853816674e-01
1.422522600938781023e+00
1.131239761255533188e-01
1.240130060035540049e+00
1.254912105269958555e+00
2.628623524232908126e-01
1.376617028750438010e+00
1.128079406003646978e+00
6.652134794931741091e-01
1.425866080625365129e+00
6.242199617244764687e-01
8.774204978251805009e-01
1.401360127002422296e+00
2.461181384703139963e-01
1.141544452485000916e+00
1.439195252304092065e+00
5.326695441888280869e-02
1.213098579131792976e+00
1.233890897498995942e+00
4.537765943374724720e-01
1.581830367343789012e+00
8.755396601067981788e-01
7.775992866867694753e-01
1.528155253281563208e+00
5.188158207842608061e-01
1.153859527784520278e+00
1.539545373931517247e+00
1.000848667568792205e-01
1.195569683801596561e+00
1.185376928099455718e+00
1.554112932255232449e-01
1.482053472319144749e+00
9.198006746049851579e-01
6.047929596711463240e-01
1.391113176475696100e+00
7.162432020521000142e-01
9.294231842509219632e-01
1.387773454405435425e+00
3.062810386147388209e-01
1.204604711603226574e+00
1.313969341506294297e+00
1.032661654550212638e-02
1.191748452010173320e+00
9.453358497211157285e-01
5.383344545218550214e-01
1.561522896535496807e+00
7.782269294263723936e-01
7.567729497102920755e-01
1.417137160591485090e+00
4.907382010864081989e-01
1.130447325346356058e+00
1.407538452712052246e+00
3.874449156890272250e-02
1.453074324392917394e+00
1.289644550535889334e+00
2.571505899817130847e-01
1.466887983562386255e+00
8.445698146162721187e-01
5.364062719491375919e-01
1.438560409145689833e+00
6.595357180116563356e-01
9.152590114443158731e-01
1.498710868561780707e+00
4.389730424135530606e-01
1.255357843846087507e+00
1.424778287279193201e+00
1.220146690513697618e-01
1.308416823348155900e+00
1.091065519342976575e+00
4.654206547900208157e-01
1.515661697418396070e+00
8.730461242508136266e-01
7.220822139046267907e-01
1.489121934847310591e+00
3.867743252118295838e-01
1.027338510612245681e+00
1.496004970987302007e+00
1.840232101109835483e-01
1.429737195063355504e+00
1.256389138705252595e+00
3.687498279195005613e-01
1.581558209479217769e+00
9.655820303841642360e-01
7.033783872892198641e-01
1.642853126266820007e+00
7.467658815680056072e-01
9.479383445531106567e-01
1.414181373167317624e+00
5.041662467771561573e-01
1.159999623280125070e+00
1.505188714918179294e+00
1.535820284316531670e-02
1.366103342048025304e+00
1.090644372444448784e+00
5.562323046782359226e-01
1.319156124384004647e+00
7.560601515594647104e-01
8.795140598285817735e-01
1.590237972809762201e+00
4.240566069943157435e-01
1.119662716073777320e+00
1.501486628801577128e+00
8.423454138751076958e-03
1.377677908856886235e+00
1.208731146745156027e+00
2.016037625122613919e-01
1.380385035977142572e+00
9.670781223877903399e-01
5.502180871506677784e-01
1.608183304710081529e+00
7.524348577280105532e-01
8.582800251051542206e-01
1.495456770796654178e+00
3.948499288316434375e-01
1.237069813114530792e+00
1.270311270584622010e+00
1.545379685167042605e-01
1.508338775794077824e+00
1.108405040852331380e+00
4.089109516953057799e-01
1.489460496208456330e+00
8.766268110062190866e-01
6.961376901096614223e-01
1.460143392461405121e+00
4.752179852631150392e-01
1.118184148173454240e+00
1.291112535108729586e+00
5.287950210847949806e-02
1.422421229760773675e+00
1.335955858609696012e+00
2.525793489308206241e-01
1.439700568348228016e+00
1.010402955001675762e+00
6.553802409576848786e-01
1.594218992439016658e+00
7.315490184028503595e-01
9.773681225684414109e-01
1.407646472528037096e+00
3.711472547485173967e-01
1.172839002532039654e+00
1.309669030639049714e+00
1.089078540266316814e-01
1.389376912590864377e+00
1.117363214905194857e+00
4.640196305924380038e-01
1.552226558164920389e+00
8.141508001621949875e-01
7.327387125940132417e-01
1.579745363430925531e+00
4.828572264168832784e-01
1.049546845298367170e+00
1.429436696916064120e+00
2.638064277253243661e-01
1.434857958631672536e+00
1.264292520335359660e+00
2.337209131262650563e-01
1.416768649869673657e+00
9.658572460170847807e-01
6.023931692679559413e-01
1.566341576213726272e+00
6.917532400354093891e-01
8.902790094898419548e-01
1.490760723577912561e+00
3.632879846973431914e-01
1.091101012502987633e+00
1.315060361407811129e+00
2.727751048734247674e-02
1.340909353482887756e+00
1.106530331613034157e+00
4.162131155447343911e-01
1.330821036326274465e+00
8.295037326013374734e-01
8.383739385002745292e-01
1.703637134185091107e+00
3.763396048252020676e-01
1.106518043519405969e+00
1.416673327986134989e+00
1.912850534292023230e-01
1.336063151052494291e+00
1.282257935575915830e+00
1.678850417146221241e-01
1.523040019962163427e+00
9.897490671373606608e-01
8.008543393245629582e-01
1.357478756213334803e+00
6.805536894543069426e-01
8.907986481005532031e-01
1.326261178896685600e+00
3.400024304891994253e-01
1.113387369450730580e+00
1.279417350697959366e+00
2.148628966740750990e-02
1.327849520527165428e+00
1.101631194054221163e+00
4.850301143226359302e-01
1.437740823925609535e+00
7.755695601903723757e-01
8.781421614586960578e-01
1.453750420286901823e+00
4.962633585813435722e-01
1.122183705819337574e+00
1.399189910259589720e+00
3.551260865776165176e-02
1.407072759817081353e+00
1.268188627624511788e+00
1.934027518336317031e-01
1.558624420907372521e+00
8.976084609247502177e-01
6.587917794288216111e-01
1.533880151073371501e+00
6.188732143132860131e-01
1.003463251163544179e+00
1.466925168186512529e+00
4.122016415485402208e-01
1.192065595337189920e+00
1.282582054134739247e+00
8.455218970567365822e-02
1.283672523406919952e+00
1.200362685624931203e+00
5.567318339682763018e-01
1.547278554633275904e+00
7.702157583317708056e-01
6.672929032344444567e-01
1.561155288475682079e+00
5.141837732311529408e-01
1.052122247368510344e+00
1.431750943679188870e+00
1.544458635876003183e-01
1.324188143926248618e+00
1.226500574966952639e+00
2.111996418158822719e-01
1.337855737518226951e+00
1.056570604933263935e+00
6.285776498739896745e-01
1.580588196791376632e+00
6.487161355102943894e-01
9.679699069592747618e-01
1.613422727310930949e+00
3.966023549881701471e-01
1.204001143854154243e+00
1.318574950598678797e+00
1.001316212085181095e-01
1.253987725474792869e+00
1.137428591892920782e+00
4.182018910836499681e-01
1.561915612671849418e+00
7.835071967441654683e-01
7.813140952090733560e-01
1.546025814373999552e+00
5.450421990171505637e-01
9.860371739445978889e-01
1.359913984018883637e+00
2.176889229676904347e-01
1.376312466445113625e+00
1.136046643880463503e+00
2.955294342204015101e-01
1.468815224686158549e+00
9.214021889079493377e-01
5.743550457704890144e-01
1.567577586985729132e+00
6.830395812070397810e-01
9.628056445521209206e-01
1.350480034908242866e+00
2.315704586267213205e-01
1.315030587056179590e+00
1.325682120771672245e+00
7.494109072535581895e-02
1.598724776852671781e+00
1.094233457707494139e+00
3.981518378394784952e-01
1.450440667139224260e+00
7.699247543567830920e-01
7.560262787079272684e-01
1.548377596884508378e+00
5.287647851163537194e-01
1.312920008710491304e+00
1.340152489679500070e+00
5.356478359970351377e-02
1.391293060029714201e+00
1.243198055123187595e+00
3.299338988479832979e-01
1.476189727520611061e+00
9.468667389914546817e-01
6.831198528160502548e-01
1.418393557041505160e+00
7.748398574541405237e-01
8.897740558987750070e-01
1.542983637166895461e+00
3.596351466943781827e-01
1.209135349557561634e+00
1.331800952853362086e+00
4.724699656249091440e-02
1.371772226485251434e+00
1.284755520879279578e+00
4.078881057509362029e-01
1.511363507466858547e+00
7.397870667703306813e-01
8.123644992862280034e-01
1.526684636612305912e+00
4.690895832515159514e-01
1.180569850323077929e+00
1.398103838612538619e+00
1.527835240923761939e-01
1.233020986499278937e+00
1.166352258178488421e+00
4.421169776699860887e-01
1.494959249726837580e+00
8.780548758956159272e-01
5.505084830347732883e-01
1.549136411628014853e+00
8.257260185647139483e-01
7.755307779864357709e-01
1.269450038951113413e+00
3.737402729182285332e-01
1.216157297968723405e+00
1.309901552667340097e+00
4.099524849582918129e-02
1.286061431679251355e+00
1.170554896065279404e+00
4.779134477926141877e-01
1.384059521031491879e+00
9.053570369158805420e-01
8.953568294826474983e-01
1.556592729579578060e+00
4.452729303137116790e-01
1.042402467633831931e+00
1.408419613410448079e+00
1.912632557546376511e-01
1.076300271767118621e+00
1.348444804545536391e+00
2.823495964492713783e-01
1.544729527801759650e+00
1.022961619363711661e+00
6.186022974403887487e-01
1.575464196995818966e+00
6.357908552815589864e-01
1.017633731596163660e+00
1.444417402668742634e+00
3.256831363529265611e-01
1.054653078073822803e+00
1.339011821629559007e+00
9.910723331685793169e-02
1.411678447877301901e+00
1.062630270184217851e+00
5.417222372772686478e-01
1.450395820288800763e+00
9.303473206160189912e-01
6.973647029705418721e-01
1.540693055993152649e+00
4.841216091917773245e-01
1.067004024371343673e+00
1.491220422876037288e+00
5.290896115279880574e-02
1.329868278824200001e+00
1.144263704216244237e+00
2.019041790980665163e-01
1.487177650727580458e+00
9.486392730483924618e-01
5.851693101566965982e-01
1.558397082571196579e+00
6.908089409016193727e-01
9.205752255544243923e-01
1.549719758789590562e+00
3.559664932498934897e-01
1.178411543199537004e+00
1.377436839714252459e+00
1.219694123885111947e-01
1.396830143966161453e+00
8.829235673084113722e-01
3.931355869800637337e-01
1.595149280373330036e+00
8.744934417246907898e-01
8.149348832566115641e-01
1.535540701171423050e+00
4.951662902633992003e-01
1.140179056468367591e+00
1.450181928744612714e+00
6.267264536040170753e-02
1.593232199943676930e+00
1.203575651006171032e+00
1.937908135494878226e-01
1.376254597425715653e+00
1.116259435853996784e+00
6.683490317230020850e-01
1.545200241236782235e+00
5.460704314562180306e-01
9.643550995421601435e-01
1.469432812504064767e+00
3.796329012473776965e-01
1.204178980220657280e+00
1.332000951019105761e+00
9.700513132694590923e-02
1.369005113861097245e+00
1.136205796637939081e+00
4.686747267200056521e-01
1.461236247536277455e+00
7.305835018135324876e-01
7.553677024866786160e-01
1.468249806947432790e+00
4.318913594513524301e-01
9.846628940511741312e-01
1.548426674278790216e+00
1.218915453402556470e-01
1.353308694961976810e+00
1.130744057464352137e+00
2.827532231232751103e-01
1.487039332754010568e+00
8.612433532578569473e-01
4.934635286093528306e-01
1.611685205211262684e+00
5.540492345831743437e-01
1.088930706286547645e+00
1.366606299832554994e+00
3.441048116882298169e-01
1.297719879381534103e+00
1.270893227210985188e+00
9.686318966006979281e-02
1.423172982324554026e+00
1.220027413207491529e+00
4.823779718955026885e-01
1.488847635146276271e+00
7.974885571917853522e-01
7.120992621116309929e-01
1.479972775142164299e+00
5.773549094429206718e-01
8.657055796929264968e-01
1.353051254295555728e+00
8.565702444600797882e-02
1.377183084727063411e+00
1.306378918960448221e+00
2.539759379502482539e-01
1.465169814527793601e+00
9.638041878648957450e-01
5.199123560465543914e-01
1.479101439908979465e+00
5.570270815076636683e-01
9.134265623448266647e-01
1.494986652740887489e+00
4.332566589390166589e-01
1.262590759826227149e+00
1.212904757118332899e+00
6.017026477498950421e-02
1.348351198026183972e+00
1.174607760340848239e+00
4.778431966216221682e-01
1.350418626457568605e+00
8.566973907242751984e-01
6.857140885239330075e-01
1.488485757154954570e+00
5.150415542680466530e-01
1.104061174209403307e+00
1.421866397532896231e+00
1.040443357032871524e-01
1.214461791143903513e+00
1.163820488866603053e+00
3.201453422512764435e-01
1.508564465413333444e+00
8.985607682122744855e-01
6.928693002943666635e-01
1.568564320477754848e+00
5.815566164420016282e-01
9.628978480244658744e-01
1.547186233525342125e+00
2.932443728576735187e-01
1.115361526120018265e+00
1.463536435197926089e+00
9.500068419688695309e-02
1.521087794815599858e+00
1.200867549666759349e+00
4.185984172330758923e-01
1.401246236886269925e+00
7.465895452229501794e-01
9.048917955219022424e-01
1.499535669402614291e+00
4.785608459075492149e-01
1.008823897412088666e+00
1.424034601376920062e+00
1.537899205920668089e-01
1.286948119088420661e+00
1.276143538521129717e+00
3.373130105472005869e-01
1.401442188303046343e+00
8.868117116450312531e-01
7.409856954597955347e-01
1.468436833648425255e+00
5.278728970768826745e-01
1.047749616847751364e+00
1.478034320039012250e+00
2.557013270653615278e-01
1.217825962584539345e+00
1.238797405910617933e+00
3.729913236098156282e-02
1.375089897060606026e+00
1.224795322851917501e+00
5.476497794078323267e-01
1.476387373213870369e+00
7.351686254228235740e-01
7.565781921686525191e-01
1.392420142815632200e+00
4.314745144719678849e-01
1.010778211255321635e+00
1.287921180276776489e+00
5.845733634478303409e-02
1.246452777044924076e+00
1.325248983629483845e+00
2.239831502841181654e-01
1.463217405134157989e+00
1.048919010303665189e+00
6.850011837187021113e-01
1.483453660587208400e+00
5.280920878956062436e-01
1.056901662912537398e+00
1.415637769658781187e+00
2.160670093092491029e-01
1.058708696488053658e+00
1.314421056140290700e+00
2.610833927990913184e-01
1.427004192057195420e+00
9.059956460975627790e-01
4.269095328166796488e-01
1.429647267511254594e+00
8.397750583357264098e-01
8.541219088623217548e-01
1.579189561735717229e+00
4.613306053052065314e-01
1.128128793428791798e+00
1.375750703946123421e+00
1.725117739506056014e-01
1.290440550705723277e+00
1.112947324875133370e+00
3.001416802389036409e-01
1.511501299105862062e+00
9.050233729292840312e-01
6.291137913497207856e-01
1.529104204575540304e+00
7.149507108992139148e-01
1.008684744688828294e+00
1.433537360342089562e+00
2.095107878610658891e-01
1.220228560225558923e+00
1.310725253280897507e+00
3.843704469623560049e-02
1.459420373731312726e+00
1.139526279118135754e+00
4.091182962800835043e-01
1.498359400942388842e+00
6.649029661984273698e-01
8.329999059777702941e-01
1.378481362649318864e+00
3.831573498611121065e-01
1.116169061590917888e+00
1.447412938559210716e+00
