# {'thres': 0.2846796095371248}
3.064781427383422852e-02
1.948815584182739258e-02
4.589483141899108887e-03
4.011607170104980469e-02
1.206299662590026855e-02
1.341727375984191895e-02
3.133237361907958984e-02
2.210639417171478271e-03
1.571089029312133789e-02
6.353080272674560547e-03
1.790197193622589111e-02
4.643023014068603516e-03
1.232165098190307617e-02
1.266694068908691406e-02
2.167159318923950195e-02
1.841767132282257080e-02
7.694935798645019531e-02
3.765869140625000000e-02
2.721266448497772217e-02
4.151558876037597656e-02
3.681898117065429688e-02
8.699670433998107910e-03
1.512157917022705078e-02
2.503637969493865967e-02
4.962384700775146484e-03
2.669656276702880859e-02
3.319230675697326660e-02
1.451784372329711914e-02
6.652802228927612305e-03
9.797111153602600098e-03
1.161164045333862305e-02
8.601129055023193359e-03
2.015647292137145996e-02
1.567608118057250977e-02
2.437860518693923950e-02
4.375725984573364258e-02
1.251453161239624023e-02
1.636135578155517578e-02
2.175474166870117188e-02
5.585938692092895508e-03
5.318850278854370117e-02
1.122975349426269531e-02
1.592196896672248840e-02
3.267562389373779297e-02
4.151982069015502930e-02
1.048019528388977051e-02
2.075076103210449219e-02
4.536235332489013672e-02
1.494869589805603027e-02
1.169592142105102539e-02
1.325081288814544678e-02
2.003580331802368164e-02
1.379233598709106445e-02
3.588609397411346436e-04
6.470859050750732422e-03
4.811882972717285156e-04
3.227111697196960449e-02
8.230865001678466797e-03
3.412914276123046875e-02
2.772825956344604492e-02
2.329939603805541992e-02
3.069683909416198730e-02
5.179643630981445312e-04
2.551829814910888672e-02
7.958054542541503906e-03
9.478807449340820312e-03
3.929366171360015869e-02
3.702431917190551758e-02
2.257800102233886719e-02
7.686853408813476562e-03
4.450672864913940430e-02
2.053791284561157227e-02
8.122697472572326660e-04
4.917442798614501953e-03
6.597697734832763672e-03
3.257232904434204102e-02
3.623527288436889648e-02
4.658967256546020508e-02
1.203614473342895508e-02
2.194869518280029297e-02
5.623452365398406982e-03
1.489812135696411133e-02
3.062039613723754883e-03
5.229797959327697754e-02
2.258521318435668945e-02
8.587419986724853516e-03
4.591089487075805664e-02
1.809418201446533203e-02
2.114892750978469849e-02
1.271605491638183594e-03
1.820945739746093750e-02
3.329166769981384277e-02
2.838474512100219727e-02
1.261113584041595459e-02
2.058073878288269043e-02
5.304753780364990234e-03
1.799333468079566956e-02
1.374369859695434570e-02
2.936667203903198242e-02
1.691132783889770508e-03
1.167404651641845703e-02
1.569306850433349609e-02
2.053001523017883301e-02
3.059452772140502930e-02
7.158730179071426392e-03
1.122194528579711914e-02
4.278421401977539062e-04
1.698885858058929443e-02
4.447752237319946289e-02
1.326236128807067871e-02
2.061077952384948730e-02
1.302212476730346680e-02
1.596361398696899414e-03
3.358024358749389648e-02
1.009464263916015625e-03
8.566625416278839111e-03
1.897686719894409180e-02
4.779905080795288086e-03
4.670038819313049316e-03
2.115440368652343750e-02
2.184315770864486694e-02
2.737021446228027344e-02
1.210796833038330078e-02
1.628997176885604858e-02
1.776301860809326172e-02
3.189036250114440918e-02
9.691461920738220215e-03
5.519151687622070312e-03
1.027528941631317139e-02
2.814084291458129883e-02
1.383358240127563477e-02
4.576265811920166016e-03
5.148541927337646484e-02
4.395812749862670898e-02
1.691363751888275146e-02
3.474009037017822266e-02
2.916014194488525391e-02
1.793909072875976562e-02
1.471716165542602539e-02
1.950248703360557556e-02
5.911958217620849609e-02
2.553725242614746094e-02
1.682968437671661377e-02
5.485177040100097656e-03
4.484355449676513672e-04
2.192825078964233398e-03
5.758047103881835938e-02
6.804123520851135254e-03
2.235412597656250000e-03
9.851098060607910156e-03
4.086474329233169556e-02
6.847321987152099609e-02
4.937407374382019043e-02
3.962680697441101074e-02
1.598298549652099609e-02
8.608415722846984863e-03
1.228654384613037109e-02
1.613849401473999023e-02
3.681056946516036987e-02
2.877259254455566406e-02
1.891788840293884277e-02
2.976746857166290283e-02
5.926489830017089844e-04
1.744225621223449707e-02
5.628436803817749023e-03
1.172506809234619141e-02
2.521850168704986572e-03
2.879965305328369141e-02
2.506262063980102539e-02
6.384420394897460938e-02
1.420640945434570312e-02
1.316714286804199219e-02
1.703992486000061035e-02
3.813862800598144531e-03
7.799834012985229492e-03
1.108247041702270508e-02
4.355639219284057617e-02
6.727129220962524414e-05
2.795338630676269531e-03
5.672574043273925781e-04
5.418568849563598633e-03
3.320407867431640625e-02
2.530734241008758545e-02
8.100390434265136719e-03
1.299154758453369141e-02
1.985798776149749756e-02
1.113152503967285156e-02
1.581907272338867188e-03
2.758434414863586426e-02
2.232950925827026367e-02
9.748443961143493652e-03
2.816855907440185547e-03
4.704314470291137695e-02
2.025977894663810730e-02
4.324734210968017578e-03
9.660482406616210938e-03
1.278863847255706787e-02
7.506012916564941406e-04
4.690712690353393555e-02
2.720671892166137695e-02
4.564136266708374023e-02
2.682271599769592285e-02
2.380573749542236328e-02
2.447062730789184570e-02
9.040370583534240723e-03
1.544421911239624023e-02
4.568189382553100586e-03
1.389381289482116699e-02
1.213729381561279297e-03
2.447903156280517578e-03
1.654046773910522461e-02
1.807051897048950195e-02
2.227663993835449219e-03
2.859187126159667969e-02
1.360934972763061523e-02
7.370367646217346191e-03
5.673646926879882812e-02
1.399035751819610596e-02
2.090990543365478516e-03
1.440453529357910156e-02
4.179328680038452148e-03
3.396248817443847656e-02
1.497834920883178711e-02
8.569583296775817871e-03
6.822824478149414062e-03
1.039119064807891846e-02
3.641542792320251465e-02
2.469533681869506836e-02
1.037784665822982788e-02
4.930198192596435547e-02
1.972758769989013672e-02
6.159752607345581055e-03
1.087844371795654297e-03
3.249347209930419922e-02
2.463465929031372070e-02
4.251176118850708008e-02
1.420462131500244141e-02
3.107511997222900391e-02
5.146050453186035156e-02
2.065505087375640869e-02
4.426842927932739258e-02
6.219744682312011719e-03
1.764118671417236328e-02
1.113426685333251953e-02
9.025774896144866943e-03
1.077651977539062500e-02
8.121550083160400391e-03
1.661320775747299194e-02
4.417836666107177734e-03
1.442617177963256836e-02
2.652511000633239746e-02
2.662897109985351562e-03
6.227837502956390381e-02
2.252548933029174805e-02
2.602934837341308594e-04
2.932944893836975098e-02
1.701128482818603516e-02
2.114009857177734375e-02
6.529211997985839844e-03
1.435077190399169922e-02
3.032675385475158691e-02
2.886578440666198730e-02
1.226115226745605469e-02
2.305966615676879883e-02
3.590583801269531250e-03
3.757023811340332031e-02
3.533533215522766113e-02
3.023326396942138672e-03
2.052858471870422363e-02
2.429199218750000000e-02
2.406567335128784180e-02
1.347675174474716187e-02
6.355941295623779297e-03
5.669051408767700195e-02
7.740050554275512695e-03
1.958560943603515625e-02
2.543127536773681641e-02
2.374690771102905273e-02
2.530276775360107422e-03
7.627047598361968994e-03
8.418500423431396484e-03
1.756906509399414062e-02
6.971579045057296753e-03
1.426404714584350586e-02
1.106381416320800781e-03
1.858694851398468018e-02
7.205963134765625000e-03
1.214487850666046143e-02
3.099203109741210938e-03
1.697278022766113281e-02
6.329055875539779663e-03
1.523053646087646484e-02
1.922994852066040039e-02
3.034836053848266602e-02
2.497202157974243164e-02
9.782791137695312500e-03
6.159588694572448730e-02
5.413776636123657227e-02
6.347779324278235435e-02
7.377147674560546875e-03
8.864343166351318359e-03
7.292769849300384521e-03
1.362645626068115234e-02
9.720057249069213867e-03
2.521780133247375488e-02
3.600710630416870117e-02
8.752666413784027100e-03
8.711338043212890625e-03
1.333224773406982422e-02
4.221305251121520996e-03
4.245799779891967773e-02
1.542270183563232422e-04
3.213676810264587402e-02
1.363283395767211914e-02
2.397795021533966064e-02
1.013994216918945312e-03
3.146868944168090820e-02
1.789740286767482758e-02
1.004886627197265625e-02
6.504744291305541992e-03
1.040789484977722168e-02
1.053386926651000977e-02
3.965005278587341309e-02
1.573535799980163574e-02
1.599210500717163086e-02
3.085151314735412598e-03
2.744513750076293945e-02
2.146780490875244141e-02
2.241782844066619873e-02
2.445602416992187500e-02
9.167343378067016602e-04
1.967945694923400879e-02
3.298211097717285156e-02
1.136852800846099854e-02
1.275873184204101562e-02
2.728939056396484375e-03
2.862647175788879395e-03
2.258878946304321289e-02
3.271454572677612305e-02
5.801886320114135742e-03
2.992236614227294922e-02
6.036229431629180908e-03
2.463436126708984375e-02
2.251452207565307617e-02
4.210677742958068848e-02
5.162614583969116211e-02
7.028281688690185547e-03
2.274981141090393066e-02
2.425813674926757812e-02
3.805281966924667358e-02
3.272473812103271484e-03
1.544350385665893555e-02
2.062282711267471313e-02
2.611899375915527344e-02
1.826384663581848145e-02
1.506841182708740234e-02
1.207733154296875000e-02
3.524570167064666748e-02
5.573734641075134277e-02
2.690762281417846680e-02
2.012893743813037872e-02
2.076143026351928711e-02
7.462334632873535156e-02
4.023854434490203857e-02
1.128733158111572266e-02
9.720504283905029297e-03
2.577039599418640137e-02
2.312487363815307617e-02
8.771367371082305908e-03
2.788561582565307617e-02
6.041944026947021484e-03
1.433832943439483643e-02
3.092861175537109375e-02
1.761195063591003418e-02
1.123175024986267090e-02
2.799087762832641602e-02
7.677711546421051025e-03
6.190842390060424805e-02
5.331456661224365234e-03
3.207526355981826782e-02
9.373784065246582031e-03
5.441546440124511719e-03
2.144864201545715332e-02
8.780598640441894531e-03
1.100672781467437744e-02
9.326756000518798828e-03
4.689139127731323242e-02
4.743486642837524414e-04
1.326656341552734375e-02
2.068516612052917480e-02
7.694299519062042236e-02
3.828090429306030273e-02
1.361468434333801270e-02
1.801908016204833984e-03
2.399778366088867188e-02
5.625600926578044891e-02
4.066365957260131836e-02
3.988134860992431641e-02
3.285738080739974976e-02
3.022474050521850586e-02
3.830134868621826172e-03
3.759282827377319336e-02
4.726231098175048828e-03
1.796323806047439575e-02
5.084991455078125000e-03
1.376432180404663086e-02
5.118474364280700684e-04
3.251922130584716797e-02
4.028975963592529297e-03
1.361730694770812988e-02
1.402896642684936523e-02
3.401130437850952148e-02
3.751397132873535156e-03
6.791889667510986328e-03
8.976809680461883545e-03
2.404600381851196289e-02
1.699152588844299316e-02
9.456783533096313477e-03
1.183152198791503906e-03
7.020816206932067871e-03
2.703154087066650391e-02
1.878470182418823242e-02
6.151635199785232544e-03
6.987452507019042969e-03
4.090696573257446289e-02
7.496193051338195801e-03
1.979321241378784180e-02
2.219332754611968994e-02
1.978966593742370605e-02
4.142940044403076172e-03
2.136627584695816040e-02
6.184577941894531250e-03
3.266793489456176758e-02
6.273335218429565430e-02
5.190014839172363281e-03
3.511890769004821777e-02
1.310083270072937012e-02
1.040065288543701172e-02
2.247169613838195801e-03
2.130687236785888672e-02
3.964722156524658203e-02
2.841011062264442444e-02
1.694399118423461914e-02
1.577189564704895020e-02
8.372753858566284180e-03
4.385232925415039062e-02
1.531980931758880615e-03
1.169782876968383789e-02
2.696335315704345703e-03
4.529633070342242718e-02
1.301276683807373047e-02
2.038893103599548340e-02
4.606677591800689697e-02
2.769243717193603516e-02
1.301467418670654297e-04
1.238271594047546387e-02
4.880428314208984375e-04
8.006401360034942627e-03
2.223062515258789062e-02
5.427050590515136719e-02
8.150517940521240234e-03
4.210507869720458984e-02
2.045191824436187744e-02
1.472324132919311523e-02
2.781170606613159180e-02
1.301843672990798950e-02
2.910256385803222656e-03
2.942490577697753906e-02
1.871920377016067505e-02
3.798878192901611328e-02
1.956710219383239746e-02
1.440289616584777832e-02
2.318066358566284180e-02
2.006863057613372803e-02
1.203340291976928711e-02
2.809917926788330078e-02
4.585304018110036850e-02
1.698780059814453125e-02
1.977285742759704590e-02
1.544795930385589600e-02
3.921389579772949219e-04
2.055463194847106934e-02
1.623505353927612305e-02
1.074063777923583984e-02
1.473289728164672852e-02
3.354060649871826172e-02
1.267802715301513672e-02
2.601683139801025391e-03
2.168458700180053711e-02
3.868411481380462646e-02
1.099762320518493652e-02
5.717021226882934570e-02
1.683620363473892212e-02
2.192527055740356445e-02
9.638786315917968750e-03
5.102373659610748291e-03
2.031296491622924805e-02
3.776928782463073730e-02
5.479902029037475586e-03
4.627388715744018555e-02
9.674131870269775391e-03
2.009469270706176758e-02
4.146844148635864258e-02
2.357724308967590332e-02
1.061940193176269531e-02
4.516276717185974121e-02
4.179120063781738281e-03
1.513636112213134766e-02
2.061209082603454590e-02
8.281528949737548828e-03
7.997453212738037109e-03
3.401788696646690369e-02
3.973186016082763672e-03
3.800472617149353027e-02
5.706283450126647949e-02
1.074075698852539062e-03
2.875912189483642578e-02
3.481507301330566406e-03
2.813148498535156250e-02
8.020509034395217896e-03
3.867542743682861328e-02
3.045684099197387695e-02
2.526880800724029541e-02
1.751917600631713867e-02
1.431176066398620605e-02
2.662104368209838867e-02
1.889801025390625000e-02
1.984642073512077332e-02
3.505343198776245117e-02
3.861367702484130859e-02
3.029217571020126343e-02
3.672116994857788086e-02
6.423950195312500000e-03
4.210552573204040527e-02
8.242785930633544922e-03
7.191672921180725098e-03
1.753199100494384766e-02
1.974374055862426758e-02
8.427768945693969727e-03
2.074182033538818359e-03
1.163414120674133301e-02
2.922803163528442383e-03
4.945945739746093750e-02
1.416162401437759399e-02
1.765280961990356445e-02
4.224961996078491211e-02
3.249231725931167603e-02
2.057147026062011719e-02
1.116362214088439941e-02
1.577150821685791016e-02
5.474567413330078125e-03
7.024005055427551270e-03
4.644185304641723633e-03
3.226882219314575195e-02
2.518225461244583130e-02
2.226972579956054688e-02
5.220037698745727539e-02
4.522137343883514404e-02
1.641219854354858398e-02
1.487870514392852783e-02
1.017436385154724121e-02
3.393715620040893555e-02
1.637933775782585144e-02
1.996243000030517578e-02
6.772100925445556641e-03
7.827632129192352295e-03
2.800452709197998047e-02
1.887705922126770020e-02
1.653313636779785156e-03
1.287591457366943359e-02
4.298879206180572510e-02
9.473800659179687500e-03
1.859408617019653320e-02
1.929128170013427734e-02
2.442872524261474609e-02
2.805799245834350586e-03
1.114073395729064941e-02
1.268351078033447266e-02
1.990579068660736084e-02
3.837674856185913086e-02
6.105810403823852539e-02
9.015455842018127441e-03
1.523935794830322266e-02
9.725451469421386719e-03
9.152957797050476074e-02
6.274104118347167969e-03
4.135712981224060059e-03
4.669803380966186523e-02
1.402622461318969727e-02
3.860682249069213867e-03
3.370082378387451172e-02
5.444347858428955078e-03
4.584786295890808105e-02
5.083590745925903320e-02
2.882173657417297363e-02
3.167542815208435059e-02
3.135430812835693359e-02
1.445150375366210938e-02
3.455865383148193359e-02
2.277863025665283203e-02
3.213073313236236572e-02
3.345435857772827148e-02
6.779998540878295898e-03
3.502142429351806641e-02
3.154933452606201172e-03
2.912627905607223511e-02
4.082149267196655273e-02
2.174901962280273438e-02
1.621752977371215820e-02
3.539860248565673828e-02
2.149987220764160156e-02
4.204601049423217773e-03
9.298145771026611328e-03
1.066680997610092163e-02
5.122250318527221680e-02
4.288017749786376953e-02
1.135959103703498840e-02
4.631280899047851562e-03
6.760716438293457031e-03
2.780124545097351074e-03
2.344477176666259766e-02
1.773370802402496338e-02
3.700652718544006348e-02
2.628582715988159180e-02
6.729584187269210815e-03
1.244544982910156250e-04
6.636083126068115234e-03
4.407604038715362549e-02
2.743059396743774414e-02
1.556399464607238770e-02
1.656293869018554688e-03
1.221042871475219727e-02
2.090574800968170166e-02
1.131170988082885742e-02
7.883906364440917969e-04
1.512294262647628784e-02
2.881139516830444336e-02
2.803164720535278320e-02
4.138511419296264648e-02
2.104145288467407227e-02
9.670525789260864258e-03
4.020631313323974609e-03
4.863142967224121094e-04
2.493162825703620911e-02
2.422231435775756836e-02
1.031059026718139648e-02
2.959626913070678711e-02
3.353422880172729492e-02
7.931947708129882812e-03
5.909839272499084473e-02
3.684878349304199219e-03
8.539240807294845581e-03
1.084697246551513672e-02
2.801454067230224609e-02
5.196884274482727051e-03
2.881926298141479492e-02
2.880489826202392578e-02
3.128215670585632324e-02
3.512525558471679688e-02
9.778983891010284424e-03
3.110027313232421875e-02
1.952940225601196289e-02
5.256605148315429688e-02
3.116393089294433594e-02
1.438134908676147461e-02
3.961014747619628906e-02
2.981942892074584961e-02
4.875824600458145142e-02
2.053147554397583008e-02
8.155107498168945312e-04
1.771613955497741699e-03
6.483554840087890625e-03
1.454502344131469727e-03
8.157283067703247070e-03
7.192820310592651367e-02
5.425855517387390137e-03
2.531236410140991211e-02
2.121001482009887695e-02
2.713015675544738770e-02
1.654219627380371094e-02
5.673646926879882812e-03
2.162165939807891846e-02
9.691357612609863281e-03
1.604259014129638672e-02
1.299512386322021484e-02
2.605593204498291016e-02
2.953974436968564987e-02
2.888625860214233398e-02
1.931011676788330078e-02
6.272003054618835449e-03
1.144570112228393555e-02
1.902315020561218262e-02
2.425280213356018066e-02
1.825582981109619141e-02
3.783830069005489349e-02
1.665121316909790039e-02
2.187550067901611328e-02
4.202474653720855713e-02
1.157540082931518555e-02
3.444707393646240234e-02
1.456558704376220703e-03
1.665866374969482422e-02
2.831555902957916260e-03
9.173154830932617188e-04
3.778016567230224609e-02
5.574457347393035889e-03
3.855550289154052734e-02
1.684033870697021484e-02
2.414998412132263184e-02
2.616637945175170898e-02
1.487576961517333984e-02
1.542687416076660156e-03
1.993578672409057617e-02
4.394290596246719360e-02
2.481359243392944336e-02
2.345740795135498047e-03
2.783882617950439453e-02
3.514802455902099609e-02
1.598253846168518066e-02
1.998096704483032227e-03
2.549707889556884766e-02
1.080119982361793518e-02
2.366602420806884766e-03
7.750988006591796875e-03
1.292082667350769043e-02
2.298951148986816406e-03
3.008186817169189453e-03
4.099234938621520996e-02
2.171355485916137695e-02
2.892322093248367310e-02
8.847534656524658203e-03
6.291109323501586914e-02
4.740707576274871826e-02
2.072232961654663086e-02
2.978003025054931641e-02
2.594667673110961914e-02
1.859951019287109375e-02
1.128652691841125488e-02
9.638547897338867188e-03
2.483761310577392578e-02
1.617937535047531128e-02
2.440333366394042969e-02
3.194391727447509766e-03
2.487075328826904297e-02
1.972949504852294922e-02
3.781186044216156006e-02
1.237398386001586914e-02
1.039475202560424805e-02
1.941401511430740356e-02
2.222657203674316406e-03
4.909366369247436523e-03
1.718366146087646484e-02
2.621543407440185547e-02
7.806465029716491699e-03
1.457554101943969727e-02
5.073547363281250000e-04
2.825573086738586426e-03
1.864224672317504883e-02
1.105916500091552734e-02
4.129955172538757324e-02
1.453089714050292969e-02
8.729726076126098633e-03
2.403217554092407227e-02
4.893487691879272461e-02
2.070374786853790283e-03
2.598816156387329102e-02
1.364839076995849609e-02
1.520226895809173584e-02
2.134937047958374023e-02
2.798351645469665527e-02
2.731561660766601562e-03
1.853597164154052734e-02
2.385534346103668213e-03
3.422719240188598633e-02
2.601444721221923828e-03
7.517289370298385620e-03
2.859216928482055664e-02
4.737764596939086914e-03
3.043964505195617676e-03
2.748477458953857422e-02
8.788332343101501465e-03
1.890960335731506348e-02
8.374512195587158203e-03
5.162894725799560547e-03
3.481876850128173828e-02
9.258210659027099609e-03
1.674062013626098633e-02
1.192146539688110352e-02
2.572479844093322754e-02
5.104750394821166992e-02
2.976357936859130859e-03
6.957806646823883057e-03
4.717886447906494141e-03
7.427573204040527344e-03
1.215292513370513916e-02
2.858936786651611328e-02
1.886618137359619141e-02
2.489688992500305176e-02
6.997704505920410156e-03
2.756097912788391113e-02
6.204342842102050781e-02
2.254807949066162109e-02
3.087870031595230103e-02
2.561020851135253906e-02
3.509432077407836914e-02
8.700191974639892578e-04
1.062458753585815430e-02
2.843928337097167969e-02
2.492737770080566406e-02
1.359409093856811523e-02
1.399338245391845703e-03
1.605689525604248047e-02
1.410806179046630859e-02
2.472700178623199463e-02
9.791076183319091797e-03
1.671928167343139648e-02
1.705634593963623047e-02
2.096533775329589844e-03
8.282948285341262817e-03
4.150152206420898438e-03
1.199632883071899414e-02
4.501557350158691406e-02
5.016422271728515625e-02
1.821126043796539307e-02
4.434049129486083984e-03
3.834939002990722656e-02
9.940665215253829956e-03
6.583333015441894531e-03
1.736712455749511719e-02
8.235894143581390381e-03
1.134216785430908203e-02
2.948012948036193848e-02
5.052238702774047852e-03
3.894746303558349609e-03
7.050253450870513916e-03
9.832620620727539062e-03
7.192730903625488281e-03
3.194671496748924255e-02
1.022708415985107422e-02
3.580361604690551758e-03
5.836665630340576172e-03
1.214873790740966797e-02
2.037666738033294678e-02
2.075254917144775391e-03
1.544952392578125000e-03
3.829102963209152222e-03
1.382470130920410156e-03
1.269334554672241211e-02
3.142699599266052246e-03
1.009625196456909180e-02
3.915175795555114746e-03
3.362885117530822754e-02
7.295787334442138672e-03
1.211088523268699646e-02
5.080580711364746094e-03
3.072154521942138672e-02
2.618356049060821533e-02
2.360540628433227539e-02
3.247019648551940918e-02
2.509713172912597656e-03
1.669949293136596680e-02
2.468710392713546753e-02
7.150292396545410156e-03
3.251433372497558594e-04
8.272759616374969482e-03
1.127618551254272461e-02
3.505381941795349121e-02
3.504827618598937988e-02
2.809834480285644531e-02
4.264895617961883545e-02
1.277530193328857422e-02
1.736736297607421875e-02
4.518367722630500793e-02
3.501349687576293945e-02
4.004091024398803711e-02
8.584865927696228027e-02
1.636010408401489258e-02
4.236102104187011719e-03
6.713324785232543945e-02
6.959915161132812500e-03
3.112970292568206787e-02
9.425282478332519531e-04
3.152906894683837891e-03
9.239092469215393066e-03
1.810735464096069336e-02
5.199834704399108887e-03
2.308714389801025391e-02
3.259915113449096680e-02
3.718294762074947357e-02
2.622848749160766602e-02
4.278671741485595703e-02
1.623980700969696045e-03
1.637852191925048828e-02
1.107469201087951660e-02
1.909726858139038086e-02
3.019273281097412109e-03
1.817508414387702942e-02
4.377961158752441406e-04
3.536522388458251953e-03
1.654568314552307129e-02
2.361238002777099609e-03
2.776873111724853516e-02
4.590600728988647461e-03
3.319162130355834961e-02
3.015426546335220337e-02
4.426836967468261719e-03
1.143741607666015625e-02
1.100570335984230042e-02
5.360841751098632812e-02
1.040452718734741211e-02
4.032611846923828125e-03
4.923951625823974609e-02
4.554103314876556396e-02
2.351596951484680176e-02
2.467012405395507812e-02
6.580110639333724976e-03
4.690003395080566406e-02
1.808404922485351562e-04
2.271533012390136719e-02
2.172046899795532227e-02
3.304785490036010742e-02
5.580276250839233398e-03
5.209147930145263672e-03
1.325018331408500671e-02
4.411292076110839844e-02
4.007232189178466797e-02
4.167108237743377686e-02
1.934438943862915039e-02
3.806450963020324707e-02
1.079770922660827637e-02
9.031534194946289062e-03
7.900126278400421143e-03
1.691603660583496094e-02
1.388317346572875977e-02
3.263004124164581299e-03
9.763598442077636719e-03
1.237186789512634277e-02
1.312720775604248047e-02
4.292511940002441406e-02
5.645605921745300293e-02
2.026903629302978516e-02
1.229554414749145508e-02
1.047261059284210205e-03
8.183121681213378906e-04
2.785241603851318359e-02
3.068044781684875488e-02
1.194542646408081055e-02
2.088654041290283203e-02
2.379861474037170410e-02
1.841062307357788086e-02
4.091648105531930923e-02
1.798045635223388672e-02
3.544282913208007812e-02
3.079628944396972656e-02
2.068686485290527344e-02
2.171802520751953125e-02
1.755222678184509277e-02
2.760231494903564453e-02
1.462282240390777588e-02
2.207756042480468750e-02
4.012572765350341797e-02
1.685225963592529297e-02
2.897530794143676758e-02
3.718724846839904785e-02
2.624806761741638184e-02
4.064083099365234375e-03
3.273591399192810059e-02
2.493572235107421875e-02
3.378927707672119141e-02
3.860290348529815674e-02
5.450546741485595703e-03
1.144921779632568359e-02
1.625682413578033447e-02
1.840686798095703125e-02
1.094794273376464844e-02
1.050585508346557617e-02
4.634839296340942383e-02
1.448909193277359009e-02
2.720355987548828125e-02
1.769751310348510742e-03
2.525016665458679199e-03
1.759350299835205078e-02
2.877001464366912842e-02
2.874100208282470703e-02
8.853197097778320312e-03
1.606405526399612427e-02
2.337741851806640625e-02
3.478765487670898438e-02
3.380773961544036865e-02
3.067237138748168945e-02
1.961150765419006348e-02
1.273971796035766602e-02
3.962653875350952148e-02
6.572112441062927246e-03
1.777309179306030273e-02
2.439081668853759766e-02
4.102288931608200073e-02
2.311152219772338867e-02
6.096452474594116211e-03
9.592652320861816406e-03
5.606049299240112305e-02
1.101216673851013184e-02
3.773462772369384766e-02
1.652991771697998047e-02
1.458403468132019043e-02
4.660868644714355469e-02
1.685875654220581055e-02
2.564390003681182861e-02
8.798480033874511719e-03
1.226778328418731689e-02
2.590405941009521484e-02
1.143336296081542969e-02
3.511327400337904692e-02
9.830474853515625000e-03
8.377194404602050781e-03
1.594379544258117676e-03
1.113635301589965820e-02
1.021403074264526367e-02
4.272311925888061523e-03
1.214635372161865234e-02
1.638552546501159668e-02
2.048766613006591797e-02
1.667255163192749023e-02
7.459476590156555176e-03
3.681135177612304688e-02
3.341430425643920898e-02
3.455170989036560059e-02
1.836007833480834961e-02
9.702213108539581299e-03
2.745318412780761719e-02
2.288401126861572266e-02
2.196207642555236816e-04
7.701754570007324219e-03
2.002656459808349609e-03
3.528892993927001953e-03
4.703217744827270508e-02
8.610032498836517334e-03
7.816970348358154297e-03
2.589702606201171875e-02
7.892169058322906494e-03
2.143353223800659180e-02
3.598740696907043457e-02
2.046802639961242676e-02
1.142328977584838867e-02
2.523317933082580566e-03
7.299900054931640625e-03
2.807819843292236328e-02
2.765981107950210571e-02
4.587054252624511719e-02
1.982468366622924805e-02
1.130507886409759521e-02
1.747220754623413086e-02
2.622237801551818848e-02
3.230586647987365723e-02
3.099983930587768555e-02
2.596534788608551025e-02
6.505823135375976562e-02
6.104350090026855469e-03
3.022333979606628418e-02
5.822181701660156250e-04
2.281367778778076172e-03
4.414445161819458008e-02
7.776200771331787109e-03
4.393503069877624512e-03
4.729300737380981445e-02
2.305179834365844727e-02
3.986375033855438232e-02
2.578359842300415039e-02
2.703976631164550781e-02
1.182794570922851562e-02
1.385974884033203125e-02
2.253220975399017334e-02
1.526761054992675781e-02
1.494073867797851562e-02
5.320355296134948730e-03
1.262962818145751953e-02
4.939258098602294922e-03
1.964208483695983887e-02
1.616477966308593750e-04
1.443688571453094482e-02
9.930402040481567383e-03
1.556873321533203125e-03
2.005624771118164062e-02
9.547173976898193359e-03
3.571796417236328125e-02
6.997264921665191650e-03
2.479845285415649414e-02
1.598115265369415283e-02
2.153763175010681152e-02
6.518065929412841797e-03
3.136642277240753174e-03
1.802682876586914062e-02
9.190022945404052734e-03
3.369666635990142822e-03
5.053699016571044922e-03
4.158020019531250000e-03
1.899746060371398926e-02
1.496887207031250000e-02
1.338427513837814331e-02
1.771801710128784180e-02
9.470522403717041016e-03
3.810435533523559570e-03
2.144515514373779297e-02
5.756795406341552734e-02
1.782138645648956299e-02
9.742558002471923828e-03
2.936317771673202515e-02
1.944828033447265625e-02
2.289092540740966797e-02
6.480354815721511841e-03
2.121263742446899414e-02
2.994120121002197266e-03
4.370824992656707764e-02
4.092812538146972656e-03
6.534621119499206543e-03
3.215223550796508789e-03
1.175475120544433594e-02
2.837941981852054596e-02
2.097719907760620117e-02
6.558841466903686523e-02
8.938580751419067383e-03
1.061296463012695312e-02
6.172180175781250000e-03
1.172342896461486816e-02
9.616136550903320312e-03
2.573901414871215820e-02
1.011973619461059570e-02
1.538723707199096680e-02
6.061933003365993500e-02
4.474043846130371094e-02
3.249734640121459961e-02
1.431405544281005859e-04
3.884911537170410156e-03
3.311622142791748047e-02
3.843146562576293945e-02
5.807673931121826172e-02
3.555346280336380005e-02
1.825690269470214844e-02
6.020486354827880859e-03
2.544312179088592529e-02
1.334261894226074219e-02
2.745702862739562988e-03
2.430912852287292480e-02
5.383515357971191406e-02
7.194582372903823853e-03
3.729367256164550781e-02
1.452919840812683105e-02
1.655139029026031494e-02
2.334588766098022461e-02
4.661762714385986328e-02
2.032810449600219727e-02
2.292424440383911133e-02
2.742248587310314178e-02
1.372456550598144531e-02
1.168161630630493164e-02
7.355056703090667725e-03
2.153813838958740234e-02
6.091922521591186523e-03
2.272987365722656250e-02
5.370694398880004883e-02
3.951899707317352295e-03
2.636659145355224609e-02
2.374339103698730469e-02
1.145835965871810913e-02
5.680608749389648438e-02
4.078343510627746582e-02
5.026549100875854492e-03
5.720794200897216797e-03
1.309642195701599121e-02
3.721237182617187500e-03
2.180933952331542969e-03
3.955915570259094238e-03
2.884542942047119141e-02
1.460668444633483887e-02
1.800887286663055420e-02
1.168155670166015625e-02
2.289007604122161865e-02
1.616498827934265137e-02
2.055537700653076172e-02
7.990896701812744141e-03
1.871603727340698242e-02
3.881824016571044922e-02
2.479010820388793945e-02
8.151829242706298828e-03
3.240479528903961182e-02
9.941369295120239258e-03
1.342076063156127930e-02
1.969252154231071472e-02
6.006538867950439453e-03
2.710741758346557617e-02
2.320136874914169312e-02
7.555723190307617188e-03
4.946041107177734375e-02
1.694089174270629883e-02
3.274476528167724609e-02
3.515944629907608032e-02
2.701854705810546875e-02
3.692096471786499023e-02
2.002926543354988098e-02
4.300773143768310547e-03
1.724874973297119141e-02
5.310624837875366211e-03
1.046818494796752930e-02
4.518550634384155273e-02
4.219889640808105469e-03
1.424098014831542969e-02
2.427299320697784424e-02
9.618341922760009766e-03
1.321178674697875977e-02
9.997084736824035645e-03
1.885187625885009766e-02
3.197185695171356201e-02
1.243656873703002930e-02
8.018434047698974609e-03
2.584551833570003510e-02
7.802248001098632812e-03
1.629590988159179688e-04
1.407635211944580078e-02
5.517798662185668945e-02
6.003479659557342529e-02
3.328716754913330078e-02
6.924510002136230469e-03
7.685236632823944092e-03
2.280890941619873047e-02
1.814639568328857422e-02
1.626522839069366455e-02
2.035945653915405273e-02
5.578696727752685547e-02
3.626564145088195801e-02
2.260488271713256836e-02
1.220992952585220337e-02
1.568180322647094727e-02
1.776981353759765625e-02
7.012136280536651611e-03
4.181742668151855469e-03
1.959392428398132324e-02
1.857396960258483887e-02
1.023405790328979492e-02
6.831005215644836426e-03
1.738882064819335938e-02
1.663213968276977539e-02
1.877995580434799194e-02
1.282846927642822266e-02
1.347365975379943848e-02
3.001080453395843506e-02
6.002426147460937500e-03
8.371025323867797852e-04
2.249568700790405273e-03
2.881574630737304688e-02
2.032586932182312012e-02
3.437304496765136719e-02
8.807122707366943359e-03
1.341997832059860229e-02
4.751324653625488281e-03
2.975304424762725830e-02
3.952303528785705566e-02
2.435714006423950195e-02
1.086635887622833252e-02
5.739879608154296875e-02
3.853857517242431641e-03
1.959462091326713562e-02
2.082049846649169922e-03
2.041161060333251953e-04
1.195976138114929199e-02
1.271867752075195312e-02
1.959241181612014771e-02
3.727853298187255859e-03
7.934689521789550781e-03
1.509101688861846924e-02
2.156257629394531250e-03
7.812082767486572266e-03
6.005287170410156250e-03
1.403886079788208008e-02
5.228087306022644043e-03
4.587846994400024414e-02
1.813763380050659180e-02
2.070217207074165344e-02
1.361078023910522461e-02
8.549094200134277344e-03
1.276127994060516357e-02
2.579092979431152344e-04
5.903109908103942871e-03
2.495703101158142090e-02
5.376517772674560547e-03
8.476242423057556152e-03
3.339725732803344727e-02
1.715511083602905273e-02
1.300093531608581543e-02
1.237434148788452148e-02
2.285575866699218750e-02
5.316925048828125000e-02
4.670679569244384766e-03
1.860885322093963623e-02
6.903767585754394531e-03
1.047194004058837891e-02
1.627407968044281006e-03
1.453167200088500977e-02
2.673485875129699707e-02
4.440009593963623047e-03
2.164268493652343750e-02
4.608646035194396973e-03
1.651597023010253906e-02
1.621216535568237305e-02
2.559596300125122070e-02
6.038510799407958984e-02
1.080980896949768066e-02
2.294203639030456543e-02
1.752352714538574219e-02
5.512148141860961914e-03
2.821597456932067871e-02
2.456903457641601562e-03
2.275086194276809692e-02
1.338011026382446289e-02
4.292118549346923828e-02
1.959975063800811768e-02
1.423060894012451172e-03
1.200392842292785645e-03
3.007683157920837402e-02
3.878533840179443359e-03
9.326279163360595703e-03
2.973401546478271484e-02
9.585916996002197266e-03
8.565142750740051270e-03
3.948032855987548828e-02
3.928744792938232422e-02
1.670861244201660156e-02
1.445275545120239258e-02
1.763141900300979614e-02
3.610241413116455078e-02
1.718163490295410156e-03
3.008453547954559326e-02
6.410479545593261719e-04
3.495690226554870605e-02
2.045309543609619141e-02
1.805114746093750000e-02
1.490488648414611816e-03
1.458662748336791992e-02
3.422981500625610352e-02
1.553586125373840332e-02
5.038976669311523438e-04
2.402746677398681641e-02
1.311153173446655273e-04
2.280634641647338867e-02
2.136065065860748291e-02
5.288845300674438477e-02
2.257901430130004883e-02
2.291675657033920288e-02
5.571126937866210938e-02
4.302525520324707031e-02
5.319535732269287109e-03
3.178298473358154297e-02
2.743184566497802734e-03
2.005913853645324707e-02
2.453583478927612305e-02
2.300313115119934082e-02
2.051842212677001953e-02
1.805436611175537109e-02
2.714819461107254028e-02
3.425520658493041992e-02
1.733437180519104004e-02
3.885060548782348633e-03
1.151859760284423828e-02
3.041464835405349731e-02
4.186350107192993164e-02
4.787087440490722656e-03
3.866771608591079712e-02
1.651537418365478516e-02
3.352531790733337402e-02
1.173524558544158936e-02
1.057654619216918945e-02
2.652736008167266846e-02
4.236578941345214844e-03
2.905124425888061523e-02
2.726487815380096436e-02
3.500461578369140625e-03
1.470059156417846680e-02
2.703851461410522461e-02
4.480898380279541016e-03
9.835541248321533203e-03
2.058207988739013672e-02
1.504772901535034180e-02
2.451290190219879150e-02
4.650056362152099609e-03
6.760954856872558594e-03
1.259855926036834717e-03
2.022397518157958984e-02
3.520673513412475586e-02
2.679654955863952637e-02
2.159386873245239258e-02
3.233097493648529053e-02
2.607172727584838867e-02
4.057574272155761719e-02
1.094275712966918945e-02
2.350759506225585938e-02
1.322603225708007812e-02
9.070962667465209961e-03
3.863930702209472656e-03
4.765711724758148193e-03
2.060091495513916016e-02
3.155589103698730469e-03
8.714646100997924805e-04
4.124307632446289062e-02
6.958782672882080078e-03
3.814876079559326172e-03
3.821539878845214844e-02
1.990815997123718262e-02
4.600286483764648438e-04
5.868107080459594727e-02
3.415186051279306412e-02
7.027924060821533203e-03
1.073008775711059570e-02
2.166090905666351318e-02
4.619598388671875000e-03
7.706880569458007812e-03
5.945533514022827148e-02
5.826300382614135742e-02
1.794794201850891113e-02
2.894490957260131836e-02
5.904853343963623047e-03
2.477098256349563599e-02
2.477794885635375977e-02
8.126914501190185547e-03
3.184777498245239258e-02
1.127779483795166016e-03
2.007632702589035034e-02
4.529482126235961914e-02
2.681326866149902344e-02
2.564234286546707153e-02
1.975530385971069336e-02
2.084380388259887695e-02
1.590490341186523438e-03
5.384433269500732422e-02
1.788507401943206787e-02
1.162153482437133789e-02
1.376628875732421875e-02
5.267688632011413574e-02
3.295409679412841797e-02
7.100075483322143555e-03
1.625737547874450684e-02
7.592558860778808594e-03
1.126395165920257568e-02
1.061803102493286133e-02
8.096456527709960938e-03
5.239714635536074638e-02
3.005588054656982422e-02
3.203588724136352539e-02
1.694215834140777588e-02
3.446877002716064453e-03
2.559229731559753418e-02
4.572689533233642578e-03
2.335399389266967773e-02
1.395583897829055786e-02
1.030153036117553711e-02
2.825158834457397461e-02
3.538310527801513672e-03
1.792341470718383789e-02
3.019899129867553711e-03
5.512240529060363770e-02
1.427406072616577148e-02
2.600375562906265259e-02
1.541185379028320312e-02
3.455632925033569336e-02
2.072221785783767700e-02
2.961695194244384766e-03
2.251109480857849121e-02
3.005404770374298096e-02
2.621674537658691406e-02
1.480056345462799072e-02
4.233568906784057617e-02
2.461647987365722656e-02
3.314950317144393921e-02
5.983173847198486328e-03
2.378705143928527832e-02
2.816274762153625488e-03
1.258575916290283203e-02
1.249745488166809082e-02
1.734548807144165039e-02
1.235246658325195312e-03
4.111471585929393768e-02
2.623701095581054688e-02
1.081448793411254883e-02
2.990481257438659668e-02
1.298326253890991211e-02
4.521849751472473145e-02
1.485288143157958984e-03
2.987247705459594727e-02
4.410665482282638550e-02
8.225262165069580078e-03
3.466564416885375977e-02
1.400054991245269775e-02
1.334452629089355469e-02
4.596063494682312012e-02
3.800165653228759766e-02
9.597063064575195312e-03
4.142180085182189941e-03
2.344793081283569336e-02
3.236591815948486328e-02
5.102865397930145264e-04
1.517105102539062500e-02
5.799263715744018555e-02
1.616814732551574707e-02
2.687633037567138672e-03
4.444663226604461670e-02
2.726805210113525391e-02
2.820611000061035156e-02
1.734905689954757690e-02
3.421413898468017578e-02
8.203417062759399414e-03
3.593072295188903809e-03
3.228008747100830078e-03
9.877204895019531250e-03
1.824694871902465820e-02
2.634537220001220703e-02
1.031886786222457886e-02
2.103382349014282227e-02
5.325416512787342072e-01
7.591033726930618286e-01
5.295457243919372559e-01
1.266889274120330811e-01
4.397797286510467529e-01
7.510544061660766602e-01
8.042164146900177002e-01
4.415842890739440918e-01
8.024054765701293945e-02
5.863866657018661499e-01
7.236194685101509094e-01
5.411682426929473877e-01
1.460643261671066284e-01
1.116263866424560547e-01
4.245994687080383301e-01
3.572828024625778198e-01
2.243432402610778809e-01
1.645162701606750488e-03
1.724004745483398438e-03
8.139073848724365234e-03
1.898452639579772949e-03
1.144942045211791992e-01
2.112166825681924820e-01
3.556145131587982178e-01
3.920381665229797363e-01
2.217629402875900269e-01
1.323330998420715332e-01
4.539250582456588745e-01
6.377607583999633789e-01
5.313021391630172729e-01
2.084641456604003906e-01
3.038655221462249756e-01
6.044918000698089600e-01
7.552275955677032471e-01
4.256071597337722778e-01
7.769078016281127930e-02
4.429339170455932617e-01
5.508405268192291260e-01
5.774775147438049316e-01
2.960880324244499207e-01
2.899187803268432617e-02
2.913328707218170166e-01
2.960494160652160645e-01
3.342506289482116699e-01
1.514148116111755371e-01
1.297586560249328613e-01
1.430130004882812500e-02
1.028170585632324219e-01
1.510871052742004395e-01
2.584489975124597549e-01
3.732890486717224121e-01
3.072787523269653320e-01
1.413232386112213135e-01
2.188963890075683594e-01
4.343771040439605713e-01
5.291585028171539307e-01
3.706461340188980103e-01
2.048554718494415283e-01
2.297142744064331055e-01
4.808965623378753662e-01
6.442181468009948730e-01
3.478803187608718872e-01
2.070319056510925293e-01
2.822014689445495605e-01
4.134182184934616089e-01
5.393922030925750732e-01
3.727729842066764832e-01
1.777453422546386719e-01
1.332844793796539307e-01
2.512954473495483398e-01
3.982523083686828613e-01
2.957893088459968567e-01
2.541696429252624512e-01
8.275490999221801758e-02
8.176350593566894531e-02
3.078814744949340820e-01
3.655313504859805107e-01
3.519748449325561523e-01
2.635863274335861206e-01
1.048156321048736572e-01
2.161850333213806152e-01
3.305704519152641296e-01
4.960010647773742676e-01
2.824975550174713135e-01
1.322652399539947510e-01
1.782412230968475342e-01
3.223429024219512939e-01
4.518619179725646973e-01
4.047823660075664520e-01
2.664162814617156982e-01
7.589730620384216309e-02
2.444668859243392944e-01
4.560935795307159424e-01
4.080321714282035828e-01
3.491876125335693359e-01
2.492430806159973145e-02
7.584804296493530273e-02
3.905326724052429199e-01
4.364133030176162720e-01
3.623749911785125732e-01
2.191088497638702393e-01
8.655408024787902832e-02
4.224066138267517090e-01
3.999130092561244965e-01
2.637464106082916260e-01
1.378381848335266113e-01
3.327408209443092346e-01
4.727435111999511719e-01
1.382122635841369629e-01
1.410702764987945557e-01
3.494813740253448486e-01
3.499105647206306458e-01
1.997691988945007324e-01
2.018807530403137207e-01
3.572770617902278900e-01
3.589176535606384277e-01
3.726950287818908691e-02
1.325204074382781982e-01
3.821294307708740234e-01
2.174437344074249268e-01
7.663884758949279785e-02
2.293221950531005859e-01
2.996208854019641876e-01
2.621730566024780273e-01
9.498864412307739258e-02
2.415193319320678711e-01
3.063153028488159180e-01
1.206823289394378662e-01
1.455777883529663086e-02
3.225008249282836914e-01
2.937719784677028656e-01
1.841272711753845215e-01
1.054646670818328857e-01
2.206014394760131836e-01
3.313363790512084961e-01
1.134795248508453369e-01
2.521651983261108398e-02
2.364999651908874512e-01
2.467840537428855896e-01
1.788908839225769043e-01
7.023811340332031250e-02
2.249927483499050140e-01
2.519108057022094727e-01
3.789538145065307617e-02
1.480403542518615723e-02
2.146710157394409180e-01
1.313583403825759888e-01
9.870412945747375488e-02
1.598261594772338867e-01
1.897043697535991669e-01
1.991800665855407715e-01
2.889579534530639648e-02
1.019970327615737915e-01
2.058104276657104492e-01
1.588790565729141235e-01
6.111580133438110352e-02
2.137123346328735352e-01
2.105710320174694061e-01
1.214072704315185547e-01
5.737721920013427734e-02
1.121855080127716064e-01
1.511940956115722656e-01
7.052707672119140625e-02
8.673667907714843750e-04
1.419721841812133789e-01
9.964784979820251465e-02
1.296575665473937988e-01
6.157004833221435547e-02
9.561674296855926514e-02
1.396952271461486816e-01
6.909206509590148926e-02
2.518928050994873047e-02
1.253884434700012207e-01
1.108544096350669861e-01
7.460200786590576172e-02
8.061444759368896484e-02
8.118201792240142822e-02
1.087345480918884277e-01
4.739910364151000977e-03
2.419465780258178711e-02
8.894532918930053711e-02
5.603414773941040039e-02
9.704971313476562500e-02
5.143636465072631836e-02
9.156498499214649200e-02
5.395221710205078125e-02
9.460449218750000000e-04
2.403073012828826904e-02
2.495408058166503906e-02
3.306126594543457031e-02
7.951772212982177734e-02
5.151945352554321289e-02
8.335959166288375854e-03
5.192744731903076172e-02
1.797556877136230469e-03
9.317323565483093262e-03
1.905769109725952148e-02
2.889528870582580566e-02
1.557794213294982910e-02
1.848995685577392578e-02
1.949069276452064514e-02
2.526825666427612305e-02
1.768791675567626953e-02
3.205055743455886841e-02
1.479929685592651367e-02
3.553032875061035156e-03
1.998153328895568848e-02
3.038853406906127930e-02
3.567209839820861816e-02
1.988083124160766602e-02
6.890058517456054688e-03
6.276965141296386719e-03
2.437233924865722656e-03
2.716338634490966797e-02
1.931482553482055664e-02
2.605557441711425781e-03
8.948832750320434570e-03
3.471112251281738281e-02
4.095673561096191406e-03
1.888080686330795288e-02
1.755732297897338867e-02
2.657213807106018066e-02
5.217686295509338379e-03
1.464140415191650391e-02
1.259453594684600830e-02
1.948130130767822266e-02
1.164323091506958008e-02
1.388452947139739990e-03
3.998053073883056641e-02
6.006836891174316406e-02
1.168893277645111084e-02
2.451640367507934570e-02
5.219370126724243164e-02
2.012637257575988770e-02
2.956801652908325195e-02
1.306060701608657837e-02
1.823276281356811523e-02
1.723027229309082031e-02
3.211268782615661621e-02
1.117920875549316406e-02
2.580907940864562988e-02
1.150533556938171387e-02
2.404808998107910156e-02
2.225697040557861328e-02
2.155655622482299805e-02
1.924073696136474609e-02
6.495423614978790283e-03
4.928588867187500000e-03
1.141074299812316895e-02
3.648003935813903809e-02
6.220877170562744141e-03
1.573969423770904541e-02
1.115322113037109375e-02
1.756709814071655273e-02
2.548160217702388763e-02
3.352415561676025391e-02
3.930947184562683105e-02
2.176061272621154785e-02
2.821153402328491211e-02
2.751320600509643555e-03
4.324725270271301270e-02
3.273910284042358398e-02
3.611262887716293335e-03
2.823293209075927734e-02
6.114423274993896484e-03
3.521037101745605469e-02
5.196952819824218750e-02
2.834257483482360840e-02
3.371238708496093750e-04
2.871602773666381836e-02
5.847424268722534180e-03
1.132899522781372070e-02
1.547622680664062500e-02
2.822323143482208252e-02
3.566491603851318359e-02
1.724773645401000977e-02
1.365196704864501953e-02
2.274352312088012695e-02
1.456534117460250854e-02
3.043770790100097656e-03
1.083225011825561523e-02
2.470406889915466309e-02
2.923518419265747070e-02
9.056091308593750000e-03
1.923017203807830811e-02
7.293522357940673828e-03
1.899681985378265381e-02
2.361303567886352539e-02
8.305013179779052734e-03
1.556612551212310791e-02
1.698786020278930664e-02
3.622704744338989258e-02
1.253034174442291260e-02
1.959073543548583984e-02
1.647888123989105225e-02
8.754521608352661133e-03
6.986594200134277344e-02
3.833970427513122559e-02
2.459824085235595703e-03
1.482617855072021484e-02
2.548816800117492676e-02
9.241700172424316406e-03
3.032687306404113770e-02
3.700780868530273438e-02
2.816247940063476562e-02
1.695536077022552490e-03
1.281082630157470703e-03
4.499351978302001953e-02
2.533751726150512695e-02
3.505104780197143555e-02
3.150403499603271484e-04
2.960047125816345215e-02
1.812583208084106445e-02
1.287825405597686768e-02
4.674494266510009766e-03
4.209339618682861328e-03
1.342372596263885498e-02
5.306643247604370117e-02
1.141554117202758789e-02
6.005465984344482422e-03
4.098898172378540039e-02
2.464459836483001709e-02
2.119907736778259277e-02
7.277238368988037109e-02
5.734666157513856888e-02
4.721122980117797852e-02
3.087204694747924805e-02
2.477188408374786377e-02
7.019340991973876953e-03
6.972402334213256836e-03
9.680122137069702148e-03
1.713764667510986328e-02
2.232071757316589355e-02
1.359879970550537109e-02
2.053946256637573242e-02
1.495653390884399414e-02
3.076672554016113281e-03
1.606076955795288086e-02
3.550338745117187500e-02
5.903899669647216797e-03
4.836158454418182373e-02
2.258837223052978516e-03
2.433860301971435547e-02
2.976310998201370239e-02
1.260006427764892578e-02
1.735281944274902344e-02
2.158135175704956055e-02
3.372287750244140625e-02
7.196187973022460938e-03
3.892675042152404785e-02
6.103247404098510742e-02
4.902032017707824707e-02
2.189511060714721680e-02
6.899410486221313477e-02
1.157423853874206543e-02
3.310191631317138672e-02
1.806727051734924316e-02
4.541277885437011719e-04
1.016139984130859375e-02
8.159607648849487305e-03
5.093795061111450195e-02
3.619128465652465820e-02
8.582279086112976074e-03
3.734439611434936523e-02
2.973623573780059814e-02
1.298522949218750000e-02
2.530831098556518555e-02
3.316777199506759644e-02
1.948833465576171875e-03
1.801949739456176758e-02
1.474165171384811401e-02
6.765317916870117188e-02
2.027574181556701660e-02
2.310577034950256348e-02
2.145469188690185547e-03
1.531398296356201172e-02
2.329212427139282227e-02
1.128166913986206055e-02
3.973306156694889069e-02
1.417148113250732422e-02
3.579884767532348633e-03
1.985757052898406982e-02
3.187757730484008789e-02
3.303647041320800781e-03
4.540410637855529785e-02
1.568388938903808594e-02
6.161462515592575073e-03
1.332861185073852539e-02
3.099143505096435547e-02
3.547622263431549072e-02
5.072546005249023438e-02
2.360154688358306885e-02
1.832693815231323242e-03
2.871692180633544922e-02
2.662975341081619263e-03
1.343798637390136719e-02
5.599260330200195312e-04
8.953273296356201172e-03
3.071612119674682617e-02
1.351815462112426758e-02
5.175164341926574707e-02
3.121632337570190430e-02
4.136353731155395508e-03
1.403850317001342773e-02
6.603419780731201172e-03
3.244214504957199097e-02
7.438659667968750000e-03
7.476210594177246094e-03
3.688722848892211914e-03
1.479214429855346680e-02
3.152370452880859375e-02
8.758246898651123047e-03
6.130069494247436523e-02
2.013463526964187622e-02
6.876707077026367188e-03
1.400095224380493164e-02
1.636888086795806885e-02
1.453781127929687500e-02
8.999004960060119629e-03
3.454634547233581543e-02
2.251785993576049805e-02
1.378242298960685730e-02
1.709020137786865234e-02
3.885519504547119141e-02
2.550649642944335938e-02
2.042609453201293945e-02
3.429454565048217773e-02
4.186952114105224609e-02
1.675605773925781250e-03
9.329371154308319092e-03
3.017091751098632812e-02
3.343880176544189453e-03
1.045160740613937378e-02
1.463055610656738281e-02
3.852295875549316406e-02
9.697943925857543945e-03
1.470482349395751953e-02
3.849831596016883850e-02
1.752102375030517578e-02
1.064878702163696289e-02
3.376699984073638916e-02
6.331801414489746094e-04
2.733772993087768555e-02
8.820012211799621582e-03
1.372820138931274414e-02
4.611916840076446533e-03
2.918660640716552734e-03
2.888441085815429688e-03
1.822288148105144501e-02
6.756126880645751953e-03
1.436397433280944824e-02
3.101925551891326904e-02
1.994603872299194336e-02
2.744878828525543213e-02
6.868404150009155273e-02
2.858209609985351562e-02
2.072745002806186676e-02
5.134302377700805664e-02
5.935293436050415039e-02
1.963403075933456421e-02
1.180183887481689453e-02
3.801310062408447266e-02
3.129801154136657715e-02
4.904437065124511719e-02
3.129441663622856140e-02
2.665162086486816406e-03
5.747473239898681641e-02
4.525162279605865479e-03
2.461236715316772461e-02
3.678888082504272461e-03
3.917446732521057129e-02
9.375751018524169922e-03
4.290682077407836914e-02
1.686674356460571289e-02
4.387676715850830078e-02
2.264477312564849854e-02
5.610060691833496094e-02
6.949901580810546875e-03
3.763547539710998535e-02
4.858434200286865234e-03
1.434604823589324951e-02
2.524834871292114258e-02
5.820989608764648438e-03
2.351414412260055542e-03
1.287978887557983398e-02
