# {'thres': 0.05268359482288361}
3.092128038406372070e-02
7.009947299957275391e-02
4.398728907108306885e-02
6.215751171112060547e-03
1.370096206665039062e-02
5.253498256206512451e-02
3.115713596343994141e-03
2.145600318908691406e-02
4.058775305747985840e-02
8.957237005233764648e-03
7.857382297515869141e-03
1.626491546630859375e-03
2.758607268333435059e-03
1.707941293716430664e-02
2.789676189422607422e-03
3.549791872501373291e-02
1.879274845123291016e-02
1.823043823242187500e-02
1.526065170764923096e-02
1.427352428436279297e-03
7.538557052612304688e-03
3.197388350963592529e-02
1.549565792083740234e-02
1.950889825820922852e-02
3.063296526670455933e-02
1.024246215820312500e-02
2.316325902938842773e-02
2.394285798072814941e-02
1.234567165374755859e-02
2.075123786926269531e-02
7.432490587234497070e-03
2.751350402832031250e-04
2.209514379501342773e-02
1.639604568481445312e-03
5.831542611122131348e-02
2.096366882324218750e-02
3.469505906105041504e-02
9.932599961757659912e-03
2.985346317291259766e-02
2.088272571563720703e-02
1.567283272743225098e-02
5.700767040252685547e-03
1.291644573211669922e-02
6.402470171451568604e-04
1.683837175369262695e-02
5.761384963989257812e-04
8.984010666608810425e-03
7.452249526977539062e-03
2.498281002044677734e-02
2.876356244087219238e-02
3.138208389282226562e-02
1.254701614379882812e-02
3.968214243650436401e-02
1.872986555099487305e-03
1.429128646850585938e-02
2.108547091484069824e-02
6.591135263442993164e-02
3.496986627578735352e-02
2.427488565444946289e-02
2.455276250839233398e-02
2.197122573852539062e-02
1.485130190849304199e-02
2.176983654499053955e-02
3.381836414337158203e-02
2.604788541793823242e-02
3.105794265866279602e-02
7.828950881958007812e-03
9.038686752319335938e-03
2.501536160707473755e-03
9.236812591552734375e-03
3.645420074462890625e-03
2.881303429603576660e-03
4.430466890335083008e-02
1.052629947662353516e-02
1.909069716930389404e-02
9.857654571533203125e-03
9.133458137512207031e-03
3.512252867221832275e-02
2.020972967147827148e-02
2.563953399658203125e-03
1.521013677120208740e-02
2.287974953651428223e-02
3.128236532211303711e-02
1.254093647003173828e-02
9.388655424118041992e-03
2.660840749740600586e-02
1.274356245994567871e-02
3.169628977775573730e-02
3.578901290893554688e-03
4.346984624862670898e-02
1.374453306198120117e-03
8.030951023101806641e-03
1.853364706039428711e-02
1.322925463318824768e-02
1.369518041610717773e-02
4.186981916427612305e-02
2.221930772066116333e-03
3.622269630432128906e-02
3.384804725646972656e-02
5.216367915272712708e-02
1.902583241462707520e-02
2.563464641571044922e-02
1.079106330871582031e-02
9.457767009735107422e-04
6.053215265274047852e-02
1.098029315471649170e-02
4.005432128906250000e-04
1.010257005691528320e-02
5.802989006042480469e-03
1.087895035743713379e-02
9.260535240173339844e-03
9.943366050720214844e-03
3.025069832801818848e-02
2.561539411544799805e-02
3.004485368728637695e-02
6.027552485466003418e-02
1.739054918289184570e-02
4.794895648956298828e-03
4.199832677841186523e-03
3.341650962829589844e-02
2.056300640106201172e-03
1.207982003688812256e-02
1.451033353805541992e-02
2.929037809371948242e-02
3.829022496938705444e-02
2.896842360496520996e-02
7.127940654754638672e-03
2.634055912494659424e-02
1.707887649536132812e-02
1.200395822525024414e-02
2.339097857475280762e-02
1.282089948654174805e-02
3.644013404846191406e-02
3.081303834915161133e-02
1.553785800933837891e-02
3.806138038635253906e-02
1.094815135002136230e-02
4.784300923347473145e-03
2.127826213836669922e-03
3.894537687301635742e-02
5.386538803577423096e-03
4.054111242294311523e-02
7.311165332794189453e-03
5.922710150480270386e-02
1.202756166458129883e-02
2.574294805526733398e-02
1.000753790140151978e-02
4.089176654815673828e-03
4.227763414382934570e-02
4.481229931116104126e-02
1.695340871810913086e-02
4.534959793090820312e-03
2.334518730640411377e-02
1.667144894599914551e-02
1.172620058059692383e-02
3.565977513790130615e-02
3.843444585800170898e-02
1.398068666458129883e-02
1.297360658645629883e-02
3.050108253955841064e-02
6.247401237487792969e-03
2.902477979660034180e-03
9.719207882881164551e-03
5.702972412109375000e-04
6.782352924346923828e-03
1.611993461847305298e-02
1.188814640045166016e-03
5.066895484924316406e-02
1.042559370398521423e-02
5.004048347473144531e-03
3.180932998657226562e-02
2.691008895635604858e-02
2.771139144897460938e-03
9.088397026062011719e-03
1.580529659986495972e-02
8.386373519897460938e-03
3.393834829330444336e-02
4.872388392686843872e-02
7.961630821228027344e-03
7.367134094238281250e-04
3.433361649513244629e-03
8.688986301422119141e-03
4.908657073974609375e-02
1.874694228172302246e-02
6.387114524841308594e-03
1.543271541595458984e-02
2.233296632766723633e-03
7.430300116539001465e-03
8.765816688537597656e-03
1.771426200866699219e-02
1.134951412677764893e-02
1.171004772186279297e-02
2.164429426193237305e-02
2.013542503118515015e-02
8.112967014312744141e-03
1.542973518371582031e-02
1.647278666496276855e-02
2.501565217971801758e-02
2.543431520462036133e-02
1.235184818506240845e-02
1.697692275047302246e-02
8.697807788848876953e-03
1.706466078758239746e-03
1.901826262474060059e-02
1.041549444198608398e-02
3.990814089775085449e-03
1.906946301460266113e-02
2.313911914825439453e-03
2.862215042114257812e-03
9.269878268241882324e-03
2.526390552520751953e-02
7.512271404266357422e-03
2.310952544212341309e-02
1.341104507446289062e-02
5.741536617279052734e-03
1.216065883636474609e-02
2.947503328323364258e-02
9.300947189331054688e-03
1.119583845138549805e-03
8.354187011718750000e-04
3.651976585388183594e-04
2.857249230146408081e-02
1.059103012084960938e-02
2.087992429733276367e-02
2.222052216529846191e-02
1.048988103866577148e-02
1.267141103744506836e-02
7.223576307296752930e-03
1.253306865692138672e-03
9.089350700378417969e-03
1.088100671768188477e-02
7.899373769760131836e-03
1.327854394912719727e-02
8.733332157135009766e-03
1.854377985000610352e-02
1.267933845520019531e-02
2.867013216018676758e-03
3.510506451129913330e-02
1.818984746932983398e-02
3.431379795074462891e-03
9.462200105190277100e-03
8.448243141174316406e-03
1.326024532318115234e-02
3.371242433786392212e-02
2.723956108093261719e-02
2.918243408203125000e-03
5.086023360490798950e-03
4.781609773635864258e-02
5.245208740234375000e-06
2.336711436510086060e-02
1.665890216827392578e-03
1.627945899963378906e-02
2.670782804489135742e-02
7.090091705322265625e-03
1.931363344192504883e-02
2.771213650703430176e-02
1.038902997970581055e-02
8.271217346191406250e-03
3.200492262840270996e-02
2.462849020957946777e-02
3.393769264221191406e-03
9.205937385559082031e-05
4.561503231525421143e-02
2.685135602951049805e-02
7.065296173095703125e-03
1.748192310333251953e-02
2.223205566406250000e-02
1.253104209899902344e-02
3.629297018051147461e-02
2.257502079010009766e-02
9.468615055084228516e-03
7.463678717613220215e-03
4.619824886322021484e-02
6.194567680358886719e-02
2.107523381710052490e-03
3.212302923202514648e-02
4.552417993545532227e-02
2.764327824115753174e-02
9.135842323303222656e-03
3.400892019271850586e-02
4.622964560985565186e-02
9.117305278778076172e-03
4.463315010070800781e-03
2.321389317512512207e-02
1.530197262763977051e-02
2.826499938964843750e-02
1.183935999870300293e-02
1.052635163068771362e-02
2.401268482208251953e-02
7.063031196594238281e-03
1.956849172711372375e-02
1.126080751419067383e-02
2.947294712066650391e-02
4.560858011245727539e-03
2.491199970245361328e-02
5.747616291046142578e-03
8.602507412433624268e-03
2.191752195358276367e-02
2.887666225433349609e-03
4.539899528026580811e-03
8.066117763519287109e-03
2.288943529129028320e-02
4.288561642169952393e-02
2.226623892784118652e-02
2.669924497604370117e-02
2.563509345054626465e-02
3.116288781166076660e-02
1.277798414230346680e-02
1.303285360336303711e-02
2.223826944828033447e-02
1.624506711959838867e-02
1.239937543869018555e-02
3.249253332614898682e-02
2.780318260192871094e-03
1.902818679809570312e-03
1.191000640392303467e-02
1.946151256561279297e-03
1.883345842361450195e-02
5.892895162105560303e-03
7.575273513793945312e-03
1.069355010986328125e-02
5.567334592342376709e-03
1.303333044052124023e-02
1.149475574493408203e-02
4.237778484821319580e-03
1.378589868545532227e-02
7.644057273864746094e-03
1.954485476016998291e-02
7.616937160491943359e-03
1.642572879791259766e-02
1.231165230274200439e-02
1.378762722015380859e-02
2.899986505508422852e-02
1.679059863090515137e-02
1.350210607051849365e-02
6.964206695556640625e-03
1.268845796585083008e-02
1.120668649673461914e-02
2.030140161514282227e-02
1.339459419250488281e-02
1.193938404321670532e-02
1.041048765182495117e-02
3.020519018173217773e-02
3.561243414878845215e-02
7.880330085754394531e-03
1.253587007522583008e-02
4.133857786655426025e-03
4.304289817810058594e-03
1.590353250503540039e-02
2.308733761310577393e-03
6.914824247360229492e-03
8.762121200561523438e-03
2.696350216865539551e-02
2.676275372505187988e-02
1.103115081787109375e-02
2.987225353717803955e-02
1.385271549224853516e-03
8.351206779479980469e-03
3.262460231781005859e-02
2.096511423587799072e-02
5.235433578491210938e-03
2.882578969001770020e-02
1.687904447317123413e-02
6.275951862335205078e-03
4.251909255981445312e-02
1.136101782321929932e-02
9.252786636352539062e-03
2.902233600616455078e-02
1.740337163209915161e-02
7.783472537994384766e-03
5.997419357299804688e-04
4.128962196409702301e-02
4.685163497924804688e-03
1.543116569519042969e-02
7.434725761413574219e-03
5.237221717834472656e-03
1.708537340164184570e-02
1.219759881496429443e-02
4.364907741546630859e-03
1.344156265258789062e-02
1.253689825534820557e-02
5.284816026687622070e-03
3.296673297882080078e-02
9.091973304748535156e-03
1.941204071044921875e-03
1.570671796798706055e-02
7.086968421936035156e-02
1.306667923927307129e-02
4.225075244903564453e-03
1.726031303405761719e-02
1.348331570625305176e-02
1.562815904617309570e-02
5.425447225570678711e-02
6.265945732593536377e-03
2.692633867263793945e-02
2.616900205612182617e-02
1.172021031379699707e-02
8.213222026824951172e-03
2.859342098236083984e-02
4.347562789916992188e-03
3.488093614578247070e-03
2.196788787841796875e-03
3.882163017988204956e-02
2.280604839324951172e-02
2.234601974487304688e-02
4.624338448047637939e-02
6.613761186599731445e-03
2.641862630844116211e-02
2.260661125183105469e-02
8.305892348289489746e-03
5.452138185501098633e-02
2.075523138046264648e-03
1.287221908569335938e-02
1.489013433456420898e-02
7.464110851287841797e-03
4.197314381599426270e-03
4.771721363067626953e-02
1.890581846237182617e-02
1.885125786066055298e-02
8.633553981781005859e-03
3.896343708038330078e-02
2.234492078423500061e-02
5.878984928131103516e-03
1.735681295394897461e-02
2.161711454391479492e-02
2.019655704498291016e-02
5.005061626434326172e-03
5.517959594726562500e-03
1.551526784896850586e-02
1.694154739379882812e-02
1.152376830577850342e-02
4.198610782623291016e-03
1.262569427490234375e-02
1.659888029098510742e-02
4.717573523521423340e-03
3.259116411209106445e-02
9.840875864028930664e-03
1.932606101036071777e-02
3.199154138565063477e-02
6.492435932159423828e-03
1.483216136693954468e-02
3.287279605865478516e-02
1.181536912918090820e-02
4.182156361639499664e-02
3.368735313415527344e-03
6.878376007080078125e-04
1.477012410759925842e-02
1.545071601867675781e-02
1.908296346664428711e-02
5.239099264144897461e-04
4.125267267227172852e-02
1.854240894317626953e-02
5.286215245723724365e-02
8.460074663162231445e-03
7.539272308349609375e-03
2.267748117446899414e-02
1.584425568580627441e-02
5.405247211456298828e-03
3.688067197799682617e-02
1.088699698448181152e-02
3.671646118164062500e-05
2.727973461151123047e-02
1.220176368951797485e-02
2.874195575714111328e-03
2.656823396682739258e-02
5.664296448230743408e-02
6.132322549819946289e-02
2.822446823120117188e-02
2.383866533637046814e-02
7.566452026367187500e-03
6.557047367095947266e-03
1.100410148501396179e-02
3.187716007232666016e-03
2.226394414901733398e-02
7.882475852966308594e-03
3.463375568389892578e-02
1.536858081817626953e-02
3.426715731620788574e-03
1.514083147048950195e-02
1.728868484497070312e-02
1.608847081661224365e-02
1.172932982444763184e-02
2.221190929412841797e-02
1.909294724464416504e-02
2.611106634140014648e-02
4.784703254699707031e-03
8.093357086181640625e-03
4.049211740493774414e-03
2.164936065673828125e-02
1.178503036499023438e-03
3.826521337032318115e-03
4.731261730194091797e-02
4.130482673645019531e-03
1.732876151800155640e-02
3.484600782394409180e-02
3.662472963333129883e-02
4.788510128855705261e-02
1.809078454971313477e-02
3.407931327819824219e-02
3.024001419544219971e-02
5.269646644592285156e-04
1.101320981979370117e-02
3.038708865642547607e-02
1.178658008575439453e-02
1.190996170043945312e-02
7.448762655258178711e-03
6.932228803634643555e-03
1.439207792282104492e-02
2.295872569084167480e-02
1.693770289421081543e-02
3.339570760726928711e-02
8.104890584945678711e-03
4.010673612356185913e-02
1.042824983596801758e-02
8.939921855926513672e-03
5.143827572464942932e-02
2.090585231781005859e-02
1.522624492645263672e-02
1.898029074072837830e-02
2.821677923202514648e-02
3.213572502136230469e-02
1.609481871128082275e-02
6.414175033569335938e-03
1.068758964538574219e-02
1.351378858089447021e-03
1.766511797904968262e-02
7.892489433288574219e-03
6.424397230148315430e-02
6.827056407928466797e-03
1.867115497589111328e-02
2.043384313583374023e-02
1.657804846763610840e-02
1.930648088455200195e-02
3.996074199676513672e-03
3.498953580856323242e-02
2.198165655136108398e-02
7.413983345031738281e-03
7.423952221870422363e-03
6.440579891204833984e-03
2.246004343032836914e-02
1.695131510496139526e-02
5.547529458999633789e-02
3.509604930877685547e-02
1.014206558465957642e-02
4.128634929656982422e-03
1.242858171463012695e-02
3.746151924133300781e-03
2.848398685455322266e-02
9.170055389404296875e-03
9.171314537525177002e-03
3.961941599845886230e-02
1.043540239334106445e-02
2.238804101943969727e-02
1.503476500511169434e-02
1.176947355270385742e-02
2.892984449863433838e-02
7.419884204864501953e-04
2.124607563018798828e-03
2.597004175186157227e-02
5.419090390205383301e-03
5.867570638656616211e-02
3.888738155364990234e-02
7.654115557670593262e-03
4.467093944549560547e-02
2.544122934341430664e-02
2.171400189399719238e-02
2.361965179443359375e-02
1.544749736785888672e-02
1.352279633283615112e-02
5.860447883605957031e-03
1.218497753143310547e-02
2.398307621479034424e-02
5.086618661880493164e-02
3.503680229187011719e-03
2.294740825891494751e-02
3.275328874588012695e-02
2.565878629684448242e-02
6.968572735786437988e-03
1.239180564880371094e-03
2.112883329391479492e-02
4.832088947296142578e-03
2.913028001785278320e-03
2.000373601913452148e-02
1.018077135086059570e-03
1.896595954895019531e-02
9.815692901611328125e-04
1.236808300018310547e-02
1.597076654434204102e-03
5.905628204345703125e-04
2.371847629547119141e-02
3.737971186637878418e-03
1.022714376449584961e-02
2.189588546752929688e-02
3.985404968261718750e-03
2.533137798309326172e-02
7.367134094238281250e-03
1.348166167736053467e-02
1.751196384429931641e-02
8.487701416015625000e-05
2.928084135055541992e-02
2.286702394485473633e-03
2.415293455123901367e-02
3.695891052484512329e-02
3.594321012496948242e-02
1.931613683700561523e-02
1.165644824504852295e-02
7.294669747352600098e-02
5.546867847442626953e-03
2.320447564125061035e-02
9.726226329803466797e-03
4.707962274551391602e-02
2.068510651588439941e-02
1.749798655509948730e-03
1.191133260726928711e-02
7.872939109802246094e-03
7.539011538028717041e-03
1.901531219482421875e-02
1.457744836807250977e-02
6.585285067558288574e-03
1.231598854064941406e-02
5.630493164062500000e-03
1.972801238298416138e-02
3.500819206237792969e-03
3.813618421554565430e-02
3.056826442480087280e-02
2.889743447303771973e-02
2.708750963211059570e-02
8.678972721099853516e-03
1.297473907470703125e-02
1.212674379348754883e-02
1.479813456535339355e-02
9.769052267074584961e-03
2.073013782501220703e-02
3.033348917961120605e-02
8.908048272132873535e-03
1.734536886215209961e-02
8.294969797134399414e-03
1.446318626403808594e-02
2.263462543487548828e-02
2.808547019958496094e-02
7.686540018767118454e-02
1.975059509277343750e-02
2.847456932067871094e-02
1.875988394021987915e-02
3.152430057525634766e-03
1.675003767013549805e-02
4.984079301357269287e-02
1.308244466781616211e-02
3.488004207611083984e-03
2.094231545925140381e-03
2.820184826850891113e-02
5.378961563110351562e-03
1.030516624450683594e-02
6.586015224456787109e-04
4.428529739379882812e-02
1.187376677989959717e-02
8.304595947265625000e-03
4.474592208862304688e-02
1.847988367080688477e-02
1.121848821640014648e-03
7.080316543579101562e-03
3.467768430709838867e-03
1.465515792369842529e-02
1.573014259338378906e-02
1.057136058807373047e-02
2.899462729692459106e-02
2.463936805725097656e-02
1.978588104248046875e-02
1.628933474421501160e-02
2.234345674514770508e-02
3.717541694641113281e-02
5.501311831176280975e-02
4.565942287445068359e-02
3.005069494247436523e-02
7.923476397991180420e-03
3.534609079360961914e-02
9.676575660705566406e-03
2.489469945430755615e-02
3.746068477630615234e-02
1.373541355133056641e-02
2.447274327278137207e-02
4.085144400596618652e-02
3.805279731750488281e-03
8.731752634048461914e-03
1.058378815650939941e-02
2.919173240661621094e-02
1.245316863059997559e-02
1.302911341190338135e-02
1.610875129699707031e-02
1.416134834289550781e-02
3.853157535195350647e-02
5.040538311004638672e-02
1.335245370864868164e-02
1.717261224985122681e-02
4.360586404800415039e-02
1.596802473068237305e-02
2.210058271884918213e-02
2.823555469512939453e-02
3.814041614532470703e-02
5.421130731701850891e-02
3.976583480834960938e-03
4.459488391876220703e-02
9.266972541809082031e-03
2.535194158554077148e-03
6.337344646453857422e-03
5.387976765632629395e-03
4.060685634613037109e-03
9.807109832763671875e-03
5.047100782394409180e-02
1.392923295497894287e-02
8.394300937652587891e-03
3.108838200569152832e-02
2.905172109603881836e-02
1.539897918701171875e-02
3.910678625106811523e-02
6.314625591039657593e-02
5.466759204864501953e-03
4.849296808242797852e-02
9.755030274391174316e-03
1.060205698013305664e-02
3.199458122253417969e-03
2.742253243923187256e-03
1.785689592361450195e-02
1.900810003280639648e-02
1.111851632595062256e-02
7.994949817657470703e-03
1.288926601409912109e-02
3.305029869079589844e-02
4.520678520202636719e-02
2.881497144699096680e-02
3.381277620792388916e-02
8.174180984497070312e-03
5.466818809509277344e-03
1.778176426887512207e-02
1.249587535858154297e-02
2.008265256881713867e-02
3.954452276229858398e-02
1.304975897073745728e-02
1.409107446670532227e-02
3.911316394805908203e-03
4.804022610187530518e-02
7.249176502227783203e-03
2.644860744476318359e-02
2.663243934512138367e-02
1.142972707748413086e-02
5.527746677398681641e-02
3.126932680606842041e-02
1.097321510314941406e-02
2.747243642807006836e-02
2.777782082557678223e-02
1.614701747894287109e-02
1.849323511123657227e-02
1.707333326339721680e-02
2.638673782348632812e-02
6.336569786071777344e-03
5.562737584114074707e-03
1.751381158828735352e-02
6.986260414123535156e-04
1.769369840621948242e-02
2.380263805389404297e-02
6.694853305816650391e-03
3.680375218391418457e-02
1.628117263317108154e-02
2.997475862503051758e-02
3.786128759384155273e-02
2.072225511074066162e-02
2.823489904403686523e-02
1.359403133392333984e-03
9.525671601295471191e-03
2.471148967742919922e-03
2.682209014892578125e-06
2.720517665147781372e-02
1.273000240325927734e-02
1.159793138504028320e-02
5.909688770771026611e-03
3.998756408691406250e-03
4.962682723999023438e-03
7.566928863525390625e-03
1.456567645072937012e-02
3.056585788726806641e-03
1.314669847488403320e-02
2.058753371238708496e-02
2.338665723800659180e-02
1.739358901977539062e-02
3.939662873744964600e-02
1.051199436187744141e-02
8.530914783477783203e-04
1.608156412839889526e-02
4.617244005203247070e-02
6.956219673156738281e-03
8.946858346462249756e-03
5.215346813201904297e-03
4.100847244262695312e-02
6.951875984668731689e-03
2.067899703979492188e-02
9.858548641204833984e-03
4.278946295380592346e-02
2.269506454467773438e-02
7.075011730194091797e-03
4.961952567100524902e-03
9.594857692718505859e-03
3.219014406204223633e-02
2.405284345149993896e-02
3.758311271667480469e-03
1.157492399215698242e-02
1.400312781333923340e-02
1.749783754348754883e-03
2.190685272216796875e-02
1.616308093070983887e-02
1.423379778861999512e-02
4.336655139923095703e-03
1.058048009872436523e-02
1.322192698717117310e-02
3.319621086120605469e-03
5.262136459350585938e-03
1.669645309448242188e-02
1.242238283157348633e-02
1.038902997970581055e-02
2.635388821363449097e-02
1.194316148757934570e-02
2.236247062683105469e-03
1.820614933967590332e-02
1.109284162521362305e-02
4.260879755020141602e-02
9.855888783931732178e-03
2.310311794281005859e-02
4.792690277099609375e-03
3.334520757198333740e-02
4.562944173812866211e-03
1.887166500091552734e-02
3.871649503707885742e-03
2.675533294677734375e-02
1.362472772598266602e-02
3.911286592483520508e-03
2.922144532203674316e-02
2.173244953155517578e-02
1.540037989616394043e-02
3.111819177865982056e-02
1.477283239364624023e-02
1.753604412078857422e-02
3.787394985556602478e-02
2.228754758834838867e-02
9.644210338592529297e-03
5.579549819231033325e-03
3.644645214080810547e-03
3.015166521072387695e-02
3.449335694313049316e-03
2.519434690475463867e-02
8.804678916931152344e-03
3.308280557394027710e-02
1.420578360557556152e-02
2.598232030868530273e-02
5.644261837005615234e-03
1.071277260780334473e-02
3.624093532562255859e-02
2.375297248363494873e-02
5.288779735565185547e-03
2.476197481155395508e-02
4.734867811203002930e-02
6.914734840393066406e-04
1.082849502563476562e-02
2.589455246925354004e-02
2.714974433183670044e-02
1.835256814956665039e-02
8.282363414764404297e-03
3.019566833972930908e-02
2.548950910568237305e-02
1.780319213867187500e-02
1.453001424670219421e-02
2.658307552337646484e-03
3.084301948547363281e-03
6.836228072643280029e-03
4.253268241882324219e-03
1.247197389602661133e-02
4.452407360076904297e-03
6.953331828117370605e-02
4.838526248931884766e-03
2.645353972911834717e-02
6.390780210494995117e-03
2.241998910903930664e-02
4.501639306545257568e-02
3.400565683841705322e-02
3.887969255447387695e-02
1.459062099456787109e-02
2.971483767032623291e-02
1.728266477584838867e-02
2.924180030822753906e-02
3.727746754884719849e-02
1.211255788803100586e-02
1.381647586822509766e-02
3.560908138751983643e-03
1.594376564025878906e-02
1.089364290237426758e-02
5.869708955287933350e-03
9.071707725524902344e-03
7.265806198120117188e-03
9.849496185779571533e-03
2.047026157379150391e-02
4.901975393295288086e-02
2.826830744743347168e-02
4.445117712020874023e-02
1.800602674484252930e-02
1.814548671245574951e-02
3.058040142059326172e-02
7.995069026947021484e-03
1.918642222881317139e-02
5.898475646972656250e-03
3.252077102661132812e-02
5.653202533721923828e-03
2.845972776412963867e-03
1.908487081527709961e-02
2.369719743728637695e-02
4.109188914299011230e-03
1.733273267745971680e-02
2.560818195343017578e-02
1.808382943272590637e-02
3.238970041275024414e-02
7.285135984420776367e-02
2.430583164095878601e-02
3.593575954437255859e-02
9.945034980773925781e-03
1.984054595232009888e-02
2.379572391510009766e-02
1.731544733047485352e-02
7.819049060344696045e-03
1.243817806243896484e-02
1.044094562530517578e-03
3.240160644054412842e-02
3.017574548721313477e-02
3.541970252990722656e-02
1.529598236083984375e-02
3.722341358661651611e-02
1.713436841964721680e-02
7.906258106231689453e-03
1.885056495666503906e-03
2.385795116424560547e-03
1.907473802566528320e-02
1.059874892234802246e-02
1.936739683151245117e-02
2.509272098541259766e-02
1.513828337192535400e-02
2.030199766159057617e-02
2.407813072204589844e-02
4.160467348992824554e-02
3.498172760009765625e-02
1.070517301559448242e-02
3.106169402599334717e-03
6.536960601806640625e-03
2.447026968002319336e-02
1.402536779642105103e-02
2.549767494201660156e-02
1.384836435317993164e-02
3.011366724967956543e-02
2.029389142990112305e-03
3.139579296112060547e-02
1.650562882423400879e-02
5.541115999221801758e-03
4.445624351501464844e-02
2.424964308738708496e-02
4.524737596511840820e-02
1.342689990997314453e-02
4.689455032348632812e-02
2.969712018966674805e-03
1.568210124969482422e-02
3.144145011901855469e-03
1.230514049530029297e-02
8.099734783172607422e-03
4.561543464660644531e-03
1.628716289997100830e-02
6.572425365447998047e-03
1.380848884582519531e-02
2.222792431712150574e-02
2.842903137207031250e-02
1.354843378067016602e-02
2.180767059326171875e-02
4.011631011962890625e-03
6.708562374114990234e-03
3.832015395164489746e-02
1.338747143745422363e-02
2.407455444335937500e-02
5.764845013618469238e-02
2.332028746604919434e-02
1.069033145904541016e-02
3.989011049270629883e-03
2.257362008094787598e-03
1.927137374877929688e-02
1.737305521965026855e-02
1.669737696647644043e-02
8.232951164245605469e-03
1.622855663299560547e-02
1.161774247884750366e-02
4.256004095077514648e-02
4.621177911758422852e-02
5.223751068115234375e-03
7.396101951599121094e-03
4.582118988037109375e-02
9.067960083484649658e-03
8.167982101440429688e-03
1.187336444854736328e-02
1.295797526836395264e-03
3.052246570587158203e-02
4.973411560058593750e-02
4.664013534784317017e-02
2.077907323837280273e-03
5.428552627563476562e-03
3.052531182765960693e-02
5.714350938796997070e-02
4.546582698822021484e-02
1.289907097816467285e-02
5.311682820320129395e-03
6.857991218566894531e-03
9.525984525680541992e-03
5.857780575752258301e-02
1.284801959991455078e-02
1.680058240890502930e-02
1.024222373962402344e-02
9.472787380218505859e-03
1.428842544555664062e-03
3.050019964575767517e-02
7.360041141510009766e-03
2.347081899642944336e-02
4.904568195343017578e-04
1.226222515106201172e-02
2.752542495727539062e-03
1.486556231975555420e-02
4.122197628021240234e-03
4.029393196105957031e-03
8.392587304115295410e-03
1.004821062088012695e-02
1.999562978744506836e-02
2.483651041984558105e-03
6.897652149200439453e-02
2.424931526184082031e-02
1.277327537536621094e-03
1.257172226905822754e-02
4.513972997665405273e-02
5.195975303649902344e-03
2.489370852708816528e-02
2.414554357528686523e-02
4.490548372268676758e-02
1.500371843576431274e-02
2.251958847045898438e-02
2.999293804168701172e-02
6.219793111085891724e-03
3.996682167053222656e-02
1.552093029022216797e-02
9.429261088371276855e-03
6.873375177383422852e-02
6.426131725311279297e-02
2.148086577653884888e-02
3.936266899108886719e-02
9.154081344604492188e-03
1.931641995906829834e-02
2.096602320671081543e-02
1.657187938690185547e-03
1.248975098133087158e-02
2.210709452629089355e-02
2.385503053665161133e-02
2.972730994224548340e-02
4.000782966613769531e-03
5.308890342712402344e-02
2.795273065567016602e-02
2.751655876636505127e-02
1.401454210281372070e-02
4.540723562240600586e-02
3.402139246463775635e-02
8.326530456542968750e-03
1.712542772293090820e-02
3.583621233701705933e-02
1.667428016662597656e-02
1.431059837341308594e-02
5.049507133662700653e-02
2.772396802902221680e-02
8.231461048126220703e-03
5.140780285000801086e-02
1.638621091842651367e-02
4.284417629241943359e-02
3.514817357063293457e-02
4.950970411300659180e-03
2.075022459030151367e-02
3.761471807956695557e-02
9.002834558486938477e-03
3.268605470657348633e-02
1.660004258155822754e-02
1.890853047370910645e-02
1.522493362426757812e-02
4.812932014465332031e-02
6.930671632289886475e-03
5.071163177490234375e-03
1.258784532546997070e-02
2.931993827223777771e-02
2.119839191436767578e-03
4.672706127166748047e-02
3.574679978191852570e-02
3.669434785842895508e-02
2.793681621551513672e-02
8.683580905199050903e-03
2.063685655593872070e-02
5.421030521392822266e-02
1.733101904392242432e-03
2.099528908729553223e-02
4.898536205291748047e-02
3.384871780872344971e-02
7.547467947006225586e-03
2.116829156875610352e-02
3.823974728584289551e-02
9.706020355224609375e-03
4.749655723571777344e-03
1.515716314315795898e-02
1.443292200565338135e-02
1.709008216857910156e-02
2.979010343551635742e-03
2.623649686574935913e-02
1.234006881713867188e-02
2.348095178604125977e-02
4.823997989296913147e-02
3.337574005126953125e-02
2.175980806350708008e-02
1.657196879386901855e-02
6.671416759490966797e-02
3.827214241027832031e-04
5.041239317506551743e-02
6.452935934066772461e-02
4.239559173583984375e-03
1.900121569633483887e-03
2.535784244537353516e-02
1.044255495071411133e-02
7.676318287849426270e-03
2.015024423599243164e-02
3.877103328704833984e-03
1.511031389236450195e-02
5.365669727325439453e-03
4.027855396270751953e-02
1.425924897193908691e-02
2.688199281692504883e-03
2.650350332260131836e-02
1.427710056304931641e-02
1.022040843963623047e-02
2.144318819046020508e-02
1.131844520568847656e-02
2.565879374742507935e-02
2.383577823638916016e-02
1.164573431015014648e-02
1.640250533819198608e-02
3.195190429687500000e-02
2.863585948944091797e-03
1.590777933597564697e-02
1.291280984878540039e-02
3.097617626190185547e-02
5.669921636581420898e-03
5.269765853881835938e-03
2.287280559539794922e-02
4.306006431579589844e-02
2.978798747062683105e-02
1.631528139114379883e-02
1.973949372768402100e-02
2.903729677200317383e-02
2.985298633575439453e-03
5.708634853363037109e-04
1.446276903152465820e-02
5.374157428741455078e-02
3.025844693183898926e-02
2.781555801630020142e-02
1.066410541534423828e-02
3.469336032867431641e-02
5.759276449680328369e-03
4.570543766021728516e-03
6.830215454101562500e-03
3.564465045928955078e-02
3.847479820251464844e-03
1.530909538269042969e-02
1.511606201529502869e-02
2.343475818634033203e-03
4.428732395172119141e-02
4.085615277290344238e-03
4.336643218994140625e-02
1.476037502288818359e-02
4.303786158561706543e-02
4.491895437240600586e-03
1.135611534118652344e-02
4.485529661178588867e-02
3.370988368988037109e-02
1.301395893096923828e-02
3.960120677947998047e-02
1.506760716438293457e-02
7.000803947448730469e-03
2.103149890899658203e-04
9.844392538070678711e-03
2.893126010894775391e-02
3.311276435852050781e-02
6.845720112323760986e-03
1.758962869644165039e-02
3.384530544281005859e-03
2.698886394500732422e-02
3.760415315628051758e-02
2.267014980316162109e-02
2.933737635612487793e-02
1.033902168273925781e-02
4.364657402038574219e-02
2.870668470859527588e-02
1.795381307601928711e-03
3.464716672897338867e-02
1.457218825817108154e-02
1.239323616027832031e-02
6.223851442337036133e-02
5.752533674240112305e-03
3.259441256523132324e-02
6.113058328628540039e-02
2.872046828269958496e-02
5.807027220726013184e-03
1.265966892242431641e-02
8.325278759002685547e-04
1.328606903553009033e-02
1.091021299362182617e-02
5.496764183044433594e-02
4.322147369384765625e-02
1.463043689727783203e-02
2.840119600296020508e-02
2.162669971585273743e-02
1.056391000747680664e-02
7.414698600769042969e-03
3.119374811649322510e-02
1.726907491683959961e-02
5.017572641372680664e-02
1.528038084506988525e-02
8.307069540023803711e-03
4.840618371963500977e-02
1.033699512481689453e-02
2.304440736770629883e-02
1.611918210983276367e-02
2.929270267486572266e-03
6.532371044158935547e-03
1.487553119659423828e-02
4.034823179244995117e-02
4.090356826782226562e-02
4.209399223327636719e-03
3.863623738288879395e-02
5.090251564979553223e-03
2.186262607574462891e-02
1.275110244750976562e-02
3.589960932731628418e-02
2.576822042465209961e-02
5.171668529510498047e-02
5.241976305842399597e-02
1.809847354888916016e-02
4.027885198593139648e-02
1.155629754066467285e-03
1.388859748840332031e-02
9.682774543762207031e-04
1.221359521150588989e-02
4.144534468650817871e-02
3.335666656494140625e-02
1.956777274608612061e-02
3.947302699089050293e-02
4.335165023803710938e-02
2.614645659923553467e-02
2.824640274047851562e-02
9.545326232910156250e-03
9.514659643173217773e-03
1.216827332973480225e-02
1.896613836288452148e-02
2.675214409828186035e-02
1.787856221199035645e-03
1.387971639633178711e-02
9.863615036010742188e-03
1.322735846042633057e-02
4.296267032623291016e-02
2.131164073944091797e-03
3.450358659029006958e-02
4.438424110412597656e-02
2.488470077514648438e-02
5.268214084208011627e-02
2.362549304962158203e-03
1.135528087615966797e-02
2.571752667427062988e-02
2.527594566345214844e-02
3.032070398330688477e-02
8.111953735351562500e-03
6.082206964492797852e-03
7.078945636749267578e-03
2.401274442672729492e-02
2.964511513710021973e-02
3.009551763534545898e-02
1.222923398017883301e-02
1.620706915855407715e-02
3.232306241989135742e-02
4.029032588005065918e-02
2.665917575359344482e-02
6.528019905090332031e-03
4.242777824401855469e-03
3.135036677122116089e-02
2.267247438430786133e-02
6.716728210449218750e-03
2.446497604250907898e-02
3.644752502441406250e-02
3.310382366180419922e-03
4.241454228758811951e-02
2.909237146377563477e-02
1.126861572265625000e-02
8.283138275146484375e-03
2.541491389274597168e-02
1.526618003845214844e-02
9.034857153892517090e-03
9.252756834030151367e-03
8.747518062591552734e-03
7.253184914588928223e-03
6.549715995788574219e-03
1.157879829406738281e-02
2.743795514106750488e-02
1.352365314960479736e-02
5.662441253662109375e-03
3.023934364318847656e-02
3.596317768096923828e-02
2.798283100128173828e-02
1.839071512222290039e-02
2.876024320721626282e-02
3.531426191329956055e-02
1.319593191146850586e-02
3.643398918211460114e-02
7.531404495239257812e-03
1.992219686508178711e-02
3.512322902679443359e-02
3.713291883468627930e-02
6.504714488983154297e-03
1.591436564922332764e-02
1.554587483406066895e-02
3.318721055984497070e-02
5.725550651550292969e-02
6.627014279365539551e-02
2.339935302734375000e-02
1.344014704227447510e-02
3.024786710739135742e-03
3.460049629211425781e-04
1.026377081871032715e-02
1.161989569664001465e-02
2.446901798248291016e-02
1.846218109130859375e-02
1.823786646127700806e-02
4.286903142929077148e-02
3.526175022125244141e-02
4.023065045475959778e-02
5.964159965515136719e-03
1.163780689239501953e-03
1.843689382076263428e-02
1.365625858306884766e-02
1.013779640197753906e-02
1.353099942207336426e-04
3.888738155364990234e-02
1.323801279067993164e-02
9.692639112472534180e-03
2.113839983940124512e-02
4.534435272216796875e-02
1.429522037506103516e-02
1.397565007209777832e-02
1.583367586135864258e-02
2.390646934509277344e-02
2.066466212272644043e-02
8.878350257873535156e-03
3.705322742462158203e-03
2.308090031147003174e-02
2.368324995040893555e-02
1.297286152839660645e-02
2.718411386013031006e-02
8.256733417510986328e-03
1.858747005462646484e-02
1.860991865396499634e-02
1.240164041519165039e-02
1.477301120758056641e-03
7.056944072246551514e-03
1.005393266677856445e-02
1.180797815322875977e-02
3.253638744354248047e-03
1.097637414932250977e-02
1.164108514785766602e-02
1.368831098079681396e-02
1.806822419166564941e-02
4.810017347335815430e-02
2.662837505340576172e-05
5.590993165969848633e-02
6.051301956176757812e-03
5.061331391334533691e-02
8.106648921966552734e-03
2.751541137695312500e-02
3.708118200302124023e-02
2.750445902347564697e-02
1.379072666168212891e-03
2.911821007728576660e-02
4.270531237125396729e-03
3.082513809204101562e-03
4.306286573410034180e-02
1.378050446510314941e-02
2.774381637573242188e-02
1.855629682540893555e-02
3.375724330544471741e-02
6.102800369262695312e-03
2.323341369628906250e-02
8.869644254446029663e-03
1.604872941970825195e-02
5.356907844543457031e-02
1.648584008216857910e-02
2.002540230751037598e-02
2.832746505737304688e-02
2.064236998558044434e-02
4.394829273223876953e-03
1.318955421447753906e-02
5.408674478530883789e-04
4.275619983673095703e-03
5.078935623168945312e-02
8.784949779510498047e-03
1.528370380401611328e-02
3.443437814712524414e-02
1.992616057395935059e-02
1.733022928237915039e-02
8.538067340850830078e-03
1.382726430892944336e-02
1.090595871210098267e-02
7.435023784637451172e-03
2.045756578445434570e-02
1.187463849782943726e-02
2.303838729858398438e-03
1.983559131622314453e-02
3.261191397905349731e-02
6.681144237518310547e-03
2.848058938980102539e-02
2.690672874450683594e-03
2.329885959625244141e-03
1.401472091674804688e-02
2.229823172092437744e-02
2.582386136054992676e-02
5.727541446685791016e-02
3.156428039073944092e-02
2.890399098396301270e-02
1.753687858581542969e-02
1.210856437683105469e-02
1.726125180721282959e-02
1.508289575576782227e-02
3.920021653175354004e-02
1.838675141334533691e-02
5.638110637664794922e-02
2.983939647674560547e-02
1.794416457414627075e-02
1.876664161682128906e-02
7.087469100952148438e-03
4.470269568264484406e-02
3.269737958908081055e-02
2.420824766159057617e-02
1.474816352128982544e-02
1.174211502075195312e-02
2.542465925216674805e-02
1.881533861160278320e-02
4.952824115753173828e-02
4.857885837554931641e-02
6.716400384902954102e-03
3.898826241493225098e-02
1.725184917449951172e-02
2.492927014827728271e-02
8.391171693801879883e-03
1.540488004684448242e-02
2.261242270469665527e-02
3.389877080917358398e-02
2.621960639953613281e-02
6.021589040756225586e-03
2.323804050683975220e-02
2.646142244338989258e-02
1.482188701629638672e-02
4.542194306850433350e-03
1.001209020614624023e-02
2.988696098327636719e-03
1.504903286695480347e-02
1.723593473434448242e-02
1.868230104446411133e-02
2.100562304258346558e-02
5.657732486724853516e-03
1.358133554458618164e-02
4.914119839668273926e-03
3.266334533691406250e-04
6.418347358703613281e-03
7.217869162559509277e-03
3.565847873687744141e-02
4.829686880111694336e-02
3.795842826366424561e-02
2.938577532768249512e-02
9.182691574096679688e-04
2.162572741508483887e-02
1.935949921607971191e-02
4.117757081985473633e-02
4.702800512313842773e-02
2.034594118595123291e-02
1.711899042129516602e-02
4.877680540084838867e-02
1.270720362663269043e-02
1.369506120681762695e-02
2.246409654617309570e-02
1.046066731214523315e-02
6.833916902542114258e-02
5.036002397537231445e-02
1.460090279579162598e-03
2.538412809371948242e-02
1.380950212478637695e-02
3.784170746803283691e-02
1.359438896179199219e-02
1.872766017913818359e-02
2.028825879096984863e-02
2.498131990432739258e-02
3.615415096282958984e-02
3.192040324211120605e-02
1.238369941711425781e-02
6.207901239395141602e-02
2.035400271415710449e-02
3.452822566032409668e-02
9.036660194396972656e-04
4.616108536720275879e-02
2.552607655525207520e-02
4.748314619064331055e-02
5.958795547485351562e-03
2.368538826704025269e-02
6.125092506408691406e-03
4.691600799560546875e-03
1.135142892599105835e-02
6.711363792419433594e-03
1.808488368988037109e-02
5.440835468471050262e-02
4.628932476043701172e-02
3.660178184509277344e-02
6.536826863884925842e-02
1.136809587478637695e-02
3.969490528106689453e-03
2.866598963737487793e-02
1.905408501625061035e-02
1.581108570098876953e-02
2.853974699974060059e-03
3.616923093795776367e-02
2.435880899429321289e-02
3.089565038681030273e-02
3.333242237567901611e-02
2.183568477630615234e-02
1.702257990837097168e-02
5.707845091819763184e-03
1.707941293716430664e-02
1.584333181381225586e-02
2.797837182879447937e-02
7.825732231140136719e-03
1.139044761657714844e-03
1.009589806199073792e-02
2.398014068603515625e-03
5.313903093338012695e-02
4.298239946365356445e-03
4.836380481719970703e-03
1.030552387237548828e-02
3.390132635831832886e-02
1.883611083030700684e-02
3.289365768432617188e-02
1.041722297668457031e-02
6.780534982681274414e-03
6.662786006927490234e-03
5.831569433212280273e-03
3.715848922729492188e-02
2.685785293579101562e-04
1.600396633148193359e-02
1.838564872741699219e-03
1.948565244674682617e-02
1.321586966514587402e-02
3.335271775722503662e-02
1.228171586990356445e-02
4.288637638092041016e-02
2.196112275123596191e-02
4.014009237289428711e-02
4.484605789184570312e-02
2.384003996849060059e-02
3.417795896530151367e-02
9.139180183410644531e-03
5.219604820013046265e-03
5.114829540252685547e-02
3.408068418502807617e-02
3.314437717199325562e-02
3.003594279289245605e-02
2.144855260848999023e-02
2.688597142696380615e-02
2.043277025222778320e-02
1.118791103363037109e-02
4.971252381801605225e-02
5.866169929504394531e-03
1.584714055061340332e-01
4.336589872837066650e-01
6.178604960441589355e-01
1.008661389350891113e-01
3.602637648582458496e-01
5.666415393352508545e-01
5.269809067249298096e-01
4.301354587078094482e-01
6.767864525318145752e-02
5.907376557588577271e-01
4.849165529012680054e-01
6.189884245395660400e-02
5.020659565925598145e-01
5.365909934043884277e-01
2.550935745239257812e-02
3.995533883571624756e-01
6.131888180971145630e-01
3.000859916210174561e-02
1.644852757453918457e-02
7.511436939239501953e-03
5.644937306642532349e-01
3.866363763809204102e-01
1.140129566192626953e-02
4.581619203090667725e-01
4.859684705734252930e-01
1.129746437072753906e-02
3.944335281848907471e-01
5.479713380336761475e-01
2.380907535552978516e-03
3.771235644817352295e-01
4.918001443147659302e-01
4.360064566135406494e-01
3.950618207454681396e-01
1.625545322895050049e-02
5.125076919794082642e-01
4.125383347272872925e-01
1.662413775920867920e-02
4.421572089195251465e-01
4.681796431541442871e-01
4.884909093379974365e-02
3.311001360416412354e-01
5.238379985094070435e-01
1.320259720087051392e-01
6.493330001831054688e-03
1.307278871536254883e-01
4.869106113910675049e-01
3.856969773769378662e-01
1.345037221908569336e-01
4.032695889472961426e-01
4.520297646522521973e-01
1.117960214614868164e-01
3.686496913433074951e-01
4.781494140625000000e-01
1.345494389533996582e-01
3.883436620235443115e-01
4.244639873504638672e-01
3.348603546619415283e-01
3.588165938854217529e-01
9.057478606700897217e-02
4.256121665239334106e-01
3.586923331022262573e-01
9.439168870449066162e-02
3.533398509025573730e-01
3.647996187210083008e-01
1.236305832862854004e-01
2.903380095958709717e-01
4.292096644639968872e-01
1.999606341123580933e-01
4.001289606094360352e-02
2.629123926162719727e-01
3.967614769935607910e-01
3.627861738204956055e-01
2.495861053466796875e-01
3.595548868179321289e-01
4.134839475154876709e-01
2.187566161155700684e-01
3.442384600639343262e-01
4.373351335525512695e-01
2.323170304298400879e-01
3.881180882453918457e-01
3.553851842880249023e-01
2.536329329013824463e-01
3.269983828067779541e-01
1.734898239374160767e-01
3.340908437967300415e-01
2.986799329519271851e-01
1.918339580297470093e-01
2.931867241859436035e-01
3.019151687622070312e-01
2.209945321083068848e-01
2.765525281429290771e-01
3.343255072832107544e-01
2.852991968393325806e-01
1.873239874839782715e-02
3.510922193527221680e-01
3.629580736160278320e-01
3.399436175823211670e-01
3.608731627464294434e-01
3.361119031906127930e-01
3.822401165962219238e-01
4.845672547817230225e-01
6.129878759384155273e-02
2.028204500675201416e-01
4.614824652671813965e-01
2.036869525909423828e-03
2.738694250583648682e-01
3.613391518592834473e-01
1.099497973918914795e-01
3.721191175282001495e-01
2.643638849258422852e-01
1.679245829582214355e-01
3.893059417605400085e-01
1.454154253005981445e-01
2.434960603713989258e-01
2.706689164042472839e-01
1.135388910770416260e-01
3.040195107460021973e-01
2.881770357489585876e-01
4.368796944618225098e-02
3.473554849624633789e-01
1.417796313762664795e-01
7.709956169128417969e-02
3.727638721466064453e-01
1.419952362775802612e-01
1.436253786087036133e-01
3.837127685546875000e-01
7.422748208045959473e-02
1.111197918653488159e-01
3.650858998298645020e-01
4.411247372627258301e-02
2.177395001053810120e-01
2.698482871055603027e-01
1.101689338684082031e-01
2.619764283299446106e-01
1.729143261909484863e-01
1.414903402328491211e-01
2.425358593463897705e-01
1.298070549964904785e-01
2.023079991340637207e-01
2.147823087871074677e-01
1.028728485107421875e-01
2.329212427139282227e-01
1.598910391330718994e-01
4.519212245941162109e-02
2.748981118202209473e-01
1.116072237491607666e-01
2.593883872032165527e-02
2.024075388908386230e-01
5.740290880203247070e-02
2.221781015396118164e-02
2.368252277374267578e-01
2.637436985969543457e-02
7.050307095050811768e-02
2.189930081367492676e-01
8.319288492202758789e-03
1.204837113618850708e-01
1.787354946136474609e-01
8.837783336639404297e-02
1.922785155475139618e-01
1.371673345565795898e-01
5.042016506195068359e-02
1.924617886543273926e-01
1.440954208374023438e-02
9.157550334930419922e-02
1.547385640442371368e-01
5.164742469787597656e-02
1.448042392730712891e-01
7.194670289754867554e-02
1.615393161773681641e-02
1.448054909706115723e-01
8.315449953079223633e-02
1.482731103897094727e-02
1.087388396263122559e-01
6.568729877471923828e-03
2.048763632774353027e-02
1.438342928886413574e-01
6.912350654602050781e-03
2.501906454563140869e-02
1.065046787261962891e-01
7.140517234802246094e-03
6.087629497051239014e-02
7.927137613296508789e-02
6.368851661682128906e-02
7.825977355241775513e-02
4.799675941467285156e-02
3.596061468124389648e-02
7.527463138103485107e-02
1.534116268157958984e-02
6.275296211242675781e-03
3.699033707380294800e-02
7.251858711242675781e-03
4.541903734207153320e-02
3.616053611040115356e-02
7.531017065048217773e-03
4.379028081893920898e-02
2.826519310474395752e-02
1.452368497848510742e-02
1.691138744354248047e-02
1.360297203063964844e-02
8.953154087066650391e-03
3.249680995941162109e-02
4.440560936927795410e-02
1.375716924667358398e-02
5.444228649139404297e-03
1.919499039649963379e-02
1.125141978263854980e-03
1.031833887100219727e-02
1.657253503799438477e-02
2.178739011287689209e-02
2.583849430084228516e-02
2.437001466751098633e-02
2.022206783294677734e-03
3.374952077865600586e-02
3.048300743103027344e-02
1.374743133783340454e-02
1.245659589767456055e-02
3.606081008911132812e-04
1.299709081649780273e-03
8.338272571563720703e-03
7.946372032165527344e-03
7.517948746681213379e-03
2.186742424964904785e-02
1.478701829910278320e-02
2.014485001564025879e-02
2.490097284317016602e-02
1.146543025970458984e-02
2.677702903747558594e-02
2.117599546909332275e-02
2.363324165344238281e-02
2.411395311355590820e-02
3.149852156639099121e-03
9.892582893371582031e-04
2.720415592193603516e-02
2.211853861808776855e-02
1.679331064224243164e-02
4.810690879821777344e-04
1.606182754039764404e-02
6.860971450805664062e-03
2.021002769470214844e-02
1.444169878959655762e-02
2.080416679382324219e-02
5.621367692947387695e-02
3.086971491575241089e-02
2.841609716415405273e-02
2.267003059387207031e-03
1.631705462932586670e-02
1.733425259590148926e-02
1.787763833999633789e-02
1.614131033420562744e-02
5.789369344711303711e-03
1.503920555114746094e-02
3.191033005714416504e-02
2.919501066207885742e-02
1.691657304763793945e-02
3.477832674980163574e-02
7.497072219848632812e-04
6.047844886779785156e-03
6.249904632568359375e-03
7.986843585968017578e-03
3.211116790771484375e-02
4.430335760116577148e-02
2.420819550752639771e-02
2.421468496322631836e-02
1.250594854354858398e-02
1.988051086664199829e-02
1.249504089355468750e-02
1.128029823303222656e-02
7.745094597339630127e-03
1.036682724952697754e-02
1.207429170608520508e-02
4.431142657995223999e-02
8.562982082366943359e-03
6.077170372009277344e-03
1.884469389915466309e-02
5.129873752593994141e-03
4.038393497467041016e-02
2.465426921844482422e-03
2.200257778167724609e-02
8.915960788726806641e-03
1.885777711868286133e-02
1.148868352174758911e-02
2.459371089935302734e-02
4.226547479629516602e-02
1.402840018272399902e-03
1.905292272567749023e-02
4.572629928588867188e-03
9.482905268669128418e-03
2.206677198410034180e-02
1.572775840759277344e-02
1.277738064527511597e-02
1.144355535507202148e-02
3.383970260620117188e-02
3.887545317411422729e-02
1.797288656234741211e-03
1.413917541503906250e-02
1.537264883518218994e-02
1.878887414932250977e-03
2.479046583175659180e-02
2.110674977302551270e-03
3.366068005561828613e-02
4.130119085311889648e-02
5.579888820648193359e-03
4.446382820606231689e-02
1.823425292968750000e-03
8.466568589210510254e-02
1.385378092527389526e-02
3.132981061935424805e-02
1.002782583236694336e-02
2.444216981530189514e-02
1.112145185470581055e-02
1.653188467025756836e-02
2.052022889256477356e-02
2.236527204513549805e-02
2.233862876892089844e-03
2.600090950727462769e-02
8.715808391571044922e-03
1.561969518661499023e-02
1.547306776046752930e-02
2.089518308639526367e-02
1.842594146728515625e-02
3.099109232425689697e-02
2.598935365676879883e-02
1.450717449188232422e-03
5.039986968040466309e-02
2.385017275810241699e-02
1.061624288558959961e-02
1.592132449150085449e-02
4.105579853057861328e-02
4.446983337402343750e-03
1.917350292205810547e-02
5.932752043008804321e-02
3.249770402908325195e-02
1.089221239089965820e-02
2.958262339234352112e-02
1.111161708831787109e-02
6.076395511627197266e-03
7.136013358831405640e-03
4.762721061706542969e-02
1.770484447479248047e-02
2.368121594190597534e-02
1.878184080123901367e-02
7.849156856536865234e-03
6.949909031391143799e-03
3.726601600646972656e-03
4.163104295730590820e-02
5.476585775613784790e-02
6.386667490005493164e-03
5.502104759216308594e-04
7.291585206985473633e-04
5.209667980670928955e-02
3.591585159301757812e-02
5.486011505126953125e-03
7.436469197273254395e-03
2.037626504898071289e-02
1.664584875106811523e-02
2.285002917051315308e-02
1.276385784149169922e-02
3.857046365737915039e-02
5.455115437507629395e-02
2.168524265289306641e-02
1.027733087539672852e-02
1.212639361619949341e-02
2.307075262069702148e-02
1.273071765899658203e-02
1.776085793972015381e-02
2.613252401351928711e-02
2.432942390441894531e-02
2.865767478942871094e-02
1.450467109680175781e-02
3.056859970092773438e-02
1.602241396903991699e-02
2.365142107009887695e-03
8.539915084838867188e-03
2.222327888011932373e-02
4.182577133178710938e-03
1.860225200653076172e-02
1.899844408035278320e-02
6.349846720695495605e-03
1.382446289062500000e-02
2.860933542251586914e-03
3.936287760734558105e-02
1.260983943939208984e-02
3.569728136062622070e-02
7.615476846694946289e-03
1.197308301925659180e-02
4.040241241455078125e-03
2.739533782005310059e-02
1.347970962524414062e-02
2.748370170593261719e-04
1.994774863123893738e-02
5.725127458572387695e-02
2.112406492233276367e-02
2.805376797914505005e-02
2.664834260940551758e-02
2.701151371002197266e-02
1.491548120975494385e-02
4.794597625732421875e-04
3.198206424713134766e-02
4.499405622482299805e-04
3.966359794139862061e-02
9.114265441894531250e-03
6.567746400833129883e-03
4.404777288436889648e-02
4.868090152740478516e-03
4.389077425003051758e-03
1.184792071580886841e-02
5.209445953369140625e-04
2.356493473052978516e-02
3.120832145214080811e-03
3.414571285247802734e-03
1.579886674880981445e-02
1.949672400951385498e-02
1.947087049484252930e-02
5.326271057128906250e-04
6.509536504745483398e-02
2.745687961578369141e-03
1.352620124816894531e-02
4.697345197200775146e-03
