# {'thres': 0.060846307873725906}
2.449893951416015625e-02
3.395870327949523926e-03
3.470063209533691406e-03
2.382012456655502319e-02
2.932238578796386719e-02
1.400104537606239319e-02
3.449904918670654297e-02
1.300724595785140991e-02
3.064692020416259766e-03
2.247166633605957031e-02
1.816093921661376953e-02
1.995724439620971680e-02
1.534157991409301758e-02
1.104313135147094727e-02
4.583001136779785156e-04
5.100548267364501953e-03
5.632375180721282959e-02
1.823151111602783203e-02
2.632185071706771851e-02
3.370893001556396484e-02
3.756862832233309746e-02
5.060732364654541016e-03
2.221643924713134766e-03
4.226326942443847656e-02
2.216358482837677002e-02
6.928080320358276367e-02
3.179825842380523682e-02
6.367623805999755859e-03
3.008663654327392578e-03
2.636063098907470703e-02
1.453447341918945312e-02
1.191252470016479492e-02
1.101195812225341797e-03
1.868608593940734863e-02
4.476541280746459961e-02
5.638435482978820801e-03
3.597021102905273438e-02
4.269850338459946215e-02
1.036363840103149414e-02
2.318947389721870422e-02
1.906514167785644531e-02
7.036575675010681152e-02
3.135222196578979492e-02
2.781504392623901367e-02
1.134335994720458984e-02
4.641056060791015625e-02
4.747956991195678711e-03
5.406439304351806641e-03
1.731865108013153076e-02
3.546100854873657227e-02
2.363541722297668457e-02
2.381998300552368164e-02
1.352674886584281921e-02
5.735754966735839844e-03
1.464046537876129150e-02
4.669487476348876953e-02
3.580847382545471191e-02
1.046675443649291992e-02
6.709933280944824219e-03
3.802955150604248047e-03
6.638199090957641602e-03
2.066272497177124023e-02
4.918277263641357422e-03
7.468253374099731445e-03
2.673268318176269531e-03
2.851203083992004395e-03
5.669236183166503906e-03
4.331784322857856750e-02
3.391671180725097656e-02
1.026033237576484680e-02
6.181240081787109375e-03
2.422264963388442993e-02
1.596474647521972656e-02
2.707827091217041016e-02
8.309245109558105469e-03
2.305296063423156738e-02
9.188473224639892578e-03
3.612664341926574707e-02
1.707655191421508789e-02
3.034049272537231445e-02
1.966755092144012451e-02
1.503419876098632812e-02
2.581055462360382080e-02
7.196366786956787109e-03
1.736597716808319092e-02
6.294250488281250000e-04
8.775200694799423218e-03
4.019147157669067383e-02
4.655383527278900146e-02
1.513993740081787109e-02
4.791563749313354492e-02
4.280507564544677734e-03
4.680648446083068848e-02
2.698391675949096680e-02
7.516026496887207031e-03
2.016222476959228516e-02
3.271651268005371094e-02
2.259850502014160156e-02
1.500689983367919922e-02
2.805879339575767517e-02
2.039736509323120117e-02
3.151845186948776245e-03
4.301726818084716797e-03
5.938835442066192627e-03
9.794890880584716797e-03
1.610510051250457764e-02
2.635920047760009766e-02
3.977173566818237305e-02
7.297456264495849609e-03
1.319402456283569336e-02
8.960723876953125000e-03
6.283605098724365234e-02
2.167099714279174805e-02
1.340603828430175781e-02
1.266363263130187988e-02
2.960819005966186523e-02
2.886723726987838745e-02
1.972782611846923828e-02
4.289401322603225708e-02
7.639586925506591797e-03
1.182550191879272461e-02
4.204785823822021484e-02
1.833529770374298096e-02
6.686568260192871094e-03
2.021369338035583496e-02
1.424527168273925781e-02
9.923934936523437500e-03
2.527594566345214844e-03
4.831719398498535156e-02
4.045361280441284180e-02
2.127051353454589844e-03
1.523055136203765869e-02
1.642882823944091797e-03
2.721447777003049850e-02
1.153588294982910156e-02
4.241615533828735352e-04
4.466533660888671875e-03
1.010094583034515381e-02
6.860727071762084961e-02
4.403495788574218750e-02
6.120145320892333984e-03
2.371490001678466797e-03
1.302886009216308594e-02
1.844388246536254883e-02
2.296140789985656738e-02
2.549546957015991211e-02
2.699977159500122070e-02
1.891177892684936523e-02
1.093573868274688721e-03
2.195012569427490234e-02
1.619897037744522095e-02
4.641711711883544922e-03
4.396274685859680176e-02
2.136534452438354492e-02
9.843617677688598633e-03
1.780164241790771484e-02
3.258585929870605469e-04
4.718899726867675781e-03
3.746575117111206055e-02
3.984841704368591309e-02
3.984129428863525391e-02
4.420742392539978027e-03
1.407730579376220703e-02
4.210785031318664551e-03
2.283322811126708984e-02
1.339117065072059631e-02
1.705735921859741211e-02
1.062556356191635132e-02
1.507914066314697266e-02
1.140321791172027588e-02
1.827263832092285156e-02
2.554336190223693848e-02
6.675362586975097656e-03
1.378184556961059570e-02
3.409358859062194824e-02
2.693325281143188477e-02
3.314092755317687988e-03
2.638262510299682617e-02
4.301249980926513672e-02
1.026743650436401367e-02
3.093747794628143311e-02
5.162417888641357422e-03
9.116748347878456116e-03
5.270421504974365234e-03
4.685994982719421387e-02
1.484930515289306641e-02
4.554633796215057373e-02
3.104299306869506836e-02
1.139166951179504395e-02
2.852687239646911621e-02
5.248695611953735352e-02
5.202162265777587891e-02
5.379498004913330078e-03
1.159240305423736572e-02
2.876996994018554688e-03
3.819147497415542603e-02
1.181781291961669922e-02
2.649542037397623062e-02
6.002604961395263672e-03
1.015127450227737427e-02
1.652133464813232422e-02
3.181596100330352783e-02
1.709794998168945312e-02
2.331170439720153809e-02
3.387337923049926758e-02
1.653558015823364258e-02
1.542153954505920410e-02
1.928985118865966797e-03
1.838609576225280762e-02
8.617162704467773438e-03
1.649940013885498047e-02
1.027435064315795898e-02
1.737203449010848999e-02
3.246730566024780273e-02
9.624257683753967285e-03
2.670574188232421875e-02
2.176235616207122803e-02
2.091008424758911133e-02
3.149449825286865234e-03
3.299385309219360352e-02
2.577120065689086914e-02
1.988708972930908203e-03
1.485991477966308594e-02
2.481073141098022461e-03
7.511079311370849609e-03
2.262216806411743164e-02
4.234766960144042969e-02
1.844355463981628418e-02
2.011847496032714844e-02
3.320216387510299683e-02
3.595173358917236328e-02
3.195195458829402924e-02
7.330834865570068359e-03
2.908705174922943115e-02
1.456874608993530273e-02
2.136185765266418457e-02
8.604049682617187500e-03
5.051910877227783203e-03
1.454815268516540527e-02
1.564580202102661133e-02
7.011041045188903809e-03
1.561826467514038086e-02
2.473559975624084473e-02
3.109323978424072266e-02
6.044618785381317139e-04
7.248938083648681641e-03
3.094332618638873100e-02
2.216410636901855469e-02
5.375152826309204102e-02
3.941637277603149414e-02
4.737779498100280762e-03
1.504731178283691406e-02
2.072149515151977539e-02
1.158344745635986328e-02
1.409596204757690430e-02
1.606482267379760742e-02
2.464979887008666992e-02
1.444429159164428711e-02
3.833985328674316406e-02
4.384209215641021729e-02
1.518088579177856445e-02
2.072460949420928955e-02
1.088857650756835938e-02
1.616225019097328186e-02
1.075822114944458008e-02
4.416108131408691406e-04
1.667499542236328125e-02
2.734473347663879395e-02
1.636177301406860352e-02
7.211565971374511719e-04
1.541057229042053223e-02
8.298039436340332031e-03
6.386071443557739258e-03
3.439229726791381836e-02
3.799349069595336914e-03
1.551181077957153320e-02
8.214354515075683594e-03
8.886456489562988281e-03
1.133594661951065063e-02
1.385259628295898438e-02
1.012919843196868896e-02
9.769499301910400391e-03
3.820985555648803711e-03
3.081631660461425781e-02
2.423417568206787109e-02
2.571174502372741699e-02
3.429585695266723633e-02
3.577947616577148438e-03
7.939934730529785156e-04
8.647054433822631836e-03
2.699196338653564453e-03
2.451265975832939148e-02
1.563489437103271484e-03
3.517318516969680786e-03
2.513623237609863281e-02
6.681982427835464478e-03
6.154656410217285156e-03
1.910547912120819092e-02
2.677422761917114258e-02
2.490592002868652344e-02
8.041620254516601562e-03
9.265422821044921875e-03
1.596999168395996094e-02
2.351695299148559570e-02
2.577424049377441406e-03
2.283722162246704102e-02
3.827433288097381592e-02
2.993655204772949219e-02
4.955668246839195490e-02
1.196646690368652344e-02
4.256031662225723267e-02
2.693521976470947266e-02
2.233371138572692871e-03
6.621479988098144531e-04
2.688407897949218750e-03
2.179425954818725586e-02
8.071154356002807617e-03
2.657169103622436523e-02
3.886729478836059570e-02
1.491606235504150391e-02
1.904952526092529297e-02
4.556982219219207764e-02
2.862775325775146484e-02
3.073786944150924683e-02
3.114998340606689453e-03
6.209338456392288208e-02
6.031632423400878906e-03
2.101133763790130615e-02
1.752078533172607422e-03
1.082286238670349121e-03
3.181695938110351562e-03
3.900730609893798828e-02
2.604895830154418945e-02
2.711006999015808105e-02
1.869288086891174316e-02
3.234148025512695312e-03
3.123423457145690918e-02
4.836982488632202148e-02
2.000070363283157349e-02
3.165763616561889648e-02
5.301578342914581299e-02
3.690344095230102539e-02
1.862400397658348083e-02
2.477526664733886719e-03
4.570381343364715576e-02
6.752306222915649414e-02
1.043251156806945801e-02
5.006915330886840820e-02
5.130439996719360352e-03
5.989113450050354004e-02
6.156563758850097656e-04
5.286362767219543457e-02
2.856993675231933594e-02
1.961462199687957764e-02
5.349403619766235352e-02
5.695722997188568115e-03
1.457101106643676758e-02
6.093025207519531250e-03
2.547132968902587891e-02
2.143549546599388123e-02
3.239381313323974609e-02
1.327770948410034180e-02
4.209035634994506836e-02
1.129627227783203125e-02
1.206827163696289062e-02
2.028039097785949707e-02
1.150354743003845215e-02
1.362305879592895508e-02
4.217204451560974121e-02
2.209150791168212891e-02
3.959426283836364746e-02
1.422643661499023438e-03
8.236080408096313477e-03
2.122074365615844727e-02
2.469137310981750488e-02
1.553517580032348633e-02
9.689807891845703125e-03
1.859337091445922852e-02
3.805404901504516602e-02
5.465704202651977539e-02
1.060023307800292969e-01
4.930138587951660156e-02
2.411592006683349609e-02
2.413183450698852539e-03
8.015751838684082031e-03
1.021017134189605713e-02
5.541086196899414062e-03
3.560023009777069092e-02
3.845691680908203125e-03
1.322945952415466309e-02
1.703619956970214844e-02
5.220063030719757080e-03
1.783597469329833984e-02
3.000184893608093262e-02
2.944827079772949219e-02
3.682391345500946045e-02
3.065866231918334961e-02
4.661500453948974609e-03
5.101281404495239258e-02
4.245901107788085938e-02
9.057343006134033203e-03
6.880581378936767578e-03
1.786465197801589966e-02
1.239621639251708984e-02
1.985179632902145386e-02
1.652818918228149414e-02
1.722103357315063477e-02
3.432857990264892578e-02
3.409203514456748962e-02
5.778074264526367188e-03
3.215934336185455322e-02
1.061296463012695312e-02
1.106303930282592773e-02
7.992625236511230469e-03
2.223193645477294922e-02
5.278170108795166016e-03
1.918327808380126953e-02
4.111331701278686523e-02
2.463841438293457031e-02
1.465623080730438232e-02
2.160668373107910156e-02
2.159804105758666992e-02
1.486295461654663086e-02
2.803910523653030396e-02
3.646194934844970703e-03
1.979182660579681396e-02
1.655238866806030273e-02
6.478428840637207031e-03
2.524733543395996094e-03
1.049911975860595703e-02
1.615792512893676758e-03
2.669215202331542969e-02
3.773689270019531250e-03
4.548144340515136719e-02
3.915876150131225586e-04
1.930421590805053711e-02
1.004912704229354858e-02
5.029511451721191406e-02
1.945003867149353027e-03
1.396226882934570312e-02
4.895727336406707764e-02
7.547140121459960938e-03
2.602878212928771973e-02
3.624737262725830078e-03
6.288200616836547852e-03
4.880326986312866211e-02
7.958769798278808594e-03
2.781420946121215820e-03
4.200935363769531250e-03
2.812682092189788818e-02
6.981486082077026367e-02
2.195239812135696411e-02
3.411746025085449219e-02
2.347153052687644958e-02
7.549524307250976562e-04
2.230778336524963379e-04
8.430957794189453125e-03
4.743427038192749023e-03
1.373660564422607422e-02
1.185742020606994629e-02
4.805088043212890625e-03
1.980799436569213867e-02
3.766432404518127441e-02
4.532033205032348633e-02
4.584330320358276367e-02
3.367102146148681641e-02
5.474208295345306396e-02
4.475772380828857422e-02
1.741968840360641479e-02
1.042920351028442383e-02
6.446290761232376099e-03
3.579258918762207031e-04
3.801345825195312500e-03
2.740430831909179688e-02
2.358630299568176270e-03
1.877933740615844727e-02
1.987132430076599121e-02
2.499824762344360352e-02
5.606973171234130859e-02
4.277539253234863281e-02
2.193212509155273438e-03
1.445883512496948242e-02
6.312549114227294922e-03
9.082622826099395752e-03
3.519648313522338867e-02
3.266029059886932373e-03
9.106755256652832031e-03
5.167236924171447754e-02
1.046419143676757812e-03
2.127587795257568359e-04
3.950059413909912109e-03
1.875329017639160156e-02
1.690638065338134766e-02
1.194015145301818848e-02
5.135595798492431641e-03
2.783489227294921875e-02
2.028208971023559570e-02
2.481937408447265625e-03
5.889643728733062744e-02
4.876637458801269531e-02
8.631907403469085693e-04
5.390518903732299805e-02
4.283350706100463867e-02
1.420164108276367188e-02
4.811362922191619873e-02
2.582770586013793945e-02
1.455992460250854492e-02
7.264912128448486328e-03
1.602685451507568359e-02
7.416605949401855469e-03
1.065117120742797852e-02
4.340669512748718262e-02
4.970192909240722656e-02
9.662151336669921875e-03
4.685103893280029297e-03
4.350505769252777100e-03
2.565133571624755859e-02
4.176678508520126343e-02
1.681244373321533203e-02
3.783371299505233765e-02
1.189213991165161133e-02
1.262184977531433105e-02
3.158372640609741211e-02
2.926123142242431641e-02
4.012262821197509766e-02
3.688380122184753418e-02
2.417877316474914551e-02
4.137080907821655273e-02
2.350157499313354492e-02
2.876102924346923828e-03
9.403824806213378906e-03
2.085191011428833008e-02
2.244822680950164795e-02
2.975702285766601562e-02
3.856860380619764328e-02
1.453489065170288086e-02
3.528310358524322510e-02
1.879554986953735352e-02
6.040877103805541992e-02
2.555209398269653320e-02
3.555008769035339355e-02
2.454966306686401367e-02
1.117593050003051758e-02
2.391192317008972168e-02
2.124834060668945312e-02
3.188043832778930664e-03
2.282464504241943359e-02
3.413245081901550293e-02
3.738415241241455078e-02
2.066722884774208069e-02
3.615486621856689453e-02
1.073719561100006104e-02
9.253919124603271484e-03
1.789827644824981689e-02
8.030533790588378906e-04
1.261293888092041016e-02
4.651755094528198242e-02
1.858529448509216309e-02
7.686018943786621094e-04
2.528846263885498047e-03
2.191418409347534180e-02
1.610034704208374023e-02
1.509016752243041992e-02
1.220542192459106445e-02
3.273338079452514648e-03
4.523015022277832031e-02
1.846377365291118622e-02
1.967644691467285156e-02
6.607241928577423096e-03
3.893858194351196289e-02
3.062613308429718018e-02
1.013213396072387695e-02
2.143785357475280762e-02
3.736609220504760742e-02
3.007155656814575195e-02
1.868677139282226562e-02
1.190423965454101562e-03
2.072562277317047119e-02
2.181988954544067383e-02
1.882566511631011963e-02
2.322554588317871094e-03
5.195446312427520752e-03
4.206490516662597656e-02
3.428109735250473022e-02
1.313418149948120117e-02
1.783111691474914551e-02
1.461732387542724609e-02
4.129959642887115479e-02
2.918535470962524414e-02
2.992421388626098633e-03
1.637104153633117676e-02
1.971900463104248047e-02
1.951694488525390625e-02
2.777403593063354492e-02
2.686734497547149658e-02
2.742737531661987305e-02
2.995016053318977356e-02
3.996491432189941406e-03
4.447493702173233032e-03
1.253259181976318359e-02
6.312862038612365723e-03
2.733170986175537109e-03
3.607457876205444336e-02
6.978750228881835938e-03
5.249381065368652344e-04
4.530757665634155273e-02
1.124072074890136719e-02
2.368900179862976074e-02
1.169025897979736328e-02
1.758952438831329346e-02
1.635009050369262695e-02
4.202134907245635986e-02
6.895244121551513672e-03
2.277617715299129486e-02
3.556251525878906250e-03
1.040989160537719727e-02
2.347809076309204102e-02
1.396673917770385742e-02
9.092867374420166016e-03
2.452731132507324219e-03
5.610674619674682617e-02
1.895061135292053223e-02
3.641074895858764648e-02
1.090133190155029297e-02
4.089832305908203125e-02
1.309674978256225586e-02
2.447585761547088623e-02
5.689263343811035156e-03
4.559526592493057251e-02
3.145992755889892578e-03
1.428619399666786194e-02
3.149002790451049805e-02
2.459137886762619019e-02
2.144527435302734375e-02
1.989255845546722412e-02
4.849177598953247070e-02
3.934413194656372070e-03
1.761078834533691406e-02
4.390066862106323242e-02
1.756718754768371582e-02
9.170174598693847656e-03
8.214265108108520508e-03
9.147942066192626953e-03
4.532499611377716064e-02
1.901262998580932617e-02
2.836779505014419556e-02
5.715548992156982422e-03
1.929204910993576050e-03
4.114621877670288086e-02
3.091531991958618164e-02
2.122318744659423828e-02
6.790146231651306152e-03
8.397042751312255859e-03
2.016341686248779297e-02
4.835754632949829102e-02
1.725834608078002930e-02
3.804552555084228516e-02
1.507687568664550781e-02
4.076793789863586426e-03
1.745003461837768555e-02
1.365154981613159180e-03
8.774101734161376953e-03
2.255063038319349289e-02
1.806271076202392578e-02
2.457709610462188721e-02
4.182678461074829102e-02
4.102820158004760742e-02
1.616120338439941406e-02
5.632242560386657715e-02
2.094936370849609375e-02
1.956093311309814453e-02
1.143607497215270996e-02
5.906665325164794922e-02
2.093166112899780273e-03
8.739888668060302734e-03
5.957737565040588379e-03
3.811669349670410156e-02
3.379987180233001709e-02
2.792775630950927734e-03
1.548366248607635498e-02
1.338851451873779297e-02
1.341019570827484131e-02
6.067633628845214844e-03
9.351417422294616699e-03
3.269243240356445312e-02
1.898714900016784668e-02
3.325673937797546387e-02
1.437342166900634766e-02
4.250854253768920898e-03
4.675006866455078125e-02
4.006025940179824829e-02
3.124892711639404297e-02
1.212809607386589050e-02
2.220231294631958008e-02
1.063233241438865662e-03
2.481251955032348633e-02
4.168276488780975342e-02
2.848541736602783203e-02
1.599881052970886230e-02
3.553777933120727539e-02
1.493790745735168457e-02
2.062422037124633789e-02
1.712217926979064941e-02
1.078680157661437988e-02
9.905219078063964844e-03
7.619455456733703613e-03
4.596173763275146484e-03
1.228760927915573120e-02
3.788620233535766602e-02
1.291152089834213257e-02
2.366298437118530273e-02
1.572072505950927734e-04
1.705956459045410156e-02
1.823656260967254639e-02
2.564090490341186523e-02
4.116715490818023682e-02
4.341095685958862305e-02
2.542793750762939453e-02
6.027042865753173828e-03
1.952368021011352539e-02
3.615841269493103027e-02
2.280712127685546875e-03
1.713882386684417725e-02
8.259356021881103516e-03
2.471110969781875610e-02
7.486402988433837891e-03
8.818741887807846069e-03
2.146565914154052734e-02
6.467431783676147461e-03
8.529305458068847656e-03
2.980542182922363281e-02
4.933834075927734375e-03
1.851734519004821777e-02
7.489860057830810547e-03
2.086454629898071289e-02
3.978610038757324219e-05
2.224832773208618164e-02
7.588133215904235840e-03
3.270316123962402344e-02
1.933310925960540771e-02
5.143880844116210938e-05
2.993980795145034790e-02
9.668767452239990234e-02
3.759072767570614815e-02
9.238898754119873047e-03
1.922771483659744263e-01
4.012875854969024658e-01
5.456222295761108398e-01
5.431732088327407837e-01
4.319948852062225342e-01
1.957911103963851929e-01
1.408548951148986816e-01
4.879202842712402344e-01
7.007036283612251282e-01
7.525228410959243774e-01
6.881965547800064087e-01
4.729869812726974487e-01
1.557865142822265625e-01
2.364104986190795898e-02
1.596435308456420898e-01
2.684230357408523560e-02
1.006478071212768555e-01
3.811910152435302734e-01
4.461882710456848145e-01
6.131543219089508057e-01
4.943070337176322937e-01
2.290292978286743164e-01
9.454482793807983398e-02
4.002295136451721191e-01
6.106521487236022949e-01
7.369341459125280380e-01
6.181793957948684692e-01
3.999805748462677002e-01
1.461539417505264282e-01
1.838833689689636230e-01
1.667213793843984604e-01
1.647819876670837402e-01
6.516489386558532715e-02
2.831857502460479736e-01
4.850339889526367188e-01
5.003269240260124207e-01
4.252983033657073975e-01
2.483211606740951538e-01
4.684531688690185547e-02
4.159941077232360840e-01
6.162492781877517700e-01
6.366547346115112305e-01
5.708397328853607178e-01
3.937052488327026367e-01
9.462773799896240234e-03
8.829869329929351807e-02
2.457304596900939941e-01
1.457424685359001160e-01
3.481715917587280273e-02
2.451756000518798828e-01
3.957678377628326416e-01
5.187425613403320312e-01
4.544093832373619080e-01
2.460310459136962891e-01
7.915139198303222656e-02
3.249208629131317139e-01
5.318286716938018799e-01
6.113979145884513855e-01
4.864028692245483398e-01
2.085959613323211670e-01
5.449685454368591309e-02
2.724614739418029785e-01
3.029614817351102829e-01
3.035501837730407715e-01
1.199224889278411865e-01
1.561940610408782959e-01
4.500254690647125244e-01
4.559343829751014709e-01
4.587440490722656250e-01
2.427072525024414062e-01
2.547717094421386719e-02
3.301581442356109619e-01
4.910844862461090088e-01
5.184950232505798340e-01
3.991579860448837280e-01
2.184568941593170166e-01
1.404004395008087158e-01
2.326080054044723511e-01
4.051958918571472168e-01
3.048312887549400330e-01
1.195160746574401855e-01
1.431377232074737549e-01
3.513321280479431152e-01
5.192128717899322510e-01
4.494508653879165649e-01
3.175435662269592285e-01
5.748185515403747559e-02
2.375735640525817871e-01
5.107196569442749023e-01
4.964032024145126343e-01
3.914401531219482422e-01
1.059573590755462646e-01
5.880358815193176270e-02
4.289480745792388916e-01
4.391013793647289276e-01
4.183935523033142090e-01
1.584472656250000000e-01
3.184773921966552734e-01
2.033147215843200684e-01
1.506860852241516113e-01
8.905738592147827148e-03
2.863109111785888672e-03
1.558882892131805420e-01
1.449490189552307129e-01
2.530342340469360352e-01
2.329932302236557007e-01
3.504419326782226562e-01
3.832219652831554413e-01
4.329378604888916016e-01
3.525548800826072693e-01
3.995783329010009766e-01
3.194896876811981201e-01
2.787340879440307617e-01
1.890255808830261230e-01
1.942623257637023926e-01
7.763397693634033203e-02
7.293516397476196289e-02
7.580095529556274414e-02
7.320511341094970703e-02
1.708250641822814941e-01
2.042637914419174194e-01
2.723754644393920898e-01
2.344677597284317017e-01
3.094303011894226074e-01
2.378797009587287903e-01
3.038010001182556152e-01
2.202352657914161682e-01
2.483489513397216797e-01
2.077833265066146851e-01
1.607217192649841309e-01
7.493853569030761719e-02
5.823910236358642578e-02
3.379872441291809082e-02
7.143437862396240234e-03
9.071871638298034668e-02
9.270611405372619629e-02
1.755431890487670898e-01
2.176863998174667358e-01
2.369368076324462891e-01
2.063708752393722534e-01
2.130252718925476074e-01
2.252538129687309265e-01
2.366127967834472656e-01
1.394999846816062927e-01
1.532811522483825684e-01
1.378633603453636169e-01
9.492915868759155273e-02
8.677488565444946289e-02
3.100198507308959961e-02
2.619495987892150879e-02
2.326861023902893066e-02
4.690831899642944336e-02
1.302567273378372192e-01
1.625745892524719238e-01
1.684744730591773987e-01
1.495896577835083008e-01
1.528083197772502899e-01
1.626656651496887207e-01
1.615292856004089117e-01
1.363516449928283691e-01
9.465336799621582031e-02
7.319885492324829102e-02
3.963360190391540527e-02
3.848218917846679688e-02
3.177136182785034180e-03
1.835191249847412109e-02
1.128214597702026367e-02
3.363677859306335449e-02
6.128650903701782227e-02
8.215953409671783447e-02
6.331574916839599609e-02
1.200070455670356750e-01
1.001766324043273926e-01
1.203200249001383781e-01
7.248324155807495117e-02
3.885868191719055176e-02
3.651005029678344727e-02
4.000143706798553467e-02
4.750657081604003906e-02
2.011325955390930176e-02
1.585084199905395508e-02
2.023547887802124023e-03
1.583728194236755371e-02
2.785235643386840820e-02
1.407998800277709961e-02
5.850028991699218750e-02
1.009874045848846436e-02
7.816708087921142578e-02
5.370074138045310974e-02
6.272405385971069336e-02
3.899735771119594574e-02
5.108118057250976562e-03
1.713760197162628174e-02
3.862732648849487305e-02
1.146972179412841797e-03
7.314383983612060547e-03
1.582673192024230957e-02
8.979916572570800781e-03
1.397669315338134766e-02
3.460347652435302734e-02
7.569080591201782227e-02
2.890495955944061279e-02
3.253841400146484375e-02
9.089626371860504150e-03
9.467780590057373047e-03
1.956591755151748657e-02
1.984822750091552734e-02
4.907989501953125000e-02
1.972842216491699219e-02
2.606881409883499146e-02
1.737642288208007812e-02
2.439907193183898926e-02
1.817131042480468750e-02
4.857480525970458984e-03
2.589350938796997070e-02
2.307760715484619141e-02
2.594068646430969238e-02
1.142847537994384766e-02
2.653016895055770874e-02
2.102327346801757812e-02
3.490135446190834045e-02
4.368782043457031250e-02
3.085344284772872925e-02
2.882605791091918945e-02
1.819757372140884399e-02
2.766728401184082031e-03
1.534658670425415039e-02
1.724785566329956055e-02
3.912016749382019043e-02
3.086954355239868164e-02
2.003544569015502930e-02
2.476429939270019531e-02
1.687324047088623047e-02
1.351115107536315918e-02
9.812951087951660156e-03
5.584485828876495361e-03
1.144373416900634766e-02
1.507601886987686157e-02
1.044934988021850586e-02
1.025204360485076904e-02
5.050539970397949219e-03
3.498230874538421631e-02
2.837401628494262695e-02
5.914247035980224609e-02
2.070915699005126953e-02
1.948159933090209961e-02
3.541758656501770020e-02
1.270800828933715820e-02
6.776213645935058594e-03
2.062439918518066406e-02
2.417197823524475098e-02
2.228814363479614258e-02
1.663238555192947388e-02
2.683889865875244141e-02
1.646563783288002014e-02
7.647693157196044922e-03
1.558677852153778076e-02
1.837271451950073242e-02
3.894045948982238770e-03
1.232790946960449219e-02
3.390610218048095703e-02
1.350021362304687500e-02
6.129622459411621094e-03
2.157831192016601562e-02
1.244449615478515625e-02
4.709008336067199707e-02
3.289413452148437500e-02
1.792565733194351196e-02
6.535470485687255859e-03
4.842095077037811279e-02
5.017399787902832031e-03
1.690382510423660278e-02
6.299316883087158203e-03
2.911457419395446777e-02
2.121967077255249023e-02
1.746714115142822266e-02
4.114609956741333008e-02
1.796305179595947266e-02
7.305145263671875000e-04
9.726047515869140625e-03
5.538403987884521484e-03
1.150524616241455078e-02
1.796892285346984863e-02
2.976053953170776367e-02
1.732561737298965454e-02
3.773391246795654297e-03
3.102751821279525757e-02
3.792005777359008789e-02
5.639879405498504639e-02
3.795653581619262695e-02
1.438121497631072998e-02
1.579797267913818359e-02
6.731688976287841797e-03
2.880465984344482422e-02
1.053977012634277344e-02
4.898250102996826172e-03
3.982239961624145508e-02
2.747692167758941650e-02
1.075232028961181641e-02
1.820756494998931885e-02
1.372754573822021484e-02
3.774313628673553467e-02
6.779730319976806641e-02
1.469650119543075562e-02
4.661893844604492188e-02
2.518506348133087158e-02
2.689838409423828125e-03
4.741510748863220215e-02
3.846645355224609375e-03
2.648490667343139648e-02
2.828210592269897461e-02
9.725332260131835938e-03
1.918813586235046387e-02
4.188567399978637695e-02
2.780371904373168945e-02
5.883872509002685547e-02
8.695907890796661377e-03
2.039915323257446289e-02
2.045427449047565460e-02
2.360850572586059570e-02
3.014603257179260254e-02
1.581287384033203125e-02
2.457877993583679199e-02
1.727813482284545898e-02
2.170097827911376953e-02
1.404440402984619141e-02
2.166324853897094727e-02
8.093327283859252930e-03
4.223793745040893555e-02
3.014713525772094727e-02
2.284830808639526367e-02
2.342537045478820801e-04
2.178549766540527344e-04
5.676519125699996948e-03
2.936702966690063477e-02
4.819288849830627441e-03
1.276320219039916992e-02
2.046868205070495605e-02
1.100605726242065430e-02
3.171205520629882812e-02
6.543815135955810547e-03
4.946082830429077148e-03
1.766195893287658691e-02
4.262489080429077148e-02
1.499247550964355469e-02
1.368725299835205078e-02
1.881155371665954590e-02
2.726840972900390625e-02
1.370338723063468933e-02
3.485679626464843750e-04
7.936056703329086304e-03
4.840970039367675781e-03
1.750862598419189453e-02
2.253949642181396484e-02
1.249529421329498291e-02
1.864486932754516602e-02
2.470284700393676758e-02
3.712767362594604492e-02
4.651775956153869629e-02
1.515850424766540527e-02
7.065534591674804688e-02
3.637172281742095947e-02
3.206813335418701172e-02
1.460144668817520142e-02
8.949577808380126953e-03
1.650648936629295349e-02
3.183829784393310547e-02
6.711937487125396729e-03
7.468879222869873047e-03
6.212093681097030640e-02
4.496693611145019531e-03
1.907050609588623047e-04
1.844930648803710938e-02
2.314269542694091797e-03
2.491655945777893066e-02
2.189469337463378906e-02
2.774965763092041016e-02
2.527260780334472656e-02
1.282423734664916992e-03
2.202695608139038086e-02
3.786022402346134186e-02
3.461331129074096680e-02
1.260402426123619080e-02
9.933412075042724609e-03
5.055793747305870056e-02
2.716535329818725586e-02
2.507413923740386963e-02
3.551656007766723633e-02
1.451086997985839844e-02
3.426611423492431641e-02
1.625555753707885742e-02
4.886537790298461914e-03
7.922112941741943359e-03
1.626476645469665527e-03
2.038145065307617188e-02
6.014287471771240234e-03
8.369684219360351562e-04
4.565790295600891113e-03
4.304271936416625977e-02
4.557669162750244141e-03
2.667069435119628906e-03
1.566882431507110596e-02
3.834724426269531250e-03
2.245905995368957520e-02
1.304584741592407227e-02
1.148134469985961914e-03
2.060532569885253906e-02
1.862174272537231445e-02
1.479661464691162109e-02
3.030550479888916016e-02
4.672110080718994141e-04
5.317777395248413086e-02
2.416670322418212891e-03
1.762133836746215820e-02
1.105264760553836823e-02
2.140194177627563477e-02
1.156514137983322144e-02
2.395987510681152344e-03
1.453062891960144043e-02
2.873426675796508789e-02
3.662052750587463379e-02
3.358709812164306641e-02
2.243530750274658203e-02
2.292931079864501953e-03
1.716119050979614258e-02
1.172536611557006836e-02
2.382737398147583008e-02
1.296264678239822388e-02
1.079380512237548828e-03
3.198717441409826279e-02
9.949386119842529297e-03
4.477865993976593018e-02
1.513487100601196289e-02
3.792484104633331299e-02
2.168285846710205078e-02
1.463088393211364746e-02
5.174165964126586914e-02
1.329386234283447266e-02
1.205250620841979980e-02
4.825532436370849609e-03
1.424738764762878418e-02
2.496659755706787109e-02
5.735948681831359863e-03
5.230605602264404297e-02
3.355899453163146973e-02
4.198932647705078125e-02
3.172531723976135254e-03
2.916544675827026367e-02
1.122194528579711914e-02
3.767490386962890625e-02
9.498864412307739258e-03
3.499150276184082031e-03
2.520480751991271973e-02
1.608419418334960938e-02
2.123296260833740234e-03
1.865524053573608398e-02
1.605224609375000000e-02
1.024751365184783936e-02
9.866178035736083984e-03
5.386991798877716064e-02
1.040333509445190430e-02
4.489272832870483398e-04
2.323853969573974609e-02
2.244732528924942017e-02
3.583699464797973633e-02
5.682945251464843750e-03
1.025229692459106445e-02
2.667734026908874512e-02
3.715765476226806641e-02
1.478421688079833984e-02
4.180064797401428223e-02
6.736040115356445312e-03
4.005956649780273438e-02
3.708130121231079102e-02
2.535088360309600830e-02
1.728373765945434570e-02
5.403507500886917114e-03
1.975649595260620117e-02
1.597588136792182922e-02
2.342921495437622070e-02
5.638390779495239258e-03
1.590210199356079102e-02
2.191649377346038818e-02
6.734549999237060547e-03
4.647034406661987305e-02
1.968622207641601562e-03
6.860673427581787109e-03
1.282176375389099121e-02
4.284262657165527344e-03
1.185372471809387207e-03
2.982670068740844727e-02
7.538348436355590820e-03
2.454495429992675781e-02
1.526215672492980957e-02
1.346170902252197266e-02
1.623000204563140869e-02
1.050788164138793945e-02
1.210816204547882080e-03
2.502727508544921875e-02
3.233814239501953125e-02
9.343445301055908203e-03
3.097838163375854492e-02
1.569479703903198242e-03
1.714551448822021484e-02
8.292287588119506836e-03
5.754768848419189453e-03
1.902875304222106934e-02
5.566239356994628906e-03
2.340116351842880249e-02
4.905539751052856445e-02
4.848986491560935974e-02
1.454222202301025391e-02
2.139018476009368896e-02
1.101851463317871094e-03
1.728577911853790283e-02
3.783863782882690430e-02
1.572933793067932129e-02
4.153472185134887695e-02
6.356465816497802734e-02
1.883614063262939453e-02
7.734477519989013672e-03
1.618340611457824707e-02
5.507469177246093750e-05
1.574666798114776611e-02
5.295830965042114258e-02
5.738049745559692383e-03
2.506798505783081055e-02
2.183304727077484131e-02
4.452466964721679688e-03
3.320820629596710205e-03
1.132750511169433594e-02
2.292852103710174561e-02
3.651750087738037109e-02
3.278878331184387207e-02
2.871274948120117188e-03
5.698919296264648438e-03
2.221632003784179688e-02
1.192951202392578125e-02
5.605027079582214355e-03
5.570590496063232422e-03
5.734243988990783691e-02
1.703929901123046875e-02
2.213622257113456726e-02
3.440439701080322266e-02
3.325624763965606689e-02
1.742869615554809570e-02
2.685797214508056641e-02
3.537607192993164062e-02
3.162911534309387207e-02
1.167756319046020508e-02
1.264685392379760742e-02
3.332012891769409180e-02
2.545946836471557617e-02
1.362636685371398926e-03
3.886896371841430664e-02
1.993098109960556030e-02
1.173138618469238281e-02
2.598095685243606567e-03
1.704156398773193359e-03
1.870324090123176575e-02
1.598811149597167969e-02
6.748758256435394287e-03
1.319950819015502930e-02
1.186162233352661133e-03
2.119994163513183594e-02
7.363438606262207031e-03
1.461642980575561523e-02
2.010017633438110352e-02
3.778547048568725586e-03
2.670109272003173828e-02
3.843955695629119873e-02
3.089225292205810547e-02
2.345983684062957764e-02
1.737987995147705078e-02
1.418220996856689453e-02
1.444339752197265625e-02
2.447938919067382812e-02
3.349745273590087891e-02
3.705811500549316406e-02
3.999286890029907227e-02
3.360107541084289551e-02
1.837581396102905273e-02
3.900468349456787109e-03
2.657967805862426758e-02
3.480380773544311523e-02
1.357963681221008301e-02
2.809047698974609375e-03
3.690215200185775757e-02
1.713365316390991211e-02
3.702636808156967163e-03
4.672586917877197266e-02
3.101932257413864136e-02
1.514703035354614258e-02
5.111038684844970703e-03
5.444681644439697266e-02
8.785784244537353516e-03
1.176774501800537109e-03
3.624778985977172852e-02
3.092706203460693359e-02
1.005458831787109375e-02
8.164286613464355469e-03
1.068776845932006836e-02
1.253016293048858643e-02
4.238128662109375000e-03
2.641369402408599854e-02
3.912687301635742188e-03
3.256999514997005463e-02
2.940857410430908203e-02
2.538561075925827026e-02
1.285910606384277344e-02
8.291751146316528320e-04
3.177350759506225586e-02
1.981967687606811523e-02
6.374645233154296875e-02
1.468417048454284668e-02
4.661411046981811523e-03
1.433563232421875000e-02
4.236879944801330566e-02
2.403706312179565430e-02
2.631753683090209961e-03
5.081170797348022461e-02
2.339179068803787231e-02
5.371481180191040039e-02
7.036199793219566345e-03
3.862106800079345703e-02
7.498167455196380615e-03
1.512938737869262695e-02
2.883949875831604004e-02
3.347045183181762695e-02
8.818656206130981445e-03
2.343800663948059082e-02
7.855832576751708984e-03
6.789505481719970703e-03
1.066184043884277344e-02
3.291283547878265381e-02
2.437353134155273438e-03
1.691483706235885620e-02
5.202841758728027344e-02
9.736243635416030884e-03
9.266853332519531250e-03
1.823525875806808472e-02
3.169947862625122070e-02
3.230944275856018066e-03
1.239496469497680664e-02
3.456032276153564453e-02
1.133757829666137695e-02
2.065768837928771973e-02
2.398502826690673828e-02
1.411777734756469727e-02
4.455283284187316895e-03
2.095967531204223633e-02
3.874225914478302002e-02
3.191304206848144531e-02
1.385605707764625549e-02
4.363119602203369141e-03
6.477821618318557739e-03
1.432698965072631836e-02
2.121597528457641602e-03
2.335375547409057617e-02
6.837889552116394043e-03
2.734410762786865234e-02
8.084267377853393555e-03
1.423949003219604492e-02
4.005622863769531250e-02
1.568222045898437500e-02
2.955979108810424805e-02
9.720757603645324707e-03
2.553522586822509766e-02
8.432991802692413330e-03
4.044038057327270508e-02
9.858328849077224731e-03
7.436275482177734375e-03
4.263788461685180664e-03
3.330993652343750000e-02
3.710821270942687988e-02
4.643863439559936523e-02
2.421861886978149414e-02
2.519798278808593750e-02
3.241845965385437012e-02
1.392528414726257324e-02
8.850812911987304688e-03
3.048226237297058105e-02
5.362784862518310547e-02
1.305885612964630127e-03
1.533329486846923828e-02
9.884566068649291992e-03
2.127587795257568359e-03
6.453134119510650635e-04
2.964496612548828125e-03
1.568423211574554443e-02
4.376024007797241211e-02
1.073181629180908203e-04
1.682990789413452148e-02
1.823973655700683594e-02
2.837517857551574707e-02
1.191276311874389648e-02
4.601001739501953125e-03
2.918124198913574219e-03
4.714280366897583008e-02
3.987747430801391602e-02
2.124649286270141602e-02
1.304858922958374023e-02
1.178677007555961609e-02
1.352792978286743164e-02
8.298158645629882812e-03
2.354371547698974609e-02
1.637609302997589111e-02
6.913721561431884766e-03
1.572984457015991211e-02
4.211318492889404297e-02
3.347265720367431641e-02
4.280656576156616211e-03
2.017676830291748047e-03
2.181661128997802734e-02
1.238328218460083008e-02
3.504315018653869629e-02
1.037019491195678711e-02
5.717759672552347183e-02
5.751729011535644531e-03
3.997440007515251637e-02
5.987703800201416016e-02
1.511064171791076660e-02
1.323366165161132812e-02
1.755505800247192383e-04
1.565873622894287109e-02
2.908945083618164062e-02
1.789480447769165039e-02
1.919305324554443359e-02
2.066749334335327148e-02
7.833182811737060547e-03
3.533196449279785156e-02
1.369339227676391602e-02
3.736206144094467163e-02
3.460401296615600586e-02
1.000393182039260864e-03
2.044636011123657227e-02
4.477120935916900635e-03
2.903914451599121094e-02
4.218694567680358887e-02
6.526350975036621094e-03
1.458641886711120605e-02
1.893383264541625977e-02
1.765522360801696777e-02
2.727660536766052246e-02
8.596181869506835938e-04
2.583354711532592773e-03
2.092534303665161133e-02
3.954522311687469482e-02
1.816284656524658203e-02
6.195277720689773560e-02
1.868432760238647461e-02
4.686649888753890991e-03
1.736789941787719727e-02
2.540925145149230957e-02
1.557826995849609375e-03
3.673464059829711914e-02
2.549058198928833008e-02
2.299070358276367188e-02
1.757913827896118164e-02
3.047221899032592773e-02
3.149166703224182129e-02
1.147419214248657227e-02
1.368401944637298584e-02
8.714258670806884766e-03
8.719526231288909912e-03
1.587355136871337891e-02
2.012226730585098267e-02
2.038156986236572266e-02
3.130036592483520508e-02
1.225012540817260742e-02
2.669349312782287598e-03
5.856692790985107422e-03
1.041460037231445312e-02
7.009506225585937500e-05
1.807004213333129883e-03
2.275952696800231934e-02
4.692494869232177734e-03
1.862809062004089355e-02
5.525231361389160156e-02
3.933286666870117188e-02
5.024665594100952148e-02
5.969144403934478760e-03
3.654682636260986328e-02
1.940562389791011810e-02
4.149955511093139648e-02
1.834744215011596680e-02
5.498349666595458984e-03
5.674347281455993652e-03
3.827869892120361328e-03
2.190232276916503906e-02
2.682363986968994141e-02
2.211093902587890625e-02
1.560166478157043457e-02
4.801106452941894531e-02
2.839896082878112793e-02
3.176277875900268555e-02
1.724004000425338745e-02
1.202565431594848633e-02
2.831107378005981445e-02
3.322339057922363281e-02
1.686310768127441406e-02
3.236973285675048828e-02
4.344449937343597412e-02
6.412935256958007812e-02
1.391234993934631348e-02
2.648270130157470703e-02
3.253158926963806152e-02
1.368635892868041992e-02
9.130835533142089844e-04
1.238548755645751953e-02
1.992994546890258789e-02
4.553541541099548340e-02
9.582579135894775391e-03
4.693254828453063965e-03
1.157498359680175781e-02
3.609512746334075928e-02
1.366668939590454102e-02
7.131986320018768311e-03
2.945137023925781250e-02
4.442168772220611572e-02
2.183061838150024414e-02
3.385901451110839844e-03
1.471382379531860352e-02
6.425380706787109375e-04
4.476776719093322754e-02
5.580902099609375000e-03
1.260837912559509277e-02
4.402434825897216797e-02
1.696135103702545166e-02
1.961708068847656250e-03
2.199899405241012573e-02
9.726285934448242188e-03
4.047565162181854248e-03
1.541364192962646484e-02
3.505674004554748535e-02
9.546875953674316406e-03
4.915842413902282715e-02
6.936490535736083984e-03
1.936993002891540527e-02
3.222286701202392578e-03
5.609333515167236328e-03
4.430264234542846680e-03
2.785897254943847656e-02
4.609027504920959473e-02
7.563829421997070312e-04
1.128373295068740845e-02
1.476268172264099121e-01
5.933132022619247437e-02
4.026722908020019531e-02
1.092608422040939331e-01
3.296557068824768066e-01
5.133700221776962280e-01
5.359493941068649292e-01
4.894188642501831055e-01
3.744948878884315491e-01
6.550073623657226562e-03
3.130463361740112305e-01
6.424953937530517578e-01
8.277562409639358521e-01
7.167269960045814514e-01
5.493590384721755981e-01
2.660100460052490234e-01
4.396012425422668457e-02
9.209716320037841797e-02
1.551344245672225952e-02
4.436469078063964844e-02
2.587492913007736206e-01
4.396220445632934570e-01
5.425914525985717773e-01
4.954271316528320312e-01
3.185660839080810547e-01
2.603197097778320312e-02
3.213180899620056152e-01
5.350334048271179199e-01
6.773907467722892761e-01
6.457116305828094482e-01
5.121355950832366943e-01
2.286541163921356201e-01
9.860616922378540039e-02
1.341264545917510986e-01
2.100759744644165039e-01
1.671712100505828857e-02
1.372569799423217773e-01
4.399837553501129150e-01
5.054436475038528442e-01
4.469268918037414551e-01
3.358818590641021729e-01
4.408270120620727539e-02
2.900766730308532715e-01
5.281229764223098755e-01
6.507067084312438965e-01
6.078452840447425842e-01
4.494878053665161133e-01
1.073107123374938965e-01
7.440453767776489258e-02
2.848934531211853027e-01
1.864901036024093628e-01
8.384561538696289062e-02
1.363920569419860840e-01
3.462260663509368896e-01
5.203308761119842529e-01
4.965249933302402496e-01
3.608656525611877441e-01
6.714034080505371094e-02
2.212066948413848877e-01
4.910155534744262695e-01
5.919408537447452545e-01
5.594255924224853516e-01
3.170307874679565430e-01
1.426180899143218994e-01
2.454459071159362793e-01
2.647216282784938812e-01
3.384559154510498047e-01
1.252493411302566528e-01
6.114161014556884766e-02
4.011302888393402100e-01
4.982123076915740967e-01
5.433323681354522705e-01
3.196184933185577393e-01
1.036268472671508789e-01
2.473807632923126221e-01
4.373543560504913330e-01
5.208084881305694580e-01
4.152481406927108765e-01
3.151963055133819580e-01
1.029759645462036133e-02
2.015223652124404907e-01
4.350609779357910156e-01
3.612731173634529114e-01
2.126142978668212891e-01
4.542961716651916504e-02
2.275018692016601562e-01
4.109895825386047363e-01
5.009055454283952713e-01
3.628408014774322510e-01
8.698737621307373047e-02
1.543788015842437744e-01
4.290991127490997314e-01
5.687159150838851929e-01
4.627024829387664795e-01
2.614410221576690674e-01
3.613924980163574219e-02
3.152976632118225098e-01
4.087308049201965332e-01
3.822729289531707764e-01
3.075366914272308350e-01
3.451955318450927734e-01
2.373872101306915283e-01
1.787132024765014648e-01
1.256078481674194336e-03
1.252651214599609375e-02
9.089994430541992188e-02
9.866064786911010742e-02
2.624503374099731445e-01
2.830114364624023438e-01
3.623779416084289551e-01
3.438250347971916199e-01
4.066422581672668457e-01
3.796809688210487366e-01
4.049290418624877930e-01
3.104458376765251160e-01
3.245139122009277344e-01
2.316006422042846680e-01
2.244578003883361816e-01
8.297285437583923340e-02
7.001000642776489258e-02
1.431238651275634766e-02
7.243952155113220215e-02
1.016527116298675537e-01
1.662164330482482910e-01
2.451555132865905762e-01
2.178524881601333618e-01
3.343513011932373047e-01
2.705194689333438873e-01
3.046257495880126953e-01
2.623279951512813568e-01
2.610778808593750000e-01
2.123821452260017395e-01
1.716865301132202148e-01
1.197324246168136597e-01
8.990609645843505859e-02
3.409489989280700684e-02
3.725719451904296875e-02
7.775378227233886719e-02
6.288522481918334961e-02
1.559560298919677734e-01
1.835686564445495605e-01
2.369033694267272949e-01
2.019188553094863892e-01
2.120296359062194824e-01
2.123209089040756226e-01
1.857404112815856934e-01
2.095698863267898560e-01
1.619474887847900391e-01
1.303147226572036743e-01
1.084659695625305176e-01
3.876858949661254883e-02
5.269432067871093750e-02
4.652634263038635254e-02
1.385039091110229492e-02
9.678190946578979492e-02
7.157737016677856445e-02
1.560895442962646484e-01
1.195923388004302979e-01
1.856482028961181641e-01
1.331533789634704590e-01
1.405801773071289062e-01
9.071557223796844482e-02
1.993584036827087402e-01
5.853912234306335449e-02
7.971119880676269531e-02
1.300144642591476440e-01
8.948326110839843750e-03
2.383300662040710449e-02
1.095414161682128906e-03
1.456052064895629883e-03
6.737884879112243652e-02
8.148616552352905273e-02
7.043553888797760010e-02
1.136529445648193359e-01
1.222769990563392639e-01
8.008611202239990234e-02
8.579279482364654541e-02
1.238691806793212891e-01
3.336441516876220703e-02
2.902853488922119141e-02
1.871313154697418213e-02
3.184849023818969727e-02
1.532375812530517578e-02
2.865153551101684570e-02
1.849588751792907715e-02
7.790297269821166992e-03
1.490652561187744141e-02
3.492665290832519531e-02
4.225891828536987305e-02
5.226726830005645752e-02
7.742297649383544922e-02
5.627822130918502808e-02
6.784766912460327148e-02
3.417552262544631958e-02
2.836191654205322266e-02
8.691549301147460938e-04
1.581525802612304688e-02
1.481473445892333984e-04
3.109788894653320312e-02
4.150986671447753906e-03
2.332150936126708984e-02
1.970410346984863281e-02
2.056625485420227051e-02
6.493157148361206055e-02
3.020614385604858398e-03
1.669377088546752930e-02
1.714695245027542114e-02
4.973965883255004883e-02
6.578898429870605469e-02
2.065658569335937500e-03
4.164833575487136841e-03
4.256999492645263672e-02
7.150024175643920898e-04
3.353118896484375000e-02
1.884910464286804199e-02
1.116764545440673828e-02
3.448665142059326172e-03
3.373333811759948730e-02
1.045882701873779297e-02
7.397860288619995117e-03
1.235735416412353516e-02
1.978190243244171143e-02
3.462076187133789062e-03
1.711424440145492554e-03
2.036505937576293945e-02
4.530373215675354004e-02
1.963388919830322266e-02
6.146417558193206787e-02
2.891987562179565430e-02
3.131031990051269531e-04
2.738463878631591797e-02
2.831771969795227051e-02
5.521935224533081055e-02
2.761113643646240234e-02
1.999092102050781250e-02
2.645975351333618164e-02
1.501911878585815430e-02
1.563656330108642578e-02
1.841522753238677979e-03
8.862495422363281250e-03
8.170973509550094604e-03
1.937305927276611328e-02
5.808156728744506836e-02
1.296782493591308594e-02
4.175007343292236328e-03
1.422744989395141602e-02
6.420910358428955078e-04
9.794056415557861328e-03
1.612749695777893066e-02
1.824736595153808594e-02
6.534397602081298828e-03
4.936784505844116211e-03
3.031092882156372070e-02
4.693423956632614136e-02
3.387331962585449219e-03
4.122454859316349030e-02
4.460388422012329102e-02
1.965655013918876648e-02
5.280971527099609375e-03
2.493314445018768311e-03
6.176829338073730469e-04
1.967787742614746094e-03
1.281094551086425781e-02
1.858425140380859375e-02
3.422182798385620117e-02
1.548594236373901367e-02
6.076097488403320312e-04
3.046631813049316406e-03
2.797330915927886963e-02
1.820194721221923828e-02
1.194701343774795532e-02
1.981216669082641602e-02
9.582825005054473877e-03
2.981889247894287109e-02
1.522067002952098846e-02
1.374047994613647461e-02
9.961426258087158203e-03
1.548701524734497070e-02
3.562539815902709961e-03
1.417821645736694336e-02
4.754111170768737793e-02
2.163642644882202148e-02
1.677030324935913086e-02
6.751197576522827148e-02
8.383095264434814453e-03
7.028564810752868652e-03
2.092319726943969727e-02
2.053095027804374695e-02
5.682349205017089844e-02
5.445443838834762573e-02
1.015287637710571289e-02
3.239042311906814575e-02
7.604241371154785156e-03
1.056995987892150879e-02
6.292819976806640625e-03
2.818089723587036133e-02
3.059136867523193359e-02
3.449201583862304688e-03
4.533946514129638672e-03
1.982450485229492188e-02
5.258220434188842773e-02
1.891440153121948242e-02
1.288935542106628418e-03
1.257151365280151367e-02
6.549593061208724976e-03
3.381252288818359375e-03
1.143115386366844177e-02
6.238698959350585938e-03
8.898727595806121826e-03
1.525288820266723633e-02
5.183815956115722656e-03
3.004455566406250000e-02
2.175337076187133789e-02
5.277231335639953613e-02
5.062395334243774414e-02
5.873739719390869141e-03
7.806062698364257812e-03
1.145829260349273682e-02
1.367211341857910156e-02
6.449684500694274902e-02
3.918898105621337891e-02
1.659623533487319946e-02
2.178293466567993164e-02
3.069700300693511963e-02
3.533685207366943359e-02
2.235627174377441406e-02
1.003122329711914062e-02
1.915991306304931641e-04
4.523336887359619141e-03
5.006551742553710938e-03
2.108511328697204590e-02
2.640867233276367188e-02
1.385912299156188965e-03
7.405161857604980469e-03
1.185330003499984741e-02
4.329562187194824219e-02
1.506129652261734009e-02
2.113533020019531250e-02
1.678045466542243958e-02
2.105987071990966797e-02
1.448772847652435303e-03
2.926111221313476562e-02
2.990663051605224609e-04
3.283709287643432617e-02
3.853613138198852539e-02
1.339396834373474121e-02
4.840672016143798828e-03
4.382401704788208008e-03
1.833432912826538086e-02
9.281769394874572754e-03
1.986134052276611328e-02
1.801954209804534912e-02
1.662635803222656250e-02
5.932556092739105225e-02
1.689881086349487305e-02
2.328015863895416260e-03
3.175079822540283203e-02
1.454889774322509766e-03
1.636528968811035156e-02
5.841183662414550781e-02
9.192764759063720703e-03
1.262238621711730957e-02
2.014595270156860352e-02
1.028060913085937500e-02
3.462228178977966309e-02
7.287263870239257812e-04
4.753981903195381165e-02
3.205746412277221680e-02
4.542572051286697388e-02
3.847926855087280273e-02
9.131379425525665283e-03
1.526892185211181641e-03
2.270708978176116943e-02
8.462071418762207031e-04
2.656644582748413086e-02
1.129502058029174805e-02
4.909142851829528809e-02
1.613283157348632812e-02
3.068214654922485352e-02
1.493370532989501953e-02
1.118677854537963867e-02
2.088293433189392090e-03
1.300859451293945312e-02
5.050832778215408325e-02
1.467943191528320312e-02
3.236865438520908356e-02
1.497828960418701172e-02
8.540898561477661133e-04
1.354271173477172852e-02
2.409711480140686035e-03
4.640102386474609375e-03
1.582047343254089355e-02
3.557443618774414062e-02
9.133040904998779297e-03
4.577985405921936035e-02
2.979189157485961914e-02
5.599558353424072266e-03
9.559273719787597656e-03
1.969553530216217041e-02
8.908450603485107422e-03
2.775915153324604034e-02
5.292820930480957031e-02
6.100434809923171997e-03
7.381796836853027344e-03
4.478313028812408447e-02
1.301866769790649414e-02
2.301897108554840088e-02
2.615153789520263672e-03
1.255255937576293945e-02
