# {'window': 53, 'q': 0.004253669129746781, 'contam': 0.9134612152509872}
1.217074410072304658e-01
-1.330361212475235089e-01
-1.440747305863920857e-01
1.105599008867025890e-01
-1.382907138044170980e-01
-1.371378891463873595e-01
-1.397538457337783591e-01
-1.326823558529658942e-01
-1.339584824561707022e-01
-1.329839432121822651e-01
-1.329317709482751297e-01
-1.326823558529658942e-01
-7.726546984615123570e-02
-1.326823558529658942e-01
-1.340751898809903753e-01
-1.329317709482751297e-01
-1.326823558529658942e-01
-1.326823558529658942e-01
-1.371378891463873595e-01
-1.329317709482751297e-01
-1.335478763736029362e-01
-1.329839432121822651e-01
-1.329839432121822651e-01
-1.329839432121822651e-01
-1.335478763736029362e-01
-1.335478763736029362e-01
-1.326823558529658942e-01
-1.329839432121822651e-01
-1.340751898809903753e-01
-1.339584824561707022e-01
-1.329839432121822651e-01
-1.329317709482751297e-01
-1.329839432121822651e-01
-1.373313974562389017e-01
-1.371378891463873595e-01
-1.395534013223698189e-01
-1.373313974562389017e-01
-1.373092384203092320e-01
-1.373313974562389017e-01
-1.383973015230142156e-01
9.981783266120386466e-02
-1.325169242461466390e-01
-1.269256186039019463e-01
-1.250241431692349359e-01
-1.409088719511363830e-01
1.136989429705529964e-01
-1.511667132722490092e-01
-1.132775230482253037e-01
-1.148094253490186678e-01
-1.177755426575746167e-01
-1.505478343395366125e-01
-1.500726429167885123e-01
-1.498433097111810941e-01
-1.516773747136120343e-01
-1.501833810113414325e-01
-1.501833810113414325e-01
1.129762649028963062e-01
-1.203999669496536029e-01
-9.389809386004666081e-02
-9.181743855170049207e-02
-1.193331844967669420e-01
-1.203999669496536029e-01
-1.179258029023000920e-01
-1.181630753655668609e-01
-1.204349267462420658e-01
-1.181630753655668609e-01
-1.239220539330933013e-01
-1.027452207452573263e-01
-9.625605870951658982e-02
-1.027452207452573263e-01
-9.688916015963405792e-02
-1.504296465193704635e-01
6.584310723008640620e-02
-1.498433097111810941e-01
-1.511667132722490092e-01
-1.502952062384064202e-01
-1.498433097111810941e-01
-1.171968848980528000e-01
-1.498433097111810941e-01
6.442043940997238538e-02
-1.465968620455835869e-01
-1.467922707077515820e-01
-1.466724242634744879e-01
-1.465374450434760445e-01
-1.462539898747128864e-01
-1.467922707077515820e-01
-1.465968620455835869e-01
-1.462539898747128864e-01
-1.466724242634744879e-01
-1.466724242634744879e-01
-1.347266498458262185e-01
-1.394714092318942167e-01
-1.359749753249238080e-01
-1.341144278936668433e-01
-1.347266498458262185e-01
-1.341144278936668433e-01
1.530445927399341488e-01
1.330696348542155794e-01
1.193096526860654705e-01
6.548154128946276353e-02
-1.505478343395366125e-01
-1.507022541283403183e-01
-1.498433097111810941e-01
-1.505478343395366125e-01
1.154232612267079294e-01
-1.501223752410736911e-01
-1.505478343395366125e-01
-1.505478343395366125e-01
1.148654614765124982e-01
-1.012353478727305856e-01
-1.005142601602155850e-01
-1.034922836134232194e-01
-1.034148358035631987e-01
-9.599860446666713676e-02
-9.599860446666713676e-02
-6.423090559245181463e-02
-6.502487423361374974e-02
-5.189417008271135501e-02
-6.463448469994526047e-02
-6.343677428089317116e-02
-6.502487423361374974e-02
-5.037573829320957097e-02
1.139538914739465780e-01
-6.343677428089317116e-02
-6.343677428089317116e-02
-6.343677428089317116e-02
-6.502487423361374974e-02
-6.475163702539843413e-02
-6.475163702539843413e-02
-6.343677428089317116e-02
-6.343677428089317116e-02
-6.343677428089317116e-02
-6.343677428089317116e-02
-6.518093273045710845e-02
-6.316246222240934349e-02
1.431984620794592433e-01
-6.518093273045710845e-02
-6.343677428089317116e-02
-6.343677428089317116e-02
-6.343677428089317116e-02
-6.343677428089317116e-02
-6.343677428089317116e-02
-6.343677428089317116e-02
-6.343677428089317116e-02
1.560321227899930663e-01
1.564549747451832729e-01
-1.239084532329143840e-01
-1.250241431692349359e-01
-1.261012179004820655e-01
-1.405262058769099487e-01
1.136989429705529964e-01
-1.505478343395366125e-01
-1.132775230482253037e-01
-1.132775230482253037e-01
-1.130369439686395028e-01
-1.119863901383321703e-01
-1.107191049843127550e-01
-1.107191049843127550e-01
-9.674937477899681060e-02
-9.557239410546208846e-02
-9.835679663787100235e-02
1.415197105506856290e-01
-1.455256596760460819e-01
-1.463298629732427969e-01
-1.448528327067759580e-01
-1.439353027827008913e-01
-1.424397072830959066e-01
-1.446816529308371790e-01
-1.448528327067759580e-01
-1.448528327067759580e-01
-1.428657387794667333e-01
-1.441492199203928126e-01
-1.448528327067759580e-01
-1.290620066187373460e-01
-1.295371114772524979e-01
-1.261012179004820655e-01
-1.261012179004820655e-01
-1.269256186039019463e-01
-1.423522762761532667e-01
-1.276187057295311011e-01
-1.448528327067759580e-01
-1.427061507883958247e-01
-1.261012179004820655e-01
-1.448528327067759580e-01
-1.421182544575573248e-01
-1.439353027827008913e-01
-1.269256186039019463e-01
-1.372312628013510061e-01
-1.269256186039019463e-01
-1.269256186039019463e-01
-1.269256186039019463e-01
-1.290620066187373460e-01
-1.244812226803574395e-01
-1.169015622727640480e-01
-1.172277503506807261e-01
-1.110181835529332472e-01
-9.510052689934000991e-02
-1.113461751563560864e-01
-1.100631770693061284e-01
-1.110181835529332472e-01
-9.240256779683042598e-02
-1.100631770693061284e-01
-1.106200251727702533e-01
-1.097410012054944040e-01
-1.100631770693061284e-01
-1.113495214217714580e-01
-9.656526357002842564e-02
-1.057981458757243365e-01
-9.645990876471766118e-02
-9.510052689934000991e-02
-7.122586345874748481e-02
-9.664339011553457759e-02
-1.132775230482253037e-01
-1.116948412495088472e-01
-1.053431717453183758e-01
-1.070915314977762267e-01
-1.106233782371955909e-01
-9.683074336775671087e-02
-9.705312771083879353e-02
-1.279134268768605809e-02
-9.683074336775671087e-02
-6.343677428089317116e-02
-9.748355220042848046e-02
-1.113461751563560864e-01
-1.036734440626203568e-01
-1.057396048842718095e-01
-1.107191049843127550e-01
-1.227434794238626559e-01
-1.173010590628696947e-01
-1.333457279250083172e-01
-1.396346107730112585e-01
-1.396346107730112585e-01
-1.396346107730112585e-01
-1.405262058769099487e-01
-1.205255330773256084e-01
-1.184001873478278122e-01
-1.219918677789458838e-01
-1.189232905588265554e-01
-1.189232905588265554e-01
-1.219918677789458838e-01
-1.056399072268802142e-01
-1.210751165048752909e-01
-1.026694986971727896e-01
-1.056785659531610522e-01
-1.048903637928451649e-01
-1.189232905588265554e-01
-1.036734440626203568e-01
-1.203244426439826764e-01
-1.219918677789458838e-01
-1.222715266636771325e-01
-1.219918677789458838e-01
-1.200050965908955880e-01
-1.383973015230142156e-01
-1.468504321884682717e-01
-1.489016408224027588e-01
-1.501833810113414325e-01
-1.468504321884682717e-01
-1.501242292172811355e-01
-1.501833810113414325e-01
-1.501242292172811355e-01
-1.501833810113414325e-01
-1.501833810113414325e-01
-1.501833810113414325e-01
-1.501833810113414325e-01
-1.501833810113414325e-01
-1.501833810113414325e-01
-1.500726429167885123e-01
-1.500726429167885123e-01
-1.501268357444748847e-01
-1.501833810113414325e-01
-1.501833810113414325e-01
-1.501833810113414325e-01
-1.511909541274889524e-01
-1.501833810113414325e-01
-1.500726429167885123e-01
-1.481760978468146805e-01
-1.481760978468146805e-01
-1.460955452813513800e-01
-1.487364892648203596e-01
-1.481760978468146805e-01
-1.484432544687007138e-01
-1.456391244074300428e-01
-1.482924962434840621e-01
-1.437689542977299562e-01
-1.490601143138256535e-01
-1.505478343395366125e-01
-1.501223752410736911e-01
-1.490601143138256535e-01
-1.078615538745788527e-01
-6.343677428089317116e-02
-6.820471450011666992e-02
-5.412509113618091394e-02
-6.343677428089317116e-02
-5.412509113618091394e-02
-6.760607893761083620e-02
-6.723927817190267220e-02
-6.741425200345008140e-02
-6.751083284541564700e-02
-6.751083284541564700e-02
-6.723927817190267220e-02
-7.334658734300220084e-02
-6.423090559245181463e-02
-6.343677428089317116e-02
-6.751083284541564700e-02
-6.741425200345008140e-02
-6.793362945629011218e-02
-7.309667646864886903e-02
-6.723927817190267220e-02
-6.751083284541564700e-02
-6.760607893761083620e-02
-7.122586345874748481e-02
-6.751083284541564700e-02
-4.150330994394818562e-02
-4.563941792776970985e-02
-7.309667646864886903e-02
-6.723927817190267220e-02
-7.633087602014920758e-02
-8.351991100662836676e-02
-6.751083284541564700e-02
-9.578720930696577041e-02
-5.412509113618091394e-02
-7.570779798600574262e-02
-4.848123368904039276e-02
-6.751083284541564700e-02
-9.633930233018928035e-02
-1.505890219539757213e-02
-9.509737929606221218e-02
-3.864715845130728411e-02
-8.351991100662836676e-02
-2.784809214046657377e-02
-4.092480031478823443e-02
-1.279134268768605809e-02
-3.835606840275807006e-02
-2.925923802843594101e-02
-4.627083602461240508e-02
-2.104572462155490653e-02
-2.134852265063935661e-02
-3.864715845130728411e-02
-5.516357307821245781e-02
-9.566439147526051290e-02
-4.598490579731517869e-02
-1.036734440626203568e-01
-7.390523427621875641e-02
-3.864715845130728411e-02
-4.702378651314420566e-02
-7.659952725900071036e-02
-5.969241603035801980e-02
-9.279504389956561017e-02
-7.582225412845988721e-02
-9.156233495963500557e-02
-1.038804113090963099e-01
-5.530342943777921683e-02
-4.367680674063939561e-02
-4.627083602461240508e-02
-4.848123368904039276e-02
-8.351991100662836676e-02
-9.683074336775671087e-02
-6.447821488607335949e-02
-9.656526357002842564e-02
-9.310192345729906283e-02
-7.390523427621875641e-02
9.405861369754520140e-03
-5.582105435709167063e-02
-5.600100430664523010e-02
-5.600100430664523010e-02
-2.925923802843594101e-02
-9.707056873600899971e-02
-9.643739873959256137e-02
-1.036334721209680731e-01
-1.106333573927753555e-03
-1.224503674836533440e-01
-1.194554908205582300e-01
-1.193191893306543294e-01
-1.196917286679561321e-01
-1.194426963333160008e-01
-1.231526673623938306e-01
-1.185923224905555684e-01
-1.411305996436889032e-01
-1.490601143138256535e-01
-1.501223752410736911e-01
-1.481760978468146805e-01
-1.481760978468146805e-01
-1.501223752410736911e-01
-1.493343743275517554e-01
-1.501223752410736911e-01
-1.484432544687007138e-01
-1.490601143138256535e-01
-1.501223752410736911e-01
-1.482924962434840621e-01
-1.490601143138256535e-01
-1.490601143138256535e-01
-1.501223752410736911e-01
-1.483047817506840671e-01
-1.508547996998512719e-01
-1.507934497251281480e-01
-1.507022541283403183e-01
-1.508547996998512719e-01
-1.505478343395366125e-01
-1.427636907224122398e-01
-1.433615799981818317e-01
-1.392816266779015044e-01
1.506174235791523652e-01
1.312808421985057206e-01
1.221045641625168598e-01
-1.409040176533333244e-01
-1.341144278936668433e-01
1.304667030866602517e-01
-1.446776904292194077e-01
-1.501223752410736911e-01
-1.490601143138256535e-01
1.148654614765124982e-01
-1.203358700937330883e-01
-1.217947120227012014e-01
-1.208767271490262529e-01
-1.203358700937330883e-01
-1.213815150035293944e-01
-1.207676878670866927e-01
-1.498433097111810941e-01
-1.511667132722490092e-01
-1.189232905588265554e-01
-1.437832940018576866e-01
7.894670790650742953e-02
-1.463298629732427969e-01
-1.504296465193704635e-01
-1.490601143138256535e-01
-1.508547996998512719e-01
-1.501223752410736911e-01
-1.483047817506840671e-01
6.413345996549418837e-02
1.501985198953708633e-01
1.485257365309866073e-01
1.216419268669237108e-01
-1.359749753249238080e-01
-1.357497582272028103e-01
-1.427636907224122398e-01
-1.392816266779015044e-01
1.223923232213677825e-01
-1.341144278936668433e-01
-1.106233782371955909e-01
-4.332943260275062825e-02
-2.925923802843594101e-02
-3.864715845130728411e-02
-1.038804113090963099e-01
-9.566439147526051290e-02
-1.027452207452573263e-01
-1.119363280703105090e-01
-1.119863901383321703e-01
-1.109522860687132129e-01
-2.754969311913924024e-02
-2.620896888298201999e-02
-9.835679663787100235e-02
-9.835679663787100235e-02
-9.656526357002842564e-02
-1.056785659531610522e-01
-1.046888460377665697e-01
-1.434371266929374000e-02
-9.459867234061636321e-02
-9.674937477899681060e-02
-9.683074336775671087e-02
-9.683074336775671087e-02
-1.056399072268802142e-01
-1.057396048842718095e-01
-1.444458449566532465e-02
-1.571751512118141347e-02
-9.566439147526051290e-02
-9.707056873600899971e-02
-9.561175116300796306e-02
-1.097410012054944040e-01
-1.070802366366772063e-01
-1.434371266929374000e-02
-1.248275302869528147e-02
-1.465104365430763833e-02
-2.925923802843594101e-02
-9.656526357002842564e-02
-7.204709381958634973e-02
-1.079387610203760284e-01
-8.529031658216962297e-02
-4.248192364981445701e-02
-5.440551568821799799e-02
-7.659952725900071036e-02
-8.351991100662836676e-02
-8.351991100662836676e-02
-9.389809386004666081e-02
-9.776122170658169130e-02
-9.776122170658169130e-02
-1.012353478727305856e-01
-9.707592935151881930e-02
-1.229266783862051904e-01
-1.229266783862051904e-01
-1.231766680103588141e-01
-1.227434794238626559e-01
-1.229266783862051904e-01
-1.012353478727305856e-01
-4.181028938175906928e-02
-5.600100430664523010e-02
-4.304151158875757499e-02
-5.440551568821799799e-02
-5.530342943777921683e-02
-6.385425607594474862e-03
-5.530342943777921683e-02
2.790262067686266612e-02
-2.620896888298201999e-02
-6.007575502261552902e-03
-6.320544696020669040e-03
6.324999447205265080e-02
-6.343677428089317116e-02
-6.007575502261552902e-03
-9.310192345729906283e-02
-9.455080035308743858e-02
-9.303261279978514153e-02
-1.036734440626203568e-01
-1.034148358035631987e-01
-1.038804113090963099e-01
-1.048013977513531647e-01
-9.510052689934000991e-02
-6.751083284541564700e-02
-7.334658734300220084e-02
-4.338912083476076376e-02
-9.578720930696577041e-02
-6.316246222240934349e-02
-2.794563080522499687e-02
-8.454978745823271691e-02
-1.258693180931493294e-01
-1.231526673623938306e-01
-1.383973015230142156e-01
-1.371378891463873595e-01
-1.380740811543688107e-01
-1.382907138044170980e-01
-1.371378891463873595e-01
-1.465374450434760445e-01
-1.462539898747128864e-01
-1.446776904292194077e-01
-1.460857688895849660e-01
-1.463459374934055202e-01
-1.341144278936668433e-01
-1.462539898747128864e-01
-1.462539898747128864e-01
-1.465968620455835869e-01
-1.439331803340019866e-01
-1.465968620455835869e-01
-1.466724242634744879e-01
-1.462539898747128864e-01
-1.457190821817939685e-01
-1.466724242634744879e-01
-1.462539898747128864e-01
-1.466724242634744879e-01
-1.392816266779015044e-01
-1.341144278936668433e-01
-1.329890130604016729e-01
-1.341144278936668433e-01
-1.341144278936668433e-01
-1.130416637016931070e-01
-1.341144278936668433e-01
-1.330361212475235089e-01
-1.330361212475235089e-01
1.530445927399341488e-01
1.334769454473647143e-01
7.705692839626804291e-02
-1.147082502974283713e-01
-1.217138721345663033e-01
-1.217138721345663033e-01
-1.217138721345663033e-01
1.395016986838958917e-01
-1.217138721345663033e-01
-1.427636907224122398e-01
-1.433615799981818317e-01
-1.409040176533333244e-01
-1.460857688895849660e-01
-1.460955452813513800e-01
-1.507934497251281480e-01
-1.498433097111810941e-01
-1.385605452598354659e-01
-1.385605452598354659e-01
1.030948148481142801e-01
-9.707056873600899971e-02
-9.697142467446906444e-02
-9.707592935151881930e-02
-9.707056873600899971e-02
-1.249122355764739623e-01
-9.707056873600899971e-02
-9.510052689934000991e-02
-1.227434794238626559e-01
-1.241552707871104722e-01
-1.239220539330933013e-01
-9.510052689934000991e-02
-1.382551680902716074e-01
6.656697341698819548e-02
-1.511667132722490092e-01
-1.511667132722490092e-01
-1.505478343395366125e-01
-1.511667132722490092e-01
-1.511667132722490092e-01
-1.505478343395366125e-01
6.478128718066084035e-02
-1.460857688895849660e-01
-1.466098869021973949e-01
-1.507934497251281480e-01
-9.303261279978514153e-02
-3.864715845130728411e-02
-9.582668986887399321e-02
-9.389809386004666081e-02
-5.600100430664523010e-02
-2.925923802843594101e-02
-1.027452207452573263e-01
-9.697142467446906444e-02
-5.582105435709167063e-02
-1.027452207452573263e-01
-6.659884024656864687e-02
-9.938306059227869360e-02
-9.776122170658169130e-02
-6.581046032663956380e-02
-9.707592935151881930e-02
-9.697142467446906444e-02
2.571091515657042414e-03
-4.627083602461240508e-02
-2.794563080522499687e-02
-7.390523427621875641e-02
-2.794563080522499687e-02
-4.598490579731517869e-02
-5.600100430664523010e-02
-9.310192345729906283e-02
-5.412509113618091394e-02
-4.338912083476076376e-02
-4.598490579731517869e-02
-5.582105435709167063e-02
-1.053431717453183758e-01
-1.458733455005899460e-01
-1.458733455005899460e-01
-1.161866998374976312e-01
-1.422975576328202041e-01
-1.438872646147799639e-01
-1.421182544575573248e-01
-1.421182544575573248e-01
-1.424397072830959066e-01
1.538865374626395277e-01
1.355383024955790217e-01
1.218631174562613828e-01
6.848172185958284475e-02
-1.460857688895849660e-01
-1.449894688230244921e-01
-1.437689542977299562e-01
-1.465968620455835869e-01
1.229609299761256769e-01
-1.466098869021973949e-01
-1.422042725266946528e-01
-1.429121014238941556e-01
-1.329839432121822651e-01
-1.173010590628696947e-01
-1.175749504502410225e-01
-1.269256186039019463e-01
-1.185923224905555684e-01
-1.220908197624391844e-01
-1.165202491030881693e-01
-1.172277503506807261e-01
-1.276821185290477612e-01
-1.200050965908955880e-01
-1.269256186039019463e-01
-1.334309850563966671e-01
-1.200050965908955880e-01
-1.269256186039019463e-01
-1.278494223254468265e-01
-1.330297374943156252e-01
-1.329839432121822651e-01
-1.339584824561707022e-01
-1.185923224905555684e-01
-1.185923224905555684e-01
-1.339584824561707022e-01
-1.172880644628996327e-01
-1.206410518361396567e-01
-1.205255330773256084e-01
-1.178617933653925975e-01
-1.205202418742649106e-01
-1.201964851347468444e-01
-1.173010590628696947e-01
-1.173010590628696947e-01
-1.201964851347468444e-01
-1.173427532172552357e-01
-1.185923224905555684e-01
-9.509737929606221218e-02
-9.683074336775671087e-02
-1.201761663566603411e-01
-1.207024319731458406e-01
-1.156416138259749316e-01
-1.200254253412671446e-01
-1.195534935066581705e-01
-1.201964851347468444e-01
-1.218794539797961596e-01
-1.231526673623938306e-01
-1.213331133052502064e-01
-1.201964851347468444e-01
-1.172880644628996327e-01
-1.173427532172552357e-01
-1.201964851347468444e-01
-1.161866998374976312e-01
-1.210604048609272287e-01
-1.223574289777795143e-01
-1.233311468528078270e-01
-1.169015622727640480e-01
-1.190030325795423671e-01
-1.200254253412671446e-01
-1.061940826722156395e-01
-1.034922836134232194e-01
-1.210604048609272287e-01
-1.205202418742649106e-01
-1.249122355764739623e-01
-1.097410012054944040e-01
-1.193191893306543294e-01
-1.200254253412671446e-01
-1.218794539797961596e-01
-1.210604048609272287e-01
-1.204349267462420658e-01
-1.200050965908955880e-01
-1.200254253412671446e-01
-1.178654089416688033e-01
-1.210903378283770815e-01
1.634294936637948337e-01
9.517745780206748885e-02
5.340722822461380082e-02
1.387485601760096166e-01
-1.193191893306543294e-01
-1.044702505505796242e-01
-1.036734440626203568e-01
-1.067819953762994545e-01
9.517091124072757369e-02
-5.412509113618091394e-02
-9.835679663787100235e-02
-1.139207147114194574e-01
-1.057396048842718095e-01
-9.599322831239048837e-02
-9.664339011553457759e-02
-8.610376824092713655e-02
-1.044702505505796242e-01
-1.130277847963053195e-01
-1.081255321397858182e-01
-1.031390922349679218e-01
-1.191598883638534390e-01
-1.045638541851313108e-01
-1.130277847963053195e-01
-1.189232905588265554e-01
-1.138776537428609625e-01
-6.760607893761083620e-02
-4.512595345978887007e-02
-6.751083284541564700e-02
-9.776122170658169130e-02
-9.510361316226945139e-02
-9.682676282208257934e-02
1.461861179543363920e-01
2.229177617447614113e-02
3.171290970574497381e-02
1.227799582660832334e-02
2.571091515657042414e-03
1.624277562220577398e-02
9.405861369754520140e-03
5.742545361158118977e-02
5.671394911344235235e-02
6.361005006775638515e-02
7.703791652506147836e-02
-4.092480031478823443e-02
-1.031390922349679218e-01
1.430872994983836688e-01
-9.697142467446906444e-02
-9.656526357002842564e-02
-9.509737929606221218e-02
-1.027452207452573263e-01
-1.057981458757243365e-01
-9.683074336775671087e-02
1.433904684379154193e-01
-1.193191893306543294e-01
-1.132775230482253037e-01
1.586039746656474070e-01
1.508186904792924721e-01
1.400071772458948982e-01
-1.057396048842718095e-01
-1.137581931650704092e-01
-9.389809386004666081e-02
-9.566439147526051290e-02
1.043170185756903678e-01
-1.038804113090963099e-01
-7.309667646864886903e-02
-7.686475105800866237e-02
-1.189232905588265554e-01
-1.075791612737272973e-01
-9.578720930696577041e-02
-9.707056873600899971e-02
-9.578720930696577041e-02
-9.682676282208257934e-02
-1.034922836134232194e-01
1.542299619628221818e-01
1.624277562220577398e-02
1.488363341260812156e-02
6.973588144062897731e-02
6.760820872976586182e-02
6.361005006775638515e-02
1.227799582660832334e-02
1.227799582660832334e-02
3.481839563236149848e-02
5.600340675260079282e-02
6.029559303460069186e-02
5.706958101396469862e-02
4.655567790519504756e-02
-1.422617759336997079e-03
-9.510052689934000991e-02
1.453559414944354811e-01
-9.707592935151881930e-02
-1.051949549618577673e-01
-6.760607893761083620e-02
-6.395713101415112511e-02
-6.741425200345008140e-02
-1.045638541851313108e-01
1.316858023303664749e-01
-1.165793765961187223e-01
-1.205996990502122279e-01
-1.215598975065108611e-01
-1.207024319731458406e-01
-1.213331133052502064e-01
-1.233311468528078270e-01
-1.411305996436889032e-01
-1.423997847588869825e-01
-1.434961062014758482e-01
-1.329839432121822651e-01
-1.411305996436889032e-01
-1.411305996436889032e-01
-1.423997847588869825e-01
-1.460955452813513800e-01
-1.465968620455835869e-01
-1.461235048400097436e-01
-1.463459374934055202e-01
-1.460955452813513800e-01
-1.466098869021973949e-01
-1.456391244074300428e-01
-1.467922707077515820e-01
-1.466724242634744879e-01
1.579296039136360297e-01
1.217542042560553761e-01
7.639577843175077154e-02
-1.341144278936668433e-01
-1.347266498458262185e-01
-1.341144278936668433e-01
-1.341144278936668433e-01
1.320905462768438565e-01
-1.341144278936668433e-01
-1.359749753249238080e-01
-1.341144278936668433e-01
1.124342595766409381e-01
-1.385605452598354659e-01
-1.395145167644417650e-01
-1.380670640338168553e-01
-1.395145167644417650e-01
-1.335478763736029362e-01
-1.340751898809903753e-01
-1.329317709482751297e-01
-1.333457279250083172e-01
-7.774804870576490501e-02
-1.333457279250083172e-01
-1.329317709482751297e-01
-1.333457279250083172e-01
-1.329317709482751297e-01
-1.329317709482751297e-01
-1.333457279250083172e-01
-1.357717579741381519e-01
-1.333457279250083172e-01
-1.333457279250083172e-01
-1.333457279250083172e-01
-1.329317709482751297e-01
-1.329317709482751297e-01
-1.335478763736029362e-01
-1.333457279250083172e-01
-1.329317709482751297e-01
-1.335478763736029362e-01
-1.335478763736029362e-01
-1.380740811543688107e-01
-1.385605452598354659e-01
-1.380670640338168553e-01
-1.380670640338168553e-01
-1.380740811543688107e-01
-1.389047211802578730e-01
-1.385605452598354659e-01
-1.385605452598354659e-01
-1.409088719511363830e-01
-1.376528683222553728e-01
1.020134184514248088e-01
-1.325169242461466390e-01
-1.276187057295311011e-01
-1.269256186039019463e-01
-1.411305996436889032e-01
1.150700802558317082e-01
-1.501223752410736911e-01
-1.081255321397858182e-01
-1.100631770693061284e-01
-1.100631770693061284e-01
-1.100631770693061284e-01
-1.097410012054944040e-01
-1.110181835529332472e-01
-1.114887173060913339e-01
-1.100631770693061284e-01
-1.100631770693061284e-01
1.402853289199707532e-01
-1.427636907224122398e-01
-1.392816266779015044e-01
-1.347266498458262185e-01
-1.378865849781377717e-01
-1.392816266779015044e-01
-1.357497582272028103e-01
-1.378865849781377717e-01
-1.347266498458262185e-01
-1.341144278936668433e-01
-1.359749753249238080e-01
-1.359749753249238080e-01
-1.378865849781377717e-01
-1.341144278936668433e-01
-1.341144278936668433e-01
-1.195373261135232457e-01
-1.369640649708100399e-01
-1.378865849781377717e-01
-1.341144278936668433e-01
-1.378865849781377717e-01
-1.409040176533333244e-01
-1.359749753249238080e-01
-1.392816266779015044e-01
-1.392816266779015044e-01
-1.409040176533333244e-01
1.530445927399341488e-01
1.265172807282080591e-01
6.477794925398866477e-02
6.405983570137357974e-02
-1.501223752410736911e-01
-1.482924962434840621e-01
-1.501223752410736911e-01
-1.507934497251281480e-01
1.184528030847626368e-01
-1.481760978468146805e-01
-1.402174126085907191e-01
-1.402174126085907191e-01
-1.405262058769099487e-01
-1.382551680902716074e-01
-1.395534013223698189e-01
-1.402174126085907191e-01
-1.414574549157245897e-01
-1.396346107730112585e-01
-1.402174126085907191e-01
-1.382551680902716074e-01
-1.382551680902716074e-01
-1.395534013223698189e-01
-1.403223443996893249e-01
-1.382551680902716074e-01
-1.405262058769099487e-01
-1.405262058769099487e-01
-1.414574549157245897e-01
-1.396346107730112585e-01
-1.414574549157245897e-01
-1.409700287579018774e-01
-1.405262058769099487e-01
-1.405262058769099487e-01
-1.395534013223698189e-01
-1.409700287579018774e-01
-1.405262058769099487e-01
-1.396346107730112585e-01
-1.414574549157245897e-01
-1.382551680902716074e-01
-1.382551680902716074e-01
-1.396346107730112585e-01
-1.189232905588265554e-01
-1.044702505505796242e-01
-9.599322831239048837e-02
-1.106200251727702533e-01
-1.119718063489261173e-01
-1.139207147114194574e-01
-1.169015622727640480e-01
-9.389809386004666081e-02
-9.599322831239048837e-02
-1.029684174241329853e-01
-1.116948412495088472e-01
-1.042659063440242728e-01
-9.310192345729906283e-02
-1.048903637928451649e-01
-9.599860446666713676e-02
-9.510052689934000991e-02
-9.683074336775671087e-02
-1.205107528795428817e-01
-1.194426963333160008e-01
-1.079387610203760284e-01
-1.051949549618577673e-01
-1.036734440626203568e-01
-9.303261279978514153e-02
-1.078615538745788527e-01
-1.070915314977762267e-01
-1.046888460377665697e-01
-1.087757284404488045e-01
-1.012353478727305856e-01
-1.072088815845445575e-01
-1.046888460377665697e-01
-1.205107528795428817e-01
-1.269256186039019463e-01
-1.169015622727640480e-01
-1.452871732832343721e-01
-1.448528327067759580e-01
-1.439353027827008913e-01
-1.444443600148572759e-01
-1.455256596760460819e-01
-1.201964851347468444e-01
-1.201964851347468444e-01
-1.201964851347468444e-01
-1.201964851347468444e-01
-1.201964851347468444e-01
-1.383973015230142156e-01
-1.372312628013510061e-01
-1.422975050836928768e-01
-1.490601143138256535e-01
-1.490601143138256535e-01
-1.491838247637552461e-01
-1.482924962434840621e-01
-1.460860326971546441e-01
-1.481760978468146805e-01
-1.483047817506840671e-01
-1.246061863601845010e-01
-1.433615799981818317e-01
-1.433615799981818317e-01
-1.409040176533333244e-01
-1.359749753249238080e-01
-1.369640649708100399e-01
-1.341144278936668433e-01
-1.433615799981818317e-01
-1.410419607868024228e-01
-1.433615799981818317e-01
-1.427636907224122398e-01
1.501985198953708633e-01
1.253102873399128403e-01
6.407288268591943003e-02
-1.491838247637552461e-01
-1.481760978468146805e-01
1.198402190273271661e-01
-1.505478343395366125e-01
-1.511909541274889524e-01
-1.505620997043419229e-01
9.329521146075619997e-02
-1.459692907214030777e-01
-1.219918677789458838e-01
-1.219128055125228705e-01
-1.229266783862051904e-01
-1.226926300021135563e-01
-1.226926300021135563e-01
-1.228866977304387542e-01
-1.187966836585461206e-01
-1.194554908205582300e-01
-1.463298629732427969e-01
7.600733561124856097e-02
-1.504296465193704635e-01
-1.493343743275517554e-01
-1.511909541274889524e-01
-1.504296465193704635e-01
-1.504296465193704635e-01
-1.504296465193704635e-01
6.656697341698819548e-02
1.546061692976587465e-01
1.592408491209122423e-01
1.194920841316975957e-01
6.443349522491642611e-02
-1.483047817506840671e-01
-1.460955452813513800e-01
-1.481760978468146805e-01
-1.481760978468146805e-01
1.164006986505919383e-01
-1.481760978468146805e-01
-1.210903378283770815e-01
-1.139207147114194574e-01
1.684509731611882888e-03
-6.741425200345008140e-02
-5.412509113618091394e-02
-9.303261279978514153e-02
-7.122586345874748481e-02
-9.279504389956561017e-02
-9.455080035308743858e-02
-9.304931373971631059e-02
-9.336377338676571380e-02
-1.479706488484061611e-02
-9.566439147526051290e-02
-9.336377338676571380e-02
-9.285548741897597935e-02
-1.186494699479256898e-02
-4.541246464592640919e-02
-7.582225412845988721e-02
-7.582225412845988721e-02
-8.529031658216962297e-02
3.171290970574497381e-02
3.272973004210338877e-02
-2.104572462155490653e-02
-2.794563080522499687e-02
-4.848123368904039276e-02
-7.617117752950619547e-02
-1.036334721209680731e-01
-3.864715845130728411e-02
-4.304151158875757499e-02
-4.598490579731517869e-02
-3.864715845130728411e-02
-4.092480031478823443e-02
-2.925923802843594101e-02
-1.034922836134232194e-01
-4.598490579731517869e-02
-9.389809386004666081e-02
-9.664339011553457759e-02
-1.119863901383321703e-01
-1.110181835529332472e-01
-1.187966836585461206e-01
-1.187966836585461206e-01
-1.205202418742649106e-01
-1.205202418742649106e-01
-1.463298629732427969e-01
-1.461235048400097436e-01
-1.460955452813513800e-01
-1.460955452813513800e-01
-1.481760978468146805e-01
-1.481760978468146805e-01
-1.460860326971546441e-01
-1.460860326971546441e-01
-1.467922707077515820e-01
-1.491838247637552461e-01
-1.481760978468146805e-01
-1.481760978468146805e-01
-1.482924962434840621e-01
-1.460860326971546441e-01
-1.481760978468146805e-01
-1.460860326971546441e-01
-1.460860326971546441e-01
-1.461235048400097436e-01
-1.460955452813513800e-01
-1.460955452813513800e-01
-1.414142245753273741e-01
-1.369640649708100399e-01
-1.392816266779015044e-01
-1.392816266779015044e-01
-1.394714092318942167e-01
1.530445927399341488e-01
1.257123462883248943e-01
7.705692839626804291e-02
-1.281560767520411037e-01
-1.246061863601845010e-01
-1.449894688230244921e-01
-1.465968620455835869e-01
1.212850005451055480e-01
-1.465374450434760445e-01
-1.448528327067759580e-01
-1.411305996436889032e-01
-1.200050965908955880e-01
-1.205255330773256084e-01
-1.205202418742649106e-01
-1.178654089416688033e-01
-1.213815150035293944e-01
-1.201964851347468444e-01
-1.165793765961187223e-01
-1.170764639940415908e-01
-1.329839432121822651e-01
-1.389047211802578730e-01
-1.382551680902716074e-01
-1.501268357444748847e-01
-1.501268357444748847e-01
-1.501268357444748847e-01
-1.504296465193704635e-01
-1.505478343395366125e-01
-1.490601143138256535e-01
-1.493343743275517554e-01
-1.505478343395366125e-01
-1.507022541283403183e-01
-1.505478343395366125e-01
-1.481760978468146805e-01
-1.505478343395366125e-01
-1.493343743275517554e-01
-1.505478343395366125e-01
-1.507022541283403183e-01
-1.505478343395366125e-01
-1.501223752410736911e-01
-1.501223752410736911e-01
-1.501242292172811355e-01
-1.498433097111810941e-01
-1.500726429167885123e-01
-1.489016408224027588e-01
-1.501833810113414325e-01
-1.501833810113414325e-01
9.166388238701711488e-02
-1.466182348150498749e-01
-1.461820601053849256e-01
-1.463298629732427969e-01
-1.194554908205582300e-01
-1.203303383928017167e-01
-1.194554908205582300e-01
-1.191598883638534390e-01
-1.203244426439826764e-01
-1.194554908205582300e-01
-1.189232905588265554e-01
-1.194554908205582300e-01
-1.193793503249062082e-01
-1.194554908205582300e-01
-1.190826993429513481e-01
-1.462439875554347735e-01
7.894670790650742953e-02
-1.501833810113414325e-01
-1.501833810113414325e-01
-1.489016408224027588e-01
-1.421182544575573248e-01
-1.427061507883958247e-01
-1.423941218412750898e-01
7.863989436789248222e-02
-1.501833810113414325e-01
-1.483047817506840671e-01
1.524518827655269582e-01
1.550280561457776929e-01
1.185218591836975643e-01
-1.508547996998512719e-01
-1.511667132722490092e-01
-1.511667132722490092e-01
-1.505478343395366125e-01
1.152174322360244862e-01
-1.508547996998512719e-01
-1.505620997043419229e-01
-1.511667132722490092e-01
-1.468504321884682717e-01
-1.501833810113414325e-01
-1.501242292172811355e-01
-1.463298629732427969e-01
-1.501833810113414325e-01
-1.501268357444748847e-01
-1.501833810113414325e-01
-1.508547996998512719e-01
-1.500726429167885123e-01
-1.501833810113414325e-01
-1.501833810113414325e-01
-1.511909541274889524e-01
-1.173010590628696947e-01
-1.163965052812491185e-01
-1.501833810113414325e-01
-1.501833810113414325e-01
-1.501833810113414325e-01
-1.501242292172811355e-01
-1.504296465193704635e-01
-1.500726429167885123e-01
-1.409040176533333244e-01
-1.341144278936668433e-01
-1.501223752410736911e-01
-1.505478343395366125e-01
-1.462539898747128864e-01
-1.505478343395366125e-01
-1.507022541283403183e-01
-1.505478343395366125e-01
-1.491838247637552461e-01
-1.507022541283403183e-01
1.546936419466156676e-01
1.202885957856217325e-01
1.213270836975983147e-01
6.371251404991135070e-02
-1.512786089168816628e-01
-1.498433097111810941e-01
-1.498433097111810941e-01
-1.512786089168816628e-01
1.174608796831363988e-01
-1.512786089168816628e-01
-1.268654033975686879e-01
-1.281560767520411037e-01
-1.403879673084397206e-01
-1.385605452598354659e-01
-1.301949525437154365e-01
-1.281560767520411037e-01
-1.463459374934055202e-01
-1.466724242634744879e-01
-1.441492199203928126e-01
-1.420707803845234207e-01
-1.423997847588869825e-01
-1.462539898747128864e-01
9.107499389157663883e-02
-1.203358700937330883e-01
-1.207281863215613482e-01
-1.209574594302972872e-01
-1.203579810730455724e-01
-9.459867234061636321e-02
-9.459867234061636321e-02
-1.201702342576115856e-01
-1.217947120227012014e-01
-1.205996990502122279e-01
-1.481760978468146805e-01
-1.501223752410736911e-01
6.404497590207675062e-02
-1.466724242634744879e-01
-1.392816266779015044e-01
-1.466724242634744879e-01
-1.466098869021973949e-01
-1.466724242634744879e-01
-1.460857688895849660e-01
6.938539146227645782e-02
-1.217138721345663033e-01
1.646915751055538224e-01
9.399510010297257301e-02
8.856888668369072848e-02
2.127759097909993069e-01
6.324999447205265080e-02
6.324999447205265080e-02
6.324999447205265080e-02
6.324999447205265080e-02
2.001841998085296948e-01
6.324999447205265080e-02
7.840835766948456298e-02
7.840835766948456298e-02
7.703791652506147836e-02
7.703791652506147836e-02
7.334292370579170717e-02
7.407694530854530557e-02
7.334292370579170717e-02
7.334292370579170717e-02
7.334292370579170717e-02
2.013076398253791921e-01
7.840835766948456298e-02
7.840835766948456298e-02
7.840835766948456298e-02
7.840835766948456298e-02
7.840835766948456298e-02
7.840835766948456298e-02
7.840835766948456298e-02
7.840835766948456298e-02
7.840835766948456298e-02
7.840835766948456298e-02
7.840835766948456298e-02
7.840835766948456298e-02
7.840835766948456298e-02
7.840835766948456298e-02
7.840835766948456298e-02
2.223894011022067851e-01
7.840835766948456298e-02
7.840835766948456298e-02
7.840835766948456298e-02
7.840835766948456298e-02
7.840835766948456298e-02
7.840835766948456298e-02
2.223894011022067851e-01
3.893680047326125715e-02
7.703791652506147836e-02
7.840835766948456298e-02
7.840835766948456298e-02
7.334292370579170717e-02
6.361005006775638515e-02
-1.248275302869528147e-02
-7.390523427621875641e-02
-9.310971637770004694e-02
-4.150330994394818562e-02
-1.029684174241329853e-01
-2.415990735772899356e-02
-8.529031658216962297e-02
-1.200254253412671446e-01
-1.081255321397858182e-01
-1.051949549618577673e-01
-1.250241431692349359e-01
-1.072088815845445575e-01
-1.223574289777795143e-01
-1.233420476269820321e-01
-1.229266783862051904e-01
-1.187966836585461206e-01
-7.617117752950619547e-02
7.840835766948456298e-02
7.407694530854530557e-02
7.407694530854530557e-02
7.407694530854530557e-02
7.703791652506147836e-02
6.361005006775638515e-02
1.227799582660832334e-02
7.840835766948456298e-02
4.225507058774197189e-02
4.363985930835351246e-02
7.334292370579170717e-02
7.840835766948456298e-02
-1.434371266929374000e-02
-5.104296343273695413e-03
1.419590394732661021e-01
7.803829312771110027e-02
4.225507058774197189e-02
-7.623927204552255477e-02
4.329331070059000419e-02
-6.007575502261552902e-03
6.499913871205026394e-02
5.600340675260079282e-02
-1.106333573927753555e-03
-6.581046032663956380e-02
4.225507058774197189e-02
-7.336426944699775410e-02
-4.702378651314420566e-02
-2.794563080522499687e-02
1.260355279624364444e-02
-7.594911234226464636e-02
4.329331070059000419e-02
-1.186494699479256898e-02
-9.707056873600899971e-02
1.516238386356172363e-02
-4.215890400881272537e-02
-1.045638541851313108e-01
-9.199873026170901635e-02
-2.689029426591504901e-02
-4.304151158875757499e-02
-9.389809386004666081e-02
7.803829312771110027e-02
1.409033153051131304e-02
7.803829312771110027e-02
7.803829312771110027e-02
-6.820471450011666992e-02
-8.435767824145179450e-02
-8.619902744542679018e-02
-6.760607893761083620e-02
-1.232351499079495372e-01
-6.343677428089317116e-02
-9.683074336775671087e-02
-1.256115418405525652e-01
-1.239220539330933013e-01
-1.107191049843127550e-01
-1.460955452813513800e-01
-1.173010590628696947e-01
-1.371378891463873595e-01
-1.329839432121822651e-01
-1.165793765961187223e-01
-1.372312628013510061e-01
-1.501223752410736911e-01
-1.173010590628696947e-01
-1.194426963333160008e-01
-1.490601143138256535e-01
-1.201964851347468444e-01
-1.493343743275517554e-01
-1.483047817506840671e-01
-1.119863901383321703e-01
-1.329317709482751297e-01
-1.333457279250083172e-01
-1.377770530592059006e-01
-1.290620066187373460e-01
-1.501833810113414325e-01
-1.410142920529272592e-01
-1.357717579741381519e-01
-1.414574549157245897e-01
-1.409088719511363830e-01
-1.372312628013510061e-01
-1.409700287579018774e-01
-1.411305996436889032e-01
-1.372312628013510061e-01
-1.482924962434840621e-01
-1.411305996436889032e-01
-1.371378891463873595e-01
-1.501223752410736911e-01
-1.409088719511363830e-01
-1.109522860687132129e-01
-1.482924962434840621e-01
-1.482924962434840621e-01
-1.460955452813513800e-01
1.129762649028963062e-01
-1.172277503506807261e-01
-1.239084532329143840e-01
-1.172277503506807261e-01
-1.220908197624391844e-01
-1.172277503506807261e-01
-1.220908197624391844e-01
-1.172277503506807261e-01
-1.172277503506807261e-01
-1.220908197624391844e-01
-1.233311468528078270e-01
-1.187919402246299660e-01
-1.325890333329844406e-01
-1.220908197624391844e-01
-1.172277503506807261e-01
-1.231526673623938306e-01
-1.329839432121822651e-01
-1.325890333329844406e-01
-1.339584824561707022e-01
-1.339584824561707022e-01
-1.329839432121822651e-01
-1.339584824561707022e-01
-1.339584824561707022e-01
-1.339584824561707022e-01
-1.329839432121822651e-01
-1.339584824561707022e-01
-1.339584824561707022e-01
-1.326823558529658942e-01
-1.339584824561707022e-01
-1.372312628013510061e-01
-1.329839432121822651e-01
-1.325890333329844406e-01
-1.329839432121822651e-01
-1.329839432121822651e-01
-1.329839432121822651e-01
-1.339584824561707022e-01
-1.339584824561707022e-01
1.089521821231692056e-01
-1.185923224905555684e-01
-1.231526673623938306e-01
-1.261012179004820655e-01
-1.410142920529272592e-01
1.136989429705529964e-01
-1.505478343395366125e-01
-1.081255321397858182e-01
-1.081255321397858182e-01
-1.110181835529332472e-01
-1.100631770693061284e-01
-1.107191049843127550e-01
-1.100631770693061284e-01
-1.100631770693061284e-01
-1.119718063489261173e-01
-1.100631770693061284e-01
1.402853289199707532e-01
-1.427636907224122398e-01
-1.378865849781377717e-01
-1.392816266779015044e-01
-1.427636907224122398e-01
-1.341144278936668433e-01
-1.398608644323161565e-01
-1.433615799981818317e-01
-1.347266498458262185e-01
-1.217138721345663033e-01
-1.341144278936668433e-01
-1.392816266779015044e-01
-1.409040176533333244e-01
-1.359749753249238080e-01
-1.378865849781377717e-01
-1.392816266779015044e-01
-1.409040176533333244e-01
-1.392816266779015044e-01
-1.439331803340019866e-01
-1.433615799981818317e-01
-1.341144278936668433e-01
-1.359749753249238080e-01
-1.409040176533333244e-01
-1.427636907224122398e-01
-1.427636907224122398e-01
-1.427636907224122398e-01
-1.392816266779015044e-01
-1.460860326971546441e-01
-1.481760978468146805e-01
-1.422975050836928768e-01
-1.422975576328202041e-01
-1.423997847588869825e-01
-1.458733455005899460e-01
-1.422975050836928768e-01
-1.429617252892109169e-01
-1.423997847588869825e-01
-1.457245581103205900e-01
-1.461105373615750880e-01
-1.458733455005899460e-01
-1.447251675064406551e-01
-1.457245581103205900e-01
-1.447704134023191092e-01
-1.458733455005899460e-01
-1.426762127236975708e-01
-1.446816529308371790e-01
-1.457245581103205900e-01
-1.409088719511363830e-01
-1.396346107730112585e-01
-1.402174126085907191e-01
-1.395534013223698189e-01
-1.405262058769099487e-01
-1.200050965908955880e-01
-1.210604048609272287e-01
-1.200050965908955880e-01
-1.205255330773256084e-01
-1.200050965908955880e-01
-1.200050965908955880e-01
-1.200050965908955880e-01
-8.273309396402073190e-02
-1.276821185290477612e-01
-1.201964851347468444e-01
-1.171590838713471583e-01
-1.165793765961187223e-01
-1.171590838713471583e-01
-1.178654089416688033e-01
-1.194426963333160008e-01
-7.390523427621875641e-02
-9.707056873600899971e-02
-7.309667646864886903e-02
-1.073289677960441169e-01
-7.914155983112053372e-02
-7.686475105800866237e-02
-9.599322831239048837e-02
-9.688916015963405792e-02
-9.566439147526051290e-02
-9.389809386004666081e-02
-9.813328796204640048e-02
-1.189232905588265554e-01
-9.561175116300796306e-02
-9.510052689934000991e-02
-7.582225412845988721e-02
-9.707056873600899971e-02
-9.459867234061636321e-02
-9.683074336775671087e-02
-9.531983192458298726e-02
-1.057396048842718095e-01
-1.113461751563560864e-01
-9.389809386004666081e-02
-8.233484482518449443e-02
-8.619902744542679018e-02
-9.683074336775671087e-02
-1.223387414447881238e-01
-9.566439147526051290e-02
-9.389809386004666081e-02
-7.336426944699775410e-02
-9.389809386004666081e-02
-7.862096413229741065e-02
-7.686475105800866237e-02
-8.610376824092713655e-02
-6.316246222240934349e-02
-1.073289677960441169e-01
-1.113461751563560864e-01
-1.250241431692349359e-01
-1.395534013223698189e-01
-1.402174126085907191e-01
-1.382551680902716074e-01
-1.396346107730112585e-01
-1.382551680902716074e-01
-1.244006027371741818e-01
-1.194554908205582300e-01
-1.223387414447881238e-01
-1.150488055975608104e-01
-1.193191893306543294e-01
-1.041750623437279755e-01
-1.121464627548267035e-01
-1.215598975065108611e-01
-1.217947120227012014e-01
-1.217947120227012014e-01
-1.200254253412671446e-01
-1.201964851347468444e-01
-1.372312628013510061e-01
-1.372312628013510061e-01
-1.422975576328202041e-01
-1.482924962434840621e-01
-1.481760978468146805e-01
-1.491838247637552461e-01
-1.466724242634744879e-01
-1.482924962434840621e-01
-1.460955452813513800e-01
-1.481760978468146805e-01
-1.460955452813513800e-01
-1.460860326971546441e-01
-1.481760978468146805e-01
-1.490601143138256535e-01
-1.482924962434840621e-01
-1.460955452813513800e-01
-1.359749753249238080e-01
-1.439331803340019866e-01
-1.437689542977299562e-01
-1.437689542977299562e-01
-1.409040176533333244e-01
-1.433615799981818317e-01
-1.437689542977299562e-01
-1.427636907224122398e-01
-1.437689542977299562e-01
-1.414142245753273741e-01
-1.433615799981818317e-01
-1.437689542977299562e-01
1.560263328657872095e-01
1.221045641625168598e-01
-1.505478343395366125e-01
6.491241216435389427e-02
-1.460860326971546441e-01
-1.481760978468146805e-01
-1.457190821817939685e-01
-1.461235048400097436e-01
1.167967274534969513e-01
-1.483047817506840671e-01
-1.504296465193704635e-01
-1.511667132722490092e-01
-1.512786089168816628e-01
-1.501833810113414325e-01
-1.333457279250083172e-01
-1.403879673084397206e-01
-1.334500474736629028e-01
-1.357717579741381519e-01
-1.372312628013510061e-01
9.456418313037390222e-02
-7.618133596717202582e-02
-9.835679663787100235e-02
-9.683074336775671087e-02
-9.656526357002842564e-02
-9.656526357002842564e-02
-9.674937477899681060e-02
-9.683074336775671087e-02
-9.656526357002842564e-02
-9.683074336775671087e-02
-9.710677446338422669e-02
-1.333457279250083172e-01
1.066118040615627316e-01
-1.402174126085907191e-01
-1.372312628013510061e-01
-1.373313974562389017e-01
-1.383973015230142156e-01
-1.372312628013510061e-01
-1.373313974562389017e-01
1.035634797493403814e-01
-1.410142920529272592e-01
-1.414574549157245897e-01
-1.410142920529272592e-01
-1.186769302460861653e-01
-1.034922836134232194e-01
-9.415789994142120811e-02
-7.309667646864886903e-02
-9.303261279978514153e-02
-7.336426944699775410e-02
-9.394039696636030667e-02
-1.100631770693061284e-01
-1.057981458757243365e-01
-1.057981458757243365e-01
-1.057981458757243365e-01
-1.027452207452573263e-01
-1.029684174241329853e-01
-1.057396048842718095e-01
-1.209574594302972872e-01
-1.042162127560610774e-01
-1.053431717453183758e-01
-1.036734440626203568e-01
-1.036334721209680731e-01
-1.056785659531610522e-01
-1.203358700937330883e-01
-9.394039696636030667e-02
-1.053431717453183758e-01
-9.707056873600899971e-02
-1.056399072268802142e-01
-9.394039696636030667e-02
-1.203358700937330883e-01
-9.722286978823424519e-02
-9.722286978823424519e-02
-1.034148358035631987e-01
-8.454978745823271691e-02
-1.119363280703105090e-01
-1.073289677960441169e-01
-9.566439147526051290e-02
-1.057396048842718095e-01
-9.707056873600899971e-02
-1.005142601602155850e-01
-9.682676282208257934e-02
-1.203358700937330883e-01
-1.205202418742649106e-01
-1.161866998374976312e-01
-1.422042725266946528e-01
-1.403223443996893249e-01
-1.414574549157245897e-01
-1.414574549157245897e-01
-1.380670640338168553e-01
-1.203999669496536029e-01
-1.205107528795428817e-01
-1.210751165048752909e-01
-1.051949549618577673e-01
-1.219128055125228705e-01
-1.228866977304387542e-01
-1.191598883638534390e-01
-1.200050965908955880e-01
-1.329317709482751297e-01
-1.500726429167885123e-01
-1.500726429167885123e-01
-1.516773747136120343e-01
-1.501268357444748847e-01
-1.511909541274889524e-01
-1.511909541274889524e-01
-1.518868459128863702e-01
-1.511909541274889524e-01
-1.501268357444748847e-01
-1.504296465193704635e-01
-1.516773747136120343e-01
-1.504296465193704635e-01
-1.516773747136120343e-01
-1.504296465193704635e-01
-1.504296465193704635e-01
-1.491838247637552461e-01
-1.481760978468146805e-01
-1.501223752410736911e-01
-1.481760978468146805e-01
-1.491838247637552461e-01
-1.491838247637552461e-01
-1.490601143138256535e-01
-1.483047817506840671e-01
-1.491838247637552461e-01
-1.456391244074300428e-01
-1.460860326971546441e-01
-1.490601143138256535e-01
1.551155879975575913e-01
1.197214175100120293e-01
9.014179156014728855e-02
7.828519674740258560e-02
-1.195373261135232457e-01
-1.217138721345663033e-01
-1.217138721345663033e-01
-1.217138721345663033e-01
1.427793109615562162e-01
-1.217138721345663033e-01
-1.246061863601845010e-01
-1.147082502974283713e-01
-1.147082502974283713e-01
-1.437689542977299562e-01
-1.437689542977299562e-01
-1.378865849781377717e-01
-1.433615799981818317e-01
-1.437689542977299562e-01
-1.437689542977299562e-01
-1.409040176533333244e-01
-1.433615799981818317e-01
-1.437689542977299562e-01
-1.409040176533333244e-01
-1.414142245753273741e-01
-1.437689542977299562e-01
-1.427636907224122398e-01
-1.414142245753273741e-01
-1.446776904292194077e-01
-1.398608644323161565e-01
-1.461235048400097436e-01
-1.481760978468146805e-01
-1.460955452813513800e-01
-1.483047817506840671e-01
9.064632287777202313e-02
-1.439331803340019866e-01
-1.449894688230244921e-01
-1.463459374934055202e-01
-1.179258029023000920e-01
-1.437689542977299562e-01
-1.446776904292194077e-01
-1.181630753655668609e-01
-1.437689542977299562e-01
-1.207676878670866927e-01
-1.178654089416688033e-01
-1.171590838713471583e-01
-1.440747305863920857e-01
-1.498433097111810941e-01
6.478128718066084035e-02
-1.501223752410736911e-01
-1.505478343395366125e-01
-1.505478343395366125e-01
-1.437689542977299562e-01
-1.414142245753273741e-01
-1.427636907224122398e-01
7.574961517794870369e-02
-1.172767961927472236e-01
-1.217138721345663033e-01
1.607515902552650311e-01
1.446968178554533524e-01
1.216208761348305800e-01
6.404497590207675062e-02
-1.465374450434760445e-01
-1.339584824561707022e-01
-1.411305996436889032e-01
-1.411305996436889032e-01
1.234920193680419387e-01
-1.466098869021973949e-01
-1.508547996998512719e-01
-1.507934497251281480e-01
-1.505478343395366125e-01
-1.504296465193704635e-01
-1.468504321884682717e-01
-1.468504321884682717e-01
-1.463298629732427969e-01
-1.504296465193704635e-01
-8.662118427164627876e-02
1.081201442191445650e-01
-4.645275209826998930e-02
-4.876547550629001249e-02
-4.702378651314420566e-02
-4.702378651314420566e-02
-5.440551568821799799e-02
-5.412509113618091394e-02
-5.440551568821799799e-02
-5.412509113618091394e-02
-2.260120368442586347e-03
-4.149945231580964844e-03
-1.422617759336997079e-03
-1.422617759336997079e-03
3.137442797958461815e-02
3.481839563236149848e-02
-1.241552707871104722e-01
1.248200036924425604e-01
-1.248637841109963009e-01
-1.256199105932261362e-01
-1.256199105932261362e-01
-1.217947120227012014e-01
-1.217947120227012014e-01
-1.215598975065108611e-01
1.237319727675823544e-01
-1.181630753655668609e-01
-1.178654089416688033e-01
-9.656526357002842564e-02
-4.181028938175906928e-02
-7.309667646864886903e-02
-6.343677428089317116e-02
-6.343677428089317116e-02
-1.031390922349679218e-01
5.600340675260079282e-02
5.706958101396469862e-02
5.112481442965094436e-02
-5.582105435709167063e-02
1.227799582660832334e-02
2.571091515657042414e-03
1.867725175040746421e-03
-9.389809386004666081e-02
2.571091515657042414e-03
2.571091515657042414e-03
6.499913871205026394e-02
3.893680047326125715e-02
6.676111521126792958e-03
-1.479706488484061611e-02
5.778156706919918006e-02
-3.829534648145244136e-02
-4.506650895520181166e-02
2.571091515657042414e-03
-9.181743855170049207e-02
1.065351089474436685e-02
2.571091515657042414e-03
-6.760607893761083620e-02
-4.848123368904039276e-02
5.706958101396469862e-02
7.840835766948456298e-02
-5.412509113618091394e-02
-1.057396048842718095e-01
-2.341142361104164848e-04
-6.760607893761083620e-02
-9.664339011553457759e-02
-9.304931373971631059e-02
-1.409088719511363830e-01
-1.191598883638534390e-01
-1.119718063489261173e-01
-1.373313974562389017e-01
-1.207024319731458406e-01
-9.303261279978514153e-02
-1.372312628013510061e-01
-1.207024319731458406e-01
-1.081255321397858182e-01
-1.210604048609272287e-01
-1.411305996436889032e-01
-1.087757284404488045e-01
-1.405262058769099487e-01
-8.610376824092713655e-02
2.571091515657042414e-03
-9.389809386004666081e-02
-8.854552745901428379e-02
9.405861369754520140e-03
-1.073289677960441169e-01
-8.351991100662836676e-02
-5.267977964846010108e-02
-1.116948412495088472e-01
-4.215890400881272537e-02
-5.516357307821245781e-02
-1.139207147114194574e-01
-8.435767824145179450e-02
-5.582105435709167063e-02
-1.139207147114194574e-01
-1.248637841109963009e-01
-9.566439147526051290e-02
3.205162052149984619e-02
-1.229266783862051904e-01
-6.463448469994526047e-02
-1.541090594032129557e-02
-1.205996990502122279e-01
-1.077814556688586611e-01
-6.423090559245181463e-02
-1.203579810730455724e-01
-9.509737929606221218e-02
-9.566439147526051290e-02
-1.410142920529272592e-01
-9.656526357002842564e-02
-9.794981326721480253e-02
-1.422042725266946528e-01
-1.396346107730112585e-01
-1.189232905588265554e-01
1.546936419466156676e-01
1.201196938260860603e-01
7.574961517794870369e-02
-1.347266498458262185e-01
-1.329890130604016729e-01
-1.329890130604016729e-01
-1.347266498458262185e-01
1.227924072471618389e-01
-1.330361212475235089e-01
-1.359749753249238080e-01
-1.330361212475235089e-01
-1.466098869021973949e-01
-1.461235048400097436e-01
-1.461235048400097436e-01
-1.457190821817939685e-01
-1.409040176533333244e-01
-1.462539898747128864e-01
-1.466724242634744879e-01
-1.466724242634744879e-01
-1.481760978468146805e-01
-1.460955452813513800e-01
-1.467922707077515820e-01
-1.481760978468146805e-01
-1.481760978468146805e-01
-1.468885976017907380e-01
-1.466098869021973949e-01
-1.491838247637552461e-01
-1.481760978468146805e-01
-1.461235048400097436e-01
-1.482924962434840621e-01
-1.481760978468146805e-01
1.082668383101871856e-01
-1.335478763736029362e-01
-1.329317709482751297e-01
-1.329839432121822651e-01
-1.373092384203092320e-01
-1.377770530592059006e-01
-1.382907138044170980e-01
-1.373313974562389017e-01
-1.379181906294278392e-01
-1.377770530592059006e-01
-1.373313974562389017e-01
-1.372312628013510061e-01
-1.377770530592059006e-01
-1.339584824561707022e-01
-1.276187057295311011e-01
-1.325169242461466390e-01
-1.269256186039019463e-01
-1.269256186039019463e-01
-1.323932139097699912e-01
-1.269256186039019463e-01
-1.276187057295311011e-01
-1.271568039744808698e-01
-1.290620066187373460e-01
-1.276187057295311011e-01
-1.339584824561707022e-01
-1.290620066187373460e-01
-1.269256186039019463e-01
-1.269256186039019463e-01
-1.269256186039019463e-01
-1.269256186039019463e-01
-1.339584824561707022e-01
-1.276187057295311011e-01
-1.290620066187373460e-01
-1.290620066187373460e-01
-1.269256186039019463e-01
-1.334500474736629028e-01
-1.290620066187373460e-01
1.133727300697159879e-01
-1.258693180931493294e-01
-1.276187057295311011e-01
-1.251726765262073937e-01
-1.410142920529272592e-01
1.146752192836777984e-01
-1.505478343395366125e-01
-1.053431717453183758e-01
-1.077814556688586611e-01
-1.073289677960441169e-01
-1.056399072268802142e-01
-1.062114010531141073e-01
-8.351991100662836676e-02
-8.351991100662836676e-02
-8.351991100662836676e-02
-8.435767824145179450e-02
1.468509766393408245e-01
-1.411305996436889032e-01
-1.411305996436889032e-01
-1.411305996436889032e-01
-1.422975050836928768e-01
-1.411305996436889032e-01
-1.411305996436889032e-01
-1.411305996436889032e-01
-1.422975050836928768e-01
-1.411305996436889032e-01
-1.420707803845234207e-01
-1.411305996436889032e-01
-1.411305996436889032e-01
-1.426369115097457230e-01
-1.411305996436889032e-01
-1.423522762761532667e-01
-1.423997847588869825e-01
-1.411305996436889032e-01
-1.411305996436889032e-01
-1.429617252892109169e-01
-1.429121014238941556e-01
-1.423997847588869825e-01
-1.423997847588869825e-01
-1.411305996436889032e-01
-1.422042725266946528e-01
-1.422975576328202041e-01
-1.271568039744808698e-01
-1.224503674836533440e-01
-1.161866998374976312e-01
-1.151579309770640602e-01
-1.175257682653315094e-01
-1.200050965908955880e-01
-1.182497368163524243e-01
-9.310192345729906283e-02
-9.633692056235421131e-02
-1.038804113090963099e-01
-1.048013977513531647e-01
-1.203358700937330883e-01
-1.042659063440242728e-01
-1.048013977513531647e-01
-1.051364528728869208e-01
-9.917017172436193295e-02
-9.599322831239048837e-02
-8.529031658216962297e-02
-1.060048182247483872e-01
-1.217947120227012014e-01
-1.224503674836533440e-01
-1.372312628013510061e-01
-1.410142920529272592e-01
-1.411305996436889032e-01
-1.414574549157245897e-01
-1.405262058769099487e-01
-1.256199105932261362e-01
-1.213815150035293944e-01
-1.078615538745788527e-01
-1.078615538745788527e-01
-1.073289677960441169e-01
-1.236528554175704286e-01
-1.194554908205582300e-01
-1.057981458757243365e-01
-1.110181835529332472e-01
-1.116948412495088472e-01
-1.109522860687132129e-01
-1.116948412495088472e-01
-1.191598883638534390e-01
-1.236853718797913393e-01
-1.200050965908955880e-01
-1.194426963333160008e-01
-1.340751898809903753e-01
-1.404396079748431725e-01
-1.412359484438051038e-01
-1.505620997043419229e-01
-1.501268357444748847e-01
-1.501268357444748847e-01
-1.511909541274889524e-01
-1.501268357444748847e-01
-1.518868459128863702e-01
-1.501268357444748847e-01
-1.518868459128863702e-01
-1.501268357444748847e-01
-1.501268357444748847e-01
-1.500726429167885123e-01
-1.500726429167885123e-01
-1.483047817506840671e-01
-1.511909541274889524e-01
-1.504296465193704635e-01
-1.501268357444748847e-01
-1.501268357444748847e-01
-1.501268357444748847e-01
-1.518868459128863702e-01
-1.501268357444748847e-01
-1.201964851347468444e-01
-1.209574594302972872e-01
-1.215598975065108611e-01
-1.165793765961187223e-01
-8.529031658216962297e-02
5.742545361158118977e-02
-7.686475105800866237e-02
1.867725175040746421e-03
-8.454978745823271691e-02
-8.580883260899913045e-02
-7.629741553622337857e-02
7.407694530854530557e-02
6.499913871205026394e-02
-9.199873026170901635e-02
-9.199873026170901635e-02
-8.435767824145179450e-02
7.407694530854530557e-02
-9.310192345729906283e-02
-8.529031658216962297e-02
-8.435767824145179450e-02
-7.122586345874748481e-02
3.852186423038045371e-02
1.568309995213290620e-02
-9.303261279978514153e-02
-8.619902744542679018e-02
-1.276821185290477612e-01
-1.171590838713471583e-01
-1.181630753655668609e-01
-1.181630753655668609e-01
-1.276187057295311011e-01
-1.396346107730112585e-01
-1.397538457337783591e-01
-1.501268357444748847e-01
-1.501268357444748847e-01
-1.516773747136120343e-01
-1.502952062384064202e-01
-1.504296465193704635e-01
-1.504296465193704635e-01
-1.504296465193704635e-01
-1.504296465193704635e-01
-1.504296465193704635e-01
-1.518868459128863702e-01
-1.518868459128863702e-01
-1.516773747136120343e-01
-1.511909541274889524e-01
-1.511909541274889524e-01
-1.501268357444748847e-01
-1.501268357444748847e-01
-1.516773747136120343e-01
-1.518868459128863702e-01
-1.516773747136120343e-01
-1.504296465193704635e-01
-1.505620997043419229e-01
-1.505944090568793192e-01
-1.516773747136120343e-01
-1.516773747136120343e-01
-1.504402836389950315e-01
-1.505620997043419229e-01
-1.511909541274889524e-01
-1.461235048400097436e-01
-1.456391244074300428e-01
-1.465374450434760445e-01
-1.465968620455835869e-01
-1.465968620455835869e-01
-1.456391244074300428e-01
-1.467922707077515820e-01
-1.460955452813513800e-01
-1.466098869021973949e-01
-1.463298629732427969e-01
-1.236528554175704286e-01
-1.227434794238626559e-01
-1.231771735405716717e-01
-1.072088815845445575e-01
-1.217947120227012014e-01
-1.173439957235553610e-01
-1.111076374412804935e-01
-9.459867234061636321e-02
-1.081255321397858182e-01
-1.187966836585461206e-01
-1.227434794238626559e-01
-1.244812226803574395e-01
-1.232351499079495372e-01
-1.213331133052502064e-01
-1.201964851347468444e-01
-1.213331133052502064e-01
-1.224503674836533440e-01
-1.373092384203092320e-01
-1.426369115097457230e-01
-1.481760978468146805e-01
-1.460955452813513800e-01
-1.481760978468146805e-01
-1.398608644323161565e-01
-1.341144278936668433e-01
-1.347266498458262185e-01
-1.394714092318942167e-01
-1.359749753249238080e-01
-1.409040176533333244e-01
-1.359749753249238080e-01
-1.392816266779015044e-01
-1.357497582272028103e-01
-1.437689542977299562e-01
-1.482924962434840621e-01
-1.483047817506840671e-01
-1.439331803340019866e-01
-1.483047817506840671e-01
-1.456391244074300428e-01
1.082668383101871856e-01
-1.484432544687007138e-01
-1.505478343395366125e-01
-1.273301002865039333e-01
-1.256115418405525652e-01
-1.256115418405525652e-01
-1.256199105932261362e-01
-1.231771735405716717e-01
-1.191598883638534390e-01
-1.463298629732427969e-01
7.563889501870885157e-02
-1.489016408224027588e-01
-1.501833810113414325e-01
-1.501833810113414325e-01
-1.482924962434840621e-01
-1.483047817506840671e-01
-1.490601143138256535e-01
6.397875134848934886e-02
-1.392816266779015044e-01
-1.359749753249238080e-01
1.522037865432986359e-01
1.326625997486335362e-01
7.639577843175077154e-02
-1.341144278936668433e-01
-1.281560767520411037e-01
-1.330361212475235089e-01
-1.341144278936668433e-01
1.311938881122630129e-01
-1.341144278936668433e-01
-1.347266498458262185e-01
-1.329283123780726772e-01
-1.466098869021973949e-01
-1.481760978468146805e-01
-1.341144278936668433e-01
-1.465968620455835869e-01
-1.446776904292194077e-01
-1.462539898747128864e-01
-1.462539898747128864e-01
-1.466098869021973949e-01
-1.483047817506840671e-01
-1.465968620455835869e-01
-1.508547996998512719e-01
-1.511667132722490092e-01
-1.505478343395366125e-01
-1.505478343395366125e-01
1.144707388998011388e-01
-1.229266783862051904e-01
-1.228866977304387542e-01
-1.256199105932261362e-01
-1.203358700937330883e-01
-1.203358700937330883e-01
-1.490601143138256535e-01
-1.217947120227012014e-01
-1.481760978468146805e-01
-1.507022541283403183e-01
6.413345996549418837e-02
-1.461235048400097436e-01
-1.392816266779015044e-01
-1.465968620455835869e-01
-1.460955452813513800e-01
-1.468885976017907380e-01
6.679610586710499343e-02
1.509551001151467342e-01
-1.347266498458262185e-01
-1.330361212475235089e-01
1.550280561457776929e-01
1.220204380334710126e-01
-1.505478343395366125e-01
6.450831406189644346e-02
-1.468885976017907380e-01
-1.467922707077515820e-01
-1.481760978468146805e-01
-1.481760978468146805e-01
1.167967274534969513e-01
-1.491838247637552461e-01
-1.428657387794667333e-01
-1.427061507883958247e-01
-1.505620997043419229e-01
-1.512786089168816628e-01
-1.504296465193704635e-01
-1.504296465193704635e-01
-1.504296465193704635e-01
-1.437832940018576866e-01
-1.440293598004905862e-01
-1.437832940018576866e-01
-1.440293598004905862e-01
-1.449283239125763734e-01
1.131493358251342563e-01
-1.187966836585461206e-01
-1.423941218412750898e-01
-1.150488055975608104e-01
-1.426762127236975708e-01
-1.139207147114194574e-01
-1.187966836585461206e-01
-1.150488055975608104e-01
-1.150488055975608104e-01
-1.150488055975608104e-01
-1.187966836585461206e-01
-1.193191893306543294e-01
-1.468504321884682717e-01
-1.428657387794667333e-01
-1.418707404008011652e-01
8.230189023256545555e-02
-1.449283239125763734e-01
-1.446636964536048287e-01
-1.498433097111810941e-01
-1.507934497251281480e-01
-1.505478343395366125e-01
-1.505478343395366125e-01
6.220135662820652778e-02
-1.439331803340019866e-01
-1.437689542977299562e-01
-1.440747305863920857e-01
-1.441492199203928126e-01
-1.441492199203928126e-01
-1.437832940018576866e-01
-1.426609609176601734e-01
-1.424397072830959066e-01
-1.448528327067759580e-01
-1.457245581103205900e-01
-1.439353027827008913e-01
-1.455256596760460819e-01
-1.426609609176601734e-01
-1.439353027827008913e-01
-1.426609609176601734e-01
-1.439353027827008913e-01
-1.448528327067759580e-01
-1.418707404008011652e-01
-1.427061507883958247e-01
-1.426609609176601734e-01
-1.428657387794667333e-01
-1.427061507883958247e-01
-1.446636964536048287e-01
-1.421182544575573248e-01
-1.424397072830959066e-01
-1.427061507883958247e-01
-1.418707404008011652e-01
-1.423941218412750898e-01
-1.428657387794667333e-01
-1.418707404008011652e-01
-1.423941218412750898e-01
-1.421182544575573248e-01
-1.437832940018576866e-01
-1.421182544575573248e-01
-1.418707404008011652e-01
-1.418707404008011652e-01
-1.428657387794667333e-01
-1.424397072830959066e-01
-1.421182544575573248e-01
-1.468504321884682717e-01
-1.421182544575573248e-01
-1.418707404008011652e-01
-1.423941218412750898e-01
-1.428657387794667333e-01
-1.421182544575573248e-01
-1.426762127236975708e-01
-1.418707404008011652e-01
-1.421182544575573248e-01
-1.440293598004905862e-01
-1.418707404008011652e-01
-1.420707803845234207e-01
-1.409088719511363830e-01
-1.411305996436889032e-01
-1.411305996436889032e-01
-1.410142920529272592e-01
-1.411305996436889032e-01
-1.466182348150498749e-01
-1.441492199203928126e-01
-1.448528327067759580e-01
-1.428030656095189421e-01
-1.448528327067759580e-01
-1.447704134023191092e-01
-1.448528327067759580e-01
-1.448528327067759580e-01
-1.455256596760460819e-01
-1.455256596760460819e-01
-1.427061507883958247e-01
-1.455256596760460819e-01
-1.455256596760460819e-01
-1.457245581103205900e-01
-1.455256596760460819e-01
-1.457245581103205900e-01
-1.457245581103205900e-01
-1.462439875554347735e-01
-1.458733455005899460e-01
-1.458733455005899460e-01
-1.458733455005899460e-01
-1.457245581103205900e-01
-1.458733455005899460e-01
-1.447704134023191092e-01
-1.458733455005899460e-01
-1.458733455005899460e-01
-1.458733455005899460e-01
-1.429617252892109169e-01
-1.447704134023191092e-01
-1.458733455005899460e-01
-1.458733455005899460e-01
-1.458733455005899460e-01
-1.429617252892109169e-01
-1.458733455005899460e-01
-1.429617252892109169e-01
-1.458733455005899460e-01
-1.420765671705389033e-01
-1.423997847588869825e-01
-1.458733455005899460e-01
-1.429617252892109169e-01
-1.429617252892109169e-01
-1.458733455005899460e-01
-1.457245581103205900e-01
-1.457245581103205900e-01
-1.446816529308371790e-01
-1.427061507883958247e-01
-1.461105373615750880e-01
-1.440747305863920857e-01
-1.409040176533333244e-01
-1.440747305863920857e-01
-1.427636907224122398e-01
-1.446776904292194077e-01
-1.446776904292194077e-01
-1.456261433426563889e-01
-1.460857688895849660e-01
-1.446776904292194077e-01
-1.508547996998512719e-01
-1.511667132722490092e-01
-1.504296465193704635e-01
-1.504296465193704635e-01
-1.481760978468146805e-01
1.550280561457776929e-01
1.326625997486335362e-01
7.333646523845721577e-02
-1.347266498458262185e-01
-1.329890130604016729e-01
1.226148267128993052e-01
-1.130416637016931070e-01
-1.446776904292194077e-01
-1.411305996436889032e-01
9.398796573390538756e-02
-1.460955452813513800e-01
-1.466724242634744879e-01
-1.171695888953170339e-01
-1.181630753655668609e-01
-1.178654089416688033e-01
-1.181630753655668609e-01
-1.449894688230244921e-01
-9.566439147526051290e-02
-9.710677446338422669e-02
6.881520137728841524e-02
-1.409040176533333244e-01
-1.437689542977299562e-01
-1.427636907224122398e-01
-1.281560767520411037e-01
-1.437689542977299562e-01
-1.409040176533333244e-01
7.333646523845721577e-02
1.607515902552650311e-01
1.607515902552650311e-01
1.194920841316975957e-01
6.443349522491642611e-02
-1.130416637016931070e-01
-1.341144278936668433e-01
1.304667030866602517e-01
-1.507934497251281480e-01
-1.411305996436889032e-01
-1.482924962434840621e-01
-1.461235048400097436e-01
1.082668383101871856e-01
-1.491838247637552461e-01
-1.482924962434840621e-01
-1.481760978468146805e-01
-1.179258029023000920e-01
-1.179258029023000920e-01
-1.205107528795428817e-01
-1.490601143138256535e-01
-1.204349267462420658e-01
-1.483047817506840671e-01
-1.501223752410736911e-01
-1.507934497251281480e-01
-1.165793765961187223e-01
-1.207281863215613482e-01
1.141348216263358695e-01
-1.460955452813513800e-01
-1.457190821817939685e-01
-1.462539898747128864e-01
-1.466098869021973949e-01
-1.462539898747128864e-01
-1.465968620455835869e-01
6.816959558900653748e-02
1.530445927399341488e-01
1.577773246771922433e-01
8.856936563521972117e-02
7.333646523845721577e-02
-1.347266498458262185e-01
-1.330361212475235089e-01
-1.347266498458262185e-01
-1.347266498458262185e-01
1.320905462768438565e-01
-1.392816266779015044e-01
-1.359749753249238080e-01
-1.341144278936668433e-01
-1.465968620455835869e-01
-1.490601143138256535e-01
-1.481760978468146805e-01
-1.462539898747128864e-01
-1.456391244074300428e-01
-1.460955452813513800e-01
-1.456391244074300428e-01
-1.481760978468146805e-01
-1.460955452813513800e-01
-1.456391244074300428e-01
1.068148693955038309e-01
-1.175401038551880939e-01
-1.329317709482751297e-01
-1.372312628013510061e-01
-1.335478763736029362e-01
-1.326823558529658942e-01
-1.340751898809903753e-01
-1.335478763736029362e-01
-1.333457279250083172e-01
-1.326823558529658942e-01
-7.798370741736665446e-02
-1.326823558529658942e-01
-1.371378891463873595e-01
-1.371378891463873595e-01
-1.371378891463873595e-01
-1.373092384203092320e-01
-1.380740811543688107e-01
-1.371378891463873595e-01
-1.373313974562389017e-01
-1.380740811543688107e-01
-1.405262058769099487e-01
-1.371378891463873595e-01
-1.382907138044170980e-01
-1.385605452598354659e-01
-1.339584824561707022e-01
-1.288321107183647563e-01
-1.295371114772524979e-01
-1.295371114772524979e-01
-1.290620066187373460e-01
-1.339584824561707022e-01
-1.269256186039019463e-01
-1.339584824561707022e-01
-1.295371114772524979e-01
-1.288321107183647563e-01
-1.339584824561707022e-01
-1.325169242461466390e-01
-1.290620066187373460e-01
1.094710878301755064e-01
1.129790171130605203e-01
-1.295371114772524979e-01
-1.295371114772524979e-01
-1.295371114772524979e-01
-1.411305996436889032e-01
1.150700802558317082e-01
-1.505478343395366125e-01
-1.055931788973076824e-01
-1.045638541851313108e-01
-1.056785659531610522e-01
-1.057396048842718095e-01
-1.056399072268802142e-01
-1.042162127560610774e-01
-1.064790286573806255e-01
-1.044702505505796242e-01
-1.046888460377665697e-01
1.400071772458948982e-01
-1.490601143138256535e-01
-1.508547996998512719e-01
-1.508547996998512719e-01
-1.505478343395366125e-01
-1.505478343395366125e-01
-1.483047817506840671e-01
-1.498433097111810941e-01
-1.505478343395366125e-01
-1.508547996998512719e-01
-1.498433097111810941e-01
-1.505478343395366125e-01
-1.508547996998512719e-01
-1.505478343395366125e-01
-1.508547996998512719e-01
-1.490601143138256535e-01
-1.505478343395366125e-01
-1.505478343395366125e-01
-1.507934497251281480e-01
-1.396346107730112585e-01
-1.414574549157245897e-01
-1.409088719511363830e-01
-1.410142920529272592e-01
-1.410142920529272592e-01
-1.411305996436889032e-01
-1.411305996436889032e-01
-1.410142920529272592e-01
-1.411305996436889032e-01
-1.411305996436889032e-01
-1.411305996436889032e-01
-1.411305996436889032e-01
-1.409088719511363830e-01
-1.411305996436889032e-01
-1.409088719511363830e-01
-1.411305996436889032e-01
-1.411305996436889032e-01
-1.411305996436889032e-01
-1.411305996436889032e-01
-1.411305996436889032e-01
-1.411305996436889032e-01
-1.411305996436889032e-01
-1.411305996436889032e-01
-1.239927089102215163e-01
-1.097410012054944040e-01
-1.081255321397858182e-01
-1.081255321397858182e-01
-1.113461751563560864e-01
-1.106200251727702533e-01
-1.106200251727702533e-01
-1.079387610203760284e-01
-9.633930233018928035e-02
-1.055025476098722104e-01
-1.116948412495088472e-01
-1.215598975065108611e-01
-1.205996990502122279e-01
-1.200050965908955880e-01
-1.169015622727640480e-01
-9.707592935151881930e-02
-1.031390922349679218e-01
-1.048903637928451649e-01
-1.106200251727702533e-01
-9.633930233018928035e-02
-9.656526357002842564e-02
-1.045638541851313108e-01
-1.046888460377665697e-01
-1.087757284404488045e-01
-1.194554908205582300e-01
-1.210751165048752909e-01
-1.194554908205582300e-01
-1.109522860687132129e-01
-1.064790286573806255e-01
-1.081255321397858182e-01
-1.106233782371955909e-01
-1.203358700937330883e-01
-1.111322636984704570e-01
-1.106200251727702533e-01
-1.045638541851313108e-01
-1.064790286573806255e-01
-1.107191049843127550e-01
-1.107191049843127550e-01
-1.073289677960441169e-01
-9.917017172436193295e-02
-9.697142467446906444e-02
-9.459867234061636321e-02
-1.228866977304387542e-01
-1.081255321397858182e-01
-9.156233495963500557e-02
-1.079387610203760284e-01
-9.707056873600899971e-02
-9.599860446666713676e-02
-9.566439147526051290e-02
-1.044702505505796242e-01
-1.057981458757243365e-01
-1.036734440626203568e-01
-9.599860446666713676e-02
-1.026694986971727896e-01
-1.042659063440242728e-01
-9.310192345729906283e-02
-9.599860446666713676e-02
-9.599860446666713676e-02
-1.012353478727305856e-01
-1.077814556688586611e-01
-1.171590838713471583e-01
-1.223574289777795143e-01
-1.372312628013510061e-01
-1.395534013223698189e-01
-1.409700287579018774e-01
-1.414574549157245897e-01
-1.405262058769099487e-01
-1.414574549157245897e-01
-1.205107528795428817e-01
-1.231771735405716717e-01
-1.210751165048752909e-01
-1.226926300021135563e-01
-1.249122355764739623e-01
-1.236528554175704286e-01
-1.243704842769910446e-01
-1.207676878670866927e-01
-1.175401038551880939e-01
-1.335478763736029362e-01
-1.441492199203928126e-01
-1.458733455005899460e-01
-1.458733455005899460e-01
-1.446816529308371790e-01
-1.501833810113414325e-01
-1.501833810113414325e-01
-1.501833810113414325e-01
-1.501242292172811355e-01
-1.501833810113414325e-01
-1.489016408224027588e-01
-1.501833810113414325e-01
-1.459692907214030777e-01
-1.461116542214067615e-01
-1.501242292172811355e-01
-1.501833810113414325e-01
-1.501833810113414325e-01
-1.511667132722490092e-01
-1.500726429167885123e-01
-1.468504321884682717e-01
-1.468504321884682717e-01
-1.501833810113414325e-01
-1.501268357444748847e-01
-1.489016408224027588e-01
-1.489016408224027588e-01
-1.471135186581432608e-01
-1.501833810113414325e-01
-1.468504321884682717e-01
-1.471135186581432608e-01
-1.468504321884682717e-01
-1.461116542214067615e-01
-1.501833810113414325e-01
-1.463298629732427969e-01
-1.461116542214067615e-01
-1.511667132722490092e-01
-1.459692907214030777e-01
-1.397538457337783591e-01
-1.215598975065108611e-01
-1.181630753655668609e-01
-1.205996990502122279e-01
-1.111076374412804935e-01
-4.702378651314420566e-02
-2.925923802843594101e-02
-9.459867234061636321e-02
-9.310192345729906283e-02
-9.304931373971631059e-02
1.684509731611882888e-03
-9.683074336775671087e-02
-4.702378651314420566e-02
1.441711511659138356e-02
-9.683074336775671087e-02
-9.705312771083879353e-02
-9.748355220042848046e-02
-9.683074336775671087e-02
-9.303261279978514153e-02
-8.763908459911429194e-03
-9.683074336775671087e-02
-9.835679663787100235e-02
6.361005006775638515e-02
-9.835679663787100235e-02
-9.705312771083879353e-02
3.893680047326125715e-02
-9.674937477899681060e-02
4.329331070059000419e-02
-9.705312771083879353e-02
-9.531983192458298726e-02
-9.683074336775671087e-02
3.272973004210338877e-02
2.571091515657042414e-03
-9.683074336775671087e-02
-9.849533483385308763e-02
-9.656526357002842564e-02
-9.303261279978514153e-02
8.297434660947677898e-05
5.813792154983660199e-02
-9.683074336775671087e-02
-9.748355220042848046e-02
-9.683074336775671087e-02
2.790262067686266612e-02
3.893680047326125715e-02
-9.710677446338422669e-02
-9.705312771083879353e-02
-9.705312771083879353e-02
-8.159348263879240282e-02
7.334292370579170717e-02
1.376376896695485907e-02
-9.683074336775671087e-02
-9.683074336775671087e-02
-8.580883260899913045e-02
-6.447821488607335949e-02
3.893680047326125715e-02
-9.674937477899681060e-02
-9.531983192458298726e-02
-9.683074336775671087e-02
-9.310971637770004694e-02
-9.683074336775671087e-02
-9.748355220042848046e-02
5.706958101396469862e-02
5.564849596701731960e-02
-8.435767824145179450e-02
-1.220908197624391844e-01
-1.111076374412804935e-01
-1.239220539330933013e-01
-1.219918677789458838e-01
-1.165793765961187223e-01
-1.231771735405716717e-01
-1.231771735405716717e-01
-1.231439552297471929e-01
-1.148094253490186678e-01
-1.186092390791228524e-01
-1.231766680103588141e-01
-1.087757284404488045e-01
-1.081255321397858182e-01
-9.633930233018928035e-02
-9.707056873600899971e-02
-1.070802366366772063e-01
-1.219918677789458838e-01
-1.205996990502122279e-01
-1.160752514725110762e-01
-1.171590838713471583e-01
-1.178654089416688033e-01
-1.290620066187373460e-01
-1.325169242461466390e-01
-1.404396079748431725e-01
-1.500726429167885123e-01
-1.501268357444748847e-01
-1.500726429167885123e-01
-1.511909541274889524e-01
-1.504402836389950315e-01
-1.505478343395366125e-01
-1.507934497251281480e-01
-1.505478343395366125e-01
-1.505478343395366125e-01
-1.505478343395366125e-01
-1.507934497251281480e-01
-1.501223752410736911e-01
-1.507022541283403183e-01
-1.505478343395366125e-01
-1.482924962434840621e-01
-1.490601143138256535e-01
-1.505478343395366125e-01
-1.490601143138256535e-01
-1.505478343395366125e-01
-1.505478343395366125e-01
-1.505478343395366125e-01
-1.508547996998512719e-01
-1.505478343395366125e-01
-1.505478343395366125e-01
-1.501223752410736911e-01
-1.501223752410736911e-01
-1.505478343395366125e-01
-1.507934497251281480e-01
-1.505478343395366125e-01
-1.505478343395366125e-01
-1.501223752410736911e-01
-1.483047817506840671e-01
-1.507022541283403183e-01
-1.505478343395366125e-01
-1.505478343395366125e-01
-1.501833810113414325e-01
-1.500726429167885123e-01
-1.468504321884682717e-01
-1.501833810113414325e-01
-1.471135186581432608e-01
-1.501223752410736911e-01
-1.507934497251281480e-01
-1.507022541283403183e-01
-1.505478343395366125e-01
-1.501223752410736911e-01
-1.483047817506840671e-01
-1.501223752410736911e-01
-1.490601143138256535e-01
-1.501223752410736911e-01
-1.498433097111810941e-01
-1.501833810113414325e-01
-1.498433097111810941e-01
-1.489016408224027588e-01
-1.501833810113414325e-01
1.112896735046254304e-01
-1.205345679093022815e-01
-1.219918677789458838e-01
-1.219918677789458838e-01
-1.210751165048752909e-01
-1.219128055125228705e-01
-1.191598883638534390e-01
-1.222715266636771325e-01
-1.464002212376744883e-01
-1.189232905588265554e-01
-1.471135186581432608e-01
7.563889501870885157e-02
-1.500726429167885123e-01
-1.518868459128863702e-01
-1.490601143138256535e-01
-1.504296465193704635e-01
-1.518868459128863702e-01
-1.501268357444748847e-01
6.956059462490388201e-02
-1.483047817506840671e-01
-1.491838247637552461e-01
1.510366107833358007e-01
1.225044534285912312e-01
-1.483047817506840671e-01
6.491241216435389427e-02
-1.466724242634744879e-01
-1.466724242634744879e-01
-1.462539898747128864e-01
-1.461235048400097436e-01
1.229609299761256769e-01
-1.456391244074300428e-01
-1.456391244074300428e-01
-1.462539898747128864e-01
-1.084537512206503740e-01
-1.511667132722490092e-01
-1.504296465193704635e-01
-1.504296465193704635e-01
-1.504296465193704635e-01
-1.505620997043419229e-01
-1.511909541274889524e-01
9.329521146075619997e-02
-1.501833810113414325e-01
-1.411305996436889032e-01
-1.489016408224027588e-01
-1.226926300021135563e-01
-1.501833810113414325e-01
-1.236528554175704286e-01
-1.231766680103588141e-01
-1.231766680103588141e-01
-1.231766680103588141e-01
-1.501833810113414325e-01
-1.236528554175704286e-01
-1.446776904292194077e-01
-1.501223752410736911e-01
6.743184786741734937e-02
-1.467922707077515820e-01
-1.466724242634744879e-01
-1.466724242634744879e-01
-1.466724242634744879e-01
-1.462539898747128864e-01
-1.467922707077515820e-01
6.881520137728841524e-02
-1.330361212475235089e-01
-1.330361212475235089e-01
-1.347266498458262185e-01
-1.329890130604016729e-01
-1.330361212475235089e-01
-1.330361212475235089e-01
-1.347266498458262185e-01
-1.347266498458262185e-01
-1.329890130604016729e-01
-1.333713075767984924e-01
-1.347266498458262185e-01
-1.302424527626373507e-01
-1.341144278936668433e-01
-1.341144278936668433e-01
-1.333713075767984924e-01
-1.341144278936668433e-01
-1.347266498458262185e-01
-1.347266498458262185e-01
-1.330361212475235089e-01
-1.505478343395366125e-01
-1.505478343395366125e-01
1.586256779381724491e-01
1.363565421505630870e-01
-1.501223752410736911e-01
6.491241216435389427e-02
-1.410142920529272592e-01
-1.410142920529272592e-01
1.344987446636665696e-01
-1.235738462489169853e-01
-1.269256186039019463e-01
-1.269256186039019463e-01
-1.466724242634744879e-01
1.068148693955038309e-01
-1.181630753655668609e-01
-1.178654089416688033e-01
-1.179258029023000920e-01
-1.181630753655668609e-01
-1.501223752410736911e-01
-1.178654089416688033e-01
-1.501223752410736911e-01
-1.203579810730455724e-01
-1.181630753655668609e-01
-1.501223752410736911e-01
-1.457190821817939685e-01
6.531198065615512194e-02
-1.269256186039019463e-01
-1.409088719511363830e-01
-1.411305996436889032e-01
-1.466098869021973949e-01
-1.449894688230244921e-01
7.393984789933710777e-02
1.582893349686377849e-01
1.530445927399341488e-01
-1.507934497251281480e-01
6.672522195011526547e-02
-1.341144278936668433e-01
-1.341144278936668433e-01
-1.330361212475235089e-01
-1.359749753249238080e-01
1.256922030102092802e-01
-1.347266498458262185e-01
-1.359749753249238080e-01
-1.330361212475235089e-01
-1.466098869021973949e-01
-1.498433097111810941e-01
-1.491838247637552461e-01
-1.505620997043419229e-01
-1.373092384203092320e-01
-1.385605452598354659e-01
-1.504296465193704635e-01
9.306133953542933268e-02
-1.504296465193704635e-01
-1.504296465193704635e-01
-9.310192345729906283e-02
-1.239927089102215163e-01
-1.217947120227012014e-01
-1.205996990502122279e-01
-1.220915794346885130e-01
-1.217947120227012014e-01
-1.215598975065108611e-01
-1.504296465193704635e-01
-1.205996990502122279e-01
-1.236853718797913393e-01
-1.256115418405525652e-01
-1.501268357444748847e-01
6.584310723008640620e-02
-1.505478343395366125e-01
-1.161866998374976312e-01
-1.250241431692349359e-01
-1.414574549157245897e-01
-1.410142920529272592e-01
-1.410142920529272592e-01
6.881520137728841524e-02
-1.329283123780726772e-01
-1.357497582272028103e-01
1.522037865432986359e-01
1.261146773563650014e-01
1.217542042560553761e-01
7.357280566758078733e-02
-1.427636907224122398e-01
-1.398608644323161565e-01
-1.392816266779015044e-01
-1.453004329208568146e-01
1.223923232213677825e-01
-1.359749753249238080e-01
-1.437689542977299562e-01
-1.427636907224122398e-01
1.116112578106715492e-01
-1.380740811543688107e-01
-1.385605452598354659e-01
-1.412359484438051038e-01
-1.383973015230142156e-01
-1.376528683222553728e-01
-1.383973015230142156e-01
-1.376528683222553728e-01
-1.371378891463873595e-01
-1.373092384203092320e-01
-8.059176824612696022e-02
-1.373092384203092320e-01
-1.371378891463873595e-01
-1.383973015230142156e-01
-1.383973015230142156e-01
-1.383973015230142156e-01
-1.385605452598354659e-01
-1.383973015230142156e-01
-1.383973015230142156e-01
-1.380740811543688107e-01
-1.414574549157245897e-01
-1.383973015230142156e-01
-1.373092384203092320e-01
-1.374702352892741009e-01
-1.373092384203092320e-01
-1.371378891463873595e-01
-1.371378891463873595e-01
-1.380670640338168553e-01
-1.373313974562389017e-01
-1.325890333329844406e-01
-1.325890333329844406e-01
-1.339584824561707022e-01
-1.326823558529658942e-01
-1.325169242461466390e-01
-1.295371114772524979e-01
-1.325169242461466390e-01
-1.339584824561707022e-01
1.035634797493403814e-01
-1.329839432121822651e-01
-1.325890333329844406e-01
-1.339584824561707022e-01
-1.411305996436889032e-01
1.150700802558317082e-01
-1.505478343395366125e-01
-1.042162127560610774e-01
-1.045638541851313108e-01
-8.454978745823271691e-02
-9.394039696636030667e-02
-9.310192345729906283e-02
-8.971820105935601752e-02
-9.455080035308743858e-02
-9.303261279978514153e-02
-9.394039696636030667e-02
1.419200278426435147e-01
-1.410142920529272592e-01
-1.414574549157245897e-01
-1.410142920529272592e-01
-1.412359484438051038e-01
-1.409088719511363830e-01
-1.409088719511363830e-01
-1.411305996436889032e-01
-1.410142920529272592e-01
-1.173010590628696947e-01
-1.173010590628696947e-01
-1.173010590628696947e-01
-1.161263991942392826e-01
-1.173010590628696947e-01
-1.173373756342105390e-01
-1.409088719511363830e-01
-1.173010590628696947e-01
-1.458733455005899460e-01
-1.409088719511363830e-01
-1.172880644628996327e-01
-1.411305996436889032e-01
-1.411305996436889032e-01
-1.411305996436889032e-01
-1.217947120227012014e-01
-1.201964851347468444e-01
-1.173373756342105390e-01
-1.223574289777795143e-01
-1.243704842769910446e-01
-1.205202418742649106e-01
-1.233420476269820321e-01
-9.813328796204640048e-02
-9.707056873600899971e-02
-1.027452207452573263e-01
-1.036734440626203568e-01
-5.530342943777921683e-02
-9.656526357002842564e-02
-7.309667646864886903e-02
-9.917017172436193295e-02
-9.707592935151881930e-02
-1.077814556688586611e-01
-1.036334721209680731e-01
-9.304931373971631059e-02
-1.042659063440242728e-01
-9.697142467446906444e-02
-1.029684174241329853e-01
-1.079387610203760284e-01
-1.078615538745788527e-01
-1.048903637928451649e-01
-4.702378651314420566e-02
-9.776122170658169130e-02
-9.707056873600899971e-02
-1.044702505505796242e-01
-1.056785659531610522e-01
-1.239927089102215163e-01
-9.415789994142120811e-02
-9.510052689934000991e-02
-9.938306059227869360e-02
-8.529031658216962297e-02
-7.686475105800866237e-02
-1.042659063440242728e-01
-1.048013977513531647e-01
-9.389809386004666081e-02
-9.599322831239048837e-02
-1.034263647959031696e-01
-1.048903637928451649e-01
-1.219918677789458838e-01
-1.178617933653925975e-01
-1.223574289777795143e-01
-1.200050965908955880e-01
-1.382551680902716074e-01
-1.396346107730112585e-01
-1.382551680902716074e-01
-1.402174126085907191e-01
-1.200254253412671446e-01
-1.203999669496536029e-01
-1.219918677789458838e-01
-1.207281863215613482e-01
-1.215598975065108611e-01
-1.219918677789458838e-01
-6.343677428089317116e-02
-1.226926300021135563e-01
-1.223387414447881238e-01
-1.184001873478278122e-01
-1.181630753655668609e-01
-1.203999669496536029e-01
-1.205107528795428817e-01
-1.209574594302972872e-01
-1.207676878670866927e-01
-1.207281863215613482e-01
-1.203579810730455724e-01
-1.173968749107672238e-01
-1.181630753655668609e-01
-1.325169242461466390e-01
-1.250241431692349359e-01
-1.471135186581432608e-01
-1.468504321884682717e-01
-1.489016408224027588e-01
-1.471135186581432608e-01
-1.372312628013510061e-01
-1.489016408224027588e-01
-1.468504321884682717e-01
-1.471135186581432608e-01
-1.501268357444748847e-01
-1.501833810113414325e-01
-1.468504321884682717e-01
-1.501833810113414325e-01
-1.489016408224027588e-01
-1.501833810113414325e-01
-1.501833810113414325e-01
-1.471135186581432608e-01
-1.468504321884682717e-01
-1.501833810113414325e-01
-1.500726429167885123e-01
-1.501833810113414325e-01
-1.501833810113414325e-01
-1.471135186581432608e-01
-1.489016408224027588e-01
-1.501833810113414325e-01
-1.501833810113414325e-01
-1.215598975065108611e-01
-1.181630753655668609e-01
-1.217947120227012014e-01
-1.121464627548267035e-01
-7.721672920860378486e-02
-8.529031658216962297e-02
-8.532880007267545919e-02
-7.862096413229741065e-02
5.813792154983660199e-02
-8.435767824145179450e-02
-9.310192345729906283e-02
-9.394039696636030667e-02
-8.351991100662836676e-02
4.620715716170703535e-02
-9.303261279978514153e-02
-9.336377338676571380e-02
-7.686475105800866237e-02
1.227799582660832334e-02
-9.303261279978514153e-02
-9.455080035308743858e-02
-9.199873026170901635e-02
-7.921840495571813578e-02
3.137442797958461815e-02
-8.116255331756666580e-02
-9.310192345729906283e-02
-9.310192345729906283e-02
-7.721672920860378486e-02
6.499913871205026394e-02
9.405861369754520140e-03
-9.394039696636030667e-02
-9.394039696636030667e-02
-9.285548741897597935e-02
-9.455080035308743858e-02
3.852186423038045371e-02
6.572186209081870567e-02
-9.304931373971631059e-02
-9.394039696636030667e-02
-9.279504389956561017e-02
-7.666300767083084056e-02
7.407694530854530557e-02
7.334292370579170717e-02
-9.199873026170901635e-02
-9.310192345729906283e-02
-9.310192345729906283e-02
3.171290970574497381e-02
5.706958101396469862e-02
-8.619902744542679018e-02
-8.610376824092713655e-02
-6.723927817190267220e-02
-8.610376824092713655e-02
6.029559303460069186e-02
-1.377409216361313860e-02
-9.310192345729906283e-02
-8.619902744542679018e-02
-8.454978745823271691e-02
5.077320331648754737e-02
5.813792154983660199e-02
7.334292370579170717e-02
-9.310192345729906283e-02
-8.971820105935601752e-02
-8.610376824092713655e-02
7.334292370579170717e-02
7.334292370579170717e-02
-7.914155983112053372e-02
-8.610376824092713655e-02
-8.610376824092713655e-02
-7.459504531240107594e-02
7.840835766948456298e-02
7.334292370579170717e-02
-9.389809386004666081e-02
-9.199873026170901635e-02
-8.454978745823271691e-02
-7.582225412845988721e-02
6.397034935457873717e-02
-8.351991100662836676e-02
-7.659952725900071036e-02
-7.582225412845988721e-02
7.703791652506147836e-02
7.407694530854530557e-02
-8.610376824092713655e-02
-8.454978745823271691e-02
-1.207281863215613482e-01
-1.410142920529272592e-01
-1.205107528795428817e-01
-1.205107528795428817e-01
-1.256199105932261362e-01
-1.179258029023000920e-01
-1.244812226803574395e-01
-1.189232905588265554e-01
-1.193793503249062082e-01
-1.189232905588265554e-01
-1.191598883638534390e-01
-1.148094253490186678e-01
-1.132775230482253037e-01
-1.219918677789458838e-01
-1.219918677789458838e-01
-1.219918677789458838e-01
-1.278494223254468265e-01
-1.269256186039019463e-01
-1.380740811543688107e-01
-1.501833810113414325e-01
-1.459692907214030777e-01
-1.468504321884682717e-01
-1.512786089168816628e-01
-1.468504321884682717e-01
-1.501833810113414325e-01
-1.468504321884682717e-01
-1.489016408224027588e-01
-1.493343743275517554e-01
-1.501223752410736911e-01
-1.507934497251281480e-01
-1.501223752410736911e-01
-1.483047817506840671e-01
-1.507934497251281480e-01
-1.507022541283403183e-01
-1.490601143138256535e-01
-1.505478343395366125e-01
-1.491838247637552461e-01
-1.493343743275517554e-01
-1.481760978468146805e-01
-1.437689542977299562e-01
-1.501223752410736911e-01
-1.490601143138256535e-01
-1.505478343395366125e-01
-1.501223752410736911e-01
-1.490601143138256535e-01
-1.501223752410736911e-01
-1.501223752410736911e-01
-1.501223752410736911e-01
-1.490601143138256535e-01
-1.501223752410736911e-01
-1.491838247637552461e-01
-1.501223752410736911e-01
-1.483047817506840671e-01
-1.490601143138256535e-01
-1.484432544687007138e-01
-1.501223752410736911e-01
-1.446776904292194077e-01
-1.490601143138256535e-01
-1.501223752410736911e-01
-1.483047817506840671e-01
-1.493343743275517554e-01
-1.507934497251281480e-01
-1.501223752410736911e-01
-1.507022541283403183e-01
-1.483047817506840671e-01
-1.493343743275517554e-01
-1.482924962434840621e-01
-1.501223752410736911e-01
-1.505478343395366125e-01
-1.490601143138256535e-01
-1.501223752410736911e-01
-1.481760978468146805e-01
-1.493343743275517554e-01
-1.446776904292194077e-01
-1.482924962434840621e-01
-1.490601143138256535e-01
-1.130416637016931070e-01
-1.501268357444748847e-01
-1.501833810113414325e-01
-1.498433097111810941e-01
-1.501833810113414325e-01
-1.501242292172811355e-01
8.876454843863007538e-02
-1.119863901383321703e-01
-1.109522860687132129e-01
-1.119863901383321703e-01
-1.119363280703105090e-01
-1.116948412495088472e-01
-1.132775230482253037e-01
-1.464002212376744883e-01
-1.189232905588265554e-01
-1.223387414447881238e-01
-1.463298629732427969e-01
7.394882627383242424e-02
-1.449283239125763734e-01
-1.421182544575573248e-01
-1.518868459128863702e-01
-1.437832940018576866e-01
-1.446636964536048287e-01
-1.440293598004905862e-01
-1.449283239125763734e-01
8.230189023256545555e-02
-1.518868459128863702e-01
-1.505620997043419229e-01
-1.511667132722490092e-01
-1.224503674836533440e-01
-1.205107528795428817e-01
-1.034148358035631987e-01
-9.510052689934000991e-02
-1.046970848661730180e-01
-1.060048182247483872e-01
-1.031390922349679218e-01
-1.201991919066382475e-01
-1.205202418742649106e-01
-1.156416138259749316e-01
-1.156416138259749316e-01
-1.339584824561707022e-01
-1.357717579741381519e-01
-1.422975050836928768e-01
-1.491838247637552461e-01
-1.460860326971546441e-01
-1.462539898747128864e-01
-1.461235048400097436e-01
-1.481760978468146805e-01
-1.481760978468146805e-01
-1.456391244074300428e-01
-1.433615799981818317e-01
-1.392816266779015044e-01
-1.392816266779015044e-01
-1.433615799981818317e-01
-1.235738462489169853e-01
1.501985198953708633e-01
1.253102873399128403e-01
-1.392816266779015044e-01
7.370334751140678042e-02
-1.330361212475235089e-01
-1.329283123780726772e-01
-1.347266498458262185e-01
-1.130416637016931070e-01
1.320905462768438565e-01
-1.341144278936668433e-01
-1.505478343395366125e-01
-1.505478343395366125e-01
-1.329283123780726772e-01
-1.341144278936668433e-01
-1.347266498458262185e-01
-1.341144278936668433e-01
-1.341144278936668433e-01
-1.347266498458262185e-01
-1.330361212475235089e-01
-1.330361212475235089e-01
-1.339809134569561189e-01
-1.329283123780726772e-01
-1.329283123780726772e-01
-1.359749753249238080e-01
-1.329890130604016729e-01
-1.462539898747128864e-01
-1.466098869021973949e-01
-1.466724242634744879e-01
-1.466724242634744879e-01
9.269136534023708629e-02
-1.171695888953170339e-01
-1.481760978468146805e-01
-1.178654089416688033e-01
-1.481760978468146805e-01
-1.201991919066382475e-01
-1.231771735405716717e-01
-1.241552707871104722e-01
-1.249122355764739623e-01
-1.231771735405716717e-01
-1.239220539330933013e-01
-1.241552707871104722e-01
-1.203579810730455724e-01
-1.201991919066382475e-01
-1.484432544687007138e-01
6.881520137728841524e-02
-1.461235048400097436e-01
-1.460857688895849660e-01
-1.462539898747128864e-01
-1.466724242634744879e-01
-1.460955452813513800e-01
-1.466724242634744879e-01
6.881520137728841524e-02
1.509551001151467342e-01
-1.341144278936668433e-01
-1.341144278936668433e-01
-1.341144278936668433e-01
-1.329890130604016729e-01
-1.341144278936668433e-01
-1.341144278936668433e-01
-1.341144278936668433e-01
-1.347266498458262185e-01
-1.341144278936668433e-01
-1.341144278936668433e-01
-1.330622466376389368e-01
-1.330361212475235089e-01
-1.341144278936668433e-01
-1.341144278936668433e-01
-1.281560767520411037e-01
-1.329283123780726772e-01
-1.301949525437154365e-01
-1.330361212475235089e-01
-1.347266498458262185e-01
-1.339809134569561189e-01
-1.333713075767984924e-01
-1.329283123780726772e-01
-1.329890130604016729e-01
-1.329283123780726772e-01
-1.329890130604016729e-01
-1.347266498458262185e-01
-1.347266498458262185e-01
-1.347266498458262185e-01
-1.359749753249238080e-01
-1.341144278936668433e-01
-1.341144278936668433e-01
1.547296222530801235e-01
1.338845317145354596e-01
8.856888668369072848e-02
-1.217138721345663033e-01
-1.217138721345663033e-01
-1.246061863601845010e-01
-1.465968620455835869e-01
1.233613988436433329e-01
-1.466098869021973949e-01
-1.429617252892109169e-01
-1.429617252892109169e-01
-1.200050965908955880e-01
-1.173373756342105390e-01
-1.175257682653315094e-01
-1.276187057295311011e-01
-1.161866998374976312e-01
1.747006641251594439e-01
1.034244030624311139e-01
1.101259387812098534e-01
-1.171968848980528000e-01
-1.077814556688586611e-01
-1.029684174241329853e-01
-1.233311468528078270e-01
1.318898843450502789e-01
-1.383973015230142156e-01
-1.205255330773256084e-01
-1.210604048609272287e-01
-1.205255330773256084e-01
-1.333457279250083172e-01
-1.171590838713471583e-01
-1.213815150035293944e-01
1.643754166020481855e-01
9.559928603790363022e-02
-1.181630753655668609e-01
4.492691578772894934e-02
-1.203358700937330883e-01
-1.171695888953170339e-01
1.222788020606915826e-01
-7.122586345874748481e-02
-8.898427499609451452e-02
-1.210751165048752909e-01
1.028331123209251241e-01
-2.415990735772899356e-02
-2.794563080522499687e-02
-2.925923802843594101e-02
-2.535433867971226274e-02
-4.388397725021070395e-02
-4.598490579731517869e-02
-2.925923802843594101e-02
-1.434371266929374000e-02
3.171290970574497381e-02
3.893680047326125715e-02
-7.862096413229741065e-02
-1.377409216361313860e-02
