# {'thres': 0.778723841905594}
2.024527192115783691e-01
8.149273097515106201e-01
1.321943402290344238e-01
1.433783769607543945e-01
8.300851285457611084e-01
1.235230565071105957e-01
9.696006774902343750e-03
7.455181777477264404e-01
2.889962792396545410e-01
8.448547124862670898e-02
6.826056241989135742e-01
3.962275385856628418e-01
2.295017242431640625e-03
5.433375239372253418e-01
5.354869365692138672e-01
4.265427589416503906e-03
4.592944383621215820e-01
5.752562582492828369e-01
6.375521421432495117e-03
3.588196635246276855e-01
6.928468942642211914e-01
1.877647638320922852e-02
3.340974450111389160e-01
7.938245534896850586e-01
6.464043259620666504e-02
1.939434409141540527e-01
7.790547907352447510e-01
1.219945549964904785e-01
1.561995744705200195e-01
8.133511245250701904e-01
1.791483461856842041e-01
9.830245375633239746e-02
7.762944996356964111e-01
2.472725510597229004e-01
8.352503180503845215e-02
7.005086839199066162e-01
4.208977222442626953e-01
3.109613060951232910e-02
5.132291913032531738e-01
4.621814787387847900e-01
3.175947070121765137e-02
4.715600609779357910e-01
5.808325707912445068e-01
3.578349947929382324e-02
4.345770478248596191e-01
6.950636208057403564e-01
2.745273709297180176e-02
2.804678082466125488e-01
7.660287022590637207e-01
2.369800209999084473e-02
2.042557001113891602e-01
8.045234084129333496e-01
1.161845922470092773e-01
1.932627558708190918e-01
8.102401793003082275e-01
1.973376870155334473e-01
1.047887504100799561e-01
8.067876994609832764e-01
2.635562717914581299e-01
6.157952547073364258e-02
6.685388684272766113e-01
3.730396628379821777e-01
4.801267385482788086e-02
6.207525730133056641e-01
4.961076080799102783e-01
3.362825512886047363e-02
4.417421221733093262e-01
5.898696482181549072e-01
5.603283643722534180e-03
3.790529966354370117e-01
7.158928811550140381e-01
5.444753170013427734e-02
3.150390982627868652e-01
7.363881766796112061e-01
2.320784330368041992e-02
1.656222343444824219e-01
7.957002520561218262e-01
1.368890106678009033e-01
1.732283234596252441e-01
8.290272057056427002e-01
1.618931293487548828e-01
1.238251626491546631e-01
7.987684905529022217e-01
2.715761363506317139e-01
4.012221097946166992e-02
6.970190405845642090e-01
4.455231428146362305e-01
3.623524308204650879e-02
6.001918315887451172e-01
4.810965955257415771e-01
1.576036214828491211e-02
4.743118882179260254e-01
5.737985074520111084e-01
3.277873992919921875e-02
3.520595431327819824e-01
7.175171673297882080e-01
2.986600995063781738e-02
2.415211796760559082e-01
7.627352774143218994e-01
8.125236630439758301e-02
2.144303917884826660e-01
8.080203831195831299e-01
8.341863751411437988e-02
1.324247121810913086e-01
8.612338602542877197e-01
1.788662970066070557e-01
6.788524985313415527e-02
7.567708790302276611e-01
2.542233765125274658e-01
4.696428775787353516e-02
6.570067405700683594e-01
4.102180302143096924e-01
6.261953711509704590e-02
6.005715727806091309e-01
4.819437861442565918e-01
6.987631320953369141e-03
4.603879451751708984e-01
6.034116744995117188e-01
1.142993569374084473e-02
3.773164749145507812e-01
6.895109713077545166e-01
1.614952087402343750e-02
2.870883345603942871e-01
7.351818084716796875e-01
3.059262037277221680e-02
2.121149301528930664e-01
7.810969054698944092e-01
8.065065741539001465e-02
1.113412976264953613e-01
7.849922478199005127e-01
1.561654210090637207e-01
1.114304363727569580e-01
7.637507617473602295e-01
2.554855644702911377e-01
7.286676764488220215e-02
6.994855999946594238e-01
3.961794674396514893e-01
5.947697162628173828e-02
5.864611268043518066e-01
4.758261740207672119e-01
6.204247474670410156e-04
4.710061550140380859e-01
5.916355252265930176e-01
1.165401935577392578e-02
4.189318418502807617e-01
6.415508091449737549e-01
3.203392028808593750e-03
2.854111790657043457e-01
7.410035431385040283e-01
3.436785936355590820e-02
1.826454401016235352e-01
8.615118563175201416e-01
9.542399644851684570e-02
1.285018920898437500e-01
8.337313830852508545e-01
2.036436200141906738e-01
1.177702844142913818e-01
7.976291477680206299e-01
2.697023153305053711e-01
6.590470671653747559e-02
6.783662438392639160e-01
3.947731256484985352e-01
6.032407283782958984e-02
6.192257404327392578e-01
4.880379736423492432e-01
2.211868762969970703e-03
4.927543997764587402e-01
5.882042944431304932e-01
6.982058286666870117e-03
3.443782329559326172e-01
6.882617771625518799e-01
1.401010155677795410e-02
2.748659849166870117e-01
7.640277445316314697e-01
6.835582852363586426e-02
2.125847339630126953e-01
7.834873497486114502e-01
1.218654215335845947e-01
1.475330591201782227e-01
8.408197462558746338e-01
1.581098437309265137e-01
7.632777094841003418e-02
7.524355947971343994e-01
2.516264915466308594e-01
9.618356823921203613e-02
7.350547611713409424e-01
3.886127173900604248e-01
2.718189358711242676e-02
5.881483554840087891e-01
4.701288640499114990e-01
1.277434825897216797e-02
4.620344638824462891e-01
6.197585761547088623e-01
7.622390985488891602e-03
3.730822205543518066e-01
6.692821383476257324e-01
2.193391323089599609e-03
2.707370519638061523e-01
7.694005370140075684e-01
1.188474893569946289e-02
1.804243922233581543e-01
8.201608657836914062e-01
1.104021072387695312e-01
1.334923505783081055e-01
8.400559723377227783e-01
1.857007443904876709e-01
1.159010231494903564e-01
7.928332388401031494e-01
2.518818676471710205e-01
7.352295517921447754e-02
7.316336929798126221e-01
3.830084502696990967e-01
3.850817680358886719e-03
5.828468203544616699e-01
4.903872609138488770e-01
5.590230226516723633e-03
4.909443259239196777e-01
6.098768711090087891e-01
3.976672887802124023e-03
3.892251253128051758e-01
6.987848877906799316e-01
1.487135887145996094e-02
2.821915149688720703e-01
7.554894089698791504e-01
2.704098820686340332e-02
1.836678385734558105e-01
8.089792132377624512e-01
9.314346313476562500e-02
1.578394174575805664e-01
7.806794345378875732e-01
1.771396994590759277e-01
7.879248261451721191e-02
7.797625362873077393e-01
2.537086606025695801e-01
8.240124583244323730e-02
7.011245191097259521e-01
3.948611617088317871e-01
3.254374861717224121e-02
6.040394306182861328e-01
5.055954456329345703e-01
2.319338917732238770e-02
4.827883243560791016e-01
5.804498195648193359e-01
1.801732182502746582e-02
4.021272063255310059e-01
6.959825754165649414e-01
4.732519388198852539e-03
2.955113649368286133e-01
7.724219858646392822e-01
7.586202025413513184e-02
2.192247509956359863e-01
8.008294105529785156e-01
4.489460587501525879e-02
1.028707027435302734e-01
8.063170611858367920e-01
1.825670897960662842e-01
7.664707303047180176e-02
7.430867850780487061e-01
3.109941184520721436e-01
1.117009818553924561e-01
7.409605681896209717e-01
3.939731717109680176e-01
2.786543965339660645e-02
5.585992336273193359e-01
4.757889807224273682e-01
1.796647906303405762e-02
4.258330464363098145e-01
5.703071355819702148e-01
4.948893189430236816e-02
3.498479723930358887e-01
7.524358928203582764e-01
1.756176352500915527e-02
2.520142197608947754e-01
7.626912593841552734e-01
7.844808697700500488e-02
2.131614685058593750e-01
7.887829244136810303e-01
9.212532639503479004e-02
1.005591750144958496e-01
7.871305644512176514e-01
2.004566788673400879e-01
1.319892108440399170e-01
8.176520764827728271e-01
2.518701255321502686e-01
8.435931801795959473e-02
6.882558763027191162e-01
4.022773206233978271e-01
3.846320509910583496e-02
6.066281199455261230e-01
5.397481620311737061e-01
5.382257699966430664e-02
4.278451204299926758e-01
6.349782943725585938e-01
2.341654896736145020e-02
3.926652073860168457e-01
7.077183723449707031e-01
2.414172887802124023e-02
2.752779126167297363e-01
7.585223317146301270e-01
7.739344239234924316e-02
2.670454978942871094e-01
7.987620830535888672e-01
8.558011054992675781e-02
1.088193655014038086e-01
8.049683272838592529e-01
1.763498485088348389e-01
1.076093018054962158e-01
7.586988508701324463e-01
2.566908001899719238e-01
5.677425861358642578e-02
6.999812126159667969e-01
4.029121100902557373e-01
5.092981457710266113e-02
6.002840399742126465e-01
4.610398411750793457e-01
2.551943063735961914e-03
4.880282282829284668e-01
6.044634878635406494e-01
6.511390209197998047e-02
3.383673429489135742e-01
6.647937893867492676e-01
1.779577136039733887e-02
2.822900414466857910e-01
7.148691117763519287e-01
4.396817088127136230e-02
1.838347315788269043e-01
8.505889773368835449e-01
1.078900992870330811e-01
1.422746181488037109e-01
8.216002285480499268e-01
1.671071946620941162e-01
9.014883637428283691e-02
7.676325142383575439e-01
3.109970688819885254e-01
1.018585264682769775e-01
7.027504742145538330e-01
3.584058880805969238e-01
1.889652013778686523e-02
5.570016503334045410e-01
4.691214561462402344e-01
1.827803254127502441e-02
4.959558844566345215e-01
5.727958381175994873e-01
1.154756546020507812e-02
4.186123013496398926e-01
6.857938170433044434e-01
1.832613348960876465e-02
2.951764464378356934e-01
7.281132340431213379e-01
5.269551277160644531e-02
1.912297606468200684e-01
8.126005232334136963e-01
1.316330432891845703e-01
1.378347277641296387e-01
7.965855896472930908e-01
1.786125600337982178e-01
1.224789917469024658e-01
7.978211343288421631e-01
2.886354923248291016e-01
8.584317564964294434e-02
7.062132358551025391e-01
3.863638937473297119e-01
4.690137505531311035e-02
6.111056208610534668e-01
4.921019375324249268e-01
1.069614291191101074e-02
4.958280324935913086e-01
6.104223430156707764e-01
1.244732737541198730e-02
3.472710847854614258e-01
6.631833612918853760e-01
1.098912954330444336e-02
2.769955992698669434e-01
7.615810036659240723e-01
4.279860854148864746e-02
1.716383695602416992e-01
8.109091222286224365e-01
1.216721832752227783e-01
1.778863668441772461e-01
8.503564298152923584e-01
2.013461887836456299e-01
1.395868360996246338e-01
8.390618860721588135e-01
3.104644715785980225e-01
8.175542950630187988e-02
6.910294890403747559e-01
3.652067482471466064e-01
3.929838538169860840e-02
6.126548051834106445e-01
5.134339928627014160e-01
1.231640577316284180e-02
4.212486743927001953e-01
6.222313046455383301e-01
2.172917127609252930e-03
3.798979520797729492e-01
6.436113119125366211e-01
6.160438060760498047e-03
2.904733419418334961e-01
7.131044864654541016e-01
7.437658309936523438e-02
2.478809356689453125e-01
8.063985109329223633e-01
1.139238476753234863e-01
1.379410028457641602e-01
8.146060407161712646e-01
1.640741527080535889e-01
7.595941424369812012e-02
7.665083706378936768e-01
3.133987188339233398e-01
7.453823089599609375e-02
6.774573326110839844e-01
3.953420817852020264e-01
3.364473581314086914e-03
5.456076860427856445e-01
4.568066596984863281e-01
6.988853216171264648e-03
4.982392191886901855e-01
5.820284783840179443e-01
1.207610964775085449e-02
3.834925889968872070e-01
6.557756364345550537e-01
2.419766783714294434e-02
2.856367230415344238e-01
7.150564193725585938e-01
5.485495924949645996e-02
2.167956233024597168e-01
8.275381624698638916e-01
1.291554868221282959e-01
9.750270843505859375e-02
7.990598380565643311e-01
1.809628903865814209e-01
1.247384250164031982e-01
7.826428115367889404e-01
2.635500133037567139e-01
7.010185718536376953e-02
6.884902715682983398e-01
3.605436980724334717e-01
3.921446204185485840e-02
5.823994278907775879e-01
5.198530554771423340e-01
3.981202840805053711e-03
4.727897644042968750e-01
6.052749752998352051e-01
6.286561489105224609e-03
3.567999005317687988e-01
6.835671663284301758e-01
6.397128105163574219e-03
2.953056693077087402e-01
7.742003500461578369e-01
3.665325045585632324e-02
2.028890252113342285e-01
8.259837627410888672e-01
9.352034330368041992e-02
1.263185143470764160e-01
8.343522846698760986e-01
1.816283464431762695e-01
8.450761437416076660e-02
7.526589334011077881e-01
2.484069168567657471e-01
4.150778055191040039e-03
6.479649543762207031e-01
4.017371237277984619e-01
3.249958157539367676e-02
6.209573745727539062e-01
4.456418752670288086e-01
9.708374738693237305e-03
4.785947203636169434e-01
5.685492157936096191e-01
1.450201869010925293e-02
3.539398312568664551e-01
6.869717538356781006e-01
3.048419952392578125e-03
2.779119014739990234e-01
7.733714580535888672e-01
4.943040013313293457e-02
2.158163189888000488e-01
8.353378474712371826e-01
1.108811199665069580e-01
1.466051340103149414e-01
7.958730757236480713e-01
1.882334649562835693e-01
1.355108320713043213e-01
7.596800029277801514e-01
2.897968292236328125e-01
6.327113509178161621e-02
6.700088977813720703e-01
4.354493916034698486e-01
7.690978050231933594e-02
6.286023259162902832e-01
4.812213182449340820e-01
1.664951443672180176e-02
4.674652218818664551e-01
5.751244127750396729e-01
1.556557416915893555e-02
3.482111096382141113e-01
6.561807096004486084e-01
1.628333330154418945e-02
2.853094935417175293e-01
7.709225416183471680e-01
3.223249316215515137e-02
1.750914454460144043e-01
8.225274085998535156e-01
8.795383572578430176e-02
9.789931774139404297e-02
7.972761690616607666e-01
2.164725661277770996e-01
1.400956809520721436e-01
7.659003436565399170e-01
2.934802472591400146e-01
7.676476240158081055e-02
7.353942990303039551e-01
4.199748337268829346e-01
6.509619951248168945e-02
6.667678952217102051e-01
4.939024746417999268e-01
2.130484580993652344e-02
4.838123321533203125e-01
6.169110238552093506e-01
1.727294921875000000e-02
3.659109473228454590e-01
6.538084745407104492e-01
6.924331188201904297e-03
2.609989047050476074e-01
7.569724023342132568e-01
5.414694547653198242e-03
1.661450862884521484e-01
8.076726198196411133e-01
1.204838752746582031e-01
1.194988489151000977e-01
8.179944455623626709e-01
2.204810678958892822e-01
1.287458240985870361e-01
7.944222390651702881e-01
2.578566074371337891e-01
5.089285969734191895e-02
6.855645775794982910e-01
4.119087457656860352e-01
2.676680684089660645e-02
5.486031770706176758e-01
4.627067446708679199e-01
1.033076643943786621e-02
4.853813052177429199e-01
5.960186421871185303e-01
9.167104959487915039e-03
3.865859508514404297e-01
7.213445305824279785e-01
1.872926950454711914e-02
3.335039615631103516e-01
7.447952032089233398e-01
3.452050685882568359e-02
1.929046511650085449e-01
7.952259182929992676e-01
1.143495440483093262e-01
1.278623342514038086e-01
7.861430943012237549e-01
2.146125435829162598e-01
1.369459927082061768e-01
7.764659225940704346e-01
3.029804229736328125e-01
4.906150698661804199e-02
6.296486854553222656e-01
3.914098739624023438e-01
9.842991828918457031e-03
5.380392074584960938e-01
4.896887838840484619e-01
4.071444272994995117e-03
4.846461415290832520e-01
5.604795217514038086e-01
9.760975837707519531e-03
3.513993024826049805e-01
6.751620769500732422e-01
6.244748830795288086e-03
2.573680281639099121e-01
7.456110119819641113e-01
6.601822376251220703e-02
2.015816569328308105e-01
8.103782534599304199e-01
1.067432463169097900e-01
1.614786386489868164e-01
8.192534744739532471e-01
1.597959101200103760e-01
9.278765320777893066e-02
7.690843641757965088e-01
2.833392024040222168e-01
1.034834682941436768e-01
7.397131621837615967e-01
4.125324487686157227e-01
2.632319927215576172e-03
5.367263555526733398e-01
5.178853273391723633e-01
2.925977110862731934e-02
4.636113047599792480e-01
5.923952460289001465e-01
1.495328545570373535e-02
4.262163639068603516e-01
6.799214482307434082e-01
1.131725311279296875e-02
2.704722285270690918e-01
7.714013755321502686e-01
5.152344703674316406e-02
2.150349617004394531e-01
8.004077374935150146e-01
1.248169243335723877e-01
1.855835318565368652e-01
8.584463894367218018e-01
2.097083330154418945e-01
1.222364008426666260e-01
8.037293851375579834e-01
2.712522745132446289e-01
5.923205614089965820e-02
6.500373482704162598e-01
3.726725876331329346e-01
3.655451536178588867e-02
5.959227681159973145e-01
5.086724162101745605e-01
3.152590990066528320e-02
5.134816765785217285e-01
5.682471394538879395e-01
2.163174748420715332e-02
3.685771822929382324e-01
6.543875336647033691e-01
4.158166050910949707e-02
3.252896070480346680e-01
7.464815378189086914e-01
4.832914471626281738e-02
1.908595561981201172e-01
7.880600392818450928e-01
1.310436725616455078e-01
1.466370820999145508e-01
8.314888775348663330e-01
1.626877188682556152e-01
7.522794604301452637e-02
7.658813297748565674e-01
2.518460750579833984e-01
1.121633350849151611e-01
7.615048587322235107e-01
3.907522857189178467e-01
4.890409111976623535e-02
6.058492660522460938e-01
5.065757632255554199e-01
3.863900899887084961e-03
4.590680599212646484e-01
5.906942784786224365e-01
2.727606892585754395e-02
3.938760757446289062e-01
6.926363408565521240e-01
7.455885410308837891e-03
2.825719118118286133e-01
7.550024688243865967e-01
4.934439063072204590e-02
1.810992956161499023e-01
8.074475228786468506e-01
1.171866357326507568e-01
1.482464671134948730e-01
8.239229023456573486e-01
1.906748414039611816e-01
1.077956855297088623e-01
7.669413387775421143e-01
2.267808318138122559e-01
7.172808051109313965e-02
7.350799739360809326e-01
3.483096063137054443e-01
2.769559621810913086e-02
5.674259066581726074e-01
4.797616302967071533e-01
1.449763774871826172e-03
4.844338297843933105e-01
5.890559256076812744e-01
4.759639501571655273e-03
3.775646686553955078e-01
6.759431958198547363e-01
2.155482769012451172e-03
2.793726921081542969e-01
7.957498431205749512e-01
6.945934891700744629e-02
2.122520804405212402e-01
8.171221017837524414e-01
7.417720556259155273e-02
1.061508655548095703e-01
8.141342699527740479e-01
2.020317316055297852e-01
1.619243919849395752e-01
7.776099741458892822e-01
3.079973161220550537e-01
1.123548448085784912e-01
7.363772094249725342e-01
4.257900416851043701e-01
3.387171030044555664e-02
5.694622397422790527e-01
5.024508833885192871e-01
4.764437675476074219e-03
4.543032646179199219e-01
5.703783035278320312e-01
2.126768231391906738e-02
4.138836860656738281e-01
7.219411134719848633e-01
1.016286015510559082e-02
2.406769394874572754e-01
7.342321872711181641e-01
1.798489689826965332e-02
1.811591982841491699e-01
7.897582948207855225e-01
1.210281252861022949e-01
1.054016351699829102e-01
8.154055774211883545e-01
1.637127399444580078e-01
6.816837191581726074e-02
8.157016336917877197e-01
3.052555918693542480e-01
4.863303899765014648e-02
6.492466926574707031e-01
3.798667192459106445e-01
7.029435038566589355e-02
6.102979779243469238e-01
5.040868520736694336e-01
3.865084052085876465e-02
5.038301944732666016e-01
6.355959177017211914e-01
5.185413360595703125e-02
3.166645765304565430e-01
6.760814487934112549e-01
3.904700279235839844e-04
2.545813918113708496e-01
7.534686625003814697e-01
7.135817408561706543e-02
2.184720635414123535e-01
8.009720444679260254e-01
9.960767626762390137e-02
1.015068888664245605e-01
8.309086859226226807e-01
1.692679822444915771e-01
6.915053725242614746e-02
7.903628051280975342e-01
2.617205679416656494e-01
4.002150893211364746e-02
6.927031874656677246e-01
3.403427004814147949e-01
1.130419969558715820e-02
6.119015216827392578e-01
4.615066349506378174e-01
2.043199539184570312e-02
5.376358628273010254e-01
6.037361323833465576e-01
5.665302276611328125e-03
3.845575451850891113e-01
6.738420128822326660e-01
4.280209541320800781e-04
3.026045560836791992e-01
7.165412306785583496e-01
5.089652538299560547e-02
1.869213581085205078e-01
7.999561429023742676e-01
1.243847608566284180e-01
1.555972099304199219e-01
7.956127822399139404e-01
1.798549592494964600e-01
1.250889003276824951e-01
7.890718877315521240e-01
3.011817932128906250e-01
7.767689228057861328e-02
6.809881925582885742e-01
4.096724987030029297e-01
1.251459121704101562e-02
5.359420776367187500e-01
4.835415482521057129e-01
1.619109511375427246e-02
4.465443491935729980e-01
6.143190860748291016e-01
1.573559641838073730e-02
3.970810174942016602e-01
6.780960559844970703e-01
2.017310261726379395e-02
2.857202887535095215e-01
7.798773646354675293e-01
6.707352399826049805e-02
2.175943255424499512e-01
8.016098439693450928e-01
1.710692346096038818e-01
1.865234673023223877e-01
8.162106573581695557e-01
2.197312712669372559e-01
9.644666314125061035e-02
7.406788170337677002e-01
2.942087650299072266e-01
9.158310294151306152e-02
7.076146900653839111e-01
3.699938952922821045e-01
5.602714419364929199e-02
6.467677950859069824e-01
4.767341315746307373e-01
1.972991228103637695e-02
4.812068343162536621e-01
6.370732486248016357e-01
1.732981204986572266e-02
3.612428307533264160e-01
6.837661266326904297e-01
2.377635240554809570e-02
3.011469841003417969e-01
7.755665481090545654e-01
2.206540107727050781e-02
1.697297692298889160e-01
8.264576494693756104e-01
1.054044067859649658e-01
1.282288432121276855e-01
8.135334551334381104e-01
2.113045752048492432e-01
1.169337332248687744e-01
7.604878842830657959e-01
3.079888224601745605e-01
8.099415898323059082e-02
6.891477108001708984e-01
3.738927543163299561e-01
6.448268890380859375e-03
5.471327304840087891e-01
4.970214068889617920e-01
9.955644607543945312e-03
5.035206079483032227e-01
5.915525853633880615e-01
1.772344112396240234e-03
4.165039062500000000e-01
7.028767466545104980e-01
1.599526405334472656e-02
3.196097612380981445e-01
7.758407294750213623e-01
5.063873529434204102e-02
2.031610608100891113e-01
7.982718646526336670e-01
9.860265254974365234e-02
1.231622695922851562e-01
8.096651732921600342e-01
2.066244781017303467e-01
1.412421166896820068e-01
7.948524653911590576e-01
3.041591048240661621e-01
6.961497664451599121e-02
6.926775574684143066e-01
3.865494728088378906e-01
1.719349622726440430e-02
5.468764901161193848e-01
4.881219565868377686e-01
1.916518807411193848e-02
4.992072582244873047e-01
5.811900794506072998e-01
2.606666088104248047e-02
3.769941926002502441e-01
6.907227635383605957e-01
2.642861008644104004e-02
3.209633231163024902e-01
7.547765970230102539e-01
4.580101370811462402e-02
1.868998408317565918e-01
8.178696930408477783e-01
1.308390498161315918e-01
1.822178959846496582e-01
8.254313766956329346e-01
1.740680038928985596e-01
1.146336495876312256e-01
8.272725045680999756e-01
2.791956663131713867e-01
8.934751152992248535e-02
7.653390467166900635e-01
4.002220630645751953e-01
3.932946920394897461e-02
6.320177316665649414e-01
5.479272007942199707e-01
7.378247380256652832e-02
5.442286729812622070e-01
6.424280107021331787e-01
4.662039875984191895e-02
4.569572210311889648e-01
7.815358638763427734e-01
1.086678206920623779e-01
4.101442098617553711e-01
8.532487154006958008e-01
1.095899641513824463e-01
3.281053304672241211e-01
8.751868903636932373e-01
1.881889998912811279e-01
2.705771028995513916e-01
8.842236697673797607e-01
2.829969525337219238e-01
2.926727235317230225e-01
9.145919382572174072e-01
3.893104195594787598e-01
2.003684937953948975e-01
8.722399175167083740e-01
5.179683864116668701e-01
1.861061751842498779e-01
8.081635534763336182e-01
6.451927423477172852e-01
1.610035300254821777e-01
7.392137944698333740e-01
7.114141285419464111e-01
1.319414675235748291e-01
5.994704365730285645e-01
8.309433162212371826e-01
1.130214035511016846e-01
5.053427815437316895e-01
9.237747490406036377e-01
1.851723492145538330e-01
4.384444057941436768e-01
9.870829582214355469e-01
2.250373661518096924e-01
3.891281783580780029e-01
9.883272349834442139e-01
3.803694248199462891e-01
3.695577681064605713e-01
1.038746207952499390e+00
4.773014485836029053e-01
3.002609908580780029e-01
9.905115664005279541e-01
5.829105377197265625e-01
2.196028828620910645e-01
9.136260449886322021e-01
6.668063700199127197e-01
1.996349990367889404e-01
8.147609531879425049e-01
8.526697754859924316e-01
2.034820616245269775e-01
7.633449733257293701e-01
9.314025044441223145e-01
2.350112199783325195e-01
6.730772554874420166e-01
9.932578802108764648e-01
2.778270244598388672e-01
5.885342657566070557e-01
1.077004194259643555e+00
3.112553060054779053e-01
5.097580254077911377e-01
1.104120761156082153e+00
3.972774147987365723e-01
4.017014205455780029e-01
1.088914304971694946e+00
5.234807729721069336e-01
3.632697463035583496e-01
1.076502412557601929e+00
6.524349749088287354e-01
3.157888054847717285e-01
1.037749499082565308e+00
7.614583373069763184e-01
3.086846172809600830e-01
9.433789551258087158e-01
8.556430637836456299e-01
2.681861221790313721e-01
8.035948574542999268e-01
9.569296538829803467e-01
3.400098085403442383e-01
8.273017108440399170e-01
1.054390966892242432e+00
3.457264304161071777e-01
6.683257520198822021e-01
1.123939126729965210e+00
3.613837659358978271e-01
5.653289854526519775e-01
1.140589594841003418e+00
4.943483471870422363e-01
5.084706544876098633e-01
1.135250210762023926e+00
5.778071582317352295e-01
3.946970701217651367e-01
1.078596860170364380e+00
6.423909962177276611e-01
3.178344070911407471e-01
1.066082686185836792e+00
7.741045057773590088e-01
3.248394131660461426e-01
9.642173945903778076e-01
8.311765789985656738e-01
3.272967338562011719e-01
8.864767849445343018e-01
9.884901940822601318e-01
3.293413519859313965e-01
7.711436450481414795e-01
1.041659742593765259e+00
3.282808065414428711e-01
6.475626528263092041e-01
1.133924394845962524e+00
3.828777372837066650e-01
5.690074861049652100e-01
1.154920935630798340e+00
4.853855967521667480e-01
4.702433645725250244e-01
1.153482556343078613e+00
5.978332459926605225e-01
3.774558603763580322e-01
1.094347149133682251e+00
6.636770367622375488e-01
3.222607672214508057e-01
1.048138648271560669e+00
7.879227697849273682e-01
3.031310141086578369e-01
9.983702600002288818e-01
9.397867619991302490e-01
3.055766820907592773e-01
8.495757281780242920e-01
1.019190609455108643e+00
2.916939854621887207e-01
7.452239096164703369e-01
1.046942740678787231e+00
3.266733884811401367e-01
6.862181127071380615e-01
1.125060617923736572e+00
3.815291523933410645e-01
5.858496725559234619e-01
1.125766426324844360e+00
5.023675560951232910e-01
4.874276518821716309e-01
1.163258016109466553e+00
5.900312662124633789e-01
4.217544496059417725e-01
1.098909795284271240e+00
6.789868474006652832e-01
3.116296529769897461e-01
1.055449992418289185e+00
7.854402959346771240e-01
3.177763819694519043e-01
9.728852808475494385e-01
8.605681061744689941e-01
2.783918380737304688e-01
8.423419296741485596e-01
9.721736013889312744e-01
2.917856872081756592e-01
7.444774806499481201e-01
1.044949114322662354e+00
3.677293658256530762e-01
6.971552670001983643e-01
1.116806626319885254e+00
3.800589442253112793e-01
5.993113219738006592e-01
1.165550619363784790e+00
4.872765243053436279e-01
5.144993960857391357e-01
1.121409803628921509e+00
6.146697402000427246e-01
3.840915858745574951e-01
1.127343386411666870e+00
6.981439590454101562e-01
3.738603889942169189e-01
1.057316452264785767e+00
7.681033313274383545e-01
3.441681861877441406e-01
9.601638019084930420e-01
8.931373059749603271e-01
2.916545569896697998e-01
8.619369566440582275e-01
1.018323808908462524e+00
2.753792107105255127e-01
7.818769514560699463e-01
1.058331519365310669e+00
3.071822524070739746e-01
6.645309031009674072e-01
1.097130060195922852e+00
3.754118382930755615e-01
5.893732607364654541e-01
1.149045586585998535e+00
4.951593577861785889e-01
4.738037884235382080e-01
1.130929321050643921e+00
5.272485315799713135e-01
4.095682501792907715e-01
1.089000791311264038e+00
6.651527583599090576e-01
3.561015725135803223e-01
1.050061315298080444e+00
8.191257119178771973e-01
3.481347560882568359e-01
1.012491375207901001e+00
8.977921009063720703e-01
2.859017848968505859e-01
8.847824633121490479e-01
9.569258987903594971e-01
3.046024739742279053e-01
7.821832597255706787e-01
1.048663288354873657e+00
3.205762505531311035e-01
6.595697700977325439e-01
1.122426003217697144e+00
3.994089066982269287e-01
5.337085425853729248e-01
1.154100745916366577e+00
4.782665669918060303e-01
4.758802950382232666e-01
1.124411016702651978e+00
6.048209667205810547e-01
4.155220389366149902e-01
1.092524707317352295e+00
7.048060297966003418e-01
3.840397596359252930e-01
1.062026709318161011e+00
7.768807709217071533e-01
3.507305979728698730e-01
1.021531492471694946e+00
9.312211871147155762e-01
3.048608303070068359e-01
8.909131586551666260e-01
1.006236255168914795e+00
2.872583866119384766e-01
7.676931321620941162e-01
1.101684331893920898e+00
3.102937042713165283e-01
6.471891701221466064e-01
1.122088938951492310e+00
4.017480909824371338e-01
5.618466436862945557e-01
1.141417711973190308e+00
4.923374056816101074e-01
4.816897809505462646e-01
1.151954680681228638e+00
5.686569213867187500e-01
3.993979692459106445e-01
1.098977208137512207e+00
6.902750432491302490e-01
3.600255548954010010e-01
1.035067588090896606e+00
7.888869047164916992e-01
2.967521548271179199e-01
9.848217070102691650e-01
9.131239652633666992e-01
2.932582795619964600e-01
8.612471520900726318e-01
9.604083001613616943e-01
3.240107297897338867e-01
8.013782799243927002e-01
1.070382297039031982e+00
3.412013053894042969e-01
6.638428866863250732e-01
1.100609838962554932e+00
3.625153303146362305e-01
5.364857017993927002e-01
1.122991532087326050e+00
4.682976305484771729e-01
4.554047882556915283e-01
1.128002017736434937e+00
5.751197636127471924e-01
4.599263668060302734e-01
1.124044358730316162e+00
7.147395312786102295e-01
4.063716828823089600e-01
1.030780941247940063e+00
7.946755588054656982e-01
3.120985627174377441e-01
9.579872786998748779e-01
8.788586854934692383e-01
3.060591518878936768e-01
8.887738883495330811e-01
9.953180253505706787e-01
3.223925530910491943e-01
7.713858187198638916e-01
1.057137191295623779e+00
3.865106403827667236e-01
7.002406418323516846e-01
1.143773198127746582e+00
3.727300167083740234e-01
5.491919815540313721e-01
1.138991504907608032e+00
4.865553975105285645e-01
4.935982227325439453e-01
1.142941743135452271e+00
5.595573186874389648e-01
4.075795114040374756e-01
1.059069871902465820e+00
6.997873783111572266e-01
3.631862998008728027e-01
1.042280346155166626e+00
7.820878624916076660e-01
3.355472385883331299e-01
9.552693068981170654e-01
9.033902287483215332e-01
2.805589437484741211e-01
9.020052254199981689e-01
9.798890650272369385e-01
3.047867715358734131e-01
7.942574918270111084e-01
1.082328289747238159e+00
3.247277438640594482e-01
6.835003197193145752e-01
1.103176325559616089e+00
4.211727380752563477e-01
5.510639846324920654e-01
1.140950441360473633e+00
4.846542775630950928e-01
4.714345633983612061e-01
1.138504952192306519e+00
5.743200480937957764e-01
4.039925634860992432e-01
1.106623947620391846e+00
6.471637189388275146e-01
3.469052016735076904e-01
1.052175492048263550e+00
7.938953638076782227e-01
3.278724551200866699e-01
9.876785576343536377e-01
8.947688639163970947e-01
3.184588849544525146e-01
8.483645021915435791e-01
1.003979623317718506e+00
3.281809091567993164e-01
7.964836061000823975e-01
1.102136284112930298e+00
3.420216143131256104e-01
6.447647511959075928e-01
1.141852110624313354e+00
4.023469388484954834e-01
5.992608368396759033e-01
1.155707359313964844e+00
4.294112324714660645e-01
4.502182304859161377e-01
1.109106004238128662e+00
6.084051430225372314e-01
4.242850840091705322e-01
1.095328330993652344e+00
7.153860926628112793e-01
3.691834509372711182e-01
1.071074813604354858e+00
7.881980538368225098e-01
2.782779633998870850e-01
9.580477774143218994e-01
9.233715534210205078e-01
2.796471416950225830e-01
8.409316837787628174e-01
9.788303375244140625e-01
2.907075881958007812e-01
7.714860737323760986e-01
1.041549414396286011e+00
3.387626409530639648e-01
6.811941564083099365e-01
1.134147286415100098e+00
4.125834107398986816e-01
5.717770159244537354e-01
1.128411203622817993e+00
5.096984505653381348e-01
4.895822405815124512e-01
1.128724306821823120e+00
5.516203939914703369e-01
4.006058275699615479e-01
1.096443742513656616e+00
6.965644359588623047e-01
3.367290496826171875e-01
1.055960863828659058e+00
7.921076416969299316e-01
3.133227229118347168e-01
9.605530202388763428e-01
9.005447328090667725e-01
3.126789331436157227e-01
8.865626752376556396e-01
1.000475078821182251e+00
3.281593620777130127e-01
8.062889277935028076e-01
1.043527334928512573e+00
3.413306474685668945e-01
6.991143524646759033e-01
1.108152955770492554e+00
4.007413387298583984e-01
5.343535840511322021e-01
1.151655375957489014e+00
4.788512289524078369e-01
4.680367708206176758e-01
1.126835376024246216e+00
5.629881024360656738e-01
3.926224708557128906e-01
1.079942196607589722e+00
6.681628525257110596e-01
3.564935922622680664e-01
1.076410800218582153e+00
8.063035309314727783e-01
3.055548071861267090e-01
9.613283574581146240e-01
8.984301984310150146e-01
3.242370486259460449e-01
8.863054215908050537e-01
9.348968267440795898e-01
3.454455137252807617e-01
7.940561473369598389e-01
1.067555516958236694e+00
3.177538216114044189e-01
6.430014073848724365e-01
1.075414210557937622e+00
3.727123439311981201e-01
5.749635994434356689e-01
1.148018389940261841e+00
5.052841007709503174e-01
5.068118572235107422e-01
1.140397846698760986e+00
5.641140639781951904e-01
4.314401745796203613e-01
1.126317203044891357e+00
6.476121246814727783e-01
3.587942123413085938e-01
1.083429187536239624e+00
7.588605284690856934e-01
3.518255949020385742e-01
9.653238952159881592e-01
9.015585184097290039e-01
2.785499095916748047e-01
8.866747915744781494e-01
1.008398532867431641e+00
2.838891148567199707e-01
8.281932175159454346e-01
1.076056599617004395e+00
3.571536540985107422e-01
6.511255204677581787e-01
1.085402101278305054e+00
4.061882197856903076e-01
5.775964558124542236e-01
1.164749979972839355e+00
4.846459627151489258e-01
4.998310506343841553e-01
1.155281066894531250e+00
5.752090215682983398e-01
4.049637615680694580e-01
1.130689620971679688e+00
6.858540475368499756e-01
3.639775812625885010e-01
1.074721723794937134e+00
7.453476488590240479e-01
3.465509712696075439e-01
9.876928031444549561e-01
9.264022111892700195e-01
3.136043250560760498e-01
8.996206223964691162e-01
9.851238429546356201e-01
2.937011420726776123e-01
7.587462961673736572e-01
1.036748945713043213e+00
3.775639533996582031e-01
6.742896139621734619e-01
1.129543006420135498e+00
3.400122821331024170e-01
5.951659977436065674e-01
1.106227695941925049e+00
4.909875392913818359e-01
5.135697424411773682e-01
1.175356417894363403e+00
6.071577966213226318e-01
4.051338732242584229e-01
1.158408373594284058e+00
7.094042599201202393e-01
3.304935693740844727e-01
1.053518086671829224e+00
7.921243011951446533e-01
3.273296952247619629e-01
9.855868518352508545e-01
8.713591694831848145e-01
2.474445104598999023e-01
8.343362510204315186e-01
9.775738716125488281e-01
3.129418790340423584e-01
7.533947527408599854e-01
1.070839464664459229e+00
3.350477814674377441e-01
6.603126823902130127e-01
1.099724829196929932e+00
3.678774237632751465e-01
5.909894406795501709e-01
1.103236705064773560e+00
4.882696568965911865e-01
4.979647099971771240e-01
1.163693249225616455e+00
6.181203126907348633e-01
4.157051146030426025e-01
1.127967923879623413e+00
6.708191037178039551e-01
3.458719253540039062e-01
1.078938812017440796e+00
7.408654987812042236e-01
3.224512934684753418e-01
9.485492408275604248e-01
9.001455307006835938e-01
2.620776891708374023e-01
8.465293943881988525e-01
9.857330024242401123e-01
3.253962099552154541e-01
7.750416696071624756e-01
1.025571018457412720e+00
3.354080319404602051e-01
6.609558761119842529e-01
1.124482303857803345e+00
3.733586668968200684e-01
5.618917047977447510e-01
1.173910021781921387e+00
5.120081305503845215e-01
5.060880482196807861e-01
1.145492166280746460e+00
5.734787583351135254e-01
4.101358056068420410e-01
1.098986059427261353e+00
6.736970245838165283e-01
3.289562165737152100e-01
1.086645692586898804e+00
8.074965476989746094e-01
3.091592788696289062e-01
9.412771165370941162e-01
9.567178189754486084e-01
2.433967888355255127e-01
8.632855713367462158e-01
9.779423773288726807e-01
3.099316358566284180e-01
7.860914170742034912e-01
1.104454606771469116e+00
3.616728186607360840e-01
6.787883341312408447e-01
1.104304343461990356e+00
3.981306850910186768e-01
5.391314923763275146e-01
1.145324081182479858e+00
4.850316643714904785e-01
4.957690834999084473e-01
1.145672112703323364e+00
6.084754168987274170e-01
4.035226404666900635e-01
1.089765429496765137e+00
6.255544126033782959e-01
3.699133992195129395e-01
1.063360363245010376e+00
8.178635239601135254e-01
3.267795145511627197e-01
9.361047446727752686e-01
9.017612338066101074e-01
2.899648547172546387e-01
8.948008120059967041e-01
9.745091795921325684e-01
2.953950464725494385e-01
7.660438120365142822e-01
1.055844455957412720e+00
3.557637929916381836e-01
6.565655171871185303e-01
1.145224004983901978e+00
3.766768276691436768e-01
6.135416924953460693e-01
1.147479325532913208e+00
4.634976387023925781e-01
4.903401434421539307e-01
1.130020201206207275e+00
5.941787064075469971e-01
4.217936098575592041e-01
1.094502508640289307e+00
6.662161648273468018e-01
3.350815474987030029e-01
1.048122793436050415e+00
7.744823694229125977e-01
3.000996708869934082e-01
9.613496363162994385e-01
8.836713135242462158e-01
3.072907030582427979e-01
8.693016469478607178e-01
9.685366749763488770e-01
3.053277432918548584e-01
7.990713417530059814e-01
1.039141714572906494e+00
3.322214782238006592e-01
6.531358659267425537e-01
1.114018768072128296e+00
4.127044677734375000e-01
5.872458517551422119e-01
1.145077407360076904e+00
5.262502431869506836e-01
5.050208866596221924e-01
1.136566221714019775e+00
5.620070397853851318e-01
4.041473865509033203e-01
1.101301729679107666e+00
7.181537747383117676e-01
3.304168581962585449e-01
1.045114904642105103e+00
7.796374857425689697e-01
3.236856162548065186e-01
9.804832637310028076e-01
8.688443005084991455e-01
2.942569851875305176e-01
9.364411532878875732e-01
1.029654592275619507e+00
3.265421688556671143e-01
7.986318171024322510e-01
1.005463898181915283e+00
3.491272926330566406e-01
6.838870942592620850e-01
1.109632045030593872e+00
4.035373032093048096e-01
5.650412738323211670e-01
1.138047963380813599e+00
4.810017943382263184e-01
5.084401965141296387e-01
1.137477964162826538e+00
5.960285365581512451e-01
4.194228053092956543e-01
1.081342160701751709e+00
6.480396687984466553e-01
3.396192789077758789e-01
1.030869334936141968e+00
7.829413414001464844e-01
2.967422902584075928e-01
9.684859216213226318e-01
9.063223302364349365e-01
3.311864137649536133e-01
8.853686153888702393e-01
9.707391560077667236e-01
3.014317750930786133e-01
7.680049836635589600e-01
1.056390166282653809e+00
3.494112491607666016e-01
6.852914988994598389e-01
1.104574680328369141e+00
4.055641591548919678e-01
5.836347639560699463e-01
1.134587556123733521e+00
4.660455882549285889e-01
5.157316923141479492e-01
1.175309360027313232e+00
5.554221272468566895e-01
4.164464175701141357e-01
1.143863648176193237e+00
6.894699931144714355e-01
3.674627840518951416e-01
1.051665931940078735e+00
7.857188582420349121e-01
2.888829112052917480e-01
9.538216292858123779e-01
8.862729966640472412e-01
2.854715287685394287e-01
8.848009407520294189e-01
1.032133638858795166e+00
2.837385833263397217e-01
7.636384069919586182e-01
1.074400067329406738e+00
3.570518791675567627e-01
6.879824697971343994e-01
1.098511397838592529e+00
3.983622491359710693e-01
5.743055045604705811e-01
1.178466171026229858e+00
4.575805068016052246e-01
5.090398490428924561e-01
1.166571944952011108e+00
5.755068361759185791e-01
4.018011689186096191e-01
1.121323347091674805e+00
6.669085919857025146e-01
3.777388632297515869e-01
1.064158827066421509e+00
7.837359607219696045e-01
2.989423871040344238e-01
9.616629183292388916e-01
8.627721071243286133e-01
2.707301974296569824e-01
8.661594092845916748e-01
1.013188987970352173e+00
2.942345142364501953e-01
7.865551412105560303e-01
1.059881210327148438e+00
3.681538105010986328e-01
6.318916380405426025e-01
1.126557767391204834e+00
3.623251616954803467e-01
5.431844294071197510e-01
1.131826907396316528e+00
4.997722804546356201e-01
4.866421818733215332e-01
1.123426347970962524e+00
5.900485813617706299e-01
4.293404817581176758e-01
1.163243204355239868e+00
7.143747508525848389e-01
3.184604942798614502e-01
1.068081349134445190e+00
7.724027931690216064e-01
2.959150075912475586e-01
9.781682193279266357e-01
9.200615882873535156e-01
2.933901250362396240e-01
8.936156928539276123e-01
9.768750369548797607e-01
3.157515823841094971e-01
7.706049382686614990e-01
1.045895218849182129e+00
3.638026118278503418e-01
6.581647694110870361e-01
1.091840088367462158e+00
3.786062598228454590e-01
5.520758926868438721e-01
1.149324625730514526e+00
4.930662214756011963e-01
4.870209693908691406e-01
1.172417551279067993e+00
5.457745492458343506e-01
4.049611091613769531e-01
1.142803639173507690e+00
6.993439793586730957e-01
3.438198268413543701e-01
1.078868538141250610e+00
7.894055545330047607e-01
3.296756148338317871e-01
9.744125902652740479e-01
8.940998315811157227e-01
2.930922806262969971e-01
8.582129180431365967e-01
1.014991164207458496e+00
2.867513597011566162e-01
7.535602152347564697e-01
1.066554158926010132e+00
3.220720589160919189e-01
6.701559126377105713e-01
1.134121567010879517e+00
3.944052457809448242e-01
5.864197909832000732e-01
1.177291631698608398e+00
4.599383473396301270e-01
5.103038549423217773e-01
1.159591048955917358e+00
6.261158883571624756e-01
4.165102839469909668e-01
1.119002163410186768e+00
7.019416093826293945e-01
3.080325126647949219e-01
1.047576338052749634e+00
7.809281647205352783e-01
3.131859004497528076e-01
9.405528604984283447e-01
9.120569229125976562e-01
3.065113425254821777e-01
8.608765900135040283e-01
9.568414986133575439e-01
3.230697214603424072e-01
7.711673080921173096e-01
1.025190591812133789e+00
3.377346396446228027e-01
6.909261047840118408e-01
1.139885038137435913e+00
3.677574098110198975e-01
6.038116514682769775e-01
1.138661593198776245e+00
4.773315489292144775e-01
5.055814385414123535e-01
1.184271633625030518e+00
5.762866139411926270e-01
3.864743113517761230e-01
1.052250474691390991e+00
6.727926433086395264e-01
3.324965834617614746e-01
1.078055948019027710e+00
7.946524918079376221e-01
3.196059167385101318e-01
9.906481206417083740e-01
8.752641379833221436e-01
2.884902060031890869e-01
8.744706213474273682e-01
1.003680050373077393e+00
2.851307094097137451e-01
7.819333374500274658e-01
1.011887997388839722e+00
3.653802573680877686e-01
6.783500015735626221e-01
1.123063087463378906e+00
4.281779527664184570e-01
5.640152394771575928e-01
1.144977688789367676e+00
4.731039106845855713e-01
4.515261948108673096e-01
1.152351826429367065e+00
5.520538389682769775e-01
4.018929898738861084e-01
1.137552410364151001e+00
7.265949249267578125e-01
3.709997832775115967e-01
1.026450604200363159e+00
8.159414231777191162e-01
3.099014163017272949e-01
9.902103245258331299e-01
9.302303194999694824e-01
2.848219871520996094e-01
8.851372301578521729e-01
9.617565870285034180e-01
3.269042074680328369e-01
8.210377991199493408e-01
1.064838439226150513e+00
3.490298688411712646e-01
6.752342879772186279e-01
1.124648839235305786e+00
3.796398937702178955e-01
5.595071613788604736e-01
1.142483621835708618e+00
4.672152698040008545e-01
4.677813351154327393e-01
1.152239590883255005e+00
6.009117662906646729e-01
4.438958764076232910e-01
1.097726255655288696e+00
7.213219404220581055e-01
3.817493617534637451e-01
1.064265936613082886e+00
7.892118990421295166e-01
2.887861430644989014e-01
9.798607528209686279e-01
9.137372076511383057e-01
2.605244517326354980e-01
8.802502453327178955e-01
9.631835520267486572e-01
2.937673032283782959e-01
8.057489097118377686e-01
1.045213073492050171e+00
3.482393920421600342e-01
6.665239036083221436e-01
1.112124681472778320e+00
3.685825169086456299e-01
5.432682335376739502e-01
1.146204084157943726e+00
4.943766295909881592e-01
4.835001528263092041e-01
1.138995081186294556e+00
5.854572057723999023e-01
4.007626473903656006e-01
1.093604534864425659e+00
6.778708696365356445e-01
3.723625242710113525e-01
1.040064603090286255e+00
7.752049565315246582e-01
3.193921446800231934e-01
9.710974991321563721e-01
8.943597674369812012e-01
2.945214211940765381e-01
8.761634528636932373e-01
9.613166749477386475e-01
2.917961478233337402e-01
7.866697609424591064e-01
1.057891994714736938e+00
3.227648735046386719e-01
6.780340969562530518e-01
1.145370870828628540e+00
4.230031073093414307e-01
5.450862050056457520e-01
1.161445081233978271e+00
4.887980222702026367e-01
5.162564814090728760e-01
1.132530540227890015e+00
5.672814846038818359e-01
4.003088474273681641e-01
1.126600414514541626e+00
6.797701716423034668e-01
3.534412980079650879e-01
1.078745216131210327e+00
7.665940821170806885e-01
3.001351654529571533e-01
9.877660572528839111e-01
8.850543797016143799e-01
2.891185283660888672e-01
8.435977399349212646e-01
9.813471734523773193e-01
3.038199245929718018e-01
7.734576165676116943e-01
1.037443071603775024e+00
3.353836536407470703e-01
6.727270781993865967e-01
1.124549150466918945e+00
3.769143223762512207e-01
5.638719499111175537e-01
1.130700498819351196e+00
4.636527597904205322e-01
5.051867365837097168e-01
1.143223315477371216e+00
6.073710620403289795e-01
3.752645254135131836e-01
1.088826268911361694e+00
6.992781758308410645e-01
3.446843624114990234e-01
1.060448497533798218e+00
7.865403890609741211e-01
3.186719119548797607e-01
9.809651076793670654e-01
9.257123172283172607e-01
3.063744902610778809e-01
9.235148131847381592e-01
9.692542850971221924e-01
3.302184343338012695e-01
7.813900411128997803e-01
1.065816640853881836e+00
3.406463265419006348e-01
6.765023767948150635e-01
1.103372335433959961e+00
3.769685924053192139e-01
5.793397128582000732e-01
1.161444574594497681e+00
4.979490935802459717e-01
5.407738387584686279e-01
1.182591378688812256e+00
6.019191443920135498e-01
4.060208499431610107e-01
1.136773496866226196e+00
6.653153002262115479e-01
3.458918333053588867e-01
1.082738906145095825e+00
8.012040853500366211e-01
3.137726783752441406e-01
9.236958920955657959e-01
8.710165619850158691e-01
2.779363393783569336e-01
8.707792460918426514e-01
9.793237745761871338e-01
3.471469879150390625e-01
7.780304849147796631e-01
1.046949714422225952e+00
3.249546885490417480e-01
7.264969646930694580e-01
1.108319193124771118e+00
3.718858659267425537e-01
6.065680682659149170e-01
1.119025379419326782e+00
4.681371152400970459e-01
4.533187150955200195e-01
1.101891368627548218e+00
5.920066237449645996e-01
3.770902156829833984e-01
1.102227240800857544e+00
6.398459374904632568e-01
3.500736355781555176e-01
1.031500071287155151e+00
7.794560194015502930e-01
3.179266154766082764e-01
9.880536496639251709e-01
9.409759640693664551e-01
2.455304265022277832e-01
8.136527240276336670e-01
9.765651524066925049e-01
2.795678675174713135e-01
7.786697447299957275e-01
1.062082201242446899e+00
3.150608837604522705e-01
6.964271366596221924e-01
1.123495399951934814e+00
4.072031974792480469e-01
5.786841213703155518e-01
1.174599468708038330e+00
4.949110746383666992e-01
5.100681781768798828e-01
1.169125586748123169e+00
6.021810472011566162e-01
3.853488564491271973e-01
1.072923690080642700e+00
6.992556750774383545e-01
3.408997356891632080e-01
1.061429768800735474e+00
8.330788910388946533e-01
2.582948207855224609e-01
9.625925123691558838e-01
9.181419014930725098e-01
3.181771636009216309e-01
8.446286618709564209e-01
1.000877708196640015e+00
3.059328794479370117e-01
7.863166630268096924e-01
1.054542481899261475e+00
3.554128706455230713e-01
6.627722680568695068e-01
1.122460037469863892e+00
4.511530101299285889e-01
6.220767796039581299e-01
1.177283644676208496e+00
4.608317911624908447e-01
4.549760520458221436e-01
1.139530271291732788e+00
5.937018692493438721e-01
4.234350025653839111e-01
1.096850603818893433e+00
7.072339057922363281e-01
3.354951739311218262e-01
1.069253772497177124e+00
8.013533949851989746e-01
3.217444717884063721e-01
9.711492955684661865e-01
9.092216491699218750e-01
2.266399562358856201e-01
8.432587087154388428e-01
9.887402951717376709e-01
3.029049336910247803e-01
8.145516812801361084e-01
1.068644881248474121e+00
3.872189521789550781e-01
6.719649136066436768e-01
1.138199239969253540e+00
3.643236458301544189e-01
5.831259787082672119e-01
1.138068795204162598e+00
4.732961952686309814e-01
4.829055964946746826e-01
1.168620616197586060e+00
5.552557110786437988e-01
4.014282226562500000e-01
1.147219866514205933e+00
6.281618177890777588e-01
3.634113967418670654e-01
1.024231523275375366e+00
7.979127466678619385e-01
3.447390198707580566e-01
1.025697082281112671e+00
8.644037544727325439e-01
2.579185068607330322e-01
8.770090043544769287e-01
9.459704756736755371e-01
2.719392776489257812e-01
7.753995358943939209e-01
1.049761801958084106e+00
3.579883575439453125e-01
6.586604416370391846e-01
1.122048944234848022e+00
3.627030253410339355e-01
5.402081310749053955e-01
1.150137782096862793e+00
4.544293284416198730e-01
4.918310046195983887e-01
1.113329023122787476e+00
5.606257021427154541e-01
4.157786965370178223e-01
1.094950467348098755e+00
6.970876753330230713e-01
3.771761357784271240e-01
1.071571618318557739e+00
7.435055673122406006e-01
2.862090468406677246e-01
9.751977026462554932e-01
8.751499950885772705e-01
2.994720339775085449e-01
8.914624750614166260e-01
1.011861562728881836e+00
3.081969916820526123e-01
7.455463111400604248e-01
1.033157765865325928e+00
3.404730558395385742e-01
6.523164808750152588e-01
1.097038805484771729e+00
4.304710030555725098e-01
5.672321617603302002e-01
1.134977310895919800e+00
4.628823101520538330e-01
4.809079468250274658e-01
1.151802331209182739e+00
5.750638246536254883e-01
3.935337364673614502e-01
1.120126813650131226e+00
6.410609781742095947e-01
3.535724878311157227e-01
1.045659989118576050e+00
7.485168278217315674e-01
2.666251659393310547e-01
9.703373014926910400e-01
8.940823376178741455e-01
2.767411470413208008e-01
8.453109562397003174e-01
9.631830453872680664e-01
3.240143656730651855e-01
7.834844887256622314e-01
1.011329948902130127e+00
3.191564679145812988e-01
6.715817749500274658e-01
1.159803271293640137e+00
3.857975304126739502e-01
6.064545810222625732e-01
1.172508120536804199e+00
5.184417366981506348e-01
5.152691304683685303e-01
1.141096651554107666e+00
5.703765451908111572e-01
3.805542886257171631e-01
1.124700576066970825e+00
6.953209936618804932e-01
3.710793256759643555e-01
1.043595701456069946e+00
7.644166648387908936e-01
3.205159306526184082e-01
9.529621899127960205e-01
9.221290946006774902e-01
2.753882706165313721e-01
8.850199878215789795e-01
9.649610817432403564e-01
2.715786397457122803e-01
7.443319857120513916e-01
1.025012254714965820e+00
3.290226161479949951e-01
6.320619285106658936e-01
1.121296048164367676e+00
3.656190931797027588e-01
5.757338702678680420e-01
1.148391515016555786e+00
4.899921119213104248e-01
4.821703732013702393e-01
1.092612624168395996e+00
5.399872362613677979e-01
4.252204000949859619e-01
1.120321750640869141e+00
6.574356257915496826e-01
3.146449923515319824e-01
1.017215162515640259e+00
7.724424302577972412e-01
3.153896927833557129e-01
9.676477611064910889e-01
9.000166058540344238e-01
3.297624886035919189e-01
8.605485260486602783e-01
9.869451224803924561e-01
2.595622539520263672e-01
7.514813244342803955e-01
1.060956507921218872e+00
3.371212482452392578e-01
