# {'thres': 0.49149517808109533}
2.777576744556427002e-01
2.749368548393249512e-01
2.455776929855346680e-01
3.513950109481811523e-01
2.308507561683654785e-01
2.070891410112380981e-01
5.071119666099548340e-01
2.440894842147827148e-01
5.344972014427185059e-02
5.137519389390945435e-01
2.084101438522338867e-01
4.695600271224975586e-02
5.665623992681503296e-01
1.426936984062194824e-01
1.250245571136474609e-01
5.150279030203819275e-01
7.813584804534912109e-02
2.732909917831420898e-01
4.114790521562099457e-01
6.813830137252807617e-02
3.348502516746520996e-01
3.625059127807617188e-01
1.448563337326049805e-01
3.233194947242736816e-01
3.461860120296478271e-01
2.439469099044799805e-01
3.377244472503662109e-01
2.245223075151443481e-01
3.593184053897857666e-01
2.459357976913452148e-01
9.575733542442321777e-02
4.702692627906799316e-01
2.331187129020690918e-01
1.193442344665527344e-01
5.526199042797088623e-01
1.700121760368347168e-01
3.163817524909973145e-02
5.629852265119552612e-01
8.975458145141601562e-02
1.500437855720520020e-01
5.051257908344268799e-01
2.001571655273437500e-02
1.844469904899597168e-01
4.594917185604572296e-01
5.984097719192504883e-02
3.422296643257141113e-01
3.752037025988101959e-01
1.790865659713745117e-01
3.735364079475402832e-01
3.004989773035049438e-01
2.303590178489685059e-01
3.339600563049316406e-01
2.974644228816032410e-01
3.645197749137878418e-01
2.547121644020080566e-01
2.154504507780075073e-01
4.529069960117340088e-01
2.041176557540893555e-01
8.510437607765197754e-02
5.167271494865417480e-01
1.868802309036254883e-01
6.083062291145324707e-02
5.252272337675094604e-01
1.093671917915344238e-01
1.316296160221099854e-01
5.171665735542774200e-01
4.312855005264282227e-02
2.126850485801696777e-01
4.432204067707061768e-01
6.313097476959228516e-02
3.183983564376831055e-01
3.866424411535263062e-01
2.333988547325134277e-01
2.494159936904907227e-01
3.375507518649101257e-01
2.886624634265899658e-01
2.658255100250244141e-01
2.823905497789382935e-01
3.498497307300567627e-01
2.774158716201782227e-01
1.584984362125396729e-01
4.737183451652526855e-01
2.058358192443847656e-01
1.072598695755004883e-01
5.815843939781188965e-01
2.123342752456665039e-01
5.412697792053222656e-03
5.699017643928527832e-01
1.638463735580444336e-01
1.689351201057434082e-01
4.991223588585853577e-01
3.622215986251831055e-02
2.355825603008270264e-01
4.401603639125823975e-01
6.079471111297607422e-02
3.316380977630615234e-01
3.910709545016288757e-01
1.352972984313964844e-01
3.425037860870361328e-01
3.331648334860801697e-01
2.594543695449829102e-01
3.315340876579284668e-01
2.565643936395645142e-01
3.791463077068328857e-01
2.574068903923034668e-01
1.438428461551666260e-01
4.452053904533386230e-01
2.263783216476440430e-01
3.099671006202697754e-02
4.730773419141769409e-01
1.986914277076721191e-01
3.590589761734008789e-02
5.290259718894958496e-01
9.004640579223632812e-02
1.596230268478393555e-01
4.895400181412696838e-01
2.137649059295654297e-02
2.162802219390869141e-01
4.617954976856708527e-01
6.884324550628662109e-02
3.228332996368408203e-01
3.580519333481788635e-01
1.988230943679809570e-01
3.440357446670532227e-01
3.045467287302017212e-01
2.477306723594665527e-01
3.096184134483337402e-01
2.811193317174911499e-01
3.477962315082550049e-01
2.562155127525329590e-01
1.704121679067611694e-01
4.790583550930023193e-01
1.812050938606262207e-01
2.060720920562744141e-01
5.057276338338851929e-01
2.332200407981872559e-01
4.406672716140747070e-02
5.648891925811767578e-01
1.503887772560119629e-01
1.569401323795318604e-01
4.545025452971458435e-01
1.340645551681518555e-02
2.126174569129943848e-01
4.130110964179039001e-01
2.683788537979125977e-02
2.916033267974853516e-01
4.057083427906036377e-01
1.415687203407287598e-01
3.517093062400817871e-01
3.311671540141105652e-01
2.690223455429077148e-01
2.987894415855407715e-01
2.580430656671524048e-01
3.708235919475555420e-01
2.453189492225646973e-01
2.242789715528488159e-01
4.851658344268798828e-01
2.468523979187011719e-01
3.799340128898620605e-02
5.236154198646545410e-01
1.653578281402587891e-01
4.764002561569213867e-02
4.995173513889312744e-01
1.256707906723022461e-01
1.334128975868225098e-01
5.450265668332576752e-01
8.944213390350341797e-03
2.209450602531433105e-01
4.091275408864021301e-01
4.610627889633178711e-02
3.175944685935974121e-01
3.977631554007530212e-01
1.551945805549621582e-01
3.275738358497619629e-01
3.176668807864189148e-01
2.647022604942321777e-01
3.015978336334228516e-01
3.237058594822883606e-01
3.969587683677673340e-01
2.276834845542907715e-01
1.636852324008941650e-01
4.684532284736633301e-01
2.532455325126647949e-01
2.691569924354553223e-02
4.963902384042739868e-01
1.953107118606567383e-01
5.075398087501525879e-02
5.375916883349418640e-01
1.352902650833129883e-01
1.388583779335021973e-01
4.492482244968414307e-01
2.205038070678710938e-02
2.041212320327758789e-01
4.385841861367225647e-01
1.469892263412475586e-02
3.025512099266052246e-01
4.181093294173479080e-01
1.504616141319274902e-01
3.230946063995361328e-01
3.283201828598976135e-01
2.907824218273162842e-01
2.610325813293457031e-01
2.750034332275390625e-01
3.710919022560119629e-01
2.587724924087524414e-01
1.645569503307342529e-01
4.608054161071777344e-01
1.813655495643615723e-01
7.114654779434204102e-02
5.605560392141342163e-01
1.862266063690185547e-01
9.550893306732177734e-02
4.893414229154586792e-01
1.335453391075134277e-01
1.285762786865234375e-01
5.210951641201972961e-01
1.814538240432739258e-02
2.486537694931030273e-01
4.201127327978610992e-01
7.235682010650634766e-02
2.842859029769897461e-01
4.054492302238941193e-01
1.724011301994323730e-01
3.122540712356567383e-01
3.542973622679710388e-01
2.657328844070434570e-01
3.468735814094543457e-01
2.420714050531387329e-01
3.557670414447784424e-01
2.508205175399780273e-01
1.966615617275238037e-01
4.756595194339752197e-01
1.728855371475219727e-01
9.256497025489807129e-02
5.593247711658477783e-01
1.713138818740844727e-01
5.812293291091918945e-02
5.037666559219360352e-01
1.240027546882629395e-01
1.745711565017700195e-01
4.591161534190177917e-01
2.304863929748535156e-02
2.962696552276611328e-01
3.870650604367256165e-01
2.649706602096557617e-02
3.006255626678466797e-01
3.539942726492881775e-01
1.675748229026794434e-01
3.146895766258239746e-01
3.250800147652626038e-01
2.838352322578430176e-01
2.878057360649108887e-01
2.724847048521041870e-01
3.740436434745788574e-01
2.545751929283142090e-01
1.794329583644866943e-01
4.766527414321899414e-01
2.019595503807067871e-01
7.097226381301879883e-02
5.398035496473312378e-01
1.511712670326232910e-01
1.049088835716247559e-01
4.662985354661941528e-01
1.369327902793884277e-01
1.256638169288635254e-01
4.871078878641128540e-01
6.768888235092163086e-02
2.550302147865295410e-01
4.324680976569652557e-01
4.951888322830200195e-02
3.105707764625549316e-01
4.050667993724346161e-01
1.832788586616516113e-01
3.577397465705871582e-01
3.236138150095939636e-01
2.677620649337768555e-01
3.111492395401000977e-01
2.971543073654174805e-01
3.462623655796051025e-01
2.724603414535522461e-01
1.485151350498199463e-01
4.647745192050933838e-01
2.367074489593505859e-01
2.105987071990966797e-02
5.164190381765365601e-01
1.585854291915893555e-01
1.950243115425109863e-02
6.496903002262115479e-01
1.057185530662536621e-01
1.496814787387847900e-01
4.197094738483428955e-01
4.582518339157104492e-02
2.698370814323425293e-01
4.455240145325660706e-01
3.786802291870117188e-02
3.258978128433227539e-01
3.880324512720108032e-01
1.511236429214477539e-01
3.928061723709106445e-01
3.005234524607658386e-01
2.486846446990966797e-01
3.372695446014404297e-01
2.728250473737716675e-01
3.685417771339416504e-01
2.568144202232360840e-01
1.337364315986633301e-01
4.662767052650451660e-01
2.526488900184631348e-01
9.567561745643615723e-02
5.415150970220565796e-01
2.045688629150390625e-01
4.246801137924194336e-03
6.634207963943481445e-01
1.005461215972900391e-01
1.613021194934844971e-01
4.584849402308464050e-01
5.419570207595825195e-02
2.500447928905487061e-01
4.459631554782390594e-01
6.120008230209350586e-02
3.175812959671020508e-01
2.968730777502059937e-01
1.419892907142639160e-01
3.116614222526550293e-01
3.347554951906204224e-01
2.547680139541625977e-01
3.231716156005859375e-01
2.602180838584899902e-01
3.837460577487945557e-01
2.469834685325622559e-01
1.743288338184356689e-01
4.605767428874969482e-01
1.718126535415649414e-01
6.262415647506713867e-02
5.457621365785598755e-01
2.080894708633422852e-01
6.136032938957214355e-02
5.388359203934669495e-01
1.060754060745239258e-01
1.441082954406738281e-01
5.052743107080459595e-01
2.359747886657714844e-03
2.043620944023132324e-01
4.126672819256782532e-01
4.021650552749633789e-02
3.832025527954101562e-01
3.681152127683162689e-01
1.640209555625915527e-01
3.521392941474914551e-01
3.285186663269996643e-01
2.774403989315032959e-01
2.796204090118408203e-01
2.281048446893692017e-01
3.386593759059906006e-01
2.680460810661315918e-01
1.566172540187835693e-01
4.381150305271148682e-01
1.961594223976135254e-01
8.915540575981140137e-02
5.543808490037918091e-01
1.678388714790344238e-01
5.398288369178771973e-02
5.161938816308975220e-01
1.269237995147705078e-01
1.542422771453857422e-01
4.594402611255645752e-01
1.179142594337463379e-01
2.453902065753936768e-01
4.155550524592399597e-01
3.460633754730224609e-02
3.130536675453186035e-01
3.802246078848838806e-01
1.815896034240722656e-01
3.283678293228149414e-01
3.231894597411155701e-01
3.125933110713958740e-01
2.621693015098571777e-01
2.465372234582901001e-01
3.696320652961730957e-01
2.091898322105407715e-01
1.574696600437164307e-01
4.795803427696228027e-01
1.810235977172851562e-01
3.446438908576965332e-02
5.328209847211837769e-01
1.670288443565368652e-01
1.030644774436950684e-02
5.602795481681823730e-01
9.325301647186279297e-02
1.790525317192077637e-01
4.415566101670265198e-01
4.573607444763183594e-02
2.598942816257476807e-01
4.120860770344734192e-01
6.938511133193969727e-02
3.017984032630920410e-01
3.891079388558864594e-01
1.643950939178466797e-01
3.256391286849975586e-01
3.275384306907653809e-01
2.957060933113098145e-01
2.598283886909484863e-01
2.248230725526809692e-01
3.736086189746856689e-01
2.621801495552062988e-01
1.321361660957336426e-01
4.424120783805847168e-01
1.992362737655639648e-01
6.474879384040832520e-02
5.189491808414459229e-01
1.744340062141418457e-01
5.737334489822387695e-03
5.379644185304641724e-01
1.457675099372863770e-01
1.665761172771453857e-01
4.866278953850269318e-01
6.158888339996337891e-02
2.342984378337860107e-01
4.430600143969058990e-01
4.858487844467163086e-02
3.001328110694885254e-01
3.998653031885623932e-01
1.594780087471008301e-01
3.479251861572265625e-01
3.088233545422554016e-01
2.826134860515594482e-01
3.124674558639526367e-01
2.524486333131790161e-01
3.746161758899688721e-01
2.294881343841552734e-01
1.918455809354782104e-01
4.279555976390838623e-01
2.655026912689208984e-01
1.216976940631866455e-01
5.505408644676208496e-01
2.692308425903320312e-01
4.518216848373413086e-02
5.439182072877883911e-01
9.394609928131103516e-02
1.157110333442687988e-01
4.884436056017875671e-01
2.965211868286132812e-02
2.207443714141845703e-01
4.156377315521240234e-01
3.402209281921386719e-02
3.080160617828369141e-01
3.907888382673263550e-01
1.721165180206298828e-01
3.763024210929870605e-01
3.406236469745635986e-01
2.679730653762817383e-01
3.281510472297668457e-01
2.393129169940948486e-01
4.115575551986694336e-01
2.791224718093872070e-01
1.710487604141235352e-01
4.452954530715942383e-01
2.336988449096679688e-01
5.162551999092102051e-02
4.917325526475906372e-01
1.991160511970520020e-01
4.592499136924743652e-02
5.466299802064895630e-01
1.059684753417968750e-01
1.190909743309020996e-01
4.936005920171737671e-01
6.143230199813842773e-02
2.175096273422241211e-01
4.055379182100296021e-01
5.131131410598754883e-02
3.004298806190490723e-01
3.749339655041694641e-01
1.944900751113891602e-01
3.246526122093200684e-01
3.372026979923248291e-01
2.475436329841613770e-01
3.001739382743835449e-01
2.388237267732620239e-01
3.898493349552154541e-01
2.364949584007263184e-01
2.010144293308258057e-01
4.476705193519592285e-01
2.251610755920410156e-01
5.477944016456604004e-02
5.279876440763473511e-01
1.771265268325805664e-01
1.720276474952697754e-02
6.647534910589456558e-01
9.297865629196166992e-02
1.480571329593658447e-01
4.897110983729362488e-01
2.156478166580200195e-02
2.383272051811218262e-01
4.460967257618904114e-01
5.063080787658691406e-02
2.916939854621887207e-01
4.106496460735797882e-01
2.006823420524597168e-01
2.938727140426635742e-01
3.318294733762741089e-01
2.961400747299194336e-01
2.870023846626281738e-01
2.561477124691009521e-01
3.831803500652313232e-01
2.191309928894042969e-01
1.773372143507003784e-01
4.806616008281707764e-01
2.038321495056152344e-01
4.757970571517944336e-02
4.835994988679885864e-01
1.924965381622314453e-01
3.499424457550048828e-02
5.218475162982940674e-01
1.325244307518005371e-01
1.631305515766143799e-01
4.723296388983726501e-01
1.968628168106079102e-02
2.540697455406188965e-01
3.812664076685905457e-01
2.375638484954833984e-02
2.749480605125427246e-01
4.611641168594360352e-03
2.724939584732055664e-02
3.287716507911682129e-01
3.315104618668556213e-01
2.833795845508575439e-01
2.498763799667358398e-01
2.810740619897842407e-01
3.405711948871612549e-01
2.582116723060607910e-01
1.690352261066436768e-01
4.356432557106018066e-01
2.416715025901794434e-01
6.438866257667541504e-02
5.535893291234970093e-01
1.517750024795532227e-01
3.126800060272216797e-02
5.619196221232414246e-01
1.172128319740295410e-01
1.275069117546081543e-01
5.212571509182453156e-01
5.755484104156494141e-03
2.515343427658081055e-01
4.465246461331844330e-01
5.327939987182617188e-02
3.453716039657592773e-01
3.717696964740753174e-01
1.939154863357543945e-01
3.071413636207580566e-01
2.911456376314163208e-01
2.519825100898742676e-01
3.497353196144104004e-01
2.337638288736343384e-01
3.613956272602081299e-01
2.799577116966247559e-01
1.996961236000061035e-01
4.462769627571105957e-01
2.075453996658325195e-01
6.347742676734924316e-02
4.928237497806549072e-01
1.935346126556396484e-01
6.126159429550170898e-02
5.082122981548309326e-01
1.277620196342468262e-01
1.702706217765808105e-01
4.791208580136299133e-01
8.952027559280395508e-02
2.557209730148315430e-01
4.476989209651947021e-01
5.219048261642456055e-02
2.994746565818786621e-01
3.708928227424621582e-01
1.473782658576965332e-01
3.670519590377807617e-01
3.304089829325675964e-01
3.227796256542205811e-01
2.894085049629211426e-01
3.532067909836769104e-01
3.692871928215026855e-01
2.370265722274780273e-01
1.495236754417419434e-01
4.653300046920776367e-01
2.083684802055358887e-01
8.988043665885925293e-02
5.281865149736404419e-01
1.674090027809143066e-01
6.521344184875488281e-02
5.578425005078315735e-01
9.202873706817626953e-02
1.280952692031860352e-01
5.229461342096328735e-01
7.354974746704101562e-03
2.291238307952880859e-01
3.009249567985534668e-01
4.484426975250244141e-02
3.207587599754333496e-01
3.807043619453907013e-01
1.578294038772583008e-01
3.244489431381225586e-01
3.085552453994750977e-01
2.099044322967529297e-01
3.291696906089782715e-01
2.784556150436401367e-01
3.541640937328338623e-01
2.631669640541076660e-01
1.597818285226821899e-01
4.609127938747406006e-01
1.905457973480224609e-01
7.067292928695678711e-02
4.906761199235916138e-01
2.488437294960021973e-01
7.495480775833129883e-02
5.424264594912528992e-01
9.401309490203857422e-02
1.457497775554656982e-01
4.774942100048065186e-01
6.938421726226806641e-02
2.212954461574554443e-01
4.231767281889915466e-01
4.337608814239501953e-03
3.310570716857910156e-01
3.985637016594409943e-01
1.745607256889343262e-01
3.246325254440307617e-01
3.041997626423835754e-01
2.621620893478393555e-01
2.978188395500183105e-01
2.525550574064254761e-01
3.529448211193084717e-01
2.546626925468444824e-01
1.771850138902664185e-01
4.638155698776245117e-01
2.107172608375549316e-01
1.153525412082672119e-01
5.420513153076171875e-01
1.374104619026184082e-01
7.965958118438720703e-02
5.144382044672966003e-01
1.079888939857482910e-01
1.187800467014312744e-01
5.142411142587661743e-01
2.345496416091918945e-02
2.448703050613403320e-01
4.408278502523899078e-01
7.034367322921752930e-02
3.207035064697265625e-01
3.787401132285594940e-01
1.596808433532714844e-01
2.979578375816345215e-01
3.158130794763565063e-01
2.837167382240295410e-01
2.908993363380432129e-01
2.632931172847747803e-01
3.675920963287353516e-01
2.481301426887512207e-01
1.837152689695358276e-01
4.559878110885620117e-01
2.422464489936828613e-01
5.540305376052856445e-02
5.240452140569686890e-01
2.162409424781799316e-01
4.581496119499206543e-02
5.624214112758636475e-01
1.096100807189941406e-01
1.582877635955810547e-01
4.297399595379829407e-01
3.588438034057617188e-02
2.517848014831542969e-01
4.018035978078842163e-01
7.875013351440429688e-02
3.306126594543457031e-01
3.941848799586296082e-01
1.698193550109863281e-01
3.016210794448852539e-01
3.622119277715682983e-01
2.285295128822326660e-01
3.337965607643127441e-01
2.939196377992630005e-01
3.917458355426788330e-01
2.059640884399414062e-01
1.734857112169265747e-01
4.836085140705108643e-01
2.589628696441650391e-01
5.311363935470581055e-02
5.403728187084197998e-01
1.594803333282470703e-01
2.331778407096862793e-02
5.731906890869140625e-01
1.226121783256530762e-01
1.510355174541473389e-01
4.915255233645439148e-01
5.693173408508300781e-02
2.281867563724517822e-01
4.111834093928337097e-01
2.587205171585083008e-02
3.580690026283264160e-01
3.478913530707359314e-01
1.703705191612243652e-01
3.332391381263732910e-01
3.378691598773002625e-01
2.827454209327697754e-01
2.813031673431396484e-01
2.385477870702743530e-01
3.939192891120910645e-01
2.393213510513305664e-01
1.457855403423309326e-01
4.343067407608032227e-01
2.919886708259582520e-01
1.028632521629333496e-01
5.439288318157196045e-01
1.751031279563903809e-01
1.946884393692016602e-02
5.844796299934387207e-01
7.457399368286132812e-02
1.228941082954406738e-01
4.576290324330329895e-01
7.552582025527954102e-02
2.464593946933746338e-01
4.078905135393142700e-01
2.408617734909057617e-02
3.214665055274963379e-01
3.882383517920970917e-01
1.534209847450256348e-01
3.122028708457946777e-01
3.658514320850372314e-01
3.102283179759979248e-01
2.918356060981750488e-01
2.513264417648315430e-01
4.048981964588165283e-01
2.149754166603088379e-01
1.700027585029602051e-01
4.809097051620483398e-01
2.248345613479614258e-01
1.234582662582397461e-01
6.327381134033203125e-01
1.423646807670593262e-01
4.006490111351013184e-02
5.389191806316375732e-01
1.302849650382995605e-01
1.362934112548828125e-01
4.952034354209899902e-01
4.014444351196289062e-02
2.373224794864654541e-01
4.141419455409049988e-01
4.210394620895385742e-02
3.195652365684509277e-01
4.106696527451276779e-01
2.014231681823730469e-01
3.143748641014099121e-01
3.272948861122131348e-01
2.818644046783447266e-01
2.878071069717407227e-01
2.206544727087020874e-01
3.798107504844665527e-01
1.783285140991210938e-01
2.019187808036804199e-01
4.943327009677886963e-01
1.930353641510009766e-01
1.054560244083404541e-01
5.398857444524765015e-01
2.150183320045471191e-01
5.454194545745849609e-02
5.227568000555038452e-01
9.268951416015625000e-02
1.328935623168945312e-01
4.631759896874427795e-01
7.292610406875610352e-02
2.526859939098358154e-01
4.563808422535657883e-01
4.257017374038696289e-02
3.279820680618286133e-01
3.947976641356945038e-01
1.574420332908630371e-01
3.746296167373657227e-01
3.435169160366058350e-01
2.897937893867492676e-01
2.440246939659118652e-01
2.514065653085708618e-01
4.129437506198883057e-01
2.721463441848754883e-01
1.635571420192718506e-01
4.751568436622619629e-01
2.286909818649291992e-01
4.817384481430053711e-02
5.065736025571823120e-01
1.782153248786926270e-01
3.789311647415161133e-02
6.536385677754878998e-01
7.963669300079345703e-02
1.521001756191253662e-01
4.647125527262687683e-01
2.654916048049926758e-02
2.250058650970458984e-01
4.307788573205471039e-01
9.446907043457031250e-02
3.171881437301635742e-01
4.356579779414460063e-01
1.211587190628051758e-01
3.509626388549804688e-01
3.424869850277900696e-01
3.242489397525787354e-01
2.719326019287109375e-01
2.601661831140518188e-01
4.004305601119995117e-01
2.330417633056640625e-01
1.566729545593261719e-01
4.600087702274322510e-01
2.095574736595153809e-01
6.631374359130859375e-02
5.033066868782043457e-01
1.574051976203918457e-01
1.327052712440490723e-02
5.666976869106292725e-01
1.019003391265869141e-01
1.205680370330810547e-01
4.982920959591865540e-01
3.528350591659545898e-02
2.487798631191253662e-01
4.318209215998649597e-01
9.207129478454589844e-02
2.811495661735534668e-01
4.195498563349246979e-01
1.610086560249328613e-01
3.746811151504516602e-01
2.853185981512069702e-01
2.654989361763000488e-01
2.828285098075866699e-01
2.231891900300979614e-01
3.577487468719482422e-01
2.533662915229797363e-01
2.136105746030807495e-01
4.892287552356719971e-01
2.034158706665039062e-01
6.624943017959594727e-02
5.331239849328994751e-01
1.207480430603027344e-01
2.676606178283691406e-02
5.728961303830146790e-01
1.420543789863586426e-01
1.306830048561096191e-01
5.365580879151821136e-01
3.177666664123535156e-02
2.664659023284912109e-01
4.639462970662862062e-01
1.011088490486145020e-01
3.383107781410217285e-01
3.899772912263870239e-01
1.516533493995666504e-01
3.515848517417907715e-01
3.446883484721183777e-01
3.017633259296417236e-01
2.943889498710632324e-01
2.595088630914688110e-01
3.851215541362762451e-01
2.583930492401123047e-01
1.480531096458435059e-01
4.617536067962646484e-01
2.529690861701965332e-01
7.441532611846923828e-02
5.546035468578338623e-01
1.899012923240661621e-01
4.312941431999206543e-02
5.450564026832580566e-01
1.033203601837158203e-01
1.421340405941009521e-01
5.278874747455120087e-01
3.594398498535156250e-02
2.160455584526062012e-01
4.176529124379158020e-01
4.213005304336547852e-02
3.440835475921630859e-01
3.464401587843894958e-01
1.760824918746948242e-01
3.452348709106445312e-01
3.171993270516395569e-01
2.787039279937744141e-01
2.806010246276855469e-01
2.453180998563766479e-01
3.654130995273590088e-01
2.321797013282775879e-01
1.792037785053253174e-01
4.895790815353393555e-01
2.191086411476135254e-01
4.579144716262817383e-02
5.397917181253433228e-01
1.497875452041625977e-01
7.361724972724914551e-02
5.147682130336761475e-01
9.410452842712402344e-02
1.234664916992187500e-01
4.706245362758636475e-01
4.815369844436645508e-02
2.359237968921661377e-01
4.576096739619970322e-01
6.233322620391845703e-02
3.372628092765808105e-01
3.675732240080833435e-01
1.840984225273132324e-01
3.231752514839172363e-01
3.458540961146354675e-01
3.010230958461761475e-01
3.053676486015319824e-01
2.634951174259185791e-01
3.660620748996734619e-01
2.632480263710021973e-01
1.385387182235717773e-01
4.375646412372589111e-01
2.175347805023193359e-01
4.701906442642211914e-02
5.357483476400375366e-01
1.556934714317321777e-01
5.416509509086608887e-02
5.192113667726516724e-01
6.925475597381591797e-02
1.157897114753723145e-01
4.992077499628067017e-01
2.005517482757568359e-02
2.181032896041870117e-01
4.379667714238166809e-01
5.483561754226684570e-02
2.844280004501342773e-01
3.299180567264556885e-01
1.665305495262145996e-01
3.116447329521179199e-01
3.091784119606018066e-01
2.738788723945617676e-01
2.470094561576843262e-01
2.445345968008041382e-01
3.510729670524597168e-01
2.887974977493286133e-01
1.692552864551544189e-01
4.711074233055114746e-01
2.467258572578430176e-01
2.885186672210693359e-02
5.352276712656021118e-01
1.794994473457336426e-01
1.180565357208251953e-02
5.646936520934104919e-01
1.092315912246704102e-01
1.261687278747558594e-01
5.124583020806312561e-01
2.424323558807373047e-02
2.405638098716735840e-01
4.301068224012851715e-01
5.602979660034179688e-02
3.340779542922973633e-01
3.723243027925491333e-01
1.755226254463195801e-01
2.997489571571350098e-01
3.546885773539543152e-01
2.597145438194274902e-01
3.213500976562500000e-01
2.435804009437561035e-01
3.733094632625579834e-01
2.482767105102539062e-01
1.508274078369140625e-01
4.837812781333923340e-01
2.179448604583740234e-01
1.034557819366455078e-01
5.158633440732955933e-01
1.390292644500732422e-01
4.329147934913635254e-02
5.091595798730850220e-01
1.174950003623962402e-01
1.477391719818115234e-01
4.870463162660598755e-01
2.457374334335327148e-02
2.016746401786804199e-01
4.163634032011032104e-01
2.105885744094848633e-02
3.017610311508178711e-01
3.778572604060173035e-01
1.938338279724121094e-01
3.680731654167175293e-01
3.186674118041992188e-01
2.837505042552947998e-01
2.877936959266662598e-01
2.835813015699386597e-01
3.993032574653625488e-01
2.655826807022094727e-01
1.591412425041198730e-01
4.422726333141326904e-01
2.416176199913024902e-01
8.825644850730895996e-02
5.414863675832748413e-01
1.469379067420959473e-01
3.592729568481445312e-03
6.071287319064140320e-01
1.459331512451171875e-01
1.669280529022216797e-01
4.903180487453937531e-01
9.043145179748535156e-02
2.516977190971374512e-01
4.665392562747001648e-01
5.742132663726806641e-02
3.245658278465270996e-01
3.912232220172882080e-01
1.518246531486511230e-01
3.902565240859985352e-01
2.923744171857833862e-01
2.449676394462585449e-01
3.368530869483947754e-01
3.348371833562850952e-01
3.821131587028503418e-01
2.369819879531860352e-01
1.478874981403350830e-01
4.932017624378204346e-01
2.120784521102905273e-01
8.958488702774047852e-03
5.192228108644485474e-01
1.428613662719726562e-01
4.061481356620788574e-02
5.180576443672180176e-01
1.141638159751892090e-01
1.331935524940490723e-01
5.252731218934059143e-01
5.211484432220458984e-02
2.676739692687988281e-01
3.781123012304306030e-01
6.671482324600219727e-02
3.106172084808349609e-01
4.162941668182611465e-01
1.796624064445495605e-01
3.077920079231262207e-01
3.399328440427780151e-01
2.901263236999511719e-01
3.004854321479797363e-01
2.902353107929229736e-01
3.821991384029388428e-01
2.881161570549011230e-01
1.871057748794555664e-01
4.609126150608062744e-01
2.398902177810668945e-01
7.689279317855834961e-02
5.647202581167221069e-01
1.770651340484619141e-01
2.476948499679565430e-02
5.872499123215675354e-01
1.095669269561767578e-01
1.339205801486968994e-01
5.263136364519596100e-01
1.854759454727172852e-02
2.394443154335021973e-01
4.232629761099815369e-01
3.226053714752197266e-02
2.879582047462463379e-01
2.978785187005996704e-01
1.489084362983703613e-01
3.519738912582397461e-01
3.355994448065757751e-01
2.971818745136260986e-01
2.841541171073913574e-01
2.469506710767745972e-01
3.581605553627014160e-01
2.419183254241943359e-01
1.534792184829711914e-01
4.908205270767211914e-01
1.906493902206420898e-01
1.058549284934997559e-01
5.221299976110458374e-01
1.814606785774230957e-01
5.621519684791564941e-02
5.155104547739028931e-01
1.108281016349792480e-01
1.293034553527832031e-01
5.535043496638536453e-01
8.893966674804687500e-03
2.899081707000732422e-01
4.305346142500638962e-01
3.483951091766357422e-02
2.993155121803283691e-01
3.784511610865592957e-01
1.322040557861328125e-01
3.535404205322265625e-01
3.300236836075782776e-01
2.619661688804626465e-01
2.813367843627929688e-01
2.145537585020065308e-01
4.010010659694671631e-01
2.640557885169982910e-01
1.213856339454650879e-01
4.407272040843963623e-01
2.445233464241027832e-01
5.271989107131958008e-02
5.583959668874740601e-01
1.597993373870849609e-01
3.290072083473205566e-02
5.718768537044525146e-01
8.117783069610595703e-02
1.413088440895080566e-01
4.997544512152671814e-01
3.596031665802001953e-02
2.636714577674865723e-01
4.304569549858570099e-01
6.786811351776123047e-02
2.958167195320129395e-01
3.942120820283889771e-01
1.680097579956054688e-01
3.198027014732360840e-01
3.120722547173500061e-01
2.246926426887512207e-01
3.351165652275085449e-01
2.377638667821884155e-01
3.806609809398651123e-01
1.892642378807067871e-01
1.334732174873352051e-01
4.418487548828125000e-01
1.720288395881652832e-01
2.475583553314208984e-02
5.169584602117538452e-01
1.425320506095886230e-01
3.758442401885986328e-02
5.437557250261306763e-01
1.140009760856628418e-01
1.589535772800445557e-01
4.858607724308967590e-01
5.106151103973388672e-02
2.628485560417175293e-01
4.326408058404922485e-01
6.012696027755737305e-02
3.540381789207458496e-01
3.622650206089019775e-01
1.255860328674316406e-01
3.355128765106201172e-01
3.590738028287887573e-01
2.606914639472961426e-01
3.120779991149902344e-01
2.604754269123077393e-01
3.585423231124877930e-01
2.784431576728820801e-01
1.341930329799652100e-01
4.158254563808441162e-01
9.433627128601074219e-02
9.626576304435729980e-02
5.520702302455902100e-01
1.743307113647460938e-01
5.639210343360900879e-02
5.677102729678153992e-01
1.248857975006103516e-01
1.807490289211273193e-01
4.374720007181167603e-01
1.146686077117919922e-02
2.471652030944824219e-01
4.276528172194957733e-01
4.944747686386108398e-02
3.073556423187255859e-01
4.062480628490447998e-01
2.010172605514526367e-01
3.055632114410400391e-01
1.674274802207946777e-01
2.197983264923095703e-01
3.068323731422424316e-01
2.539738714694976807e-01
3.853878974914550781e-01
2.291663289070129395e-01
2.089533805847167969e-01
4.880011379718780518e-01
1.899452805519104004e-01
6.621482968330383301e-02
5.457504391670227051e-01
1.457613706588745117e-01
1.575917005538940430e-03
5.537488162517547607e-01
8.215588331222534180e-02
1.676378548145294189e-01
4.633786082267761230e-01
5.181074142456054688e-02
2.503773570060729980e-01
4.150823391973972321e-01
4.167264699935913086e-02
3.103738427162170410e-01
3.258893415331840515e-01
1.516220569610595703e-01
3.323341012001037598e-01
3.222026973962783813e-01
2.860483825206756592e-01
3.119053244590759277e-01
2.779163420200347900e-01
3.491537272930145264e-01
2.797975540161132812e-01
1.735542863607406616e-01
4.816429615020751953e-01
1.876960396766662598e-01
4.214799404144287109e-02
4.797586351633071899e-01
1.771638393402099609e-01
4.593840241432189941e-02
5.888713002204895020e-01
1.008428335189819336e-01
1.356553435325622559e-01
5.136580504477024078e-01
2.195781469345092773e-02
2.068632841110229492e-01
4.308775663375854492e-01
9.048008918762207031e-02
2.879572510719299316e-01
4.280560463666915894e-01
1.566532850265502930e-01
3.461530804634094238e-01
2.996287569403648376e-01
2.295587658882141113e-01
3.547638654708862305e-01
2.276480346918106079e-01
3.934892117977142334e-01
2.598392963409423828e-01
1.749064475297927856e-01
4.693563282489776611e-01
2.251292467117309570e-01
7.399415969848632812e-02
5.721712410449981689e-01
1.588844656944274902e-01
1.001822948455810547e-02
5.757654160261154175e-01
1.280091404914855957e-01
1.418938338756561279e-01
5.446248166263103485e-01
3.656291961669921875e-02
2.266530394554138184e-01
4.261205494403839111e-01
9.261131286621093750e-02
3.381374478340148926e-01
3.458602204918861389e-01
1.228839159011840820e-01
3.462933897972106934e-01
3.320854902267456055e-01
2.330175638198852539e-01
3.687736988067626953e-01
2.625477313995361328e-01
3.135693669319152832e-01
3.016417026519775391e-01
1.921598911285400391e-01
5.089485198259353638e-01
2.255309224128723145e-01
6.855919957160949707e-02
5.394889861345291138e-01
1.673748493194580078e-01
3.533208370208740234e-02
5.432016327977180481e-01
9.961825609207153320e-02
1.292662620544433594e-01
4.927495643496513367e-01
2.005589008331298828e-02
2.441282868385314941e-01
4.084131568670272827e-01
6.734412908554077148e-02
2.526218295097351074e-01
3.649058043956756592e-01
1.810907125473022461e-01
3.300012350082397461e-01
3.375199362635612488e-01
2.896732985973358154e-01
2.615499496459960938e-01
2.286807298660278320e-01
3.882090151309967041e-01
2.081874012947082520e-01
2.030024081468582153e-01
4.881058335304260254e-01
1.987870931625366211e-01
3.795948624610900879e-02
5.134501755237579346e-01
1.793416738510131836e-01
3.956481814384460449e-02
5.126360803842544556e-01
1.077494025230407715e-01
1.550707817077636719e-01
4.589364007115364075e-01
4.002904891967773438e-02
2.378324270248413086e-01
4.396664164960384369e-01
6.325513124465942383e-02
3.157746195793151855e-01
4.181544650346040726e-01
1.793763041496276855e-01
3.873918652534484863e-01
2.845996767282485962e-01
2.585641741752624512e-01
3.253319263458251953e-01
2.363930940628051758e-01
3.676282763481140137e-01
2.467411756515502930e-01
1.575193703174591064e-01
4.613049626350402832e-01
2.032598257064819336e-01
8.272475004196166992e-02
5.351819843053817749e-01
2.180219888687133789e-01
4.003351926803588867e-02
5.589465498924255371e-01
1.272469758987426758e-01
1.339488029479980469e-01
5.332466512918472290e-01
5.889576673507690430e-02
2.666191756725311279e-01
3.780823871493339539e-01
3.771734237670898438e-02
2.813922166824340820e-01
4.380461145192384720e-01
1.970235705375671387e-01
3.302617073059082031e-01
3.895104601979255676e-01
2.788866758346557617e-01
3.792749047279357910e-01
2.682344764471054077e-01
3.594748079776763916e-01
2.282356023788452148e-01
1.387716829776763916e-01
4.515629410743713379e-01
2.192694544792175293e-01
5.641055107116699219e-02
5.617753416299819946e-01
1.966418027877807617e-01
2.122604846954345703e-02
5.873446017503738403e-01
1.477774381637573242e-01
1.632933914661407471e-01
5.079568214714527130e-01
2.881878614425659180e-02
2.349810600280761719e-01
4.165815562009811401e-01
4.645991325378417969e-02
3.186812400817871094e-01
3.755469545722007751e-01
2.132217884063720703e-01
3.130211234092712402e-01
3.065145090222358704e-01
2.891519665718078613e-01
2.778650522232055664e-01
2.597110420465469360e-01
3.447172343730926514e-01
2.470711469650268555e-01
1.784317344427108765e-01
4.599318504333496094e-01
2.373808622360229492e-01
5.730506777763366699e-02
5.674051642417907715e-01
1.803482174873352051e-01
3.876340389251708984e-02
5.858363583683967590e-01
1.536118984222412109e-01
1.808158457279205322e-01
4.997027218341827393e-01
6.317257881164550781e-03
2.588762044906616211e-01
3.872280269861221313e-01
3.467100858688354492e-02
3.352211117744445801e-01
3.552014976739883423e-01
1.807292699813842773e-01
3.262792229652404785e-01
3.176127970218658447e-01
2.332019209861755371e-01
3.520786762237548828e-01
2.476542592048645020e-01
3.745509386062622070e-01
2.209106683731079102e-01
2.287421524524688721e-01
4.766582548618316650e-01
2.288351655006408691e-01
5.547499656677246094e-02
5.234063565731048584e-01
1.605631113052368164e-01
3.479677438735961914e-02
5.528797805309295654e-01
1.273636817932128906e-01
1.501181423664093018e-01
4.504817575216293335e-01
4.397529363632202148e-02
2.301689684391021729e-01
4.671909958124160767e-01
4.971909523010253906e-02
3.194853067398071289e-01
3.482809737324714661e-01
1.566951274871826172e-01
3.744536638259887695e-01
3.586064986884593964e-01
2.931461930274963379e-01
3.399985432624816895e-01
1.882360428571701050e-01
3.956835269927978516e-01
2.138208746910095215e-01
1.650090217590332031e-01
4.787465631961822510e-01
2.691926360130310059e-01
5.819204449653625488e-02
5.719816386699676514e-01
1.481032371520996094e-01
4.315170645713806152e-02
5.248234122991561890e-01
1.090984344482421875e-01
1.328800916671752930e-01
5.133188031613826752e-01
2.592664957046508789e-02
2.449333071708679199e-01
4.427605904638767242e-01
7.269936800003051758e-02
2.594169378280639648e-01
3.396058827638626099e-01
1.479645371437072754e-01
3.646878004074096680e-01
2.963352873921394348e-01
2.675492763519287109e-01
2.975434064865112305e-01
2.910124436020851135e-01
3.282088935375213623e-01
2.664874196052551270e-01
1.713977307081222534e-01
4.756585955619812012e-01
2.136355042457580566e-01
4.852077364921569824e-02
5.058440119028091431e-01
1.697755455970764160e-01
5.787974596023559570e-02
5.006496757268905640e-01
1.177864670753479004e-01
1.257663965225219727e-01
5.058509111404418945e-01
6.421470642089843750e-02
2.477888166904449463e-01
4.569369591772556305e-01
4.357248544692993164e-02
3.143370747566223145e-01
3.498029038310050964e-01
1.429988741874694824e-01
3.426906466484069824e-01
3.352575451135635376e-01
2.489212155342102051e-01
3.386413455009460449e-01
2.773101627826690674e-01
3.631600141525268555e-01
2.180262207984924316e-01
1.631129384040832520e-01
4.759998619556427002e-01
2.293107509613037109e-01
5.397462844848632812e-02
5.381787419319152832e-01
1.888738870620727539e-01
5.645680427551269531e-02
5.192331820726394653e-01
1.148067712783813477e-01
1.738289594650268555e-01
4.797012321650981903e-01
3.814578056335449219e-02
2.720193266868591309e-01
4.306821413338184357e-01
3.787368535995483398e-02
3.401986360549926758e-01
4.003677740693092346e-01
1.625856757164001465e-01
3.543883562088012695e-01
3.711857125163078308e-01
2.912907302379608154e-01
2.710276842117309570e-01
2.234705835580825806e-01
3.818717598915100098e-01
2.580289840698242188e-01
1.583883613348007202e-01
4.596197903156280518e-01
1.780674457550048828e-01
1.041559278964996338e-01
5.357346534729003906e-01
1.800855994224548340e-01
5.741935968399047852e-02
5.115720778703689575e-01
1.197640895843505859e-01
1.281960904598236084e-01
4.797247201204299927e-01
2.289205789566040039e-02
2.482603192329406738e-01
4.145713932812213898e-01
2.768301963806152344e-02
3.503451943397521973e-01
3.535880595445632935e-01
1.565878391265869141e-01
3.692926168441772461e-01
2.968194335699081421e-01
2.831403017044067383e-01
3.106101155281066895e-01
2.642034143209457397e-01
3.580725789070129395e-01
2.616714239120483398e-01
1.647826135158538818e-01
4.341638684272766113e-01
2.364723086357116699e-01
7.824078202247619629e-02
5.280956774950027466e-01
1.705604791641235352e-01
9.836852550506591797e-04
6.035188063979148865e-01
1.071163415908813477e-01
1.373605132102966309e-01
5.636212357785552740e-01
5.115282535552978516e-02
2.533057034015655518e-01
4.202709682285785675e-01
2.001959085464477539e-02
3.291379213333129883e-01
3.868537880480289459e-01
1.581016778945922852e-01
3.187852501869201660e-01
3.166276365518569946e-01
2.536151409149169922e-01
2.951324582099914551e-01
2.826597392559051514e-01
3.494151830673217773e-01
2.562658190727233887e-01
1.780293285846710205e-01
4.460947215557098389e-01
2.381224036216735840e-01
5.753868818283081055e-02
5.177606940269470215e-01
1.816750764846801758e-01
2.573576569557189941e-02
5.496710538864135742e-01
1.168757677078247070e-01
1.321525275707244873e-01
1.798209846019744873e-01
1.148111820220947266e-01
2.587974071502685547e-01
4.268272742629051208e-01
2.293795347213745117e-02
3.300120234489440918e-01
4.015042521059513092e-01
1.813793182373046875e-01
3.134059906005859375e-01
3.261306136846542358e-01
2.887773215770721436e-01
2.705833315849304199e-01
3.202495574951171875e-01
3.917222023010253906e-01
2.421777844429016113e-01
1.526235342025756836e-01
4.973989725112915039e-01
2.348896265029907227e-01
7.360464334487915039e-02
5.306915640830993652e-01
1.604927778244018555e-01
2.837151288986206055e-03
5.718256831169128418e-01
1.548759937286376953e-01
1.615679860115051270e-01
4.893565997481346130e-01
3.610253334045410156e-02
2.628343403339385986e-01
4.403658583760261536e-01
5.743604898452758789e-02
3.349519968032836914e-01
4.342072354629635811e-01
1.494790911674499512e-01
3.901456594467163086e-01
2.816893458366394043e-01
2.812206745147705078e-01
3.017690181732177734e-01
2.604238092899322510e-01
3.872645795345306396e-01
2.237391471862792969e-01
1.905988156795501709e-01
4.240698218345642090e-01
2.124804854393005371e-01
5.977439880371093750e-02
5.421177744865417480e-01
1.807670593261718750e-01
8.013278245925903320e-02
5.091574788093566895e-01
9.708368778228759766e-02
1.611000597476959229e-01
4.225025400519371033e-01
5.523812770843505859e-02
2.518633008003234863e-01
3.835586756467819214e-01
5.794757604598999023e-02
2.734398245811462402e-01
3.568465262651443481e-01
1.532070040702819824e-01
3.328252434730529785e-01
3.178184106945991516e-01
2.874303758144378662e-01
3.015401363372802734e-01
3.261388167738914490e-01
3.874677419662475586e-01
2.634323835372924805e-01
2.177098989486694336e-01
4.612043201923370361e-01
2.306680083274841309e-01
9.131181240081787109e-02
5.478227436542510986e-01
1.436467170715332031e-01
2.671161293983459473e-02
5.618006214499473572e-01
1.143481135368347168e-01
1.186510920524597168e-01
4.936558008193969727e-01
6.370455026626586914e-02
2.447214722633361816e-01
4.279591925442218781e-01
6.354302167892456055e-02
3.282669186592102051e-01
3.891265764832496643e-01
1.692482829093933105e-01
3.603047132492065430e-01
3.160464316606521606e-01
2.906701266765594482e-01
3.003659248352050781e-01
2.628623545169830322e-01
3.573063611984252930e-01
2.557358741760253906e-01
1.409677863121032715e-01
4.797006547451019287e-01
2.081191539764404297e-01
7.413640618324279785e-02
5.451203882694244385e-01
1.565015912055969238e-01
4.445242881774902344e-02
5.510710626840591431e-01
1.230173110961914062e-01
1.650074720382690430e-01
4.663889110088348389e-01
8.068931102752685547e-02
2.881936728954315186e-01
4.326459523290395737e-01
5.819267034530639648e-02
3.315746784210205078e-01
4.055661857128143311e-01
1.768312454223632812e-01
2.763260602951049805e-01
3.244987800717353821e-01
2.723356485366821289e-01
2.806489467620849609e-01
2.265270650386810303e-01
3.293135762214660645e-01
2.877975106239318848e-01
1.891136467456817627e-01
4.580067694187164307e-01
2.177163362503051758e-01
9.619674086570739746e-02
5.009611546993255615e-01
1.655482649803161621e-01
5.167925357818603516e-02
5.089181363582611084e-01
7.029312849044799805e-02
1.306496858596801758e-01
5.382355861365795135e-01
6.331044435501098633e-02
2.393410205841064453e-01
4.043980538845062256e-01
9.113478660583496094e-02
3.045039176940917969e-01
3.509879484772682190e-01
1.775564551353454590e-01
3.137199282646179199e-01
3.314456120133399963e-01
2.524215579032897949e-01
3.170757889747619629e-01
2.749057263135910034e-01
3.412685394287109375e-01
2.555742263793945312e-01
1.823910176753997803e-01
4.499916136264801025e-01
1.978829503059387207e-01
9.341385960578918457e-02
5.326172709465026855e-01
1.765158176422119141e-01
4.027721285820007324e-02
5.480139106512069702e-01
1.422781348228454590e-01
1.558890342712402344e-01
4.630280137062072754e-01
1.914089918136596680e-02
2.036896347999572754e-01
4.701189026236534119e-01
5.208581686019897461e-02
3.265517354011535645e-01
2.101039886474609375e-02
5.909824371337890625e-02
3.464058041572570801e-01
3.147113993763923645e-01
2.803291678428649902e-01
3.178490400314331055e-01
2.304804772138595581e-01
4.165668487548828125e-01
2.430788874626159668e-01
1.942170709371566772e-01
4.693326354026794434e-01
2.004029750823974609e-01
3.091061115264892578e-02
5.201866477727890015e-01
1.795955300331115723e-01
1.172423362731933594e-04
5.799260735511779785e-01
8.120036125183105469e-02
1.310040056705474854e-01
4.911475330591201782e-01
9.207904338836669922e-03
2.259449362754821777e-01
4.334791116416454315e-01
2.703857421875000000e-02
3.320266008377075195e-01
3.671710714697837830e-01
1.313671469688415527e-01
3.737216591835021973e-01
3.111234530806541443e-01
3.017000555992126465e-01
2.746167182922363281e-01
2.570656985044479370e-01
3.921512365341186523e-01
2.229558229446411133e-01
1.631121188402175903e-01
5.322247445583343506e-01
1.932329535484313965e-01
3.192704916000366211e-02
5.386279523372650146e-01
1.768734455108642578e-01
7.307597994804382324e-02
5.052323192358016968e-01
1.067075729370117188e-01
1.803672611713409424e-01
4.311905577778816223e-01
3.734695911407470703e-02
2.350791096687316895e-01
4.420423209667205811e-01
4.938298463821411133e-02
3.169083595275878906e-01
3.919841311872005463e-01
1.554194092750549316e-01
3.650722503662109375e-01
3.307037577033042908e-01
2.960654199123382568e-01
2.732334733009338379e-01
2.795907109975814819e-01
3.661607801914215088e-01
2.762619256973266602e-01
2.024794816970825195e-01
5.194381922483444214e-01
2.235457301139831543e-01
7.919257879257202148e-02
5.546307265758514404e-01
1.640083193778991699e-01
6.384783983230590820e-02
5.368932411074638367e-01
1.277446150779724121e-01
1.764854788780212402e-01
4.714457765221595764e-01
6.755715608596801758e-02
2.365138828754425049e-01
4.228174686431884766e-01
6.445920467376708984e-02
3.231083750724792480e-01
3.561228737235069275e-01
1.718628406524658203e-01
3.496512174606323242e-01
7.711341977119445801e-02
1.562057733535766602e-01
2.446610927581787109e-01
3.088293224573135376e-01
3.827585875988006592e-01
2.143872976303100586e-01
1.751839071512222290e-01
4.833917021751403809e-01
2.361449599266052246e-01
8.620899915695190430e-02
5.222117304801940918e-01
1.851310729980468750e-01
2.677011489868164062e-02
5.494601577520370483e-01
1.194627881050109863e-01
1.333028972148895264e-01
4.678727760910987854e-01
5.822157859802246094e-02
2.677255272865295410e-01
3.842073753476142883e-01
8.515357971191406250e-03
3.802201151847839355e-01
3.456279039382934570e-01
2.036848068237304688e-01
3.202921748161315918e-01
3.073041439056396484e-01
2.664343714714050293e-01
2.875579595565795898e-01
3.037566766142845154e-01
3.685537278652191162e-01
2.179359793663024902e-01
1.657321453094482422e-01
4.644435644149780273e-01
2.669669389724731445e-01
8.292639255523681641e-02
5.399430543184280396e-01
1.721348166465759277e-01
5.119386315345764160e-02
5.415719747543334961e-01
1.109278202056884766e-01
1.409990787506103516e-01
5.380402579903602600e-01
2.641075849533081055e-02
2.498412728309631348e-01
4.445346407592296600e-01
2.937489748001098633e-02
3.614073991775512695e-01
3.595388531684875488e-01
1.472889184951782227e-01
3.713998794555664062e-01
2.930695414543151855e-01
2.398974895477294922e-01
3.247759342193603516e-01
2.242429554462432861e-01
3.559066951274871826e-01
3.037036657333374023e-01
1.500264704227447510e-01
4.851799607276916504e-01
2.311269044876098633e-01
7.583531737327575684e-02
5.381420552730560303e-01
1.841820478439331055e-01
6.179398298263549805e-02
5.229196250438690186e-01
1.132006645202636719e-01
1.168665587902069092e-01
5.169103816151618958e-01
9.105837345123291016e-02
2.723191976547241211e-01
1.316942274570465088e-01
3.031492233276367188e-03
3.295156359672546387e-01
3.561229631304740906e-01
1.759577393531799316e-01
3.389878869056701660e-01
3.479960411787033081e-01
2.701449990272521973e-01
2.975329160690307617e-01
2.462860047817230225e-01
3.835760354995727539e-01
2.705311775207519531e-01
1.427928805351257324e-01
4.837872684001922607e-01
1.900988817214965820e-01
8.090007305145263672e-02
5.541585534811019897e-01
1.640447974205017090e-01
4.028424620628356934e-02
5.425886437296867371e-01
1.403635144233703613e-01
1.855292916297912598e-01
4.470376074314117432e-01
3.328233957290649414e-02
2.652567625045776367e-01
4.155145734548568726e-01
7.177293300628662109e-02
3.351287245750427246e-01
3.665522187948226929e-01
1.316698789596557617e-01
3.847109079360961914e-01
3.903924059122800827e-01
2.835901975631713867e-01
3.147584199905395508e-01
2.387957423925399780e-01
3.543795347213745117e-01
2.432621717453002930e-01
1.719257980585098267e-01
4.332313537597656250e-01
2.027576565742492676e-01
5.690425634384155273e-02
5.215594619512557983e-01
1.890309453010559082e-01
5.649340152740478516e-02
5.596798285841941833e-01
9.832924604415893555e-02
1.480667293071746826e-01
4.883591234683990479e-01
5.195051431655883789e-02
2.552227079868316650e-01
6.206217408180236816e-02
1.769047975540161133e-02
2.847155332565307617e-01
3.946677707135677338e-01
1.458362936973571777e-01
3.179806470870971680e-01
3.574617877602577209e-01
2.582172751426696777e-01
2.760022878646850586e-01
3.259187489748001099e-01
3.863525986671447754e-01
2.909805178642272949e-01
1.700920760631561279e-01
4.571278393268585205e-01
2.006656527519226074e-01
4.240241646766662598e-02
5.664004981517791748e-01
1.661546230316162109e-01
4.084119200706481934e-02
5.631093159317970276e-01
1.276348829269409180e-01
1.803529858589172363e-01
4.624880477786064148e-01
4.079061746597290039e-02
2.342984080314636230e-01
4.579303395003080368e-01
2.219337224960327148e-02
3.327038884162902832e-01
3.575685173273086548e-01
1.615586876869201660e-01
3.552982211112976074e-01
2.849702686071395874e-01
2.810456454753875732e-01
2.779110670089721680e-01
2.961198836565017700e-01
3.698600828647613525e-01
2.313203215599060059e-01
1.535024344921112061e-01
5.158570557832717896e-01
2.383419275283813477e-01
5.947309732437133789e-02
5.170130580663681030e-01
2.144697904586791992e-01
1.916623115539550781e-02
6.092290058732032776e-01
9.519642591476440430e-02
1.234511435031890869e-01
4.793853014707565308e-01
6.155437231063842773e-02
2.560844421386718750e-01
4.183542206883430481e-01
8.460557460784912109e-02
3.068270683288574219e-01
3.942843824625015259e-01
1.753620505332946777e-01
3.030030727386474609e-01
3.356925994157791138e-01
2.541319727897644043e-01
3.000869750976562500e-01
2.999873086810112000e-01
3.728717267513275146e-01
2.485212087631225586e-01
1.315253078937530518e-01
4.634356796741485596e-01
2.082420587539672852e-01
1.106918752193450928e-01
5.583760440349578857e-01
1.770105957984924316e-01
5.257922410964965820e-02
5.442068725824356079e-01
1.194185614585876465e-01
1.449185311794281006e-01
4.559900835156440735e-01
3.122872114181518555e-02
2.353087663650512695e-01
3.929595798254013062e-01
6.340569257736206055e-02
2.961974740028381348e-01
3.547811284661293030e-01
1.616751551628112793e-01
3.352784514427185059e-01
3.151649907231330872e-01
2.453068494796752930e-01
3.722031116485595703e-01
2.370847761631011963e-01
3.669841885566711426e-01
2.121335268020629883e-01
2.006390690803527832e-01
4.418185949325561523e-01
2.308824658393859863e-01
7.366916537284851074e-02
5.594404190778732300e-01
1.835986971855163574e-01
1.269972324371337891e-02
5.592280030250549316e-01
1.304891705513000488e-01
1.371856033802032471e-01
5.097681023180484772e-01
3.348547220230102539e-02
2.229364514350891113e-01
3.749174252152442932e-01
5.802285671234130859e-02
3.101172447204589844e-01
3.582428917288780212e-01
1.742970943450927734e-01
3.258158564567565918e-01
3.068096116185188293e-01
2.591224312782287598e-01
3.261842727661132812e-01
2.394215017557144165e-01
3.313341140747070312e-01
3.094017505645751953e-01
1.479153335094451904e-01
4.634141623973846436e-01
2.146968245506286621e-01
1.020824909210205078e-01
5.242879390716552734e-01
1.853702068328857422e-01
4.942286014556884766e-02
5.323137491941452026e-01
1.275992989540100098e-01
1.499658226966857910e-01
4.696269109845161438e-01
9.609997272491455078e-03
2.544556260108947754e-01
3.914611861109733582e-01
4.939818382263183594e-02
3.337957262992858887e-01
3.861204758286476135e-01
1.622266173362731934e-01
3.228241205215454102e-01
3.014226779341697693e-01
