# {'thres': 0.4347125977277756}
1.649245023727416992e-01
4.209312796592712402e-01
1.730318218469619751e-01
2.998403608798980713e-01
3.900024294853210449e-01
7.941736280918121338e-02
3.425643742084503174e-01
3.088496327400207520e-01
4.414707422256469727e-03
4.123411476612091064e-01
2.452129721641540527e-01
3.215580824762582779e-01
5.581800937652587891e-01
2.155256271362304688e-01
2.111195623874664307e-01
3.910471424460411072e-01
8.552683591842651367e-01
3.961509168148040771e-01
3.043054901063442230e-01
5.016869306564331055e-02
4.228180348873138428e-01
3.003788925707340240e-01
4.791957139968872070e-02
4.405431747436523438e-01
2.282865121960639954e-01
9.919333457946777344e-02
4.570168852806091309e-01
1.692726761102676392e-01
2.596457302570343018e-01
3.075173497200012207e-01
3.753551840782165527e-02
7.901696860790252686e-01
2.791131734848022461e-01
5.189657211303710938e-03
4.476976692676544189e-01
2.865472435951232910e-01
9.953090548515319824e-02
4.449551627039909363e-01
2.171853184700012207e-01
6.956437230110168457e-01
2.158604115247726440e-01
1.584031581878662109e-01
3.354873359203338623e-01
1.334103107452392578e+00
9.148585796356201172e-02
4.556326866149902344e-01
2.963866181671619415e-01
3.369361162185668945e-02
4.478974342346191406e-01
2.241670042276382446e-01
1.719221770763397217e-01
3.921980559825897217e-01
1.545399874448776245e-01
2.617038488388061523e-01
3.757677078247070312e-01
4.269447922706604004e-02
3.273459076881408691e-01
1.248103022575378418e+00
3.954836726188659668e-02
4.038968086242675781e-01
2.764808535575866699e-01
1.023077666759490967e-01
4.251960515975952148e-01
1.904320716857910156e-01
2.551856637001037598e-01
3.775425367057323456e-01
9.634852409362792969e-02
3.549385368824005127e-01
2.741528823971748352e-01
2.406734228134155273e-02
3.874354064464569092e-01
2.698347046971321106e-01
8.186334371566772461e-02
4.258631467819213867e-01
2.389584556221961975e-01
1.536191701889038086e-01
4.001763164997100830e-01
1.414903700351715088e-01
2.457864284515380859e-01
3.590949773788452148e-01
5.281212925910949707e-02
3.668085634708404541e-01
2.893148660659790039e-01
5.792826414108276367e-03
4.149451702833175659e-01
2.591034770011901855e-01
1.161549687385559082e-01
4.001613110303878784e-01
2.321934700012207031e-01
2.275386750698089600e-01
3.902989514172077179e-01
1.779828071594238281e-01
3.227193355560302734e-01
3.028298243880271912e-01
5.750095844268798828e-02
4.213525354862213135e-01
3.084439672529697418e-01
1.054319143295288086e-01
4.121957719326019287e-01
1.886211335659027100e-01
1.261531114578247070e-01
4.824420809745788574e-01
1.482937484979629517e-01
2.296656370162963867e-01
4.249542951583862305e-01
8.465674519538879395e-02
3.683046400547027588e-01
3.435407876968383789e-01
6.959050893783569336e-03
4.406449347734451294e-01
3.096441626548767090e-01
1.430583000183105469e-01
4.188925474882125854e-01
1.064614832401275635e+00
7.345413565635681152e-01
2.205449640750885010e-01
1.557800173759460449e-01
2.859651148319244385e-01
3.413854874670505524e-01
4.253423213958740234e-02
3.910626769065856934e-01
2.965217381715774536e-01
5.051422119140625000e-02
4.632941484451293945e-01
2.414861544966697693e-01
1.880675554275512695e-01
3.855313658714294434e-01
1.488723009824752808e-01
2.365446090698242188e-01
4.040274620056152344e-01
6.399820744991302490e-02
3.276512622833251953e-01
3.176600337028503418e-01
2.980577945709228516e-02
4.301759749650955200e-01
2.848308682441711426e-01
3.165129069238901138e-01
5.332618951797485352e-01
2.734109759330749512e-01
2.416635453701019287e-01
4.075792580842971802e-01
1.659154295921325684e-01
3.194010853767395020e-01
3.037482723593711853e-01
1.931440830230712891e-02
4.062680900096893311e-01
2.883759364485740662e-01
6.974667310714721680e-02
4.260047674179077148e-01
2.249431684613227844e-01
1.320468783378601074e-01
4.573241472244262695e-01
1.913833767175674438e-01
2.636696994304656982e-01
3.495646119117736816e-01
5.850787460803985596e-02
3.240028619766235352e-01
3.458724021911621094e-01
2.794134616851806641e-02
4.248270392417907715e-01
3.165293931961059570e-01
1.379290521144866943e-01
4.160555824637413025e-01
2.221167683601379395e-01
2.570667564868927002e-01
3.355114534497261047e-01
1.495668888092041016e-01
3.472489416599273682e-01
2.809982821345329285e-01
5.239462852478027344e-01
4.725417792797088623e-01
2.715175859630107880e-01
5.780738592147827148e-02
4.681978523731231689e-01
1.969559341669082642e-01
1.490689814090728760e-01
4.064562618732452393e-01
1.201767474412918091e-01
2.179439961910247803e-01
4.122281074523925781e-01
8.573096990585327148e-02
3.174824118614196777e-01
3.782272934913635254e-01
2.825358510017395020e-02
3.709893822669982910e-01
2.612563967704772949e-01
1.685284674167633057e-01
3.592673987150192261e-01
2.257241010665893555e-01
2.279714047908782959e-01
3.727874383330345154e-01
1.771869659423828125e-01
3.488194644451141357e-01
3.332047201693058014e-01
1.016891002655029297e-01
4.749601781368255615e-01
3.038643281906843185e-01
8.558982610702514648e-02
3.955205082893371582e-01
2.438903003931045532e-01
1.498216986656188965e-01
4.368590712547302246e-01
1.312396526336669922e-01
2.689948678016662598e-01
3.721662759780883789e-01
5.402708053588867188e-02
3.401611447334289551e-01
3.426089286804199219e-01
2.135771512985229492e-02
3.732153922319412231e-01
2.952552437782287598e-01
3.168100658804178238e-01
5.578055009245872498e-01
2.237173914909362793e-01
1.975944042205810547e-01
4.645159337669610977e-01
1.549478769302368164e-01
3.330358862876892090e-01
3.365971725434064865e-01
3.415453433990478516e-02
4.223875999450683594e-01
2.711331248283386230e-01
6.123173236846923828e-02
4.393559396266937256e-01
2.118689939379692078e-01
1.751701831817626953e-01
3.988419473171234131e-01
1.110314875841140747e-01
2.442076802253723145e-01
3.994725942611694336e-01
7.037372589111328125e-01
4.147613346576690674e-01
2.911232113838195801e-01
2.153539657592773438e-02
4.219592958688735962e-01
2.790721058845520020e-01
1.378867626190185547e-01
3.805775493383407593e-01
2.150198221206665039e-01
2.156843245029449463e-01
3.361680954694747925e-01
1.476561427116394043e-01
3.361611068248748779e-01
3.169909007847309113e-01
2.864050865173339844e-02
4.052378833293914795e-01
3.046749457716941833e-01
5.884164571762084961e-02
4.635800719261169434e-01
2.168792560696601868e-01
1.487959623336791992e-01
4.276314377784729004e-01
1.428262591361999512e-01
6.495879534631967545e-01
2.631171345710754395e-01
1.200521588325500488e-01
3.541035652160644531e-01
3.258127570152282715e-01
1.001656055450439453e-03
3.994238227605819702e-01
2.714115381240844727e-01
1.491564512252807617e-01
3.904048800468444824e-01
2.513275742530822754e-01
2.175913751125335693e-01
3.758246675133705139e-01
1.766943335533142090e-01
3.517365157604217529e-01
2.750516682863235474e-01
5.301547050476074219e-02
3.924136757850646973e-01
2.807464934885501862e-01
5.886191129684448242e-02
4.939318597316741943e-01
2.096319273114204407e-01
1.320096254348754883e-01
3.810358345508575439e-01
1.726929545402526855e-01
2.630422115325927734e-01
3.476985096931457520e-01
7.201428711414337158e-02
3.288611471652984619e-01
3.019287586212158203e-01
4.411745071411132812e-02
4.061474353075027466e-01
3.268324136734008789e-01
1.269732415676116943e-01
4.346971437335014343e-01
2.217916250228881836e-01
2.415892183780670166e-01
3.494023829698562622e-01
1.320146322250366211e-01
3.129169046878814697e-01
2.440481632947921753e-01
7.280004024505615234e-02
4.242439568042755127e-01
2.635949626564979553e-01
3.218847513198852539e-02
4.701300561428070068e-01
2.249122634530067444e-01
1.272071003913879395e-01
4.184641242027282715e-01
1.660110950469970703e-01
2.338261902332305908e-01
3.917648792266845703e-01
7.846541702747344971e-02
7.767180055379867554e-01
2.801150679588317871e-01
1.723560690879821777e-02
4.330250471830368042e-01
2.627824544906616211e-01
1.226562559604644775e-01
3.886821120977401733e-01
2.368586659431457520e-01
2.141458094120025635e-01
4.161275438964366913e-01
1.381804943084716797e-01
3.769676387310028076e-01
2.847242057323455811e-01
1.419669389724731445e-02
4.503519535064697266e-01
2.445191144943237305e-01
4.220533370971679688e-02
4.523007273674011230e-01
2.371950000524520874e-01
1.427308917045593262e-01
4.197054207324981689e-01
1.824426800012588501e-01
2.765145301818847656e-01
4.158361554145812988e-01
6.856590509414672852e-02
3.559707701206207275e-01
3.321053385734558105e-01
1.681536436080932617e-02
3.891120105981826782e-01
2.712727189064025879e-01
1.455338001251220703e-01
3.981527313590049744e-01
2.222989201545715332e-01
2.227489650249481201e-01
4.221404846757650375e-01
1.701730489730834961e-01
3.475536406040191650e-01
3.355511408299207687e-01
7.313597202301025391e-02
4.160906970500946045e-01
2.669833227992057800e-01
3.765112161636352539e-02
1.251969069242477417e+00
2.095111310482025146e-01
1.760317683219909668e-01
4.156903624534606934e-01
1.829983294010162354e-01
2.985549271106719971e-01
3.444616198539733887e-01
9.261772036552429199e-02
3.840687274932861328e-01
3.203987479209899902e-01
6.715908646583557129e-02
3.786945790052413940e-01
2.683699131011962891e-01
1.013465821743011475e-01
4.101140797138214111e-01
2.179174423217773438e-01
2.647843062877655029e-01
3.440154269337654114e-01
1.059847474098205566e-01
3.364866673946380615e-01
2.771526724100112915e-01
6.477147340774536133e-02
1.046491146087646484e+00
1.852697059512138367e-01
1.349276304244995117e-02
1.154727637767791748e+00
1.680961027741432190e-01
1.636961996555328369e-01
4.170192480087280273e-01
1.610264182090759277e-01
2.413057982921600342e-01
3.775017857551574707e-01
3.380289673805236816e-02
3.553023338317871094e-01
3.510376811027526855e-01
4.088625311851501465e-02
3.711223155260086060e-01
2.973751425743103027e-01
1.352365612983703613e-01
3.877071142196655273e-01
2.367499470710754395e-01
2.273362278938293457e-01
3.858432322740554810e-01
1.808751821517944336e-01
3.761003911495208740e-01
3.042021803557872772e-01
4.738342761993408203e-02
4.332529306411743164e-01
2.469006925821304321e-01
5.838167667388916016e-02
4.058871865272521973e-01
2.364551946520805359e-01
1.474459767341613770e-01
3.829521536827087402e-01
1.652635484933853149e-01
2.135787904262542725e-01
3.918640613555908203e-01
8.002948760986328125e-02
3.666752278804779053e-01
3.104159832000732422e-01
2.757114171981811523e-02
4.017162621021270752e-01
2.648282647132873535e-01
1.422531902790069580e-01
3.883224576711654663e-01
2.384467720985412598e-01
2.363708019256591797e-01
3.859307505190372467e-01
1.209902167320251465e-01
3.221288025379180908e-01
3.620485214050859213e-01
5.696364641189575195e-01
5.098986327648162842e-01
2.602375000715255737e-01
5.992573499679565430e-02
4.328970015048980713e-01
1.963218525052070618e-01
1.145957112312316895e-01
4.472713470458984375e-01
1.469344943761825562e-01
2.451755404472351074e-01
3.679379820823669434e-01
9.501828253269195557e-02
4.043745249509811401e-01
3.085172176361083984e-01
5.562812089920043945e-03
1.040507584810256958e+00
2.380640506744384766e-01
1.333154141902923584e-01
3.898744434118270874e-01
2.074254751205444336e-01
2.485229372978210449e-01
3.316034227609634399e-01
1.841403841972351074e-01
6.910063326358795166e-01
2.226655110716819763e-01
5.820322036743164062e-02
4.135615527629852295e-01
3.325996262719854712e-01
7.075512409210205078e-02
4.353063106536865234e-01
2.015563026070594788e-01
3.605157136917114258e-01
6.198811829090118408e-01
1.681702733039855957e-01
2.817889451980590820e-01
3.929535150527954102e-01
5.596174299716949463e-02
3.476199805736541748e-01
3.398696184158325195e-01
1.233458518981933594e-02
4.353362619876861572e-01
3.095228672027587891e-01
1.343719661235809326e-01
4.361786395311355591e-01
2.207959890365600586e-01
2.546476125717163086e-01
3.296035006642341614e-01
1.524679064750671387e-01
8.213112950325012207e-01
2.266987338662147522e-01
8.655881881713867188e-02
4.258628189563751221e-01
2.845773547887802124e-01
6.068819761276245117e-02
4.453744888305664062e-01
2.189967408776283264e-01
1.331900358200073242e-01
4.325344860553741455e-01
1.771855056285858154e-01
6.556588057428598404e-01
2.557080984115600586e-01
6.097693741321563721e-02
8.786856830120086670e-01
2.878800630569458008e-01
6.732046604156494141e-02
3.652601093053817749e-01
3.036088943481445312e-01
1.518650949001312256e-01
3.797321170568466187e-01
1.178980946540832520e+00
2.476249933242797852e-01
4.111994504928588867e-01
1.320867538452148438e-01
3.546921014785766602e-01
2.883969470858573914e-01
7.800585031509399414e-02
4.242956340312957764e-01
2.765082009136676788e-01
3.620922565460205078e-02
4.397404193878173828e-01
2.931004539132118225e-01
1.550277471542358398e-01
3.996425867080688477e-01
1.640554815530776978e-01
2.486918866634368896e-01
3.865962028503417969e-01
5.306676030158996582e-02
3.305417299270629883e-01
3.279734849929809570e-01
2.156972885131835938e-03
3.784857988357543945e-01
2.803339958190917969e-01
1.399776637554168701e-01
3.962545320391654968e-01
1.682440638542175293e-01
2.497381269931793213e-01
3.599331788718700409e-01
1.514782905578613281e-01
3.648286461830139160e-01
3.407025998458266258e-01
2.832376956939697266e-02
1.054283678531646729e+00
2.501028310507535934e-01
4.347211122512817383e-02
4.355542659759521484e-01
2.105330973863601685e-01
1.590803265571594238e-01
4.212877452373504639e-01
1.497242599725723267e-01
2.584736347198486328e-01
3.507515192031860352e-01
3.191491961479187012e-02
3.376224040985107422e-01
3.228826522827148438e-01
2.122408151626586914e-02
4.230195432901382446e-01
2.677762508392333984e-01
1.127222180366516113e-01
4.233614951372146606e-01
2.034608125686645508e-01
2.746735811233520508e-01
3.594714291393756866e-01
1.407039165496826172e-01
3.432686924934387207e-01
2.758352309465408325e-01
1.197454333305358887e-01
4.015046656131744385e-01
2.681627944111824036e-01
3.911924362182617188e-02
4.800610840320587158e-01
1.864909380674362183e-01
3.622167706489562988e-01
6.017982065677642822e-01
1.549700796604156494e-01
6.518585924059152603e-01
2.857812643051147461e-01
4.294556379318237305e-02
3.135762512683868408e-01
3.537257313728332520e-01
3.513056039810180664e-02
3.858294934034347534e-01
3.039247393608093262e-01
1.521961987018585205e-01
4.110913723707199097e-01
2.225857973098754883e-01
2.679814994335174561e-01
3.269896060228347778e-01
8.273816108703613281e-02
3.508861660957336426e-01
3.195333313196897507e-01
5.866003036499023438e-02
4.202212095260620117e-01
2.738772630691528320e-01
3.214871883392333984e-02
4.576538801193237305e-01
2.080987915396690369e-01
1.679720878601074219e-01
3.901649713516235352e-01
1.301862299442291260e-01
2.596330046653747559e-01
3.403468728065490723e-01
9.916751086711883545e-02
3.441725671291351318e-01
3.573263883590698242e-01
2.917337417602539062e-02
4.060903191566467285e-01
2.936686873435974121e-01
1.172695457935333252e-01
4.065410196781158447e-01
2.109271287918090820e-01
2.106318473815917969e-01
3.993618413805961609e-01
1.160135269165039062e-01
3.054395318031311035e-01
3.405034281313419342e-01
4.744160175323486328e-02
4.005922377109527588e-01
2.650611400604248047e-01
7.485628128051757812e-02
4.355220198631286621e-01
2.542958483099937439e-01
1.786752045154571533e-01
3.853169381618499756e-01
1.245735883712768555e-01
2.364436686038970947e-01
4.212223887443542480e-01
4.512441158294677734e-02
3.180596530437469482e-01
2.950888276100158691e-01
3.158637881278991699e-02
3.890496045351028442e-01
3.037859201431274414e-01
1.279179155826568604e-01
4.366701990365982056e-01
2.359898090362548828e-01
2.804919183254241943e-01
3.271097913384437561e-01
1.688463091850280762e-01
3.262804150581359863e-01
3.227827623486518860e-01
5.452924966812133789e-02
4.230316579341888428e-01
2.791975475847721100e-01
5.057048797607421875e-02
4.343038797378540039e-01
2.385173961520195007e-01
1.450994014739990234e-01
4.713225364685058594e-01
1.632460355758666992e-01
2.169337570667266846e-01
3.722015619277954102e-01
3.753143548965454102e-02
3.232884109020233154e-01
3.176253437995910645e-01
4.408652037382125854e-01
4.927027821540832520e-01
2.874002456665039062e-01
1.732495427131652832e-01
3.719094842672348022e-01
1.957769989967346191e-01
2.721339464187622070e-01
3.248675763607025146e-01
1.701737046241760254e-01
3.377017378807067871e-01
3.118948787450790405e-01
5.817151069641113281e-02
3.805305659770965576e-01
3.063265495002269745e-01
4.437881708145141602e-02
4.164018332958221436e-01
2.139242887496948242e-01
1.428315639495849609e-01
4.433752894401550293e-01
1.699047088623046875e-01
2.238731384277343750e-01
4.328526258468627930e-01
6.968528032302856445e-02
3.364214301109313965e-01
3.541044592857360840e-01
6.328836083412170410e-02
3.493614792823791504e-01
2.940841913223266602e-01
1.575947403907775879e-01
3.668076545000076294e-01
1.948676109313964844e-01
2.248658537864685059e-01
3.777392804622650146e-01
1.506060957908630371e-01
7.288663089275360107e-01
2.787381447851657867e-01
1.201486587524414062e-02
4.014731943607330322e-01
3.033966403454542160e-01
5.984997749328613281e-02
1.292305976152420044e+00
1.602194756269454956e-01
1.868251860141754150e-01
3.815103769302368164e-01
1.874319240450859070e-01
2.702712118625640869e-01
3.765585422515869141e-01
4.988229274749755859e-02
3.537595868110656738e-01
3.393862843513488770e-01
7.115945219993591309e-02
3.700598925352096558e-01
3.112775683403015137e-01
1.101586520671844482e-01
4.223513007164001465e-01
2.276363372802734375e-01
2.432925403118133545e-01
3.490865528583526611e-01
1.625245809555053711e-01
2.789266407489776611e-01
2.991668730974197388e-01
4.945462942123413086e-02
3.829178810119628906e-01
2.844670005142688751e-01
3.525799512863159180e-02
4.373171925544738770e-01
2.359367981553077698e-01
1.514876782894134521e-01
4.072836637496948242e-01
1.513902246952056885e-01
6.508219484239816666e-01
2.554194331169128418e-01
6.824088096618652344e-02
8.657709211111068726e-01
2.689427733421325684e-01
8.616706728935241699e-02
3.412980139255523682e-01
2.885928153991699219e-01
1.334543526172637939e-01
3.958541303873062134e-01
2.083084583282470703e-01
2.092513442039489746e-01
3.615805059671401978e-01
1.465032100677490234e-01
3.050478398799896240e-01
3.514756057411432266e-01
9.893554449081420898e-02
4.337709248065948486e-01
3.007637225091457367e-01
3.778094053268432617e-02
4.498681426048278809e-01
2.075024619698524475e-01
9.575134515762329102e-02
4.801326990127563477e-01
1.061587780714035034e-01
2.738967835903167725e-01
3.634170293807983398e-01
1.078389883041381836e-01
3.666617572307586670e-01
3.776516914367675781e-01
3.402844071388244629e-02
4.274949580430984497e-01
2.332401871681213379e-01
1.580335497856140137e-01
3.715595304965972900e-01
2.167536020278930664e-01
2.181133925914764404e-01
3.729573115706443787e-01
1.604232788085937500e-01
3.507528305053710938e-01
3.260466475039720535e-01
7.877147197723388672e-02
4.429617226123809814e-01
2.751333191990852356e-01
5.755072832107543945e-02
4.620675742626190186e-01
1.925281807780265808e-01
1.720609664916992188e-01
3.987012505531311035e-01
1.855088174343109131e-01
1.907328367233276367e-01
4.297817945480346680e-01
9.631122648715972900e-02
3.268566131591796875e-01
3.457457423210144043e-01
4.265427589416503906e-02
4.000996202230453491e-01
3.230649828910827637e-01
1.252154111862182617e-01
4.050966873764991760e-01
2.396956086158752441e-01
2.210847437381744385e-01
3.925252035260200500e-01
9.855453968048095703e-01
3.499629497528076172e-01
3.093099892139434814e-01
5.135726928710937500e-02
4.325695335865020752e-01
2.529941126704216003e-01
4.446959495544433594e-02
4.372682571411132812e-01
2.021508887410163879e-01
1.617295444011688232e-01
1.356267809867858887e+00
4.475696384906768799e-02
2.713369131088256836e-01
3.447074294090270996e-01
7.368192076683044434e-02
3.416114449501037598e-01
3.012844324111938477e-01
3.067210316658020020e-02
4.016848653554916382e-01
2.571426630020141602e-01
1.365229189395904541e-01
4.134690314531326294e-01
2.210852503776550293e-01
2.800151407718658447e-01
1.328957527875900269e+00
6.760692596435546875e-02
2.991030216217041016e-01
3.541217483580112457e-01
3.679627180099487305e-02
4.310606420040130615e-01
2.645853646099567413e-01
3.711861371994018555e-02
4.099699258804321289e-01
2.069127336144447327e-01
1.465524435043334961e-01
4.481430649757385254e-01
1.451000124216079712e-01
2.484993040561676025e-01
3.793636560440063477e-01
4.787838459014892578e-02
3.489766120910644531e-01
2.856407761573791504e-01
1.188811659812927246e-02
4.113825559616088867e-01
2.700627446174621582e-01
3.185754660516977310e-01
5.176601856946945190e-01
1.923179626464843750e-01
2.525759339332580566e-01
3.532725200057029724e-01
1.523760557174682617e-01
3.582217097282409668e-01
3.018856532871723175e-01
6.947809457778930664e-02
4.440733194351196289e-01
2.663718052208423615e-01
4.360264539718627930e-02
4.448743462562561035e-01
2.669198364019393921e-01
1.909156441688537598e-01
3.614832758903503418e-01
1.761053800582885742e-01
2.865342795848846436e-01
3.385505080223083496e-01
7.541599869728088379e-02
3.366301655769348145e-01
2.802396416664123535e-01
9.312540292739868164e-03
9.908882081508636475e-01
2.090985178947448730e-01
1.039284765720367432e-01
3.742066174745559692e-01
2.314907312393188477e-01
2.347486019134521484e-01
3.836718015372753143e-01
1.880668997764587402e-01
3.602086603641510010e-01
1.324193388223648071e+00
3.567934036254882812e-03
4.490778148174285889e-01
2.960126735270023346e-01
3.606784343719482422e-02
5.068594217300415039e-01
2.197522073984146118e-01
1.702984869480133057e-01
3.829066753387451172e-01
1.818339377641677856e-01
2.981755733489990234e-01
3.553578257560729980e-01
6.508832275867462158e-01
4.071896672248840332e-01
3.639370799064636230e-01
2.146530151367187500e-02
4.409494847059249878e-01
2.853911519050598145e-01
3.163622859865427017e-01
5.522744581103324890e-01
2.165993452072143555e-01
6.953706145286560059e-01
2.226251661777496338e-01
1.808448433876037598e-01
3.573071956634521484e-01
3.300852160900831223e-01
9.376347064971923828e-02
4.080187082290649414e-01
2.714466676115989685e-01
4.711341857910156250e-02
4.234423637390136719e-01
2.290296852588653564e-01
1.833282113075256348e-01
3.939632773399353027e-01
1.603034734725952148e-01
2.538654804229736328e-01
4.028643965721130371e-01
7.778334617614746094e-02
3.369996249675750732e-01
3.461412787437438965e-01
2.079784870147705078e-02
3.787080347537994385e-01
2.707936763763427734e-01
1.426722109317779541e-01
4.211963489651679993e-01
2.234964370727539062e-01
2.573480904102325439e-01
3.306254744529724121e-01
1.225157380104064941e-01
3.118505179882049561e-01
3.304436579346656799e-01
6.661319732666015625e-02
3.971221148967742920e-01
2.838425524532794952e-01
2.487254142761230469e-02
4.934631884098052979e-01
2.583863809704780579e-01
1.743402481079101562e-01
4.138950705528259277e-01
1.599061638116836548e-01
2.448741197586059570e-01
4.208618998527526855e-01
7.835374772548675537e-02
3.451118767261505127e-01
3.659700155258178711e-01
2.091014385223388672e-02
1.001016885042190552e+00
2.230010032653808594e-01
1.360592246055603027e-01
3.713074177503585815e-01
2.235291004180908203e-01
2.036239504814147949e-01
4.303719587624073029e-01
1.015346646308898926e-01
3.523426949977874756e-01
3.008509278297424316e-01
5.585175752639770508e-02
4.041810333728790283e-01
2.699737623333930969e-01
5.737346410751342773e-02
4.646115005016326904e-01
2.549057304859161377e-01
1.537563800811767578e-01
3.838348686695098877e-01
1.638668328523635864e-01
2.521982491016387939e-01
3.676131367683410645e-01
6.399045884609222412e-02
3.685341477394104004e-01
3.130614757537841797e-01
2.959257364273071289e-02
3.807854801416397095e-01
2.937104701995849609e-01
1.308827102184295654e-01
3.730887472629547119e-01
2.251102924346923828e-01
2.431432604789733887e-01
1.277999997138977051e+00
1.421801447868347168e-01
3.415633141994476318e-01
3.066430874168872833e-01
6.407183408737182617e-02
4.175480008125305176e-01
2.713949121534824371e-01
2.494823932647705078e-02
4.873606264591217041e-01
1.996147707104682922e-01
1.555822789669036865e-01
4.240197241306304932e-01
1.840440332889556885e-01
6.569901350885629654e-01
2.590678334236145020e-01
7.854259014129638672e-02
3.128811120986938477e-01
3.331944346427917480e-01
2.172350883483886719e-03
4.228938668966293335e-01
2.799918651580810547e-01
9.662806987762451172e-02
4.098174124956130981e-01
2.088631987571716309e-01
2.683742642402648926e-01
3.422186151146888733e-01
1.345776319503784180e-01
3.567343652248382568e-01
3.122425600886344910e-01
5.972868204116821289e-02
4.082540571689605713e-01
2.949077822268009186e-01
4.871582984924316406e-02
4.597464203834533691e-01
2.214631885290145874e-01
1.161121726036071777e-01
4.675235748291015625e-01
1.426595598459243774e-01
2.684468328952789307e-01
3.349902629852294922e-01
8.493517339229583740e-02
3.787792474031448364e-01
3.479291200637817383e-01
2.796560525894165039e-03
1.012847393751144409e+00
2.671645879745483398e-01
1.245169937610626221e-01
4.378388449549674988e-01
1.791378855705261230e-01
6.901705265045166016e-01
1.949482634663581848e-01
1.019831299781799316e-01
2.842489778995513916e-01
3.276459202170372009e-01
7.259720563888549805e-02
4.000247716903686523e-01
2.296137586236000061e-01
3.242933750152587891e-02
4.765826165676116943e-01
2.132754921913146973e-01
1.622036993503570557e-01
4.289852678775787354e-01
1.596845984458923340e-01
2.087123394012451172e-01
4.195170998573303223e-01
6.079459190368652344e-02
3.466737866401672363e-01
2.788262963294982910e-01
3.615002669394016266e-01
4.924641847610473633e-01
2.742912769317626953e-01
1.484209597110748291e-01
4.180890470743179321e-01
2.264994978904724121e-01
2.407985925674438477e-01
3.566421568393707275e-01
1.450952291488647461e-01
3.313446640968322754e-01
3.250671029090881348e-01
6.289458274841308594e-02
4.291255176067352295e-01
2.971717827022075653e-01
3.496217131614685059e-01
5.236232876777648926e-01
2.237455993890762329e-01
1.623133420944213867e-01
4.118272066116333008e-01
1.192296594381332397e-01
2.321820855140686035e-01
4.105324745178222656e-01
2.357473969459533691e-02
3.126018047332763672e-01
3.332962393760681152e-01
2.611383795738220215e-02
3.983686864376068115e-01
3.194064497947692871e-01
3.138539139181375504e-01
5.274853855371475220e-01
2.319830060005187988e-01
2.414218485355377197e-01
3.593900203704833984e-01
1.460353136062622070e-01
3.293039500713348389e-01
3.162807337939739227e-01
5.966413021087646484e-02
3.786677122116088867e-01
2.871128357946872711e-01
4.585295915603637695e-02
4.766927659511566162e-01
2.302193939685821533e-01
1.740029156208038330e-01
3.894156515598297119e-01
1.741026341915130615e-01
2.321582138538360596e-01
3.847956061363220215e-01
5.872897803783416748e-02
3.755577951669692993e-01
3.398519754409790039e-01
4.215821623802185059e-02
3.805697709321975708e-01
2.783431410789489746e-01
1.033560633659362793e-01
4.307692199945449829e-01
2.386950254440307617e-01
2.498986721038818359e-01
3.910825885832309723e-01
1.158025264739990234e-01
3.349910378456115723e-01
2.878096997737884521e-01
8.902198076248168945e-02
4.298583269119262695e-01
2.465452700853347778e-01
4.656428098678588867e-02
4.543123841285705566e-01
2.492365837097167969e-01
1.293436288833618164e-01
3.980480134487152100e-01
1.615810543298721313e-01
2.402981221675872803e-01
4.053652286529541016e-01
6.140857934951782227e-02
3.365603983402252197e-01
3.248289823532104492e-01
4.788216948509216309e-02
3.760609328746795654e-01
2.738296389579772949e-01
1.329425275325775146e-01
3.844427913427352905e-01
2.511385083198547363e-01
2.339639663696289062e-01
3.918906077742576599e-01
1.469157338142395020e-01
3.226791322231292725e-01
3.015305995941162109e-01
5.925232172012329102e-02
4.299632608890533447e-01
2.492982745170593262e-01
5.345177650451660156e-02
4.285649359226226807e-01
2.211958542466163635e-01
1.457037329673767090e-01
4.235233068466186523e-01
1.555221676826477051e-01
2.511643469333648682e-01
3.477007150650024414e-01
9.115301072597503662e-02
3.363290727138519287e-01
3.612991571426391602e-01
4.250547289848327637e-02
3.731125742197036743e-01
3.003944754600524902e-01
1.189759075641632080e-01
4.318094626069068909e-01
2.453781962394714355e-01
2.274783849716186523e-01
3.457740619778633118e-01
1.395328044891357422e-01
3.277318775653839111e-01
2.723541632294654846e-01
5.918753147125244141e-02
4.225273430347442627e-01
2.700187154114246368e-01
8.740723133087158203e-02
4.190972149372100830e-01
2.235512286424636841e-01
1.027606129646301270e-01
4.994213581085205078e-01
1.411605924367904663e-01
2.622622251510620117e-01
3.951786756515502930e-01
6.463681161403656006e-02
3.577524125576019287e-01
3.243095874786376953e-01
3.497415781021118164e-02
3.909297436475753784e-01
1.214253008365631104e+00
2.824012879282236099e-01
5.076240599155426025e-01
2.379033565521240234e-01
2.697381079196929932e-01
3.398909345269203186e-01
1.745333075523376465e-01
3.084347844123840332e-01
2.866244837641716003e-01
5.346840620040893555e-02
4.347084462642669678e-01
2.858127877116203308e-01
2.912700176239013672e-02
4.619717895984649658e-01
2.174816131591796875e-01
1.485458612442016602e-01
4.349289238452911377e-01
1.740831285715103149e-01
2.129000127315521240e-01
1.237043678760528564e+00
1.759019494056701660e-02
3.691098093986511230e-01
3.416755795478820801e-01
7.461220026016235352e-03
4.164165258407592773e-01
2.987293004989624023e-01
1.580984592437744141e-01
3.559519201517105103e-01
2.408720850944519043e-01
2.619702219963073730e-01
3.315915763378143311e-01
1.660221219062805176e-01
3.485207259654998779e-01
3.049615994095802307e-01
4.188013076782226562e-02
4.002673327922821045e-01
2.887405790388584137e-01
4.949545860290527344e-02
4.366903603076934814e-01
2.448533549904823303e-01
1.655160486698150635e-01
3.692692518234252930e-01
1.582268327474594116e-01
2.378209829330444336e-01
3.679637908935546875e-01
9.438627958297729492e-02
3.684339523315429688e-01
3.221251368522644043e-01
1.934432983398437500e-02
4.044602513313293457e-01
3.011230230331420898e-01
3.155241552740335464e-01
5.654643326997756958e-01
1.032147824764251709e+00
2.404758930206298828e-01
3.860499411821365356e-01
1.566302776336669922e-01
3.840407133102416992e-01
2.640143334865570068e-01
6.120407581329345703e-02
8.641951382160186768e-01
2.170058861374855042e-01
3.264605998992919922e-02
4.553047716617584229e-01
2.111004739999771118e-01
1.463711261749267578e-01
4.086560308933258057e-01
1.340459883213043213e-01
2.713198065757751465e-01
3.686838746070861816e-01
7.106791436672210693e-02
3.369508385658264160e-01
3.366492986679077148e-01
1.730322837829589844e-02
3.974990248680114746e-01
2.715270519256591797e-01
1.065867245197296143e-01
3.947346359491348267e-01
2.171162366867065430e-01
2.390069663524627686e-01
3.618742674589157104e-01
1.553786396980285645e-01
3.221865892410278320e-01
3.464827146381139755e-01
2.436536550521850586e-02
3.731065988540649414e-01
3.086853995919227600e-01
7.691460847854614258e-02
3.909921646118164062e-01
2.347513511776924133e-01
1.769521236419677734e-01
4.098632633686065674e-01
1.810420006513595581e-01
2.363825142383575439e-01
4.338601827621459961e-01
3.262898325920104980e-02
3.024550676345825195e-01
3.161383271217346191e-01
5.262687802314758301e-02
3.853714615106582642e-01
2.546244263648986816e-01
1.612202227115631104e-01
3.575633019208908081e-01
2.213985323905944824e-01
2.178859412670135498e-01
3.625387772917747498e-01
1.197378039360046387e-01
3.252496421337127686e-01
3.562861187383532524e-01
2.254277467727661133e-02
3.958752751350402832e-01
2.854679450392723083e-01
4.753667116165161133e-02
4.552685618400573730e-01
2.533991597592830658e-01
1.917384564876556396e-01
4.388094544410705566e-01
1.247633397579193115e-01
2.850999236106872559e-01
3.944295048713684082e-01
5.124358832836151123e-02
3.182119727134704590e-01
3.437625765800476074e-01
1.816821098327636719e-02
3.742109686136245728e-01
3.085930347442626953e-01
1.534209847450256348e-01
3.858491480350494385e-01
2.024624347686767578e-01
2.159520387649536133e-01
3.727342858910560608e-01
1.693088412284851074e-01
3.326101005077362061e-01
3.321201689541339874e-01
6.154322624206542969e-02
3.875025808811187744e-01
1.198230952024459839e+00
8.916282653808593750e-02
4.215109944343566895e-01
2.122429013252258301e-01
1.398541927337646484e-01
4.489495754241943359e-01
1.582150459289550781e-01
2.733752131462097168e-01
3.728607296943664551e-01
9.648554027080535889e-02
3.021335601806640625e-01
3.193157911300659180e-01
1.065170764923095703e-02
3.753203451633453369e-01
2.224379181861877441e-01
1.151030361652374268e-01
4.206562265753746033e-01
2.134651541709899902e-01
2.669308185577392578e-01
3.380246609449386597e-01
1.323572993278503418e-01
3.048444688320159912e-01
3.163003064692020416e-01
6.945037841796875000e-02
1.114337474107742310e+00
2.322593852877616882e-01
4.993802309036254883e-02
4.631697237491607666e-01
2.214327007532119751e-01
1.659389734268188477e-01
3.932925164699554443e-01
1.066210657358169556e+00
2.991244792938232422e-01
3.909109234809875488e-01
5.917660892009735107e-02
3.240912854671478271e-01
3.121550679206848145e-01
2.879157662391662598e-02
4.124525934457778931e-01
2.830295562744140625e-01
1.587388813495635986e-01
3.861755803227424622e-01
2.513930797576904297e-01
6.994302570819854736e-01
1.897486448287963867e-01
1.202891469001770020e-01
3.457828462123870850e-01
2.757137045264244080e-01
7.194393873214721680e-02
4.396149814128875732e-01
2.739580497145652771e-01
5.433374643325805664e-02
4.715899229049682617e-01
2.133019417524337769e-01
1.726441681385040283e-01
3.975704312324523926e-01
1.766112446784973145e-01
2.539566457271575928e-01
3.687503337860107422e-01
8.252240717411041260e-02
3.547134399414062500e-01
3.563991785049438477e-01
3.189682960510253906e-03
4.491276592016220093e-01
2.622087001800537109e-01
1.278531849384307861e-01
4.460131078958511353e-01
2.422443628311157227e-01
2.347752749919891357e-01
1.303921163082122803e+00
7.179337739944458008e-02
7.472052276134490967e-01
2.370912879705429077e-01
6.264877319335937500e-02
4.426855146884918213e-01
2.601888701319694519e-01
3.962641954421997070e-02
4.953993856906890869e-01
2.149602100253105164e-01
1.606389284133911133e-01
4.340801239013671875e-01
1.644851565361022949e-01
2.553836405277252197e-01
3.697526454925537109e-01
5.491101741790771484e-02
3.080902099609375000e-01
3.358441591262817383e-01
6.459116935729980469e-03
4.286279082298278809e-01
2.654443383216857910e-01
1.375327706336975098e-01
4.111463353037834167e-01
2.440701127052307129e-01
2.294215559959411621e-01
3.699281662702560425e-01
1.541951298713684082e-01
3.502770066261291504e-01
3.200240470468997955e-01
6.696492433547973633e-02
4.200609028339385986e-01
3.029735721647739410e-01
3.491899967193603516e-01
5.125834941864013672e-01
2.148065492510795593e-01
1.521136462688446045e-01
4.303878545761108398e-01
1.732026487588882446e-01
3.048555254936218262e-01
3.617363572120666504e-01
4.829338192939758301e-02
7.710253298282623291e-01
2.622313499450683594e-01
2.702575922012329102e-02
4.085008800029754639e-01
2.649250030517578125e-01
9.860372543334960938e-02
4.298359304666519165e-01
2.310495376586914062e-01
2.383873164653778076e-01
3.510161638259887695e-01
1.747990846633911133e-01
3.135210871696472168e-01
1.235186845064163208e+00
2.081948518753051758e-02
3.966223597526550293e-01
2.861123420298099518e-01
4.186785221099853516e-02
4.578518271446228027e-01
2.637322209775447845e-01
1.544194817543029785e-01
3.828847408294677734e-01
1.876783221960067749e-01
2.469690740108489990e-01
3.830367326736450195e-01
9.655922651290893555e-02
3.078773319721221924e-01
3.373935222625732422e-01
8.290445804595947266e-02
3.360628634691238403e-01
2.891331315040588379e-01
1.072133183479309082e-01
4.170524999499320984e-01
2.397592067718505859e-01
2.275920808315277100e-01
3.617189824581146240e-01
1.569116115570068359e-01
3.210605680942535400e-01
2.909757941961288452e-01
8.081972599029541016e-02
4.240683317184448242e-01
2.938349507749080658e-01
7.825899124145507812e-02
1.090641111135482788e+00
1.913613155484199524e-01
1.780327558517456055e-01
3.822317421436309814e-01
1.392534077167510986e-01
2.780157625675201416e-01
3.563213944435119629e-01
8.077065646648406982e-02
3.217200934886932373e-01
3.373408317565917969e-01
2.707341313362121582e-02
4.104766547679901123e-01
2.655000686645507812e-01
1.075133085250854492e-01
4.268052652478218079e-01
2.025812864303588867e-01
2.235725224018096924e-01
1.346882462501525879e+00
1.090505123138427734e-01
3.334422111511230469e-01
2.747058644890785217e-01
6.809335947036743164e-02
4.441213607788085938e-01
2.961911037564277649e-01
8.357036113739013672e-02
4.319722652435302734e-01
2.270961180329322815e-01
1.511307358741760254e-01
4.479120075702667236e-01
1.323518455028533936e-01
2.328601777553558350e-01
3.602327704429626465e-01
8.993148803710937500e-04
3.282645046710968018e-01
3.153586387634277344e-01
2.432677149772644043e-02
3.677876144647598267e-01
2.924404144287109375e-01
1.215188503265380859e-01
4.407191127538681030e-01
2.057869434356689453e-01
2.412649691104888916e-01
3.193325027823448181e-01
1.525913476943969727e-01
3.561894297599792480e-01
2.999697327613830566e-01
3.122740983963012695e-02
4.105448722839355469e-01
2.914094142615795135e-01
5.544853210449218750e-02
4.448034465312957764e-01
2.598523721098899841e-01
1.558870673179626465e-01
4.012396037578582764e-01
1.465154439210891724e-01
2.638011276721954346e-01
3.738095164299011230e-01
9.155829250812530518e-02
3.223620355129241943e-01
3.522923588752746582e-01
6.285214424133300781e-02
3.868420720100402832e-01
2.517457008361816406e-01
1.202202737331390381e-01
3.916932940483093262e-01
2.222566604614257812e-01
2.573035955429077148e-01
2.766536921262741089e-01
8.342987895011901855e-01
3.735736012458801270e-01
3.199205547571182251e-01
8.020603656768798828e-02
3.868681788444519043e-01
2.474538609385490417e-01
2.748948335647583008e-02
5.042330026626586914e-01
2.299044802784919739e-01
1.561740040779113770e-01
3.882056176662445068e-01
1.356342136859893799e-01
2.141874134540557861e-01
4.385829567909240723e-01
8.306241035461425781e-02
3.727624118328094482e-01
2.907255291938781738e-01
3.705629706382751465e-02
3.909746855497360229e-01
3.000149130821228027e-01
1.443855762481689453e-01
3.648287355899810791e-01
2.067747712135314941e-01
2.740243673324584961e-01
3.093300834298133850e-01
1.393973827362060547e-01
3.699969947338104248e-01
3.361473996192216873e-01
8.752834796905517578e-02
4.304887652397155762e-01
3.246800876222550869e-01
3.468086123466491699e-01
5.361539423465728760e-01
1.933475062251091003e-01
1.393778920173645020e-01
4.525499939918518066e-01
1.404535472393035889e-01
2.361217141151428223e-01
3.691654205322265625e-01
5.643746256828308105e-02
3.317900896072387695e-01
3.413209319114685059e-01
4.089587926864624023e-02
4.157302230596542358e-01
2.576053142547607422e-01
3.195955101400613785e-01
5.522116869688034058e-01
2.025780677795410156e-01
1.964441537857055664e-01
4.070382565259933472e-01
1.541481018066406250e-01
3.244763910770416260e-01
3.614909052848815918e-01
7.726860046386718750e-02
3.905801177024841309e-01
2.491345182061195374e-01
4.227507114410400391e-02
4.203249514102935791e-01
2.002552151679992676e-01
1.473020911216735840e-01
4.107514917850494385e-01
1.218128651380538940e-01
2.691156864166259766e-01
3.601499199867248535e-01
7.758133113384246826e-02
3.616479039192199707e-01
1.194172084331512451e+00
3.104868531227111816e-02
4.327050894498825073e-01
3.152321577072143555e-01
1.473465859889984131e-01
3.629104197025299072e-01
2.281197905540466309e-01
2.035084068775177002e-01
4.073549136519432068e-01
1.539261937141418457e-01
3.575734198093414307e-01
3.198559656739234924e-01
7.393091917037963867e-02
4.548428356647491455e-01
2.601952850818634033e-01
4.551571607589721680e-02
4.714680016040802002e-01
2.582342326641082764e-01
1.626324355602264404e-01
4.275089204311370850e-01
1.877214685082435608e-01
2.590497732162475586e-01
3.986070752143859863e-01
7.841090857982635498e-02
3.674255609512329102e-01
3.075774312019348145e-01
2.980673313140869141e-02
3.625162243843078613e-01
2.539923191070556641e-01
6.910890340805053711e-02
4.231483340263366699e-01
2.253627181053161621e-01
2.751587629318237305e-01
3.154603615403175354e-01
1.167403459548950195e-01
3.206165134906768799e-01
2.860727533698081970e-01
7.580655813217163086e-02
4.114668071269989014e-01
2.853054516017436981e-01
4.347354173660278320e-02
4.227539300918579102e-01
2.509284391999244690e-01
1.710803508758544922e-01
4.255889952182769775e-01
1.412936151027679443e-01
2.704246342182159424e-01
3.722032308578491211e-01
1.090368926525115967e-01
3.441159427165985107e-01
3.295745253562927246e-01
3.584790229797363281e-02
3.492686897516250610e-01
3.240373134613037109e-01
1.689066886901855469e-01
3.897327855229377747e-01
2.445896863937377930e-01
2.415974736213684082e-01
3.251201510429382324e-01
1.316754221916198730e-01
3.547317981719970703e-01
3.253077957779169083e-01
5.189555883407592773e-02
4.174497127532958984e-01
2.816106826066970825e-01
6.199526786804199219e-02
3.800273835659027100e-01
1.211687773466110229e+00
3.133724331855773926e-01
6.243490576744079590e-01
1.433908343315124512e-01
2.179640233516693115e-01
4.221486449241638184e-01
6.069099009037017822e-01
3.696481287479400635e-01
1.298564672470092773e+00
5.695101618766784668e-02
3.656126558780670166e-01
3.317617177963256836e-01
1.278418600559234619e-01
4.238946437835693359e-01
2.296982407569885254e-01
2.791965305805206299e-01
3.029357641935348511e-01
1.446502804756164551e-01
3.490479588508605957e-01
2.920727804303169250e-01
6.378865242004394531e-02
4.258969128131866455e-01
2.384305223822593689e-01
4.923653602600097656e-02
4.281698167324066162e-01
2.164155319333076477e-01
1.446954011917114258e-01
4.537634551525115967e-01
8.469140827655792236e-01
3.056366145610809326e-01
3.870492577552795410e-01
5.874669551849365234e-02
3.208303451538085938e-01
3.129324316978454590e-01
5.556967854499816895e-02
3.932297378778457642e-01
3.010087013244628906e-01
1.468722820281982422e-01
3.662437945604324341e-01
2.358151674270629883e-01
2.177293002605438232e-01
3.682956919074058533e-01
1.735700964927673340e-01
3.388706147670745850e-01
2.762982696294784546e-01
8.444023132324218750e-02
4.245867431163787842e-01
2.911460921168327332e-01
7.375097274780273438e-02
4.461693763732910156e-01
2.228747457265853882e-01
1.693557798862457275e-01
4.009108841419219971e-01
1.324684619903564453e-01
6.472912076860666275e-01
1.140462458133697510e+00
1.746177673339843750e-02
3.641165196895599365e-01
3.543809652328491211e-01
7.061681151390075684e-02
3.749215304851531982e-01
3.051552176475524902e-01
1.085072457790374756e-01
4.273220226168632507e-01
2.458943724632263184e-01
6.989003121852874756e-01
1.958928629755973816e-01
1.998943686485290527e-01
3.266061246395111084e-01
2.904777452349662781e-01
2.143865823745727539e-02
3.862871825695037842e-01
2.899443693459033966e-01
3.242039680480957031e-02
4.538820385932922363e-01
2.164378687739372253e-01
1.594091355800628662e-01
3.736188113689422607e-01
1.565580368041992188e-01
2.905087471008300781e-01
3.884625434875488281e-01
7.387626171112060547e-02
3.389854431152343750e-01
3.190469741821289062e-01
4.865109920501708984e-03
4.165780991315841675e-01
2.859099507331848145e-01
1.038928627967834473e-01
3.799202293157577515e-01
2.270215153694152832e-01
2.655705213546752930e-01
2.801240533590316772e-01
1.779327988624572754e-01
3.143458366394042969e-01
2.920340076088905334e-01
5.347031354904174805e-02
4.412792026996612549e-01
2.804891392588615417e-01
6.298542022705078125e-02
4.519917666912078857e-01
2.565461248159408569e-01
1.502237319946289062e-01
4.569354951381683350e-01
1.236395388841629028e-01
2.708884775638580322e-01
3.810654282569885254e-01
8.433592319488525391e-02
3.436936140060424805e-01
3.484984636306762695e-01
3.834784030914306641e-02
3.723783344030380249e-01
2.935190200805664062e-01
1.501719057559967041e-01
3.671383261680603027e-01
2.444577813148498535e-01
2.637665569782257080e-01
3.232789561152458191e-01
1.499212384223937988e-01
2.711526155471801758e-01
3.758211396634578705e-01
2.805286645889282227e-02
3.918201625347137451e-01
2.614656239748001099e-01
5.701231956481933594e-02
4.039095342159271240e-01
1.538338661193847656e-01
1.409653425216674805e-01
1.324081033468246460e+00
1.251711398363113403e-01
2.544476687908172607e-01
1.309088885784149170e+00
6.232763826847076416e-02
7.343128547072410583e-01
2.791299819946289062e-01
1.010426878929138184e-02
4.180382639169692993e-01
3.087100386619567871e-01
1.733492612838745117e-01
3.480261713266372681e-01
2.298540472984313965e-01
2.458759844303131104e-01
3.232689425349235535e-01
1.772050857543945312e-01
3.510534763336181641e-01
3.033091574907302856e-01
7.817280292510986328e-02
4.395031034946441650e-01
2.747730277478694916e-01
2.839642763137817383e-02
4.599359035491943359e-01
2.051902711391448975e-01
1.708360910415649414e-01
4.349052309989929199e-01
1.414830088615417480e-01
2.055978178977966309e-01
3.738831281661987305e-01
5.178886651992797852e-02
3.533454239368438721e-01
3.440350294113159180e-01
1.042500138282775879e-02
1.089023798704147339e+00
2.615586519241333008e-01
1.643976867198944092e-01
3.779681846499443054e-01
2.120181918144226074e-01
2.053332924842834473e-01
4.057852663099765778e-01
1.179564595222473145e-01
2.988075017929077148e-01
3.584371246397495270e-01
1.080303192138671875e-01
4.160051941871643066e-01
2.465447187423706055e-01
3.978818655014038086e-02
4.520655870437622070e-01
2.496002465486526489e-01
1.301969885826110840e-01
4.525399506092071533e-01
1.707429885864257812e-01
2.249788939952850342e-01
3.576753735542297363e-01
4.921793937683105469e-02
3.520122468471527100e-01
3.260297775268554688e-01
4.873451590538024902e-02
4.214511662721633911e-01
2.510613203048706055e-01
1.765949726104736328e-01
1.220320731401443481e+00
1.797748804092407227e-01
2.281251847743988037e-01
3.809497617185115814e-01
1.669363975524902344e-01
8.183158040046691895e-01
2.292037159204483032e-01
7.378476858139038086e-02
3.958507776260375977e-01
2.468450814485549927e-01
2.001798152923583984e-02
4.873768985271453857e-01
2.233261615037918091e-01
1.589221060276031494e-01
4.025199413299560547e-01
1.424640417098999023e-01
2.138181030750274658e-01
3.990969657897949219e-01
9.172309935092926025e-02
3.773959279060363770e-01
3.353902101516723633e-01
1.881551742553710938e-02
4.112899005413055420e-01
2.982088327407836914e-01
1.462435126304626465e-01
3.725164085626602173e-01
2.260071039199829102e-01
2.392476499080657959e-01
3.580317944288253784e-01
1.258287429809570312e-01
3.450715839862823486e-01
3.416665298864245415e-01
3.187745809555053711e-02
3.552823364734649658e-01
2.955392561852931976e-01
6.726390123367309570e-02
4.165805280208587646e-01
1.973607838153839111e-01
1.400879025459289551e-01
4.203954339027404785e-01
1.366710662841796875e-01
3.059365749359130859e-01
3.712260127067565918e-01
5.923186242580413818e-02
3.556438684463500977e-01
3.445785641670227051e-01
5.380868911743164062e-03
4.187667816877365112e-01
2.818487286567687988e-01
1.782449483871459961e-01
4.381757155060768127e-01
1.771203279495239258e-01
2.478098571300506592e-01
3.359405621886253357e-01
1.483516097068786621e-01
2.765734493732452393e-01
3.511966802179813385e-01
3.605729341506958008e-02
4.143073260784149170e-01
2.838885337114334106e-01
3.512870073318481445e-01
5.553866624832153320e-01
2.646162770688533783e-01
1.564297676086425781e-01
3.846735358238220215e-01
1.868730187416076660e-01
2.674549520015716553e-01
4.048601388931274414e-01
3.119421005249023438e-02
3.194522857666015625e-01
3.076981306076049805e-01
2.797365188598632812e-02
3.896101713180541992e-01
3.135697245597839355e-01
1.407347619533538818e-01
4.141718074679374695e-01
1.140613257884979248e+00
3.096906244754791260e-01
3.303076550364494324e-01
1.704794168472290039e-01
7.298150062561035156e-01
2.454695776104927063e-01
6.365233659744262695e-02
4.115324020385742188e-01
2.661850973963737488e-01
4.335796833038330078e-02
4.598210155963897705e-01
2.033528536558151245e-01
1.572757959365844727e-01
4.066417813301086426e-01
1.709811389446258545e-01
2.530035078525543213e-01
3.801109790802001953e-01
1.205380409955978394e-01
3.357768058776855469e-01
3.581245541572570801e-01
1.597222685813903809e-02
4.566945731639862061e-01
2.982270121574401855e-01
1.210543513298034668e-01
4.141452312469482422e-01
2.291146516799926758e-01
2.276360690593719482e-01
3.848218061029911041e-01
1.455183029174804688e-01
3.390797376632690430e-01
3.249971419572830200e-01
7.500439882278442383e-02
9.078191220760345459e-01
2.332231663167476654e-01
6.500881910324096680e-02
1.088837862014770508e+00
2.094922065734863281e-01
1.598686575889587402e-01
4.230322837829589844e-01
1.464281827211380005e-01
2.514954805374145508e-01
1.354041934013366699e+00
2.357351779937744141e-02
3.489497303962707520e-01
3.250386714935302734e-01
1.643359661102294922e-03
3.812380731105804443e-01
3.127159476280212402e-01
1.265254616737365723e-01
4.225169047713279724e-01
2.280263304710388184e-01
2.387977838516235352e-01
3.835143446922302246e-01
1.590240001678466797e-01
7.447878122329711914e-01
2.523805946111679077e-01
8.458644151687622070e-02
4.423565268516540527e-01
3.264444161904975772e-01
4.419082403182983398e-02
4.541171491146087646e-01
1.885888129472732544e-01
6.562682036310434341e-01
2.508273720741271973e-01
1.616122573614120483e-01
2.665715515613555908e-01
3.951068520545959473e-01
8.193421363830566406e-02
3.644772171974182129e-01
3.154292702674865723e-01
5.370616912841796875e-03
3.972195833921432495e-01
1.209200918674468994e+00
1.553505957126617432e-01
4.190862327814102173e-01
2.499909996986389160e-01
2.591400742530822754e-01
3.261014372110366821e-01
1.763018965721130371e-01
3.187181651592254639e-01
3.030590415000915527e-01
6.399995088577270508e-02
3.671266138553619385e-01
2.857694886624813080e-01
2.935719490051269531e-02
4.629632532596588135e-01
2.235047072172164917e-01
1.780155897140502930e-01
4.360089898109436035e-01
1.886115670204162598e-01
2.678499817848205566e-01
3.488199710845947266e-01
6.422170996665954590e-02
3.264472782611846924e-01
2.755445837974548340e-01
1.046746969223022461e-02
3.865124732255935669e-01
3.156375288963317871e-01
1.151186823844909668e-01
3.911555707454681396e-01
2.487975358963012695e-01
2.279226481914520264e-01
3.492865040898323059e-01
1.366282105445861816e-01
3.373894691467285156e-01
1.393605053424835205e+00
8.725523948669433594e-03
4.291464388370513916e-01
2.648483328521251678e-01
5.786389112472534180e-02
4.607275724411010742e-01
2.407538145780563354e-01
