# {'window': 149, 'contam': 0.9763433030674671, 'q': 0.0005600601839035707, 'thres': 1.675785922246114}
4.592513392027179620e-02
1.462898570888526484e+00
1.120228996882687289e+00
3.849549190768448703e-01
1.591932468117556843e+00
8.832579822198306507e-01
8.367331685309924438e-01
1.401594747395225049e+00
5.983355319610903500e-01
1.077021112350882603e+00
1.461146669558859301e+00
1.129798527875418290e-01
1.374197235660715943e+00
1.200977001447188997e+00
2.464202885047319380e-01
1.491206866264884967e+00
1.038799096745347539e+00
4.174006567507683729e-01
1.503461005995909261e+00
7.479433559515128449e-01
7.119671024695082284e-01
1.426066632494881636e+00
3.608372583596484717e-01
1.096620820126238183e+00
1.416750797412940521e+00
7.618739323372928501e-03
1.541721818192669069e+00
1.255013685006784119e+00
3.614549201566538139e-01
1.507157081483808447e+00
9.248679697511551501e-01
6.164407230879784816e-01
1.483671048361265177e+00
5.992213459491889660e-01
1.053123499784251793e+00
1.327611750001862490e+00
3.492068426906987932e-01
1.279748005458883231e+00
1.180614639164548896e+00
1.792281244570741450e-01
1.633421664339910873e+00
9.130241598011704651e-01
4.970399465740473754e-01
1.524123584241543039e+00
8.175225013559771492e-01
9.256794445856065812e-01
1.453474961038708990e+00
3.166437455915463994e-01
1.191421271942805227e+00
1.315187845651501375e+00
4.411902573291083540e-02
1.460244812518262325e+00
1.132589679300855856e+00
3.205002180178120885e-01
1.522170678465053273e+00
9.786029463365500947e-01
6.949731095049738183e-01
1.539650723096439133e+00
5.433798532981257701e-01
1.090433647009684481e+00
1.481459007446155995e+00
1.306422632144459139e-01
1.264388662294388954e+00
1.295177310116731428e+00
3.397642279213884953e-01
1.364323314810265364e+00
1.052923703791478705e+00
6.366337813033913218e-01
1.536347433230207171e+00
8.391774904525775014e-01
7.780717870492402932e-01
1.347566902260490584e+00
3.459199824766076015e-01
1.217527702475017515e+00
1.526460285312320364e+00
1.405973624418556944e-01
1.334249191406764012e+00
1.137687382400900171e+00
2.764500230188663976e-01
1.584109100185210117e+00
8.566890458294660338e-01
7.770412891072978612e-01
1.590752594314306601e+00
5.907744331007110938e-01
9.323381588185386537e-01
1.455997828963595309e+00
2.455183190686554551e-01
1.148063700937165255e+00
1.208287856997353860e+00
2.866075571961708146e-01
1.411458467803296202e+00
1.021616780050530471e+00
6.715177044918396732e-01
1.526171355227914361e+00
6.920501015849929161e-01
9.840987454409256818e-01
1.564068691647718445e+00
3.697022757908498547e-01
1.122331674487921926e+00
1.501122364701274581e+00
1.024870623526151839e-02
1.522944930311513012e+00
1.056736714878819372e+00
3.245194828198053605e-01
1.513266849139601078e+00
1.008990358390192688e+00
7.664309208449682220e-01
1.488221469389744200e+00
4.849568094548563080e-01
9.366215523590624148e-01
1.329819337982019345e+00
2.428135157776924180e-01
1.317046433647847126e+00
1.294886568010221728e+00
2.964766369470900886e-01
1.367012568335777889e+00
1.020348313662786888e+00
4.868053778232835360e-01
1.483735607014431412e+00
7.181702982203064245e-01
8.669045259904053502e-01
1.514349571562824792e+00
3.189054602002912020e-01
1.165257827296646731e+00
1.279713103290118559e+00
6.680376196755821727e-02
1.317780892202517817e+00
1.154512858279767240e+00
4.593828044486165663e-01
1.266591099936392739e+00
8.885842455491220759e-01
7.451462527094153687e-01
1.361760773697426208e+00
6.036995791961277114e-01
1.062003967150738637e+00
1.412601384324750464e+00
2.411796809280187526e-01
1.325403104177104385e+00
1.045379604308389832e+00
2.211600805499964184e-01
1.494469478310364030e+00
1.112643777935544476e+00
6.081372831744036311e-01
1.583294935191184472e+00
7.385470816669608141e-01
8.533344143730580145e-01
1.441214845115920129e+00
3.666769258628204686e-01
1.239286494866847610e+00
1.407934860682511502e+00
3.182429930046565963e-02
1.385886285790564276e+00
1.250439564721730346e+00
3.376479449338090633e-01
1.424498046764745451e+00
9.134343384266050414e-01
7.433353533631854582e-01
1.520518426802394352e+00
5.541963176057941309e-01
1.130493253692152145e+00
1.428150232934924047e+00
1.860190875742555594e-01
1.184666174233948377e+00
1.331035271999608582e+00
2.431933822725508287e-01
1.346619679747744769e+00
9.658534242858861640e-01
4.702580544316535827e-01
1.485742319043973803e+00
6.660232516297143190e-01
8.986489653438868297e-01
1.549185794210097278e+00
4.057364584056359913e-01
1.208624249825134944e+00
1.400818289652358439e+00
2.901993340926786388e-02
1.331128176900259641e+00
1.131559925841238323e+00
4.304111432660563397e-01
1.426327950563081259e+00
9.582614635554510540e-01
6.654969231914905636e-01
1.545118732809054540e+00
5.053148962707507685e-01
1.185950080583034083e+00
1.392860563503878879e+00
1.661241842159949522e-01
1.316606311814620067e+00
1.317824239313695855e+00
2.615980936688478975e-01
1.320381079912188005e+00
9.991735399336273415e-01
6.242825997154447526e-01
1.551225505060904064e+00
8.686806776720394918e-01
8.550965384416504556e-01
1.593045142110625978e+00
3.857471272421158504e-01
1.105374382868570038e+00
1.369449090503028987e+00
2.237320133472858741e-02
1.222557048506431210e+00
1.013137122029051040e+00
3.044326961095139006e-01
1.397988129715088901e+00
8.563626555757055669e-01
7.688334194280902478e-01
1.454997641288267474e+00
5.866256335059546467e-01
9.873299111856813637e-01
1.374223479543557502e+00
1.910316067756760439e-01
1.215874875607839245e+00
1.324868668082044509e+00
2.304020591892115832e-01
1.556924190551838505e+00
1.078795277915640449e+00
6.401696997365975417e-01
1.590484876513275747e+00
7.410420242978015271e-01
8.781790955900907747e-01
1.472943007757382405e+00
4.298487641834038975e-01
1.078664956788805807e+00
1.456130030009959331e+00
5.424099622420264569e-03
1.490555428984326136e+00
1.142294376142766854e+00
4.438665432449356851e-01
1.513219127857734048e+00
8.973533972139267068e-01
6.449119247162802271e-01
1.524370544558901308e+00
6.035192790388288486e-01
1.085032231073849163e+00
1.453575349302253628e+00
4.596878860144423817e-02
1.158119908267855047e+00
1.386416091100971748e+00
1.736530022877457724e-01
1.447790418226936104e+00
9.672584659520692130e-01
5.838721700832403272e-01
1.271692929918062598e+00
7.725545701740966775e-01
8.264363699329708712e-01
1.600064831310174629e+00
3.288056451499453137e-01
1.108619844242575869e+00
1.457658381417758608e+00
1.899133270741081292e-01
1.333544059918557734e+00
1.056774142315717535e+00
2.636126662535617782e-01
1.433368872975054220e+00
8.287299146233748637e-01
7.539976618956151233e-01
1.488909185073140184e+00
5.231361475947300388e-01
1.134633220475754323e+00
1.410252624959326573e+00
1.241333979733471871e-01
1.384423734148656715e+00
1.228800112857982407e+00
3.152294580274591640e-01
1.333914568460752292e+00
9.857505853744352731e-01
5.398517210381865716e-01
1.477535480532739864e+00
7.004843417270026906e-01
8.157735103618408701e-01
1.446150490456475035e+00
4.435953333180645553e-01
1.178271466989126770e+00
1.378391664105850900e+00
8.956620591611004489e-02
1.366952023291581941e+00
1.152366594517320708e+00
3.116259081063739167e-01
1.518207073997464907e+00
8.118265387289579360e-01
7.501203612806109922e-01
1.587002613785404304e+00
6.320656171309175786e-01
1.100871393330192127e+00
1.464918839593423616e+00
3.360068496806549176e-01
1.454749244861981428e+00
1.285359967315054197e+00
1.866625216860274827e-01
1.394787334020474834e+00
1.026282733768416389e+00
4.911297460419294381e-01
1.444601716800213653e+00
8.403577957569032808e-01
8.716828251768655722e-01
1.503084676359663474e+00
4.442631589258844715e-01
1.235938756366448565e+00
1.368106364599873892e+00
2.195933111262105830e-01
1.302619327863765886e+00
1.207313310997409017e+00
3.392101386646432792e-01
1.562076387577788772e+00
9.649420534941218763e-01
7.953705691964138014e-01
1.524776180300952078e+00
6.168092433677617725e-01
1.047620395135788751e+00
1.438824976606353223e+00
1.498481735811925120e-01
1.143683687254579917e+00
1.218955640789389117e+00
2.565783680861724592e-01
1.533125334604073853e+00
9.975021830585660831e-01
6.074531103750142602e-01
1.496738847398730199e+00
7.247554290940643185e-01
7.821681095896261260e-01
1.404872499889468163e+00
3.042923598888601089e-01
1.202218403888212661e+00
1.223060703264213789e+00
1.008980037292861280e-02
1.505258297816922219e+00
1.190652755120161110e+00
4.082583375443885609e-01
1.612091947060972474e+00
9.654656813756423706e-01
7.150484160865513417e-01
1.494810094727508476e+00
6.371865394499758306e-01
1.034356897281193177e+00
1.516605408898922480e+00
2.776683241927968560e-01
1.219641988925337373e+00
1.301683219577035810e+00
3.030261936471616568e-01
1.459531724500442884e+00
1.113652945097434399e+00
5.558529366926109327e-01
1.580918803591594868e+00
6.946961822209739568e-01
8.899122914924947336e-01
1.507513897655693214e+00
4.685683671969197994e-01
1.138608705136020083e+00
1.381656644143672175e+00
1.939817764816180179e-01
1.306563469762834551e+00
1.256183826895850286e+00
3.758756401864222774e-01
1.383735726205752359e+00
9.478583615731032141e-01
6.065141120161386956e-01
1.466082914651027247e+00
6.171623365440943587e-01
9.668410382994583330e-01
1.408909844029136327e+00
2.814956589048691823e-02
1.334493060576221746e+00
1.378340432617443323e+00
1.956246125678670067e-01
1.436277291389911781e+00
9.255982324926264049e-01
6.093850267315058522e-01
1.480558335570286044e+00
6.961451227050502455e-01
8.246819371783856711e-01
1.333342872079064545e+00
3.695259354828289156e-01
1.115364271573638266e+00
1.439455130765687541e+00
3.885355691811220868e-02
1.453889443975959983e+00
1.061348329933288426e+00
2.875730896479417042e-01
1.525940904060242520e+00
1.042596372399927640e+00
7.830014941842413645e-01
1.436956789842649851e+00
5.489776166355802012e-01
1.056189089703473138e+00
1.443506581980602332e+00
1.412378916363885850e-01
1.348197231371954796e+00
1.401366114494789539e+00
2.092717052179986492e-01
1.341609827546064615e+00
1.057922811087095294e+00
5.933933033267326795e-01
1.530178977577034916e+00
6.434620679581853908e-01
9.316929445978437974e-01
1.566762562301153405e+00
4.320003346693831459e-01
1.230404944711758652e+00
1.369665398388081545e+00
3.674545839803971398e-02
1.252944700089264396e+00
1.135058191155591922e+00
3.436218498940071808e-01
1.514698404527663689e+00
9.435424004233919915e-01
6.732518235196432999e-01
1.654961431435516328e+00
6.235140619449186516e-01
1.152637566768477173e+00
1.557934129749105390e+00
2.809500682445305042e-01
1.269615796367585370e+00
1.044787226600502050e+00
1.480530140606955980e-01
1.379235854003300732e+00
1.001136749438197748e+00
5.808043579007107216e-01
1.536932149916078627e+00
7.447569423826001511e-01
9.752451378479253252e-01
1.441795293009658030e+00
2.425832449848025762e-01
1.143736706960575500e+00
1.353127327910572442e+00
1.115885793480763527e-01
1.443370782439030275e+00
1.308899959513964095e+00
2.653410496361023885e-01
1.636957575499401241e+00
7.759973196798557460e-01
6.262265578804590005e-01
1.597002826505181217e+00
6.263624302723471704e-01
1.081901456309059650e+00
1.325475196716448201e+00
2.465103099480835946e-01
1.341155156073454258e+00
1.326704719559544499e+00
1.247307335641278520e-01
1.427824017408986235e+00
1.056701375652959296e+00
5.811020541006516327e-01
1.433877800786516277e+00
7.194008704084350336e-01
1.010327614660218920e+00
1.538651980073776571e+00
4.472499745831101103e-01
1.055161803951165655e+00
1.364064630801244071e+00
1.245308964297751481e-01
1.375562975124224652e+00
1.126468653226831318e+00
5.411679121177918050e-01
1.483335106660035985e+00
9.190882934496764634e-01
7.595335342334347262e-01
1.506538820559852443e+00
5.483494161279256485e-01
1.055573187634308852e+00
1.467193918907534034e+00
2.521664145973091520e-01
1.197081161192937948e+00
1.223751704780810856e+00
8.040521217415448618e-02
1.498231021893335235e+00
9.932537525069154993e-01
4.166318515449089488e-01
1.708176136745361839e+00
6.705357263146151103e-01
8.569794401709551757e-01
1.341523787031916104e+00
1.745069304802426280e-01
1.201263732187573874e+00
1.250515043414485827e+00
1.579139408060289407e-01
1.308436280677648389e+00
1.007870645245648955e+00
3.684601633137994381e-01
1.653879868677411435e+00
9.271821058903200186e-01
8.652995998432775338e-01
1.607846359170053363e+00
5.274449094485641476e-01
9.688664048265303030e-01
1.352669089312257045e+00
1.284182602666518735e-01
1.392717380449966624e+00
1.322078731051875344e+00
1.807689119378974585e-01
1.322750053124662761e+00
1.019415550470571974e+00
4.753238954670676031e-01
1.493404183031217913e+00
7.556042196742984718e-01
8.304503421659276130e-01
1.450005795369868400e+00
3.669224656972816523e-01
1.214525792840936980e+00
1.568276996296494863e+00
1.315172919761945225e-01
1.331748408869562139e+00
1.307575109599973251e+00
4.041693080995723553e-01
1.578344384783506138e+00
9.008558297660033132e-01
5.952258678106953083e-01
1.471727333538336069e+00
5.119819350145933257e-01
9.480279496578695175e-01
1.435356348172895480e+00
2.286193035034616294e-01
1.225020072244572100e+00
1.297561070195459187e+00
1.861334215527116753e-01
1.458669348304761026e+00
1.054465449892764806e+00
5.386708906787551765e-01
1.573176612907227545e+00
7.071667785508605197e-01
8.784259810935384216e-01
1.419503182236874883e+00
2.675823453115416806e-01
1.165061537683043102e+00
1.294697900673690061e+00
5.658115784191621034e-02
1.381201970428469039e+00
1.235873304228515268e+00
3.981843621246708986e-01
1.386005452350121736e+00
9.345776323421840504e-01
6.920615555806453045e-01
1.492365114611194477e+00
4.029918709175876468e-01
9.266906322493497772e-01
1.348083394520116718e+00
2.509211620453045688e-01
1.297503676855958910e+00
1.235639461924542992e+00
2.975562113653936192e-01
1.416677565854720156e+00
1.060476883239886536e+00
6.106442088784259647e-01
1.398008776378993900e+00
7.225290838710638486e-01
9.524501212306983877e-01
1.524692242189284785e+00
4.901879058724571414e-01
1.184127623532954310e+00
1.291759270153954198e+00
1.140149497515737381e-01
1.423368015097054018e+00
1.065409080121365815e+00
3.677714081336682650e-01
1.500631062476685207e+00
9.080470925470974786e-01
9.304592538411828873e-01
1.504344972866415997e+00
5.115722194806011647e-01
9.618121844397977682e-01
1.465605997937334815e+00
2.231416023387754188e-01
1.285269534023647076e+00
1.408753720048534719e+00
1.787696638423685591e-01
1.306898167906844321e+00
1.131864460319002452e+00
4.271002568404076993e-01
1.530656790348670526e+00
7.561282204903824189e-01
9.674505279618258458e-01
1.483957630774366265e+00
4.096832706917912792e-01
9.842572533532062407e-01
1.572636775952760857e+00
7.604862219993882913e-03
1.267581021752983261e+00
1.222230850819709058e+00
3.771591745785808913e-01
1.421766223452090250e+00
9.203455347253840513e-01
7.318094555488658948e-01
1.463592015063351681e+00
4.925605402744075989e-01
1.100382081014066760e+00
1.455948252916686281e+00
1.796454404153625395e-01
1.282479147802012331e+00
1.338279866075580582e+00
2.649402866330695105e-01
1.457205244772346475e+00
1.096689850332663863e+00
4.875366642649769933e-01
1.616132854804249730e+00
6.691757817912553641e-01
8.448243187982061864e-01
1.522048350081862456e+00
4.032230074786782303e-01
1.071224672139181155e+00
1.276080994329363838e+00
7.598118128251146741e-02
1.419724922365434905e+00
1.094485125767924449e+00
4.931367206805518100e-01
1.484441253792600168e+00
8.390550061422635819e-01
5.898375304165831556e-01
1.553991169919575421e+00
6.835618362642881252e-01
1.026615947606224655e+00
1.475708614194712442e+00
1.345892495971327540e-01
1.302846846335378617e+00
1.457400403049811111e+00
9.780227553244598415e-02
1.406478957035464550e+00
1.057473053161344101e+00
4.842553602383956046e-01
1.417421185336569467e+00
7.790800002270613644e-01
1.008193160561040136e+00
1.468358821226412259e+00
3.624179371373958958e-01
1.049313812026745119e+00
1.252404566030709043e+00
4.246160597271410320e-02
1.303887167054349927e+00
1.193293954317294681e+00
4.014498306086328738e-01
1.543146560160828074e+00
7.607937686033151570e-01
7.898181015761983614e-01
1.489325342511187200e+00
6.824043403450418266e-01
1.053052796773499500e+00
1.445321668000806969e+00
1.290398918821960283e-01
1.275119956235605923e+00
1.063056502859131225e+00
2.200577706921283960e-01
1.478641080251676065e+00
1.123632938473059673e+00
5.147804532239386166e-01
1.443158532895101764e+00
7.087343735302984449e-01
7.695492957417068292e-01
1.422366580801662117e+00
3.502293735775588446e-01
1.062603629984364195e+00
1.245866463420287840e+00
6.634469590528900562e-02
1.304040525519058802e+00
1.252492323444042821e+00
4.371357061963458412e-01
1.357207421209419396e+00
8.615824058327892221e-01
6.921348167154762754e-01
1.420628141183825299e+00
6.125806025882895023e-01
1.100617199258188794e+00
1.439832858232279467e+00
1.478327615013495244e-01
1.302106691236773583e+00
1.265751247755841247e+00
2.622382912360519125e-01
1.384218043806792586e+00
9.907548868490699823e-01
5.281256889318545200e-01
1.531259280847945048e+00
7.810550727573586371e-01
8.274696343565889345e-01
1.689388874981703204e+00
3.496136328787059488e-01
1.164467508422967201e+00
1.409331709613401262e+00
1.092509368790126195e-01
1.295715490103084955e+00
1.020648822451893478e+00
4.547918739873513250e-01
1.489913657135929048e+00
7.872148388068905822e-01
7.082808904604090960e-01
1.483553137756567608e+00
4.423409952649303700e-01
1.084305101627685008e+00
1.424701351847046826e+00
2.357151943242409842e-01
1.165422953699094766e+00
1.369285249308794583e+00
1.893933097317601066e-01
1.492294761006321968e+00
1.059143267198453087e+00
5.923378014764414390e-01
1.491374650118270306e+00
6.143728464636062370e-01
8.196088142981466929e-01
1.416294820476164062e+00
4.470908588935005867e-01
1.237907021966825338e+00
1.445156789744411530e+00
8.642629976416647819e-02
1.353402664252296939e+00
1.255841453367058325e+00
3.992683289079541620e-01
1.561437295452427376e+00
9.255265747261881559e-01
7.846932982374299481e-01
1.443422412520993348e+00
5.808677432180323619e-01
1.020446510666178197e+00
1.354746091699865485e+00
1.928265849803148801e-01
1.200257201839510568e+00
1.228957325324404604e+00
1.092656177814761015e-01
1.367990828538792281e+00
1.185005306951585791e+00
5.898214140235870095e-01
1.392716083473972244e+00
7.011831939424949534e-01
8.469085200964895366e-01
1.557628144536386872e+00
2.771177986519262060e-01
1.158913247503059907e+00
1.273477587052139981e+00
1.041908110919245040e-01
1.397928652895688906e+00
1.061706448626286381e+00
2.427946762386926360e-01
1.481573486559964348e+00
8.806609080740492868e-01
7.357834620990604257e-01
1.593323499793718678e+00
5.257848010195933508e-01
9.996294530095073405e-01
1.467084689741064096e+00
6.317059883934618425e-02
1.281559563567240323e+00
1.385293892320938580e+00
2.285628343453020295e-01
1.518274304558639987e+00
1.034632480572749813e+00
6.067402542970748991e-01
1.446467834202520120e+00
6.848539780351964312e-01
8.925866609866361934e-01
1.317320992302662086e+00
3.191312337357896656e-01
1.244824143748576750e+00
1.344957847689110197e+00
6.457681264142611788e-02
1.387377905597458438e+00
1.294767864034739535e+00
5.368302045024891944e-01
1.546997226463760366e+00
1.016697070012075210e+00
7.089223471686398881e-01
1.587257474659427015e+00
4.868586610683052207e-01
1.007860671886410708e+00
1.263571239646836597e+00
1.366924428195492036e-01
1.325657168145334852e+00
1.369034084361650860e+00
1.088736458054436473e-01
1.315361284728617131e+00
9.547796656195026710e-01
5.435696911296560296e-01
1.542140840315189498e+00
8.196659642627750486e-01
9.097440132451029005e-01
1.629980504502560379e+00
3.128032343938412785e-01
1.227135684363330315e+00
1.308105490901442014e+00
3.011208983165611017e-02
1.465927679593026722e+00
1.027576509705402596e+00
3.498562530594381825e-01
1.484542036623497152e+00
8.844179404369459929e-01
6.438945150500485770e-01
1.564405862689778326e+00
4.948371507338403807e-01
9.664353585585517825e-01
1.295968911275522384e+00
7.924295393555957912e-02
1.225654118832619544e+00
1.285911522722826827e+00
1.174219410040859279e-01
1.541276953546167894e+00
1.058764103323899919e+00
6.225402162507787107e-01
1.349725742552304597e+00
6.854060348453241414e-01
8.987902055197825035e-01
1.526120123015038743e+00
4.016573344655781641e-01
1.188663108052152584e+00
1.302323006565084373e+00
2.730027528032780149e-02
1.238920111280072511e+00
1.163751571415358566e+00
3.301437611627304758e-01
1.487253969723806746e+00
8.084531931356472301e-01
7.804946640772154609e-01
1.467368913068552327e+00
5.073588407910288867e-01
9.963176598538181494e-01
1.465882110167839869e+00
9.852815947277775432e-01
6.125273886475479657e-01
6.509491504190972888e-01
1.002365869578094815e+00
7.876819549286269151e-01
9.191501934833381515e-01
8.401885781207795167e-01
8.425705111154917493e-01
8.937360128162047390e-01
7.809915063122337964e-01
8.981298309428871196e-01
8.040056968070842247e-01
8.055289378198834394e-01
9.442939662407985324e-01
4.387797597318879306e-02
1.034819654091550634e+00
8.863647722841435650e-01
8.627638683853414703e-01
9.527371366631357530e-01
8.300428766417624615e-01
9.210340682972714133e-01
8.627720752384395730e-01
8.562735381371270327e-01
9.126250549921706146e-01
7.726886728177417840e-01
9.831694241462682893e-01
6.113250541296662011e-01
6.514551606034820752e-01
1.003359554746097837e+00
7.894048408488391066e-01
9.204229938479292494e-01
8.410394263290423833e-01
8.431676565275418866e-01
8.954647873461284435e-01
7.827968837886049025e-01
8.981220367577892327e-01
8.033612273171771845e-01
8.044057401271573760e-01
9.434222980118576185e-01
4.488741939614117327e-02
1.036199754318438693e+00
8.861445458694040545e-01
8.628820934400347475e-01
9.532980631478494837e-01
8.296397407965541149e-01
9.200863440550687278e-01
8.615189798439109037e-01
8.540574208856106520e-01
9.107992124471538942e-01
7.703522825477823188e-01
9.810750033236361745e-01
6.089519141927035584e-01
6.548249419663615400e-01
1.007323602806978080e+00
7.926003576502282932e-01
9.228379258312734423e-01
8.435222415977645660e-01
8.450341325217820554e-01
8.967920738473199593e-01
7.839816910496477664e-01
9.002972300569138664e-01
8.067223327241188624e-01
8.083414113919976662e-01
9.462416046701574990e-01
4.332375653432633117e-02
1.034926684628308946e+00
8.861751478760961920e-01
8.639728268153156199e-01
9.538735259376693865e-01
8.305343028576219755e-01
9.213205243716489079e-01
8.637747941773296079e-01
8.567046259905077843e-01
9.136168411058555039e-01
7.739562618630032587e-01
9.855849999704194841e-01
6.129581462585826923e-01
6.497276126440080235e-01
1.001380128119922386e+00
7.876074001296934357e-01
9.188006609872344521e-01
8.393268102790760743e-01
8.411496741509185693e-01
8.929653317389423250e-01
7.797910634894950066e-01
8.944320042997834230e-01
8.005014128467454748e-01
8.014713382231491989e-01
9.397873463815162864e-01
4.871050557378016344e-02
1.040294039264902493e+00
8.900241496696470467e-01
8.658894543655898390e-01
9.562546230211311782e-01
8.320273422172999034e-01
9.230064544776769297e-01
8.654298135512337176e-01
8.586390506480989782e-01
9.155127561131233271e-01
7.745019454283438298e-01
1.597273684544550931e-01
1.316963103298625093e+00
1.296783520513886012e+00
1.225803664881678079e-01
1.323135658628877387e+00
1.108235805570534804e+00
5.147098526469686686e-01
1.445218458417037111e+00
6.509989037887438101e-01
1.051841128489096056e+00
1.575594729688587936e+00
2.514276503895356285e-01
1.130207559352373936e+00
1.364281707288913514e+00
1.493929780344607494e-01
1.370760726546498498e+00
1.132162136325421953e+00
2.919494786966308486e-01
1.461688562556533455e+00
8.276898072487287594e-01
6.857806566016113603e-01
1.507155087221089262e+00
4.852494880693832280e-01
1.024863072044076562e+00
1.417305188175553399e+00
1.951693433199471750e-01
1.259011340378750621e+00
1.280643778529540810e+00
2.113050118631569219e-01
1.489654950631881025e+00
1.041254474871449620e+00
4.528278642569446011e-01
1.513506237529140819e+00
8.049678120127474745e-01
9.277376773441707858e-01
1.595471820628886039e+00
3.277315676530266897e-01
1.081646050600718612e+00
1.346208173530291319e+00
6.134822821083470851e-02
1.352314664295604763e+00
1.045098172505160461e+00
4.552824906566629859e-01
1.506384198989795253e+00
8.259459598359963906e-01
6.746817345731310755e-01
1.340544336830809646e+00
6.644196116781060368e-01
8.133575362589645641e-01
1.445023583672234713e+00
5.597024158600346494e-02
1.220147074276380916e+00
1.354179015591950197e+00
2.151723798205091853e-01
1.389174572844235955e+00
1.169839402189807531e+00
6.209029241394580234e-01
1.405095364518417655e+00
6.660339808860337163e-01
8.837946047906358737e-01
1.497892420450352979e+00
3.764097708061453496e-01
1.104511602229326650e+00
1.435575744157172373e+00
4.574965987086027780e-02
1.350646863440394085e+00
1.133466090336993526e+00
3.444996210262133429e-01
1.247335358638449909e+00
8.755329526454286304e-01
8.773155146579926233e-01
1.442524866843476250e+00
6.229053244861207927e-01
1.021741546474926432e+00
1.436487270938592964e+00
2.039095874756932658e-01
1.229461755803655354e+00
1.302367460321634418e+00
1.949332620720256593e-01
1.421541489104248157e+00
9.511200362390512808e-01
4.402906817408444584e-01
1.460654716839874911e+00
6.598495779385946669e-01
8.007398687039440910e-01
1.498996241298574894e+00
3.606532467693888688e-01
1.126225611182864572e+00
1.407004901902311644e+00
1.993820273393923093e-02
1.340297810679617951e+00
1.139443514615024799e+00
5.233644348487298537e-01
1.429765603106981864e+00
9.033841613467982201e-01
8.386899811538949256e-01
1.619212433716383570e+00
6.670720974282107196e-01
1.056804734088752973e+00
1.468805727240265258e+00
1.879873985354582056e-01
1.303103116795114813e+00
1.169304057858839396e+00
5.432141061901807344e-02
1.552332662873753044e+00
1.019550151316171993e+00
3.900793073145206180e-01
1.512843154000790502e+00
6.573909552427813496e-01
9.321372462624720745e-01
1.523836478366911384e+00
4.816934926952651241e-01
1.181546043950446823e+00
1.385477355589154191e+00
2.531626150521338464e-02
1.256467492757042281e+00
1.265069028628350800e+00
4.205039879717830109e-01
1.551664155754278296e+00
8.695133253399833784e-01
7.598223671333568241e-01
1.483370727319597293e+00
5.061711676444247132e-01
1.089789731560347086e+00
1.434476306891037778e+00
1.546345732855549104e-01
1.120691766906690701e+00
1.435859286345919861e+00
1.818582317717139518e-01
1.617472909205667886e+00
9.933535183939939950e-01
5.287272753645558820e-01
1.602984309168068444e+00
7.489613123603983125e-01
8.002611347491994653e-01
1.382319986918248977e+00
3.068000955555296172e-01
1.184862011061866172e+00
1.422064702599443065e+00
1.056784394291286622e-01
1.416772346781557834e+00
1.262290434107493864e+00
4.588501946245043261e-01
1.457875907697267603e+00
9.460781575870701454e-01
7.619160392392900771e-01
1.427357763586256212e+00
6.574020558330840869e-01
1.094469518476884451e+00
1.488694583625787216e+00
8.531506843571433352e-02
1.429288212078593467e+00
1.384815614090245006e+00
2.242298786199941607e-01
1.440609271133548974e+00
1.100339723554789373e+00
6.352241330655006291e-01
1.607918492821131862e+00
7.834980173737280396e-01
8.090245019913736568e-01
1.444280098026016868e+00
3.565874934911555938e-01
1.191233928077434001e+00
1.356053846809986307e+00
5.965373524994837390e-02
1.421116779938234487e+00
1.087996151287065505e+00
4.483593430100137889e-01
1.446182892051760094e+00
8.849481263674947584e-01
7.063804405051068436e-01
1.416272440488067552e+00
5.010540448737577091e-01
1.063881984047548412e+00
1.378282962446169657e+00
5.698683177403893879e-02
1.214628760582551426e+00
1.198461454848735341e+00
1.850165764647550837e-01
1.581657668555978224e+00
1.008895766092885227e+00
5.807107456987086191e-01
1.539254239728609974e+00
6.831676720823735005e-01
9.301878395291586221e-01
1.452497025146719745e+00
3.394831370278779126e-01
1.126354880718541507e+00
1.363829062268408165e+00
9.566549089630548008e-02
1.360760898642002781e+00
1.080101445810732974e+00
4.880638059226664605e-01
1.531500743550108679e+00
9.276015972100067897e-01
6.868050604317429420e-01
1.627353567937419587e+00
6.293192776732323690e-01
1.091936419561258420e+00
1.416202582618447892e+00
1.361774212451700439e-01
1.289013961796299013e+00
1.260393367985367830e+00
1.888088040788274413e-01
1.308165213909731062e+00
1.095522182741212935e+00
6.789381557715810089e-01
1.538337994902819528e+00
7.283079078585797950e-01
9.998694542013447650e-01
1.406369194876063045e+00
3.897644301138948331e-01
1.046876197318150847e+00
1.323788376408658429e+00
9.475645649566484530e-02
1.531263857139652629e+00
1.231551567405280601e+00
5.288239666164046282e-01
1.366900717907160834e+00
9.636369415234448121e-01
7.801331519695896555e-01
1.408392543510041950e+00
5.670254335254002465e-01
1.098747306680796232e+00
1.396099110378359764e+00
1.061511432455105736e-01
1.348892467489220204e+00
1.359131671887658710e+00
1.075945815687547324e-01
1.428312452311383707e+00
1.120392035246829732e+00
4.557795273750495091e-01
1.553185834571162882e+00
7.622200710650811617e-01
9.559400374217253971e-01
1.332479103825525923e+00
4.600261325298915516e-01
1.041836102383034701e+00
1.400151858841010233e+00
7.013681973225890931e-02
1.305737231086235628e+00
1.147509684039040856e+00
2.620178500932847099e-01
1.607913978466958271e+00
1.015202340867429776e+00
7.672992161089018381e-01
1.467061518593133718e+00
5.563231118946267983e-01
1.111057667755171119e+00
1.537599925866272921e+00
3.108350744591066861e-01
1.328678476215946480e+00
1.243015130735612539e+00
3.180888025156723975e-01
1.453458763372509788e+00
9.287530958295153738e-01
4.873829795566657075e-01
1.514019896159191303e+00
8.040650844411189047e-01
9.474032891610447704e-01
1.595879298463398266e+00
2.762120784329867851e-01
1.151650213064032702e+00
1.420266739634006958e+00
9.238763608192318566e-02
1.397491761376161046e+00
1.006002281798701548e+00
3.437838026667606184e-01
1.602172351711133480e+00
9.443942194278441837e-01
7.973925320613455270e-01
1.548477226021469644e+00
4.606533794723290942e-01
9.657646701446842563e-01
1.511150975412291153e+00
1.772572314744811639e-01
1.266765792970457660e+00
1.296012095837272726e+00
1.340198284546885443e-01
1.299935177077660375e+00
1.141395975331758850e+00
6.151409364031052984e-01
1.568124056330599814e+00
6.972765308303932041e-01
8.610564421755343423e-01
1.413270644275602672e+00
4.154740660751656267e-01
1.111640763475847615e+00
1.427156557987713459e+00
1.587303559612390086e-02
1.271785386394326922e+00
1.196715336770038718e+00
3.967998908043669504e-01
1.449904905282227485e+00
9.226609104740045586e-01
6.742605592058918962e-01
1.473877551682755804e+00
6.570209592279809829e-01
1.152333106055437817e+00
1.448058483272406383e+00
2.237062093267926099e-01
1.259320486505987713e+00
1.287541180846248245e+00
2.031882127021690243e-01
1.527922130522544553e+00
1.241129363718607381e+00
6.085397998671969733e-01
1.545590038069199812e+00
6.612710044952107014e-01
8.369027120662062558e-01
1.396299746753623783e+00
2.809557394613477754e-01
1.146374480082433367e+00
1.426039498878819201e+00
3.890064738912552694e-02
1.282115014224717298e+00
1.165984869045370242e+00
4.067328537773332031e-01
1.502649074793910966e+00
9.610378379386418368e-01
6.565594725472915227e-01
1.528009814542747646e+00
5.860935923749402976e-01
1.037689505753989216e+00
1.449068961425754587e+00
1.929359445758481451e-01
1.363513079808725159e+00
1.193096632442693039e+00
3.135043757789563457e-01
1.347500755144462881e+00
1.131870343271803137e+00
5.877176050852159772e-01
1.380611077155981858e+00
8.063045127787431543e-01
9.078965110026273599e-01
1.390850055358956228e+00
4.230180568388978157e-01
1.350142553936187539e+00
1.377893525497935201e+00
6.274541450578824398e-02
1.254095231174629399e+00
1.188237890771936867e+00
3.606525362350594399e-01
1.409928482492619706e+00
8.287029103035257194e-01
6.820176561724147213e-01
1.447858337692912389e+00
6.218742258893418251e-01
1.087309458767901749e+00
1.342618205412902110e+00
1.868067804222599548e-01
1.252716564541755506e+00
1.389897045250884311e+00
1.770408332670514173e-01
1.477573300493550068e+00
1.093533457683088628e+00
5.050286836973062465e-01
1.546136433285509426e+00
6.102386197202827045e-01
8.926217186065081854e-01
1.469200728977853032e+00
3.864354188021261738e-01
1.172454202814677382e+00
1.304257853327504657e+00
2.175593651724115618e-02
1.261103411756860471e+00
1.132325830281768697e+00
3.776210723638337430e-01
1.413876357018258867e+00
7.767668207045532736e-01
6.407032585094294408e-01
1.457919012344756959e+00
4.358528511487729795e-01
9.082567541492666541e-01
1.423409588199638254e+00
2.394481289796532852e-01
1.255516294501134222e+00
1.360676057651872384e+00
3.284310917445316252e-02
1.366472826947048302e+00
1.165250506488497484e+00
5.726492877216593502e-01
1.520289399109439055e+00
8.210184928761899981e-01
8.027590077269477487e-01
1.367217660675091873e+00
4.878820884812604119e-01
1.087321642419960543e+00
1.475930783682235292e+00
5.343495841643879779e-02
1.317766652613030498e+00
1.233208743430942222e+00
3.381983258510709578e-01
1.496083079898372636e+00
1.039977079987670194e+00
7.617409705862003833e-01
1.621768044638328465e+00
5.633895646682675062e-01
9.383895928199557090e-01
1.669274985612971385e+00
1.680676100934176409e-01
1.268740373583526315e+00
1.192402619233436711e+00
1.752235737757692202e-01
1.482805163391704983e+00
1.018980766293519524e+00
7.098772512669520030e-01
1.420439804627860791e+00
6.564640098796954426e-01
7.963851917364851429e-01
1.463329492701746171e+00
4.226957841045945741e-01
1.004239682100847908e+00
1.372236685018056956e+00
2.114579161615505812e-02
1.223365601113357348e+00
1.077671722781227581e+00
5.470681878061635084e-01
1.513546149716521683e+00
9.332270103542433803e-01
4.802378434314028000e-01
1.322700309747366854e+00
5.473515685299881195e-01
1.046030485530353493e+00
1.432634623097245319e+00
1.837385386388374342e-01
1.455796455549294377e+00
1.166138639881514782e+00
3.471938739649610417e-01
1.454802095854970112e+00
9.571735051408306605e-01
4.507108093563649831e-01
1.540306725494672069e+00
6.493672146138106394e-01
7.759851232417236400e-01
1.277785700591652640e+00
3.343276405152389441e-01
1.051986943860107493e+00
1.250450450845767447e+00
9.293068252591861478e-02
1.364150166262233732e+00
1.148176076711614257e+00
4.410187925492088379e-01
1.560513916999322070e+00
8.974610631564439167e-01
6.559703087594156434e-01
1.420631475132495991e+00
5.129732929314861911e-01
1.125299579135357053e+00
1.372180071825825243e+00
1.774670757656307274e-01
1.221588822623821846e+00
1.268919512051477350e+00
1.774380802911684762e-01
1.556635569519733808e+00
1.084100029344159388e+00
5.495959586755277959e-01
1.433912398638982566e+00
6.569142873697204621e-01
9.096802967843568011e-01
1.401788725317057560e+00
4.322797135931711887e-01
1.209499748820163090e+00
1.374904161198643227e+00
2.022574692298362287e-02
1.331280461226556078e+00
1.065912688771162964e+00
3.759411288536956830e-01
1.557320091483118452e+00
8.823547390932219292e-01
7.716963616040354301e-01
1.476343547468729867e+00
5.010958610076037267e-01
9.869395803915992360e-01
1.326449156660445494e+00
2.294364385918543914e-01
1.264781334368972221e+00
1.193687348450810370e+00
2.023375528361126829e-01
1.529041191437014557e+00
1.086263363316907649e+00
4.860059311810788207e-01
1.503305141795262312e+00
7.631148000365086670e-01
1.109756220803188809e+00
1.348724120964142292e+00
3.607499718868466543e-01
1.102080243756713873e+00
1.416990037399951996e+00
6.388867713014054206e-02
1.450932686247587755e+00
1.183547468956181126e+00
4.842372511384839817e-01
1.566249561763678022e+00
9.035306299597409829e-01
7.414545818739424199e-01
1.473476073082933491e+00
6.224397561646962673e-01
1.085700447392395240e+00
1.305402439125894709e+00
1.340758998328361040e-01
1.296717609089397261e+00
1.406333902844700390e+00
5.460177262165077927e-02
1.495304876018574758e+00
1.024272987740769914e+00
5.916609095716287570e-01
1.524801813669206085e+00
8.367128451187785254e-01
7.851054165638182702e-01
1.483611504508136170e+00
2.901055126280984720e-01
1.147069373442132889e+00
1.352468504175142305e+00
3.279275327359119224e-02
1.338542445398965164e+00
1.051288593901914092e+00
3.339102170017707039e-01
1.546062851889324907e+00
7.446194540257403682e-01
6.376186755735709921e-01
1.599388997918360644e+00
6.600889558084618303e-01
1.138595829325005582e+00
1.356804164912701838e+00
1.460640433415532624e-01
1.295078383194244953e+00
1.367989265537023602e+00
1.112906440161098298e-01
1.339821436133125099e+00
1.040735557417616475e+00
4.165522331804851208e-01
1.599265065072234426e+00
5.878433758635224216e-01
1.040948081120069757e+00
1.491795360607073739e+00
3.548690041480663249e-01
1.210825575773758267e+00
1.345764673958835589e+00
1.009319988635845045e-01
1.399367751548755034e+00
1.210395837248900541e+00
3.888118456311952520e-01
1.472907491036762551e+00
9.172730581279393558e-01
8.021432854312696703e-01
1.532342967851692661e+00
6.667039234066544084e-01
9.608550201829887394e-01
1.539134315640972916e+00
1.528549682183777403e-01
1.148956101901720039e+00
1.370463328738158237e+00
1.197258786551210208e-01
1.457096499131315115e+00
1.096552259149816910e+00
5.654385957538849983e-01
1.708441819931566963e+00
6.715893820952560933e-01
9.393693660479741636e-01
1.492045349944158605e+00
2.016707115236595071e-01
1.232411105867750045e+00
1.357486303885702128e+00
9.656090435548861720e-03
1.359111884993700725e+00
1.177704966876153225e+00
3.527187410836482018e-01
1.483453472033173792e+00
1.037508343793675847e+00
7.831422186492683624e-01
1.497023738467495146e+00
5.637617785993223052e-01
9.952975833094025448e-01
1.400300142463766884e+00
8.432483476124756627e-02
1.232093017742428298e+00
1.192491450075652937e+00
9.463014304422806555e-02
1.382691194162327442e+00
1.042555370883522237e+00
5.273733933922234440e-01
1.450140427264423382e+00
6.531318964600757448e-01
8.362954353258561513e-01
1.407025766542135070e+00
2.951314884250519910e-01
1.159225630823507824e+00
1.381026670646888777e+00
4.960197694289339085e-03
1.342196031901331299e+00
1.092705370770318707e+00
3.265578031867032993e-01
1.457986738973485741e+00
9.862737484752091000e-01
6.352853282257031609e-01
1.522211869609499058e+00
6.257249964213076332e-01
9.884773863242096725e-01
1.470648429919063194e+00
9.659129176814679196e-02
1.260028185869715989e+00
1.355491179337430241e+00
8.680683855722257092e-02
1.440350066413210506e+00
1.089968611011334687e+00
4.931190662081392784e-01
1.588414675014458100e+00
8.401986180828197037e-01
1.023036573516819647e+00
1.375183195832824889e+00
4.782216056764230228e-01
1.183263737105844093e+00
1.497779914903148102e+00
2.104054242193203680e-02
1.499957184100088492e+00
1.157951673177794127e+00
3.043891750193011281e-01
1.441939697324857939e+00
9.474909343623738600e-01
7.219271907620182782e-01
1.547623330586207269e+00
6.673418693053779771e-01
9.669913139075599906e-01
1.370089734582865759e+00
2.438789356021378862e-01
1.225864557227677620e+00
1.218735026648893216e+00
3.584446322049624767e-01
1.537224133553937389e+00
1.067924333651550262e+00
4.588828996172921171e-01
1.534116350272029861e+00
5.612907670929319082e-01
9.172294094884503313e-01
1.474273969040140519e+00
4.151047227952983087e-01
1.060055040937653681e+00
1.333799395710471236e+00
6.511846291845262147e-02
1.451512665830874793e+00
1.213293162015168569e+00
4.655934017442034945e-01
1.477788425353294910e+00
1.004864229004662102e+00
7.457356924079053817e-01
1.528608958963188380e+00
7.510197779031086984e-01
1.014586321786164369e+00
1.355584982848049069e+00
1.723313632301102238e-01
1.261002967919180096e+00
1.256291544645541380e+00
1.674663578822289944e-01
1.515404906942439567e+00
1.038312501057520487e+00
7.098931901941781808e-01
1.543372428210572744e+00
8.093079793071517036e-01
8.124633758778667669e-01
1.623090932130963226e+00
3.129160553810978462e-01
1.128343815028556962e+00
1.262822648304049444e+00
4.464011134571142791e-02
1.461476937831188039e+00
1.305651835716426401e+00
3.359301121736980589e-01
1.458026522816261883e+00
7.254339407452512489e-01
7.787044748604289301e-01
1.471621062446616168e+00
4.727890328391619601e-01
1.139809660867882712e+00
1.491165516461903984e+00
1.780232520311551825e-01
1.389917090332082772e+00
1.182316021624574276e+00
3.123583138203290810e-01
1.460747578030366034e+00
1.047459680635312029e+00
6.391728322196631451e-01
1.573168800630587505e+00
8.102147974343307801e-01
7.984892841012786180e-01
1.548568727017892499e+00
3.513493717684608164e-01
1.232820433905838842e+00
1.290174970282096600e+00
7.995247246257369128e-03
1.433650756409878602e+00
1.239590632772889389e+00
3.944036430763632195e-01
1.575397709722594852e+00
8.545509124872257001e-01
7.030285176099461131e-01
1.435703375364123291e+00
5.094975401980338381e-01
1.021340683243194158e+00
1.487846322248678854e+00
1.937708117533749330e-01
1.243192060908697272e+00
1.348398363830018321e+00
3.215376233322607691e-01
1.341714629554665583e+00
1.134728804325567220e+00
4.597459817905482082e-01
1.461244106713652124e+00
6.571014138814446071e-01
9.784429191563402961e-01
1.436796575300581136e+00
5.100630326977366735e-01
1.277425626499115285e+00
1.350195347810226432e+00
4.068467386315396950e-02
1.364798763079156263e+00
1.183797456012166904e+00
4.557718750902770566e-01
1.410492815940773914e+00
9.509215599786348116e-01
6.805737399477211902e-01
1.512345161998817300e+00
6.648679166631858983e-01
1.211251205299739508e+00
1.432445213893187352e+00
1.813227741682555960e-01
1.296589976799557453e+00
1.250807519551422553e+00
3.100382474441137903e-01
1.372778298734850910e+00
9.755418681451135665e-01
5.848404990234681300e-01
1.430264221759017573e+00
8.222874268609655646e-01
7.973459301404781652e-01
1.554625529434846998e+00
3.787435228138826826e-01
1.260551642627105284e+00
1.299545946651535333e+00
6.215885229696498093e-02
1.390391195406371683e+00
1.111960313667484268e+00
4.163277447935986864e-01
1.472603546909604155e+00
1.010588863689480865e+00
8.129329943965368788e-01
1.588848919138697191e+00
6.729986839844012136e-01
1.013115762897487837e+00
1.461187914017531675e+00
3.022875731370397445e-01
1.367936228590719061e+00
1.301677683310645595e+00
2.402492583650470692e-01
1.458292131163438921e+00
8.969453933828469561e-01
5.215973850071413676e-01
1.666683051184711939e+00
6.558270316223386853e-01
9.498918520721880698e-01
1.432327346443568628e+00
3.079139006637835463e-01
1.276513780962033495e+00
1.361284814082121430e+00
1.373482351980516158e-01
1.400993536616085500e+00
1.175238005867199842e+00
5.104340501047733847e-01
1.580123527846619691e+00
8.889590097342711106e-01
7.065953088652217051e-01
1.448693905654024228e+00
5.243959722489728303e-01
1.010718055960516670e+00
1.439426381414122380e+00
1.793908409166165008e-01
1.257757364747918771e+00
1.347385092117034944e+00
2.121607983832265176e-01
1.386141228256805524e+00
1.135975180574437360e+00
5.776589502301058277e-01
1.451392982293780332e+00
7.769801840831053186e-01
9.033880345672027357e-01
1.628211877251223516e+00
2.972235331784895407e-01
1.204632310459675226e+00
1.397251977812291823e+00
8.081499146627456331e-02
1.336409083566397760e+00
1.207067683620924203e+00
4.007188864528879457e-01
1.415111754146962664e+00
8.913143637245966033e-01
6.966583246328756918e-01
1.534497445295880613e+00
4.868221605110525929e-01
1.069736956435578534e+00
1.430112986933579355e+00
2.036469259068390547e-01
1.288199734921614104e+00
1.095198008692271463e+00
1.891280472733811446e-01
1.346955640223930439e+00
1.077264228491858766e+00
6.989472971862852324e-01
1.501479047136102807e+00
6.222401120212768255e-01
9.354071501223364393e-01
1.481039769994504374e+00
4.175837669264528262e-01
1.104891902560647399e+00
1.377624476944019349e+00
2.197140795113062400e-03
1.415086430999219713e+00
1.190635434187525155e+00
3.263012134596094960e-01
1.449505428596609136e+00
8.186276211938241509e-01
5.638487918786503350e-01
1.485073246764184285e+00
5.219846146163390488e-01
9.809899351520693367e-01
1.395386814370142003e+00
2.585620163530999993e-01
1.347845084251700909e+00
1.219662259477094057e+00
2.969149692488327053e-01
1.449805202987740627e+00
1.024814501441397629e+00
6.084806263230628787e-01
1.437320347831207767e+00
8.042986660512250197e-01
7.849483587250988270e-01
1.546037322820638993e+00
4.057588576486172993e-01
1.163902854539937470e+00
1.277241853362747426e+00
5.127983079861299365e-02
1.384605929359237653e+00
1.188245911009182532e+00
3.822580691851044654e-01
1.422269101550116321e+00
8.127666133660179648e-01
6.339860291987460261e-01
1.607594247982570224e+00
5.423531923453511761e-01
1.039910276359950592e+00
1.561510070319380716e+00
2.058178727261371910e-01
1.227316291613341326e+00
1.283266354685069555e+00
1.531349835761407763e-01
1.309467206910995385e+00
1.072341035065374149e+00
5.672533308249380068e-01
1.482078574846582342e+00
6.683113951295068800e-01
8.228562507357920497e-01
1.389816336061920232e+00
3.982244725937887919e-01
1.237842400112145302e+00
1.420191957938869765e+00
5.603521970058767537e-02
1.381162855182975324e+00
1.183312840496165697e+00
3.846622680836222496e-01
1.436616026645132660e+00
8.624271796157416681e-01
6.075806653942111835e-01
1.544041512853258524e+00
4.499492577079888256e-01
9.713908081825820551e-01
1.544922360302299902e+00
1.874409681498661606e-01
1.199702319060815814e+00
1.280639893404521112e+00
9.250518038589847572e-03
1.358491195858184675e+00
9.675476519113762608e-01
5.440439666238612304e-01
1.555169858294617180e+00
7.655055590476907978e-01
9.640235426128465068e-01
1.265625488783923114e+00
2.141277286054265316e-01
1.203151776715503551e+00
1.393331430369268320e+00
2.210600621888321113e-02
1.339493560516258785e+00
1.139221875764448999e+00
4.733454475369813785e-01
1.589303090828858123e+00
7.811807559718106919e-01
8.959174224366749373e-01
1.512387910415645020e+00
5.693085378498646820e-01
9.041205815621221609e-01
1.396244964164220503e+00
2.585540055326114861e-01
1.248702173375955127e+00
1.280923555991774876e+00
2.513830481288261698e-01
1.410009448208798366e+00
8.794980093875748306e-01
6.796233004860848803e-01
1.502193035724754377e+00
7.123866853225674367e-01
9.547458301091441557e-01
1.425052893769644946e+00
4.244581076598158975e-01
1.182917210888166482e+00
1.274509870998928207e+00
1.230940953336711191e-01
1.408973503736274724e+00
1.185943480751733281e+00
3.717774475441226745e-01
1.436617313802946994e+00
1.032281959226385659e+00
6.467606015014610854e-01
1.401416373064665377e+00
3.685882060674713911e-01
9.497146358203635286e-01
1.443587054017179128e+00
2.051581930820227384e-01
1.358162819833647506e+00
1.204164432504149618e+00
2.011455177152616791e-01
1.350483065996359811e+00
1.057520526701152042e+00
5.550955859279689264e-01
1.479068183196226460e+00
6.836442934239098657e-01
6.779561175975766796e-01
1.530765050588221543e+00
4.673075427144278149e-01
1.181248370282344196e+00
1.426357172902024351e+00
8.766894590248241678e-03
1.311900359795478810e+00
1.117250694945374878e+00
4.229248076922418886e-01
1.361656547912457382e+00
9.345238928000536571e-01
7.947021880595674936e-01
1.469967451277561787e+00
5.289595707596955743e-01
9.914353865556668755e-01
1.445379441355951755e+00
1.115920010997333289e-01
1.417807672976674871e+00
1.245589611257101215e+00
2.489162354811974842e-01
1.334359899388309900e+00
9.449138144396245220e-01
6.175791239653916076e-01
1.441731954036984842e+00
6.740564694656493439e-01
8.914432502829856553e-01
1.498390380147899270e+00
4.324802485657016082e-01
1.224890112909097439e+00
1.344452873035619778e+00
2.177596133666946654e-02
1.338290863545186227e+00
1.275196285121370288e+00
5.196225164836748567e-01
1.443764300480547380e+00
8.341951820737683043e-01
6.192774842595530904e-01
1.414500862138483139e+00
5.396196792290937072e-01
1.096871149396409395e+00
1.333946936865208599e+00
3.764799321576764446e-02
1.354937924802511517e+00
1.237451390611473689e+00
1.251169159340783099e-01
1.387625578621917155e+00
1.040798378783251321e+00
5.756385014320835047e-01
1.344284723162200823e+00
6.464675097104132240e-01
7.917962219490043418e-01
1.478392681251376795e+00
3.761899685687736805e-01
1.186419227833203749e+00
1.497809205111539255e+00
1.156718476941585722e-01
1.332581166909662551e+00
1.125370402391819624e+00
6.471736804750927163e-01
1.455824663714369471e+00
9.730269597710056173e-01
6.567667494137777728e-01
1.588245769821503561e+00
5.403035003538344538e-01
9.670941285160349343e-01
1.397849229693514550e+00
2.689149690312712115e-01
1.142693638229880682e+00
1.324597560940523389e+00
7.973793841465220966e-02
1.551242215577230299e+00
1.085247867671326860e+00
5.789027495728383821e-01
1.617762607469828362e+00
7.100270167047882941e-01
9.148312044428056344e-01
1.534621256578584392e+00
3.539352571112089896e-01
1.291226230783778517e+00
1.418217285692073171e+00
7.851376449683958314e-02
1.337627289400346697e+00
1.178186076357845113e+00
2.257073681206713534e-01
1.506859505584820846e+00
7.934671416207333960e-01
6.727597664089749463e-01
1.470305480342297688e+00
5.824975767137990923e-01
1.009425515948200403e+00
1.466026269074018895e+00
2.393586098272378615e-01
1.201158558153506695e+00
1.268873531905982732e+00
1.068182342624698355e-01
1.403921535264193832e+00
9.983589029828575656e-01
4.387651716909521382e-01
1.538857313149622597e+00
5.792154397891436934e-01
8.591566973795780049e-01
1.411044216192986145e+00
3.326408639311915216e-01
1.136785224325885357e+00
1.359840525178581006e+00
1.353272784104549153e-01
1.296541344848880284e+00
1.145777475927702405e+00
2.923578207524923922e-01
1.407192077039310041e+00
8.872897611915506744e-01
8.009071131912609554e-01
1.461866975934040802e+00
5.527986450546837904e-01
1.016833852213169909e+00
1.511354111861101579e+00
2.885339577639203790e-01
1.269870527486963496e+00
1.275830243117139995e+00
2.002514694845137777e-01
1.344641640696401241e+00
1.132432303421567976e+00
4.444851223606151036e-01
1.535616778851460529e+00
7.082571428686981196e-01
9.080246578716435479e-01
1.425837461211675539e+00
3.877728202958962145e-01
1.134860599499173173e+00
1.417472924003809753e+00
7.824423260843060834e-02
1.221126399675447338e+00
1.216358197629096694e+00
2.373406521943705882e-01
1.485670350926888039e+00
8.927873183906753773e-01
7.496742501025792649e-01
1.449327935263944100e+00
5.254100580422740308e-01
9.242229843349837326e-01
1.440784109477053931e+00
1.465205817149533019e-01
1.344110343024534693e+00
1.282807727785179486e+00
3.042589994222695271e-01
1.480003446397989864e+00
1.055274885310971911e+00
6.559385182985117968e-01
1.434930947197301299e+00
7.509880071246964883e-01
9.514951308682353392e-01
1.428387482933710650e+00
4.442707689085712008e-01
1.124474939714412258e+00
1.238890673894493144e+00
