# {'window': 11, 'contam': 0.9133221266181603, 'q': 2.3866344970027887e-05, 'thres': 1.7912534363707513}
9.102258516976279301e-01
9.445210687093308355e-02
1.278338739841124561e+00
1.292391638140996779e+00
7.597922931584036865e-01
4.301149579091405606e-01
1.333694067225449809e+00
1.428109980226706766e+00
6.553131389619262226e-01
4.524705556735660328e-01
1.407037917221637624e+00
1.367088103997225579e+00
4.553192358476221280e-01
5.793212792269648581e-01
1.314260778630763404e+00
1.228297166410062591e+00
5.925709848546166780e-01
8.448224325274232838e-01
1.387859461877692713e+00
1.291913367851522443e+00
1.687933236805313209e-01
9.113498393440498946e-01
1.436291869055749792e+00
1.300456114539381813e+00
4.868047351615039514e-02
8.449099327111417868e-01
1.424722142596388963e+00
1.019509818006296253e+00
2.628144165116329950e-02
1.151181748141079764e+00
1.480512877143037587e+00
9.998557485541909040e-01
8.739980782080201960e-02
1.103033669402698980e+00
1.513357256200807299e+00
9.640372783633143206e-01
3.037878308826248430e-01
1.233690105550174332e+00
1.484913447114402096e+00
7.438370171100264772e-01
2.582658030202665822e-01
1.315296419475894263e+00
1.472037671400492576e+00
6.464938436057616755e-01
6.779580820839897770e-01
1.398694260772905817e+00
1.308767718144858483e+00
3.562373787766916489e-01
7.185497245017482548e-01
1.381745937186827922e+00
1.377086843052746090e+00
3.224827914168517662e-01
7.993517548759770941e-01
1.512919181408977076e+00
1.127425685469804373e+00
2.502524714038802944e-01
8.531595516781179667e-01
1.452726397589891638e+00
1.027820103700720189e+00
9.872526422703176152e-02
1.066783349792790991e+00
1.419177256755540073e+00
9.402173452434967604e-01
1.041209195005023819e-01
1.159401876745362880e+00
1.440792286929304167e+00
8.075700682524885599e-01
1.523379005215287907e-01
1.062417877388242005e+00
1.469130171445812261e+00
8.648963736913694023e-01
3.786932461555243545e-01
1.352883651610010451e+00
1.387158663894455080e+00
7.151726829761813065e-01
4.389879902985706073e-01
1.402785730611271875e+00
1.257836705298595259e+00
5.028623111076987451e-01
6.440794551771340526e-01
1.444841464147119448e+00
1.158922097436436038e+00
4.410560140275811003e-01
6.013631233203239335e-01
1.440550057060150380e+00
1.300251164880812160e+00
3.303246968388921512e-01
8.703664928812413493e-01
1.438922192657553056e+00
1.058956993500377974e+00
1.068931468875725377e-01
9.166340418912916066e-01
1.514235569246107804e+00
1.143431493514671438e+00
1.540952589563979180e-02
1.036081751165270237e+00
1.463763963974693771e+00
9.390301105123233238e-01
1.872436148873576900e-01
1.210090994415351506e+00
1.461604734756303481e+00
8.307746503788144832e-01
4.122369413720868847e-01
1.317562042828520408e+00
1.477275961060072973e+00
6.933315135493772763e-01
3.952353334485727010e-01
1.401448494634670583e+00
1.510868218475057256e+00
5.703167137451846669e-01
5.163962856969959159e-01
1.294685475286869281e+00
1.350581680775137627e+00
3.164646985972994209e-01
6.819151449018354683e-01
1.454353072092052113e+00
1.306014683131613285e+00
3.079622733916255184e-01
8.195808222203962989e-01
1.497361633876596265e+00
1.263234279082422695e+00
1.176462946875271587e-01
1.000054627724202394e+00
1.519417216681424820e+00
1.145189374292555629e+00
5.496974002239392310e-02
1.080908637626871505e+00
1.505263009925360107e+00
9.611931054803122265e-01
2.854356654678880112e-02
1.170374197334462574e+00
1.487454412425738726e+00
1.021448043616731916e+00
3.183537348844510673e-01
1.323995763199438791e+00
1.529254414446905797e+00
7.293907904713282653e-01
4.734239951254006762e-01
1.281324341069682848e+00
1.529925706751538828e+00
7.696692025396439929e-01
5.537596862330951275e-01
1.347467641223735413e+00
1.284508640582623373e+00
5.517393198095953410e-01
6.586473287480019145e-01
1.559741970199102212e+00
1.365988800185404584e+00
3.524464018579713254e-01
7.730729370498214958e-01
1.356536650896153162e+00
1.399823096941395173e+00
4.616022380130616609e-01
7.910746772018809603e-01
1.393104455485179693e+00
1.209843054001535467e+00
1.758842656004263455e-02
1.026623551467894302e+00
1.392404535930456877e+00
1.103914446909047387e+00
9.108675872470647916e-03
1.061957129447212544e+00
1.447718598127104572e+00
1.038999733282911508e+00
2.165236040759710157e-01
1.111025204689545909e+00
1.453200109318100841e+00
9.031197365205234640e-01
3.598006141644312650e-01
1.511827346273125761e+00
1.487799946946813279e+00
7.557022033837327291e-01
4.006919691172666775e-01
1.356787558270593719e+00
1.401821582045751358e+00
5.493722839221762966e-01
7.418428499671935183e-01
1.383344711902036117e+00
1.331943818302060878e+00
4.403880701898084116e-01
6.984791323164285526e-01
1.515841196012377878e+00
1.218262630236900845e+00
2.933990439103406067e-01
7.871214527207668343e-01
1.431287637578066096e+00
1.194183822231565273e+00
2.201193007734883189e-01
8.856565672531221400e-01
1.390804969388050871e+00
1.089297423577380464e+00
6.217817380059432325e-03
1.182629169955124793e+00
1.476470888434038953e+00
9.831569068349074181e-01
2.565990682475218637e-02
1.145316726370731564e+00
1.473768229904237836e+00
7.581024551282105062e-01
2.023236651921908880e-01
1.366979776576728645e+00
1.416517027037287324e+00
7.574003572979776111e-01
4.094520930594436892e-01
1.358578432006290582e+00
1.413308043360592237e+00
7.162395531810057392e-01
6.422878034252675894e-01
1.296325800880763879e+00
1.422048896784287253e+00
4.951421468697726480e-01
5.659770785132445248e-01
1.437092426708985071e+00
1.388517466767729802e+00
3.511719122295269835e-01
8.473216873552829043e-01
1.634750976462170824e+00
1.208076145976542781e+00
2.222450718816375848e-01
8.676564564392563739e-01
1.538333589127103052e+00
1.238934316924073631e+00
1.675689192997774912e-01
1.064122054109400528e+00
1.468710795323312723e+00
1.099010780561138212e+00
3.597548909679838119e-02
1.186115272074949267e+00
1.532511977119934699e+00
7.715053893872894086e-01
2.452393931446258390e-01
1.256357047546286854e+00
1.490048125892303066e+00
7.213714302023999103e-01
2.259482209983971479e-01
1.409698625514447023e+00
1.530050470816346264e+00
7.725060077871078734e-01
2.652749724789497110e-01
1.416302421360081443e+00
1.260610882404474165e+00
5.150106757000311175e-01
6.532649195776015771e-01
1.383510363415399347e+00
1.350515881353997694e+00
4.695690642438099527e-01
7.311385641621407361e-01
1.353215370388490824e+00
1.285782183361023678e+00
3.117705522378318994e-01
7.477422471247124891e-01
1.471169867192233749e+00
9.936266375582857302e-01
2.032720182451411006e-01
9.553574368104362780e-01
1.432267929945112206e+00
9.676315929824578221e-01
1.992614665583675171e-02
1.097656424997086599e+00
1.494965019013421603e+00
1.124134310635732215e+00
8.482273614732964429e-02
1.172117094210390009e+00
1.564049259816849391e+00
8.635563407379304168e-01
1.255041712247307872e-01
1.151235323487416196e+00
1.455647217750448696e+00
6.779820012990797062e-01
3.505877784024212795e-01
1.218702868698712694e+00
1.464486477225796612e+00
5.872137876937549850e-01
7.210845308372247908e-01
1.418948354688594371e+00
1.372527457095900960e+00
5.742941200022194659e-01
6.050143245942838366e-01
1.416732502733932142e+00
1.277669921816732890e+00
2.933939978276546845e-01
8.581811807322086150e-01
1.505309422852267875e+00
1.214219369144416749e+00
2.328152662379165405e-01
8.690434545575758118e-01
1.448206121561679049e+00
1.194908626167917154e+00
9.740798606316147801e-02
9.374992250136805483e-01
1.509694523138939148e+00
1.064504922093986616e+00
9.825019657137101792e-02
1.022806478229617122e+00
1.370180804059719204e+00
8.883016891108902469e-01
8.407120324383961230e-03
1.350033224364011630e+00
1.698097399293801324e+00
7.427384528945737419e-01
3.560714961440161197e-01
1.294821876793361692e+00
1.450222039671660079e+00
7.205016069833363179e-01
3.897438222288558407e-01
1.217306454293894724e+00
1.378572227921710303e+00
5.465921391427787102e-01
6.562241497211266372e-01
1.374422291422592757e+00
1.438597098868289459e+00
4.471928815810261026e-01
8.879445203220853733e-01
1.480204656806711760e+00
1.179284647621336779e+00
2.727070590870747102e-01
9.454756402237758373e-01
1.579442112450278879e+00
1.082483801602180051e+00
1.596648452660800188e-01
9.507052525945703936e-01
1.483380286766306622e+00
9.700148064993289188e-01
1.743739611624275238e-02
9.787651846786729060e-01
1.475847592515292961e+00
1.026638450773678768e+00
1.595223582454211864e-01
1.264055917506419879e+00
1.377410309094661001e+00
8.631685561238153781e-01
2.245355979394571821e-01
1.304273180114937425e+00
1.445905026018598605e+00
7.401962131780664977e-01
3.834290929213610699e-01
1.324642461259229353e+00
1.455501861958544696e+00
5.373892226044064691e-01
5.416683639080748236e-01
1.441249683702167994e+00
1.352906372949840064e+00
4.870712332611046858e-01
7.005396292610539533e-01
1.329523997371675925e+00
1.378567475395366504e+00
3.761054615484248909e-01
9.707498692304157295e-01
1.308233518849927890e+00
1.377034877185469464e+00
1.848723419250046240e-01
8.532680073382422625e-01
1.428469932120749242e+00
1.011430228917417740e+00
2.862691576359153653e-02
9.773523231287487567e-01
1.512731517949194471e+00
9.034335649013377489e-01
1.142438985254143058e-01
1.202161250498795297e+00
1.560783117868661085e+00
9.276339029039405437e-01
4.097376126796483664e-01
1.143657580982327726e+00
1.355832572657222679e+00
8.776715758180086979e-01
3.408175154931478712e-01
1.292705163582538841e+00
1.515910000099699895e+00
6.780997838689891699e-01
4.132312349024507281e-01
1.438547064066007186e+00
1.417428543283001385e+00
5.369626706951061701e-01
6.085549931249164546e-01
1.460285845107271330e+00
1.336804882566730024e+00
5.532011369092668662e-01
6.833382052181108390e-01
1.385638697050458834e+00
1.130754577404218475e+00
3.139453454217437378e-01
8.473521738870178899e-01
1.373756579305827286e+00
1.161887401040157863e+00
1.218727445217800964e-01
1.084202077309286860e+00
1.532386076741731218e+00
1.070973251929911108e+00
1.060563476007698874e-01
8.547691261495112824e-01
1.567298407442540009e+00
9.766087439117980828e-01
1.980460636695768606e-01
1.056861050636179522e+00
1.687206278459554953e+00
9.765172089521582111e-01
3.668211141325611879e-01
1.398164819944093029e+00
1.535267819915059562e+00
7.473269961678280504e-01
3.349248663420905103e-01
1.273351700409479648e+00
1.455592285015167686e+00
6.027943331211066402e-01
6.025606763279155453e-01
1.390241997035076338e+00
1.401646686376647022e+00
4.785489497053155294e-01
6.615423014092407517e-01
1.444820577774333703e+00
1.220785577738481065e+00
2.805569544756736367e-01
8.199899542444911704e-01
1.482935866498093391e+00
1.221903960768872865e+00
3.011069711926864789e-01
9.713386200655123037e-01
1.461142637578115133e+00
1.107501613749438008e+00
1.290541957703176257e-01
9.268290225304348651e-01
1.520634512515358194e+00
1.009813926307902232e+00
1.840499601989873668e-01
1.167696433672149370e+00
1.560075343065286280e+00
8.508793763248305719e-01
1.662049132071297675e-01
1.192827348326925607e+00
1.415661087709046750e+00
7.635352676349334011e-01
4.250351150874714934e-01
1.110306894275546297e+00
1.332241574529801964e+00
8.307271434143291833e-01
4.862514007937746574e-01
1.284877625618009223e+00
1.406633636417421451e+00
5.515188682207923243e-01
7.259219072980661602e-01
1.539632291721377388e+00
1.229186113935413660e+00
4.581708636035602966e-01
7.097134094837798113e-01
1.585310120296269165e+00
1.247081454646153276e+00
2.846650312691506035e-01
8.747272242941560583e-01
1.653132992956226177e+00
1.200026619737122546e+00
8.710673269853262679e-02
8.167981428958775991e-01
1.391783501134332246e+00
1.057339599953268428e+00
1.385358143716487050e-02
1.051908964735116747e+00
1.468264543252370213e+00
1.021794067933050387e+00
2.989618905449765163e-01
1.260945479065413988e+00
1.571762894871831850e+00
9.801864160380930890e-01
3.626879045397928270e-01
1.340256282371989682e+00
1.511159790371536804e+00
7.114113898133318514e-01
3.156194650461129347e-01
1.393811900626252154e+00
1.540299174681104333e+00
5.764088978664112517e-01
5.294163308516516286e-01
1.435239782816156495e+00
1.301952475473428406e+00
4.660083198118739056e-01
5.653188396382619052e-01
1.592146486823701412e+00
1.347309526954463266e+00
2.771446158569660922e-01
7.889492916677157686e-01
1.422166507917104417e+00
1.177144597218485300e+00
1.243300957614228014e-01
9.064940621613256644e-01
1.469784467004508155e+00
1.216670061093069632e+00
3.725062408034435224e-02
1.044393510288601501e+00
1.564850858437555559e+00
9.065315338877897311e-01
1.483759319869574766e-01
9.442105719860974800e-01
1.413803139329931957e+00
9.694727977648857076e-01
1.553883993343170289e-01
1.255973635088110107e+00
1.533640270006809025e+00
6.904210663005441173e-01
4.127445106719033197e-01
1.412958351092977738e+00
1.501575161894762589e+00
6.975112159743953599e-01
6.204300407860908750e-01
1.344694539827331781e+00
1.351639715041996315e+00
7.220895020011501853e-01
6.316155456826515469e-01
1.426254956396973528e+00
1.408975061418620056e+00
3.782307887817340508e-01
7.825317724693261479e-01
1.580695364047953078e+00
1.233632502195479264e+00
3.749277801241426289e-01
1.047885960864411325e+00
1.560635088591227237e+00
1.207423719669634243e+00
1.698318583270044813e-01
1.131488988180784361e+00
1.462458999776721447e+00
1.224449310828693793e+00
1.089815791710348064e-01
1.181471729392616021e+00
1.460768165563042231e+00
1.005832685673341720e+00
6.896200805107453868e-02
1.241453753044863939e+00
1.535291531406663079e+00
9.341700118500519956e-01
1.427003266523330371e-01
1.391787131892318286e+00
1.345787288539609605e+00
7.243252259377735980e-01
5.297344114532694936e-01
1.400428700500256696e+00
1.404157014404990633e+00
6.731460562145497040e-01
6.891440202101866142e-01
1.341828423395136971e+00
1.368748351295646426e+00
3.952253486839537033e-01
6.836513112785165269e-01
1.277172115286228316e+00
1.325713937970641298e+00
3.802024266949710074e-01
9.668117884266252959e-01
1.397536041850329980e+00
1.240245175080363360e+00
1.814574836018650328e-01
9.174542638924388926e-01
1.457135774891553215e+00
1.121211232567195459e+00
4.927674845473613285e-02
1.161126783757891356e+00
1.635787305559006422e+00
1.036977235588191215e+00
2.085301043093227003e-01
1.054164368776869365e+00
1.499309973537138241e+00
9.161925430530679648e-01
2.609147287922058966e-01
1.092027135450417186e+00
1.559635119537727377e+00
8.041171028808412613e-01
3.297768057384625751e-01
1.304498509795522398e+00
1.488600732744106869e+00
6.454276697705388921e-01
5.554217613536533982e-01
1.387866952288143718e+00
1.282531617252326894e+00
5.258352289260481705e-01
5.638239667335677163e-01
1.410923130466965381e+00
1.356438808967312948e+00
4.343528666938950566e-01
7.827631389938194406e-01
1.377031431826163388e+00
1.206375576038220876e+00
9.573656463031124386e-02
6.973734040037352644e-01
1.513775124023612584e+00
1.211720564275037049e+00
1.392060592824836962e-01
6.947791558213612939e-01
1.466898814040360266e+00
1.043342691534077105e+00
1.201318192019047992e-01
1.136683481310905686e+00
1.540809515041813071e+00
1.062104339368965089e+00
7.665281820765823539e-02
1.405394250899581365e+00
1.612679342735767518e+00
7.945511096944429807e-01
2.596766636399016615e-01
1.148055014317582057e+00
1.514992310594828195e+00
8.092390516519508692e-01
3.599944883967206577e-01
1.459849083760210497e+00
1.529957468813147647e+00
6.210907133534447899e-01
4.644474280676783029e-01
1.361159029540167875e+00
1.301938265393951966e+00
5.953861280861341143e-01
7.607835366413921996e-01
1.434392471304807071e+00
1.358080868193643598e+00
4.451643018338114488e-01
8.468394606920802703e-01
1.450265934383849098e+00
1.300353712816378682e+00
3.169180366168966034e-01
7.414557821407778970e-01
1.561630604589366422e+00
1.125232326471241384e+00
5.660428947098679331e-02
1.066938728761067212e+00
1.440463598123610689e+00
1.065157840175021020e+00
4.864903226166134714e-02
1.029621158382881152e+00
1.460176038026420819e+00
9.372359306631196096e-01
2.179042354935240289e-01
1.361727764217742109e+00
1.388505430754269243e+00
7.379916646591491158e-01
3.363193111351690523e-01
1.345472464291928905e+00
1.336206121891608367e+00
6.133416416834206464e-01
5.072531126476209629e-01
1.272930024148585249e+00
1.479122697386481278e+00
4.394297073919615215e-01
7.477234978724462966e-01
1.455965207308627551e+00
1.379439874432687452e+00
3.993354806526425715e-01
7.336626513371061753e-01
1.548375417919162444e+00
1.175862614929018779e+00
3.150867295615716324e-01
9.427934943745801544e-01
1.367534721342560156e+00
1.114027804305254277e+00
1.585090422101465002e-02
1.023625395218515033e+00
1.421017652368441908e+00
1.143502820115848584e+00
1.188541621296833051e-01
1.029957233594008592e+00
1.420872877945395629e+00
8.223204264019278176e-01
2.268831595295876524e-01
1.329414967182720453e+00
1.487722683284282255e+00
9.293400012238102192e-01
2.119829471550771227e-01
1.082969108991429286e+00
1.518189604342069732e+00
7.342555505558751028e-01
5.674587276415704595e-01
1.388352985452513844e+00
1.282034087156677549e+00
4.609839753225470904e-01
5.311195724556565523e-01
1.409848762728069804e+00
1.269433641268779001e+00
5.124840711610411104e-01
7.684557373558942306e-01
1.616812887503493501e+00
1.305990013342504641e+00
2.094577336697029390e-01
7.481170758996226189e-01
1.380040067592623876e+00
1.250561912830928213e+00
2.053461356570815965e-01
9.995582840490742083e-01
1.457507063844132977e+00
1.064421135865597279e+00
7.528614279595635672e-02
1.143766756306043630e+00
1.598193183716578814e+00
1.121157043579683377e+00
1.303025120457241004e-01
1.198840234929199111e+00
1.449029387338643726e+00
8.492864744686335898e-01
1.630224933834028556e-01
1.158896126124982162e+00
1.609919471249865008e+00
6.945998317073266426e-01
4.469561386292968952e-01
1.174963986827592288e+00
1.422353681904803935e+00
7.746614954262673880e-01
5.093398268370910031e-01
1.428040169294799933e+00
1.362098815519127148e+00
5.093999136571134567e-01
5.270686630080428925e-01
1.382208051138527738e+00
1.164083440737808450e+00
4.002970015565045503e-01
6.568087582523325363e-01
1.543917989125322743e+00
1.285465354095165491e+00
2.309981161658171134e-01
8.412376481596278710e-01
1.319326278874824787e+00
1.227938953354571705e+00
1.257989682864071312e-01
1.106813637722054100e+00
1.614265939639711434e+00
1.004247282167117561e+00
1.031477726972974823e-01
1.185779364720073614e+00
1.467739466969439688e+00
9.174175569833009636e-01
1.164110478305615815e-01
1.270367417871648419e+00
1.476675660313300220e+00
8.217662493894163367e-01
1.943800601048947252e-01
1.176892712897641191e+00
1.512818313862653863e+00
6.680093548394453462e-01
2.665637210216809661e-01
1.172140790360485685e+00
1.313833897508603687e+00
6.307609411925479970e-01
4.810044660885471890e-01
1.341214349340103640e+00
1.350034323529592406e+00
4.359916546462107023e-01
8.130331478540877566e-01
1.351685835603142483e+00
1.339643999230596183e+00
2.807636954384516992e-01
7.740789539692617405e-01
1.388811638194838993e+00
1.296193319173013281e+00
2.111146925085296833e-01
9.710828376313774823e-01
1.431981788513251086e+00
1.044440503086833560e+00
6.810597302869522696e-02
9.957324334150087219e-01
1.377295687799908741e+00
1.000904261651169413e+00
1.445553891677147929e-01
1.138824542120343564e+00
1.427380309353119436e+00
7.912875055049800599e-01
2.741138554336052802e-01
1.084007894473173028e+00
1.489228224512924692e+00
8.083729571707950479e-01
2.829504118675778557e-01
1.441433753027833387e+00
1.422975324766257765e+00
5.182762862594797459e-01
5.673651074007149964e-01
1.418985676049274280e+00
1.395520872603176699e+00
6.167119922240157370e-01
6.920649347260727779e-01
1.330944349141552019e+00
1.331797040707858537e+00
4.658992647957038158e-01
7.510047347142888574e-01
1.482185288844978022e+00
1.299960179845102592e+00
2.620276472405921875e-01
8.925222537776015264e-01
1.543936157384166563e+00
1.183780444851782576e+00
3.182782275496182089e-02
1.010756209923004523e+00
1.507999837081720473e+00
1.123027298712207189e+00
4.565780098396767656e-02
1.046242703278034814e+00
1.505604986747455243e+00
8.540114790352358876e-01
2.001074663904368889e-02
1.116053804529950400e+00
1.444973642790600588e+00
7.991678620782168840e-01
2.791241292972286847e-01
1.269187421935022764e+00
1.472090770385557246e+00
6.874336754696351859e-01
3.868016884774292397e-01
1.259825557605124491e+00
1.360566307780384676e+00
7.206529358652056239e-01
5.780525699489227343e-01
1.338522883917095951e+00
1.339157263313971002e+00
6.200712202465326062e-01
7.424667556295464488e-01
1.410364571732389605e+00
1.199765436657571627e+00
3.378595218301471692e-01
8.223904891070795697e-01
1.514242704410101004e+00
1.185460357274727761e+00
2.674145673665865308e-01
1.035247568666243456e+00
1.442836240575700035e+00
1.161088734712097947e+00
6.874743205457589657e-02
1.024396678308768127e+00
1.525235132711087793e+00
9.882156024388532023e-01
9.903379626283626003e-02
9.931256317576880877e-01
1.624718937783496964e+00
8.533972907985232226e-01
2.661635412071585716e-01
1.309294358888313470e+00
1.505506193329056108e+00
7.602581961692066459e-01
3.887077397092581488e-01
1.359678850704869824e+00
1.425589994322499887e+00
5.829751050042737415e-01
5.491475933830302081e-01
1.289232452547997010e+00
1.375496794924136124e+00
5.149193406719489996e-01
6.273662055754845035e-01
1.537110812947076521e+00
1.242688537646148950e+00
3.728453509744618644e-01
7.440030318845084478e-01
1.380629952703508634e+00
1.160552704447957328e+00
2.369044780045853060e-01
9.003841834274889377e-01
1.469804833390281340e+00
1.136644527536891047e+00
7.223786361543321766e-02
9.800120964270989665e-01
1.514105850347083670e+00
1.057800291017271910e+00
1.405455779851528253e-01
1.083165276689061818e+00
1.505510723781690929e+00
9.407308686346043114e-01
2.880710436351360260e-01
1.098922959466196225e+00
1.538741419810362832e+00
7.368699113996782790e-01
3.329419280391222591e-01
1.185633725619708256e+00
1.363491707897480198e+00
6.845547530850686346e-01
4.225956282981047085e-01
1.396280861173768040e+00
1.312268955757109001e+00
7.149647551589779493e-01
6.876009591458048797e-01
1.469297029306168012e+00
1.199055935304272458e+00
3.755505603253200819e-01
7.837303672888993322e-01
1.585239490510283566e+00
1.378087876325959416e+00
4.074180565424198042e-01
5.178474875548835232e-01
1.404233581469695569e+00
1.192043448707047482e+00
3.714514692936191076e-01
8.796678346671039650e-01
1.430401469140498705e+00
1.052908926173065307e+00
9.382042284213955308e-02
1.054934358897823943e+00
1.368136810473388643e+00
1.048386443110293609e+00
7.293463819834421213e-02
1.207011275705895281e+00
1.611693112048593779e+00
9.192653471088779726e-01
3.670304265607645666e-01
1.252327564439049690e+00
1.367434193418289645e+00
7.916250514379385983e-01
4.474261882318588124e-01
1.281560903829023212e+00
1.468415322804577761e+00
6.004779385034522132e-01
5.071393770510643773e-01
1.271204489887846734e+00
1.354657550792702780e+00
3.931135289689894341e-01
6.475754641450536253e-01
1.505258777694136851e+00
1.402220609214415825e+00
3.212922017993466994e-01
7.325984420931032082e-01
1.413154255285554717e+00
1.375695761165432351e+00
3.114338964047659863e-01
9.118731443205991827e-01
1.619258768319874253e+00
1.010558884878933306e+00
4.981465012859703778e-03
1.099584502531488095e+00
1.511475879549108781e+00
1.174909526075017308e+00
1.067159114078037457e-02
1.091847164352710120e+00
1.360933298408797398e+00
8.649332211708843365e-01
2.255131030479834431e-01
1.130463572977317144e+00
1.548690165887555814e+00
9.224462954421410732e-01
4.038716755929992464e-01
1.474522538151095574e+00
1.449836110122239452e+00
6.142024729836875752e-01
4.530168659263302811e-01
1.323315708004849434e+00
1.454817061407095213e+00
5.670807373358320858e-01
5.240994052904542899e-01
1.391973531421319299e+00
1.332596351076217323e+00
4.774982627165617055e-01
6.942834131559956212e-01
1.576202312815105921e+00
1.101538522807612441e+00
3.332381059003582946e-01
8.670874324423226698e-01
1.526554239050025963e+00
1.143290372587160375e+00
2.842749303025670082e-01
1.080121871972349323e+00
1.405182207924320803e+00
1.050506340713028841e+00
3.858595470774464631e-02
9.804411238430583708e-01
1.632537724925064548e+00
1.055668403507387332e+00
2.282414563818192521e-01
1.061832464324491188e+00
1.427503709408350474e+00
7.912873871979704266e-01
1.969376211260377985e-01
1.317919115152132115e+00
1.425210816220255028e+00
8.015951661638071046e-01
4.912578360898958163e-01
1.309088590543449726e+00
1.455221942367362686e+00
5.615290321179274846e-01
7.010821858189225653e-01
1.356962486541257951e+00
1.297279056303660472e+00
5.168923231298856447e-01
7.273005386276711892e-01
1.362237768750520717e+00
1.190654404317611492e+00
4.490272835780143579e-01
7.959719219212860741e-01
1.329857909918523928e+00
1.230095049323426837e+00
1.585863217591019503e-01
7.418258519728249123e-01
1.466282771571949972e+00
1.196483702907225943e+00
1.072011819695287138e-01
1.036568793581734926e+00
1.563793225903708395e+00
9.400459189457982534e-01
1.881041519012687235e-01
1.153558091878501557e+00
1.530182960230366040e+00
9.886620305339904879e-01
2.949233455003931748e-01
1.359424857056870772e+00
1.540369697986476494e+00
8.924481966247599374e-01
3.950420079893205982e-01
1.428002371868385190e+00
1.466578816378917072e+00
5.990076909279803408e-01
5.857536908973547396e-01
1.238542851425338043e+00
1.412325275074405084e+00
5.955170462305814372e-01
6.604397394226456663e-01
1.565209387434921329e+00
1.329170912790274217e+00
4.854139878340591463e-01
7.672222513305170244e-01
1.437123577131699026e+00
1.347090448733905266e+00
2.909498617659317388e-01
8.574699569166337465e-01
1.402219437730339191e+00
1.269922236032038132e+00
2.299035768965847909e-02
9.088137792862548414e-01
1.675335253312234096e+00
1.090931122791437780e+00
6.648828109689350341e-03
1.109906282043232828e+00
1.544683690126614106e+00
1.004685970477570134e+00
1.308317839875579036e-01
1.276032035926030206e+00
1.386478605806511055e+00
9.235244603061172342e-01
3.410144938279588422e-01
1.264440779197532949e+00
1.552014574771106492e+00
8.757236578334238741e-01
5.755226595308795545e-01
1.374261490189481849e+00
1.364812593109506533e+00
4.863497089251542782e-01
4.939394366700076699e-01
1.371167613075733982e+00
1.388793127555228768e+00
4.466830866328141414e-01
6.941743984833763648e-01
1.285393261145936217e+00
1.221899524974426443e+00
3.714477272926708373e-01
7.411751310636275347e-01
1.434505724324484977e+00
1.285087866496355868e+00
8.558248036020080218e-02
1.017512006980797024e+00
1.541339256124135249e+00
1.134664571903457597e+00
6.675628569034736115e-02
9.655607489541417898e-01
1.390850679481555607e+00
1.169918845762891291e+00
1.021275871071557900e-02
1.110261855377176365e+00
1.426646282911063768e+00
1.009294445101298177e+00
1.161861095933907073e-01
1.330745444241541398e+00
1.388041765538942540e+00
9.757669150764286536e-01
3.479098687437386928e-01
1.263829124993114394e+00
1.367954572447904527e+00
7.171765380931747202e-01
6.809520978592631391e-01
1.274895711464326231e+00
1.407136814194643204e+00
6.026012388549387699e-01
5.001608305000210253e-01
1.308594605481336437e+00
1.193819093989372249e+00
4.957554825017084221e-01
7.015384201950748411e-01
1.504672500731948803e+00
1.164998253641108761e+00
2.151943682414382830e-01
8.175958253890736049e-01
1.510810865947703086e+00
1.109453016507644385e+00
1.185604234324599826e-01
9.067690810011975744e-01
1.490970423928689170e+00
1.129333420228832097e+00
1.976415875752174367e-03
1.104216749577566548e+00
1.533057971736730529e+00
9.610247473648863004e-01
2.680514787587522929e-01
1.212010411764541828e+00
1.546936509629771361e+00
9.130907737802843593e-01
2.181254375716116800e-01
1.256462615501419355e+00
1.439880641159391628e+00
7.726559821939540385e-01
4.576270694412019058e-01
1.338085372071690538e+00
1.388895729161223613e+00
6.221959442854911870e-01
5.142719469883529904e-01
1.291821809333584703e+00
1.422865842101090239e+00
5.172954923032312413e-01
6.097468177202218786e-01
1.445899048651289931e+00
1.325498820209587203e+00
5.444640537375435851e-01
7.433011024885962659e-01
1.436511530890850930e+00
1.302952157228417285e+00
1.731131861476501443e-01
1.043132921530963264e+00
1.448834477481058647e+00
1.206429007289400612e+00
7.466855533356982211e-02
8.805975189743024956e-01
1.498325358784453165e+00
1.003688981330832952e+00
7.820856033241749272e-02
1.138436180331336089e+00
1.575564651753546874e+00
9.465020947728071121e-01
3.845381253468757032e-01
1.207572211565625109e+00
1.435225640356737165e+00
8.619405534186310724e-01
4.370172818633471512e-01
1.218971410721991555e+00
1.359119571951752370e+00
5.738079138462749418e-01
5.020994303787772450e-01
1.570609766232077043e+00
1.510261445384158963e+00
4.770945852205226156e-01
5.959271873473571679e-01
1.414551042039031037e+00
1.220007154191450338e+00
5.242894880495979626e-01
9.225989063644136623e-01
1.369033086178535807e+00
1.233417935226518436e+00
3.536490963694092216e-01
8.434447804953552064e-01
1.431789274602663475e+00
1.245915841548395298e+00
8.968546771335223974e-03
1.099455227856224182e+00
1.607473593313802018e+00
1.135186501979933205e+00
2.766639911421113485e-02
1.073807869317609187e+00
1.546548316731808148e+00
8.567259400814279946e-01
2.734423724870231887e-01
1.213332996730179136e+00
1.596227041889838771e+00
8.361723888486247702e-01
2.696013915839376995e-01
1.307597479140897745e+00
1.497830441930648515e+00
7.386242923835845131e-01
5.380369337678716501e-01
1.487726487180774271e+00
1.461249315658761816e+00
6.455358130130908201e-01
4.843683179215019785e-01
1.430809595790064614e+00
1.521243645391293198e+00
6.259651768133263072e-01
6.995854304993779360e-01
1.438254074109757807e+00
1.360411455370877043e+00
3.401312305841993067e-01
8.514980943758304610e-01
1.493367813770110075e+00
1.139660593645322573e+00
1.370499362176661184e-01
8.644027262945004342e-01
1.442778431800071814e+00
1.018397148045801170e+00
8.543059209596440273e-02
9.884824568393653088e-01
1.526288751328421345e+00
1.075853634302746054e+00
1.963438744140270364e-01
1.099712355178317891e+00
1.507367309282096723e+00
1.046899988498035450e+00
2.122349838081340478e-01
1.184372817041703385e+00
1.547819980091242664e+00
7.881967156175738731e-01
2.685465146198480757e-01
1.223869313152662563e+00
1.448399770331044278e+00
5.153898757539412401e-01
4.613736076680464704e-01
1.466005080715415909e+00
1.294816504040616545e+00
5.703612693883387541e-01
7.336161891364059162e-01
1.548697413433508974e+00
1.256365591155021555e+00
4.738190408956984845e-01
7.947216861132389010e-01
1.432109307018133881e+00
1.458870690868447673e+00
1.834045443853509483e-01
9.385234092409452389e-01
1.425663056606443657e+00
1.115996100741193819e+00
1.670598333184104833e-01
1.015372602521590117e+00
1.467284678608316462e+00
9.237402900990606680e-01
6.793369541897145703e-02
1.098310032182107987e+00
1.563595098826617402e+00
9.404088816940764373e-01
1.572266393674008611e-01
1.240624719578291568e+00
1.689960675860129324e+00
1.032868251470338672e+00
1.802701530300104826e-01
1.333897335314761179e+00
1.455986855793573342e+00
6.460613920395236187e-01
5.576881471577583849e-01
1.390787002193229149e+00
1.357327665999890520e+00
3.690785055221282862e-01
7.150483032105453551e-01
1.312377216805983959e+00
1.311472700714572337e+00
4.980001980774837467e-01
7.757669404131808388e-01
1.452055106594148937e+00
1.241133155880936423e+00
2.369153386048823140e-01
7.670832839586660956e-01
1.423229207016757591e+00
1.231744007066742475e+00
9.698552573718184633e-02
9.117372655477347099e-01
1.459829339614543642e+00
1.118218070408675047e+00
1.645487142677339032e-02
9.857356862681124765e-01
1.499359290731905769e+00
9.994413878528383144e-01
9.380241428288454975e-02
1.073910685048471869e+00
1.416328804913309591e+00
9.918455140299892170e-01
1.856505878319424652e-01
1.238458822238861501e+00
1.461572249472345320e+00
9.030007957534251783e-01
5.389567957463832215e-01
1.411268457281367628e+00
1.382684559512881606e+00
8.139196360668730090e-01
5.036613055983549803e-01
1.465506438446387838e+00
1.354015342684752099e+00
5.115934801297441492e-01
6.018636891428045255e-01
1.443896157108595979e+00
1.254427230885571731e+00
3.361581263980888412e-01
7.754068704757698383e-01
1.449154400196024373e+00
1.172664969283657488e+00
2.905180178325256768e-01
8.919915872889088160e-01
1.412014260963328605e+00
1.165227423817970953e+00
2.407392762460245916e-01
9.193329315402772872e-01
1.577850544576245184e+00
9.911591206884472482e-01
6.979453935292471989e-03
1.158860976295700729e+00
1.520858794907468337e+00
9.334144573552710655e-01
7.465402209272711809e-02
1.240247515757373353e+00
1.462515614948119103e+00
9.555253905269763814e-01
3.946300273873722952e-01
1.319231542776046595e+00
1.483176461213130848e+00
7.746815462891364357e-01
2.930229821776009769e-01
1.295139365283731303e+00
1.364721405789938835e+00
5.273430853633328530e-01
5.804213637924326985e-01
1.431971646844834911e+00
1.229272537269158416e+00
3.737963234924102651e-01
7.606299927457862431e-01
1.468771678770228517e+00
1.305561971501343121e+00
2.077203089073969278e-01
8.805209072779722757e-01
1.428892166762379290e+00
1.345242066020357008e+00
1.648116726868201209e-01
9.163602524582722397e-01
1.528541215913929774e+00
1.104127499590928041e+00
8.832748005123496060e-02
1.024548809446708342e+00
1.592410745312854869e+00
1.016106046680588015e+00
1.842970912462926769e-01
1.151588492072004533e+00
1.429027096593647794e+00
9.404596954604718118e-01
1.940910653883111958e-01
1.181103812791777008e+00
1.465604835895886415e+00
7.898596135840804111e-01
3.841343082876606529e-01
1.339991156036894671e+00
1.225307346636566708e+00
8.002275933201000724e-01
5.748389319454069168e-01
1.409939471689620083e+00
1.312494142000362185e+00
6.118314100496703434e-01
6.281854745622715841e-01
1.308090466978824917e+00
1.286788124734550953e+00
4.790610265994066364e-01
6.800114781267695419e-01
1.506266434445897362e+00
1.237880164730522869e+00
2.700580588066726628e-01
7.539569048030665410e-01
1.560673802931398235e+00
1.126876835620044259e+00
2.099169093101468930e-01
1.001337113403475199e+00
1.584161653442746065e+00
9.809806311051926242e-01
1.387959250413407231e-01
1.155464620658692265e+00
1.403917838684946018e+00
1.100543191461013981e+00
2.649389244297122303e-01
1.267176842188747043e+00
1.523480443882567092e+00
9.075936280331630135e-01
4.695323718447125261e-01
1.294501863494325500e+00
1.426444485184732436e+00
7.042172743224889286e-01
3.229207969588921423e-01
1.478162959871826887e+00
1.253520362250999165e+00
5.365436882588177081e-01
5.918639234286554585e-01
1.338899375804504022e+00
1.420917710769823206e+00
3.197726745891745215e-01
7.441659023680657903e-01
1.275586824948766296e+00
1.330509398338359128e+00
1.804025663731366191e-01
8.141067961848337253e-01
1.513315679398111735e+00
1.105068012480174611e+00
1.643789146595635020e-01
8.430145628754952547e-01
1.392113527919465188e+00
1.043635822650293976e+00
1.172694348763883843e-01
1.171362350856710810e+00
1.468510694858204957e+00
1.036020624605132667e+00
3.662530010667627844e-02
1.189009498086954331e+00
1.363126312149044006e+00
8.595450490312972480e-01
2.072485853547634260e-01
1.241633738520751207e+00
1.503401296558639855e+00
6.686191421717568861e-01
3.139033274056565737e-01
1.316290169541397770e+00
1.562629496155759856e+00
6.715077511060074666e-01
6.340921300573071351e-01
1.367094175263904088e+00
1.402685704659156540e+00
5.623117585276583563e-01
6.590520794238878821e-01
1.405975693907887125e+00
1.305711971091413348e+00
2.777780700056178276e-01
7.820395811298315181e-01
1.486449538119582581e+00
1.319095699704631031e+00
3.015208207914175098e-01
9.226612082536835846e-01
1.346197176590437250e+00
1.088245793094626768e+00
1.008813189337980087e-01
7.917204054677664526e-01
1.573842235680290358e+00
1.070636260407779927e+00
9.481161964486339855e-05
1.156146588386020246e+00
1.517460425634074683e+00
9.206428097931931287e-01
5.058225182197809838e-02
1.374252802751436242e+00
1.508913670438173593e+00
9.240094656506858684e-01
3.414105800596498597e-01
1.367476904969326945e+00
1.485600073529615539e+00
7.606679780130378710e-01
5.664021208534396612e-01
1.291073504022059559e+00
1.357205881188610075e+00
6.669748042176572023e-01
6.284155008648082408e-01
1.488636514634736674e+00
1.245326183298731237e+00
3.603721005850001879e-01
6.939883543410588773e-01
1.589506056368820364e+00
1.226603199084361107e+00
3.127544953854615728e-01
7.743711717155913332e-01
1.334771283743242831e+00
1.240265441576659189e+00
2.388880970269216253e-01
9.296516083105410555e-01
1.495692011004926769e+00
1.118493855974264983e+00
6.682578343483377981e-02
1.058137079207778442e+00
1.686679032408318513e+00
8.881587495367919693e-01
2.156607913832424006e-01
1.121715899293942220e+00
1.462689202930671950e+00
7.816494058193023120e-01
2.576501995145888402e-01
1.313980819068161887e+00
1.422491755149074777e+00
7.652236442864325250e-01
2.855930134125503339e-01
1.326330820157018531e+00
1.446778618020436280e+00
6.739178817850217662e-01
3.667022185803338052e-01
1.354970055766723247e+00
1.298427723927054078e+00
4.988795726090832217e-01
7.280329053434873021e-01
1.519388032921682674e+00
1.247606519714391959e+00
3.071305358843081645e-01
9.388803324680802254e-01
1.321806334088857726e+00
1.290169812577697694e+00
3.563290752055187638e-01
8.208956393879025537e-01
1.393625720115737598e+00
1.129747007204356279e+00
3.072275395852643032e-02
1.038331797457449523e+00
1.527999218545041504e+00
1.110187149010873453e+00
1.277631389088554337e-01
1.133551062677347510e+00
1.602059887157866847e+00
1.006731873759686202e+00
2.187673844419443792e-01
1.091207142785930673e+00
1.531877881086452398e+00
6.732381961887845545e-01
3.534158388341490098e-01
1.165411253677996806e+00
1.283096723936310912e+00
6.875807853001608683e-01
3.252087744521849344e-01
1.331592833415987887e+00
1.380219692622471683e+00
7.443454744247726129e-01
4.729688382250372136e-01
1.344075253053106600e+00
1.336512707774371700e+00
4.812143778466326793e-01
6.020725315475685679e-01
1.434930025525332331e+00
1.287209610605218657e+00
4.923821397453090887e-01
7.821413888853396834e-01
1.485283130122366790e+00
1.016627743620644342e+00
2.653306537742271543e-01
1.029923048619564963e+00
1.454195520050014734e+00
1.176798318018311695e+00
9.119923725985265572e-02
1.078255099751228574e+00
1.441773605091513089e+00
9.763958277217786863e-01
1.205103877462241624e-01
1.167469736282614523e+00
1.474676304422662731e+00
8.683511769289075088e-01
1.583753306858397769e+00
1.459254238856692698e+00
5.201757963698894205e-01
2.532479973830044084e-01
1.192926665335851899e+00
1.500272086782679759e+00
1.499706330282733813e+00
9.992501519646531660e-01
1.326598587653972650e-01
8.365083855088510933e-01
1.387120042573512402e+00
1.570726878285410466e+00
1.274548818723810761e+00
6.757339046776653646e-01
3.090646542483115877e-01
1.067539971817027977e+00
1.472292593112280112e+00
1.353014163945770454e+00
8.911998298077938863e-01
1.027482074836828657e-01
8.621038746728179047e-01
1.589789615803727463e+00
1.761031787740663379e+00
1.252828555998829030e+00
5.499278110318963630e-01
4.582509476539755044e-01
1.224167086211420452e+00
1.517035486598754312e+00
1.416189614992190648e+00
9.396798698466615196e-01
6.171281728079513335e-02
8.948027348750033916e-01
1.510279714034179488e+00
1.693723913637878109e+00
1.148701990436941323e+00
3.893647528522903301e-01
5.755591596582212421e-01
1.259469403998030090e+00
1.708570728995656207e+00
1.536280703781838231e+00
7.962342472129581017e-01
7.093741210346496406e-02
8.437319580391798857e-01
1.545149137192696864e+00
1.604402010197770734e+00
1.082997062004831479e+00
2.925918220141558446e-01
7.657678240886769405e-01
1.244230063989751223e+00
1.729683811914538794e+00
1.500419670522098237e+00
7.423907172898270845e-01
2.048941850293267142e-01
1.114102918966853206e+00
1.752199772345294226e+00
1.580516616632673621e+00
9.188759377489900126e-01
2.970396285801851777e-01
6.456057555917220636e-01
1.377704419524306889e+00
1.689366582683100582e+00
1.294380286361275889e+00
7.822311044918197620e-01
3.035788229015232154e-01
1.153694799116804059e+00
1.642794554927489381e+00
1.602031741068299375e+00
9.318596077196112937e-01
1.821468593833015515e-01
8.052563167486895823e-01
1.481981697446842272e+00
1.659097221864751504e+00
1.186511617929851825e+00
5.907526264625881929e-01
4.649992925779104502e-01
1.214446591415033527e+00
1.731219771363361692e+00
1.404854752896795844e+00
1.005003999829429562e+00
1.234094289226891766e-01
7.857477242845547494e-01
1.340254761052228405e+00
1.675628033579743548e+00
1.042989151251065838e+00
3.393720118197623981e-01
4.827105819342125126e-01
1.176854493212663888e+00
1.525011201257053362e+00
1.570477898649895510e+00
9.515887839477719101e-01
3.418275808251867998e-02
9.390339778863857623e-01
1.548763666292169328e+00
1.663811155721416801e+00
1.310449542306009629e+00
3.141480633568295988e-01
3.887645348714537374e-01
1.288502858037731125e+00
1.688113147769180422e+00
1.297411327459852659e+00
9.535644546519078668e-01
3.447883013427886501e-01
1.378402436936961850e+00
1.575653846088872045e+00
9.587841909007015495e-01
3.583802958336758104e-01
1.273476965660683691e+00
1.540833761049771322e+00
6.128894743857399297e-01
5.624954242832149731e-01
1.212473205700353995e+00
1.331175932400817441e+00
5.120457163235385689e-01
7.141126082695512522e-01
1.463440276871722956e+00
1.270087966517606803e+00
1.535450776094476055e-01
8.521897475890385376e-01
1.479670733134753835e+00
1.108364614933820436e+00
1.700948959992152343e-01
9.994642549018409872e-01
1.546401709341886699e+00
9.994513180904502914e-01
9.814341518214883542e-02
1.156480150458292444e+00
1.385145003639943528e+00
8.767470990618143611e-01
1.492147748170656874e-01
1.211147220144480841e+00
1.500546548881076525e+00
7.960348362322352544e-01
2.146908021702891856e-01
1.159689293200935944e+00
1.456952994673214485e+00
7.033196509908552496e-01
3.947201839286303970e-01
1.226018666532803003e+00
1.466515814091306602e+00
6.261643139212792475e-01
4.635398937246444917e-01
1.432099997979422223e+00
1.401795651353102246e+00
4.481676620170448322e-01
5.353584535785090859e-01
1.385741154586725532e+00
1.235827234166456234e+00
4.019022623098140179e-01
8.912793407742940488e-01
1.503404296063827195e+00
1.239684031542952480e+00
2.110760216938248057e-01
8.961632150086062953e-01
1.485615078083722063e+00
1.270948698901701590e+00
1.029005623969985461e-01
1.159710018990065983e+00
1.617856489490782756e+00
9.460254173473792161e-01
1.713399854828885904e-01
1.176243157311068543e+00
1.427102935154291874e+00
9.367665079688428653e-01
2.884099361118021565e-01
1.234791826912272183e+00
1.412210801475662691e+00
8.555532123349381957e-01
3.237074603917135529e-01
1.317961599030951225e+00
1.470689883678289345e+00
8.188612528827924342e-01
3.774482645274518933e-01
1.369816301299031647e+00
1.494038731006119836e+00
5.772998391507010441e-01
6.872026413188480065e-01
1.373125693135937464e+00
1.310870274542610847e+00
3.818602505852179974e-01
6.741545015285731468e-01
1.492704563804481799e+00
1.249758410104037321e+00
3.196259658958858774e-01
8.717566723670890916e-01
1.582128312330204345e+00
1.109527478896567665e+00
1.533726387714290096e-01
9.050775134646743547e-01
1.366737738271951885e+00
1.095105410646427080e+00
1.165366286637096460e-01
1.169237255877987103e+00
1.494107496485368891e+00
1.021695858628178799e+00
1.017342177447951301e-01
1.235717972647787599e+00
1.458075494450154830e+00
7.739561762972733128e-01
2.831815337510723007e-01
1.270538872334201930e+00
1.558333351191086624e+00
7.408905107712222549e-01
3.191656463028603175e-01
1.245988844813752161e+00
1.432248552152123100e+00
6.189385424593606411e-01
5.226276480367469945e-01
1.453467652352372408e+00
1.287115592332954694e+00
4.708698181331592014e-01
6.205478069904866167e-01
1.472347263124089922e+00
1.228744000045959961e+00
2.739432478781579361e-01
8.040413376552744129e-01
1.411103183834269137e+00
1.214272487544360457e+00
2.631086686944350550e-01
8.745546658682837871e-01
1.448764441669180059e+00
1.014426221138559070e+00
1.902827069228678059e-01
1.031806416331359832e+00
1.517725963136124401e+00
1.072657453389549653e+00
2.881611305492823294e-02
1.156130107101445592e+00
1.472471910163020814e+00
1.020499432132805362e+00
3.801252914125775040e-01
1.224110929095563849e+00
1.515553335920940770e+00
6.634512881980422216e-01
3.477607062933092963e-01
1.125650423367904773e+00
1.520556545731970743e+00
6.586390482191977203e-01
3.654186178021070486e-01
1.312201958161813398e+00
1.349474117337480239e+00
6.687109432122420039e-01
6.799997452575232693e-01
1.472858891498341150e+00
1.254751689346185417e+00
4.729701591394706583e-01
6.773660370372562856e-01
1.442433035923679219e+00
1.231505588203028134e+00
2.281754645028276629e-01
7.742472710112298095e-01
1.472569680482197496e+00
1.237786948929024966e+00
1.464564607120139306e-01
1.002993175509408141e+00
1.607234498587660987e+00
1.157445350104623127e+00
9.473527398096197316e-02
1.204612618808647895e+00
1.551659390917564663e+00
9.960922785822936554e-01
3.782702943935910278e-02
1.252719651743566587e+00
1.483895891364830355e+00
7.024162786485285137e-01
2.169456059265292558e-01
1.161979229173410566e+00
1.584843656424825831e+00
7.046994034823931274e-01
4.511930532062030097e-01
1.179603349608404628e+00
1.407333479219324390e+00
6.034584635316325718e-01
5.762706946317628365e-01
1.304317712300298249e+00
1.417534540265617871e+00
4.558793376443553425e-01
8.042666365999404654e-01
1.446349624187699856e+00
1.289409308756269468e+00
3.309869235494382056e-01
7.393417566255059414e-01
1.434322517166919830e+00
1.259228296980473560e+00
2.789170310653076856e-01
8.898221287812365654e-01
1.429979370492275192e+00
1.075458190662894609e+00
1.223420661982261015e-01
1.015032272701948957e+00
1.453800619876805422e+00
9.019330739506599137e-01
1.682891027807657536e-01
1.114810350140709172e+00
1.383641009093689478e+00
9.655530940021350705e-01
1.924018642023278547e-01
1.406272745436678573e+00
1.369164751261974899e+00
7.116568726491693253e-01
3.743737086094257593e-01
1.226986370242462154e+00
1.405275703715785696e+00
6.224383186426563075e-01
6.644089457850745895e-01
1.401787449704548383e+00
1.407731753963832988e+00
4.469182744779491845e-01
7.386492537628072119e-01
1.350448000120086478e+00
1.150616767177690569e+00
4.080537469472858003e-01
8.687210514424164032e-01
1.479066357421228162e+00
1.214227982329866062e+00
2.142232790042157553e-01
8.605529498823889512e-01
1.448696220987902628e+00
1.295060258267759723e+00
2.013772740227953717e-01
9.820499174726818881e-01
1.623482900807131424e+00
1.152176973764747370e+00
3.414588792981643195e-02
1.332641286158730898e+00
1.704014428350151933e+00
7.579842098216694746e-01
4.881533018096426840e-02
1.112454479374597849e+00
1.447872704120910736e+00
8.560452013933000925e-01
2.596415262342847141e-01
1.305594032754065159e+00
1.506973497522430705e+00
6.533618283060603771e-01
4.095413571009604570e-01
1.354870700932535588e+00
1.409098966661289865e+00
4.936022718760199046e-01
4.644184585442153734e-01
1.395503198457846539e+00
1.514003590997284432e+00
4.432031033344693283e-01
7.941256581306279649e-01
1.500316599206688251e+00
1.230112854866105776e+00
2.203697415602058896e-01
7.475203544775304021e-01
1.360590057639924133e+00
1.148526807781798720e+00
5.136503669711828951e-02
8.025581883261172500e-01
1.262289752968572820e+00
1.177039821708706135e+00
2.562610508873458537e-01
1.052458012662538467e+00
1.411051907786692539e+00
8.889582676092115943e-01
8.211572377871456663e-02
1.154749914744842121e+00
1.387678927514397031e+00
1.074805548151980039e+00
3.573624554559064470e-01
1.234942094799838630e+00
1.555201945153916521e+00
8.751820987236080818e-01
4.328742249856925572e-01
1.198685606472974952e+00
1.310303472143988790e+00
5.753799485115352885e-01
4.351790556549102185e-01
1.356234163012942417e+00
1.553386762014373979e+00
4.446419705265885480e-01
6.121504226937296567e-01
1.389706861424674367e+00
1.268578012177881797e+00
3.876322883481462256e-01
7.471153422997820481e-01
1.627721470212378341e+00
1.201224262048842917e+00
3.097722322330420108e-01
8.768302892131142334e-01
1.524281650101696250e+00
1.170197863312891329e+00
7.760637291031807772e-02
1.065992066221866708e+00
1.474669905012288895e+00
1.080728375473346325e+00
1.343492774483047714e-01
9.907749113010804187e-01
1.624307301836309003e+00
1.033829224494384302e+00
2.130279421535292428e-01
1.261567856785122288e+00
1.484901957202613865e+00
8.247335222929158549e-01
2.624266661050982385e-01
1.359413970957286777e+00
1.499689661685676967e+00
7.119113093092068745e-01
6.780979625048157988e-01
1.418637006893602948e+00
1.404223626927639135e+00
4.974911545046482586e-01
5.572152054057610826e-01
1.305971737297378921e+00
1.340478197171238950e+00
4.545043793244600283e-01
7.085481109793067001e-01
1.394319830789322312e+00
1.138937842380796539e+00
3.574453184885106882e-01
6.491942576801134068e-01
1.385237173500614372e+00
1.187512326885709735e+00
2.209494968658982372e-01
9.027301110861674083e-01
1.434596469488471415e+00
1.100166947387686944e+00
7.909376410736748686e-02
1.023385454069220213e+00
1.506879356152206917e+00
1.082044638590484498e+00
1.563555622353914737e-02
1.048837309952318719e+00
1.451304745589106604e+00
9.624978264276753404e-01
3.641660448717489729e-01
1.282510434603157723e+00
1.403922467345583236e+00
8.925528207366442146e-01
4.186014532131408505e-01
1.292844784033077454e+00
1.385435391610009725e+00
7.425003049483437367e-01
4.353000821307794199e-01
1.413473537297727178e+00
1.465651424673101832e+00
5.598994000209170929e-01
6.289010754713926232e-01
1.496910342293694685e+00
1.300856129523948912e+00
4.351292226308896560e-01
7.479570295464196272e-01
1.414017608970137507e+00
1.213558942521211437e+00
2.626910752117423975e-01
8.964527765244076907e-01
1.499860209345881046e+00
1.181609614396048391e+00
4.968782462913843428e-02
1.064109841161569259e+00
1.435799975883006008e+00
9.309454657836125913e-01
2.061182444620877630e-01
1.169274056419272512e+00
1.558302031158277590e+00
1.086076713783035386e+00
3.185350184500045367e-01
1.311270148267408509e+00
1.357966577997453239e+00
7.346117285722379986e-01
2.416225061040867261e-01
1.344834830944717341e+00
1.611121759577696100e+00
5.828245973755264986e-01
5.972248986805843707e-01
1.384298787106551076e+00
1.406615719873853143e+00
6.410282699821691077e-01
4.878382531844125958e-01
1.368078647911589396e+00
1.250514593813830011e+00
4.037351408569737066e-01
8.036810782818740728e-01
1.440992748677451862e+00
1.370294641525587664e+00
3.779121283588366964e-01
8.039180143997884942e-01
1.400715028571422716e+00
1.223676870954275575e+00
1.778628864490673644e-01
9.123600317922474501e-01
1.564855280602344578e+00
9.926099011905163971e-01
