# {'window': 82, 'n_steps': 8, 'lags': 2, 'contam': 0.9959577931892343}
3.733557462692260742e-02
4.962891340255737305e-02
1.704141497611999512e-02
1.200026273727416992e-02
3.004986047744750977e-02
4.211872816085815430e-03
3.274035453796386719e-02
5.289918929338455200e-02
6.641745567321777344e-03
3.305119276046752930e-02
2.266460657119750977e-02
7.440328598022460938e-03
1.462826132774353027e-02
1.861220598220825195e-02
1.860499382019042969e-02
2.021846175193786621e-02
4.162043333053588867e-02
6.300187110900878906e-02
2.771708369255065918e-02
5.165654420852661133e-02
3.705936670303344727e-02
4.139654338359832764e-02
6.240797042846679688e-02
7.397355139255523682e-02
5.075448751449584961e-02
2.759039402008056641e-03
1.646506786346435547e-02
1.633244752883911133e-02
2.137786149978637695e-02
5.175873637199401855e-02
2.092200517654418945e-02
1.714983582496643066e-02
1.443025469779968262e-02
1.980960369110107422e-03
4.113241285085678101e-02
2.324312925338745117e-02
1.794725656509399414e-02
3.227317333221435547e-02
4.009610414505004883e-02
1.996472477912902832e-02
3.783276677131652832e-02
7.609367370605468750e-03
3.140607848763465881e-02
1.813495159149169922e-02
4.189783334732055664e-02
2.072171866893768311e-02
2.586048841476440430e-02
2.463433146476745605e-02
5.085110664367675781e-02
2.257901430130004883e-02
4.641538858413696289e-02
5.764710903167724609e-02
4.198378324508666992e-02
1.384855434298515320e-02
3.206592798233032227e-02
7.533973455429077148e-02
1.899226009845733643e-02
4.030805826187133789e-02
4.956319928169250488e-03
2.148509025573730469e-03
5.539500713348388672e-02
4.259644448757171631e-02
2.277356386184692383e-02
1.463711261749267578e-02
2.070549130439758301e-02
2.532368898391723633e-02
3.408193588256835938e-04
3.883203864097595215e-02
1.135390996932983398e-02
4.962691664695739746e-02
7.103103399276733398e-02
1.540601253509521484e-03
1.828431338071823120e-02
3.528356552124023438e-02
5.272597074508666992e-03
3.405803442001342773e-02
1.444756984710693359e-03
4.625087976455688477e-02
6.882488727569580078e-03
7.911741733551025391e-03
3.255553543567657471e-03
2.590721845626831055e-02
2.613306045532226562e-02
5.078685283660888672e-02
1.959139108657836914e-02
4.286380112171173096e-02
5.103415250778198242e-02
6.984591484069824219e-03
4.108158499002456665e-02
5.162531137466430664e-02
1.818126440048217773e-02
2.515104413032531738e-02
2.863466739654541016e-03
9.435668587684631348e-03
6.477385759353637695e-03
8.795320987701416016e-03
5.006294697523117065e-03
8.625090122222900391e-03
1.305264234542846680e-02
2.640227973461151123e-02
2.934092283248901367e-02
1.645442843437194824e-02
3.131586313247680664e-02
4.667246341705322266e-02
2.769503369927406311e-02
2.554291486740112305e-02
4.651552438735961914e-02
2.520820498466491699e-02
6.376940011978149414e-02
4.498180747032165527e-02
3.923222422599792480e-02
1.154524087905883789e-02
4.165488481521606445e-02
3.431707620620727539e-02
1.835048198699951172e-03
6.250359863042831421e-02
4.714465141296386719e-02
2.781641483306884766e-02
3.187039494514465332e-02
6.218385696411132812e-02
4.098004847764968872e-02
2.046006917953491211e-02
3.131806850433349609e-03
4.273486882448196411e-02
2.275747060775756836e-02
4.201948642730712891e-03
2.685326337814331055e-02
2.974140644073486328e-02
2.757896482944488525e-02
4.394745826721191406e-02
9.235262870788574219e-03
3.772079944610595703e-02
7.725054025650024414e-02
1.239955425262451172e-02
3.270541131496429443e-02
7.060217857360839844e-02
2.184849977493286133e-02
9.549438953399658203e-03
1.895272731781005859e-02
2.711481973528862000e-02
4.889726638793945312e-02
1.857221126556396484e-03
1.194566488265991211e-02
2.880096435546875000e-04
2.238121628761291504e-02
5.733311176300048828e-03
6.884014606475830078e-02
5.076816678047180176e-02
1.506274938583374023e-02
8.908867835998535156e-03
1.018407195806503296e-02
1.102043390274047852e-01
5.517411231994628906e-02
6.508770585060119629e-02
1.340448856353759766e-02
3.451380133628845215e-02
1.206915378570556641e-01
1.046807765960693359e-01
8.770085871219635010e-03
1.908195018768310547e-02
5.529308319091796875e-02
4.617491364479064941e-02
3.258436918258666992e-02
1.939755678176879883e-02
6.185221672058105469e-02
4.294192790985107422e-02
4.730736464262008667e-02
2.014166116714477539e-02
4.665654897689819336e-02
9.928801655769348145e-02
2.547365427017211914e-02
1.341310143470764160e-02
2.160921692848205566e-02
3.554379940032958984e-02
4.307542741298675537e-02
1.452076435089111328e-02
5.098998546600341797e-03
1.903746277093887329e-02
6.172478199005126953e-03
3.533741831779479980e-02
2.722796797752380371e-02
2.199298143386840820e-02
1.714730262756347656e-02
4.146653413772583008e-02
5.349040031433105469e-03
1.997077465057373047e-02
3.719240427017211914e-02
1.675951480865478516e-02
2.716094255447387695e-03
2.508103847503662109e-02
4.049739241600036621e-02
4.473149776458740234e-03
4.116600751876831055e-02
7.403973489999771118e-03
2.198946475982666016e-02
3.488743305206298828e-02
6.017729640007019043e-03
3.484570980072021484e-02
2.771139144897460938e-03
3.568178415298461914e-02
1.198067069053649902e-01
6.373327970504760742e-02
5.676740407943725586e-02
4.701775312423706055e-02
8.848164975643157959e-02
1.116112470626831055e-01
5.699592828750610352e-02
5.283999443054199219e-02
3.458017110824584961e-02
7.104530930519104004e-03
1.298576593399047852e-02
4.011547565460205078e-02
6.166189908981323242e-03
3.400194644927978516e-02
1.585954427719116211e-02
4.583999514579772949e-03
3.511345386505126953e-02
7.591098546981811523e-04
1.640570163726806641e-02
2.339446544647216797e-02
1.884634792804718018e-02
5.570739507675170898e-02
4.538285732269287109e-02
3.915324807167053223e-03
2.831530570983886719e-02
6.490588188171386719e-03
1.863273978233337402e-02
1.940584182739257812e-02
4.439882934093475342e-03
5.229020118713378906e-02
1.015412807464599609e-02
2.109383046627044678e-02
4.723012447357177734e-03
1.563239097595214844e-02
4.644840955734252930e-02
3.308618068695068359e-02
3.456720709800720215e-02
5.153429508209228516e-02
7.296639680862426758e-02
2.972838282585144043e-02
1.210786104202270508e-01
1.001578569412231445e-01
6.024217605590820312e-02
2.576065063476562500e-02
5.449714511632919312e-02
6.317305564880371094e-02
2.747350931167602539e-02
2.580536156892776489e-02
1.443040370941162109e-02
2.308976650238037109e-02
1.083001494407653809e-02
2.566868066787719727e-02
2.200503647327423096e-02
3.082311153411865234e-02
2.289599180221557617e-02
2.308739721775054932e-02
1.287341117858886719e-02
9.892463684082031250e-03
6.042346358299255371e-03
5.298089981079101562e-02
8.560934662818908691e-02
4.962703585624694824e-02
3.107535839080810547e-02
7.889038324356079102e-02
1.094448566436767578e-02
4.071468114852905273e-02
2.750977873802185059e-02
6.405711174011230469e-04
1.623818278312683105e-02
1.958310604095458984e-02
1.903092861175537109e-02
3.871529549360275269e-02
6.494319438934326172e-02
1.057315468788146973e-01
4.626394808292388916e-02
1.207709312438964844e-03
1.688185334205627441e-02
3.181523084640502930e-02
4.025292396545410156e-02
1.243628561496734619e-03
1.239985227584838867e-02
1.690602302551269531e-02
2.916700765490531921e-02
2.491158246994018555e-02
1.730361580848693848e-02
3.216579556465148926e-03
2.379822731018066406e-02
6.142207980155944824e-02
3.418987989425659180e-02
1.162719726562500000e-02
3.265575692057609558e-02
3.039360046386718750e-03
3.784286975860595703e-02
1.996017992496490479e-02
7.302165031433105469e-04
4.376471042633056641e-04
2.450597286224365234e-02
9.413552284240722656e-02
1.145323007367551327e-01
3.886103630065917969e-03
3.031581640243530273e-02
6.486543267965316772e-02
6.906574964523315430e-02
3.245553374290466309e-02
1.868352293968200684e-02
2.908313274383544922e-02
9.264983236789703369e-03
1.263618469238281250e-03
1.565778255462646484e-02
2.311763167381286621e-02
5.939519405364990234e-02
2.024856209754943848e-02
2.399748563766479492e-02
1.506310701370239258e-02
2.924320101737976074e-02
6.139636039733886719e-03
6.792068481445312500e-03
2.244560979306697845e-02
1.442581415176391602e-02
2.589780092239379883e-02
3.557008504867553711e-02
5.130726099014282227e-02
1.161408424377441406e-02
1.112133264541625977e-03
2.115541696548461914e-02
6.755860149860382080e-02
6.093293428421020508e-02
7.650911808013916016e-03
2.165184915065765381e-02
3.659129142761230469e-02
1.091183722019195557e-02
2.181026339530944824e-02
1.214629411697387695e-02
1.760824024677276611e-02
1.593130826950073242e-02
2.738106250762939453e-02
4.044455289840698242e-02
4.649978876113891602e-02
1.516193151473999023e-03
1.881009340286254883e-02
6.424111127853393555e-02
4.942991584539413452e-02
2.851015329360961914e-02
3.143334388732910156e-02
4.014906287193298340e-02
3.404170274734497070e-02
8.125096559524536133e-03
3.222891688346862793e-02
2.984952926635742188e-02
6.650749593973159790e-02
9.426832199096679688e-03
2.332967519760131836e-02
3.896903246641159058e-02
6.536304950714111328e-03
1.168820261955261230e-02
2.832427620887756348e-02
5.860710144042968750e-02
3.883850574493408203e-02
5.440866947174072266e-02
5.981105566024780273e-02
2.691340260207653046e-02
5.461961030960083008e-02
8.466815948486328125e-02
3.987240791320800781e-02
5.898660421371459961e-02
2.417224645614624023e-02
4.297852516174316406e-03
5.087912082672119141e-03
6.170265376567840576e-03
9.712994098663330078e-03
1.037442684173583984e-02
2.207642793655395508e-02
1.112037897109985352e-02
1.007559895515441895e-02
2.710431814193725586e-03
2.473372220993041992e-02
1.054476946592330933e-02
3.307139873504638672e-02
1.375448703765869141e-02
1.811117678880691528e-02
2.735084295272827148e-02
1.362362504005432129e-02
1.985356211662292480e-03
9.035170078277587891e-03
3.029492497444152832e-02
1.203364133834838867e-02
4.531878232955932617e-02
5.591462552547454834e-02
4.649156332015991211e-02
5.687829852104187012e-02
3.575684130191802979e-02
8.287501335144042969e-02
8.863428235054016113e-02
1.116104722023010254e-01
2.455407381057739258e-02
4.759472422301769257e-02
4.301321506500244141e-02
1.121007800102233887e-01
1.001085266470909119e-01
1.644021272659301758e-02
1.933565735816955566e-02
6.479331851005554199e-02
4.822188615798950195e-02
2.293779700994491577e-02
2.084934711456298828e-02
3.315556049346923828e-02
6.157822906970977783e-03
3.956407308578491211e-02
1.305580139160156250e-02
4.589378833770751953e-03
1.088494062423706055e-02
1.532794535160064697e-02
1.891601085662841797e-02
1.101160049438476562e-02
2.680132538080215454e-02
2.521568536758422852e-02
2.603656053543090820e-02
1.681652665138244629e-02
1.253366470336914062e-03
1.373498141765594482e-02
2.362954616546630859e-02
2.500981092453002930e-02
4.225464537739753723e-02
1.721638441085815430e-02
7.917642593383789062e-03
4.229605197906494141e-03
2.136915922164916992e-02
2.021491527557373047e-02
4.732498526573181152e-02
1.744723320007324219e-02
1.531904190778732300e-02
3.817522525787353516e-02
1.946479082107543945e-02
3.747981786727905273e-02
1.130574941635131836e-02
6.081479787826538086e-02
3.014087677001953125e-03
1.646226644515991211e-02
5.345267057418823242e-02
3.518259525299072266e-02
3.170216083526611328e-02
4.308127239346504211e-02
1.505303382873535156e-02
2.662214636802673340e-02
2.160519361495971680e-03
5.277782678604125977e-02
3.657858818769454956e-02
1.897436380386352539e-02
2.083837985992431641e-03
6.227603997103869915e-02
1.660358905792236328e-02
2.329200506210327148e-03
3.415326774120330811e-02
6.290733814239501953e-03
2.781023085117340088e-02
2.130180597305297852e-02
7.248997688293457031e-03
2.189663797616958618e-02
3.028804063796997070e-02
4.365158081054687500e-02
4.968988895416259766e-02
7.439845800399780273e-02
6.028996407985687256e-02
1.798668503761291504e-02
2.193099260330200195e-02
2.324789017438888550e-02
1.244324445724487305e-02
5.696600675582885742e-02
1.311106234788894653e-02
2.148258686065673828e-02
2.353966236114501953e-03
3.348734974861145020e-02
3.833019733428955078e-02
2.062967419624328613e-02
1.742637157440185547e-02
2.547490596771240234e-02
9.027168806642293930e-02
6.137990951538085938e-02
1.257243752479553223e-02
9.466454386711120605e-03
2.043354511260986328e-02
3.211778402328491211e-02
3.892064094543457031e-03
2.868831157684326172e-03
5.135278403759002686e-02
7.434201240539550781e-02
2.478760480880737305e-02
3.194491565227508545e-02
2.066898345947265625e-02
2.874687314033508301e-02
8.645474910736083984e-03
5.350285768508911133e-02
6.529763340950012207e-04
3.795927762985229492e-02
3.069353103637695312e-02
2.269784361124038696e-02
3.605008125305175781e-03
5.535647273063659668e-02
2.222773432731628418e-02
3.582805395126342773e-02
1.092559099197387695e-02
1.344084739685058594e-04
4.456180334091186523e-02
5.467489361763000488e-03
6.393927335739135742e-02
1.154693663120269775e-01
3.596767783164978027e-02
4.690861701965332031e-02
1.023335754871368408e-01
7.015520334243774414e-02
8.596062660217285156e-03
9.538784250617027283e-02
4.400718212127685547e-02
1.955872774124145508e-02
4.969424009323120117e-02
1.510429382324218750e-02
1.224954426288604736e-02
3.840327262878417969e-03
1.960521936416625977e-02
4.634000360965728760e-04
5.635005235671997070e-02
1.479905843734741211e-02
1.763677597045898438e-02
3.695487976074218750e-04
6.202933192253112793e-02
5.665421485900878906e-02
1.319360733032226562e-02
5.477262660861015320e-02
2.154636383056640625e-02
4.922831058502197266e-02
3.229563683271408081e-02
3.240233659744262695e-02
2.143782377243041992e-02
3.149509429931640625e-02
1.035392284393310547e-02
3.476750850677490234e-02
2.418041229248046875e-03
2.999860048294067383e-02
3.583148121833801270e-03
1.197755336761474609e-03
7.190167903900146484e-03
1.187494397163391113e-02
3.283232450485229492e-02
4.338403791189193726e-02
7.325488328933715820e-02
1.332541108131408691e-01
3.612769395112991333e-02
2.422511577606201172e-03
7.826462388038635254e-02
8.535839617252349854e-02
5.559217929840087891e-02
2.366915345191955566e-03
8.741199970245361328e-03
5.440872907638549805e-02
5.597081035375595093e-02
3.019475936889648438e-02
4.732531309127807617e-02
8.561447262763977051e-03
5.425196886062622070e-02
2.132220566272735596e-02
2.500745654106140137e-02
4.605573415756225586e-02
2.686397358775138855e-02
3.660869598388671875e-02
3.040808439254760742e-02
5.575038492679595947e-03
5.292725563049316406e-02
2.643054723739624023e-02
3.103944659233093262e-02
2.579307556152343750e-02
3.029313683509826660e-02
3.126758337020874023e-02
5.934619903564453125e-02
2.071480453014373779e-02
3.945314884185791016e-02
4.902344942092895508e-02
7.198095321655273438e-03
2.287042140960693359e-02
1.049079000949859619e-02
3.879195451736450195e-02
5.961561203002929688e-02
2.822835743427276611e-02
2.564394474029541016e-02
3.364735841751098633e-02
5.340012907981872559e-02
1.247376203536987305e-02
1.176799833774566650e-02
2.566784620285034180e-02
4.053318500518798828e-02
5.522701144218444824e-02
5.173009634017944336e-02
1.544469594955444336e-02
7.000021636486053467e-02
4.300314188003540039e-02
3.207889199256896973e-02
6.394714117050170898e-03
1.162946224212646484e-02
3.376160562038421631e-02
2.972078323364257812e-02
9.817004203796386719e-03
5.352519452571868896e-02
3.428906202316284180e-02
9.617507457733154297e-04
8.405089378356933594e-03
2.013158798217773438e-02
3.439657390117645264e-03
3.782862424850463867e-02
4.097312688827514648e-02
6.199206411838531494e-02
2.176040410995483398e-02
7.762908935546875000e-03
2.350427210330963135e-02
3.389579057693481445e-02
9.897969663143157959e-03
4.452550411224365234e-02
6.921672821044921875e-02
4.335345700383186340e-02
2.438426017761230469e-04
3.669261932373046875e-02
5.893376469612121582e-02
2.130788564682006836e-02
2.763597667217254639e-02
2.277672290802001953e-03
2.039051055908203125e-02
2.195546403527259827e-02
6.786584854125976562e-04
1.628154516220092773e-02
8.972263336181640625e-02
4.805564880371093750e-03
4.581004381179809570e-03
3.016349673271179199e-02
5.410307645797729492e-02
1.121315360069274902e-02
1.203817129135131836e-02
1.515370607376098633e-02
6.667129695415496826e-03
4.731255769729614258e-02
3.274977207183837891e-04
3.346779942512512207e-02
3.707754611968994141e-02
4.163436591625213623e-02
4.414159059524536133e-02
3.817301988601684570e-02
3.751549497246742249e-02
2.193379402160644531e-02
7.322102785110473633e-02
2.580761909484863281e-03
1.194530725479125977e-02
8.576144278049468994e-02
1.349923014640808105e-02
1.852285861968994141e-02
6.559703126549720764e-02
1.038199663162231445e-01
6.024342775344848633e-02
8.084312081336975098e-03
5.257445573806762695e-02
2.412402629852294922e-02
1.449286937713623047e-03
4.494875669479370117e-02
6.545685976743698120e-02
7.994931936264038086e-02
5.451279878616333008e-02
2.226801216602325439e-02
9.986197948455810547e-02
8.831411600112915039e-02
1.278719305992126465e-01
6.981748342514038086e-02
5.846691876649856567e-02
1.063289642333984375e-01
8.263361454010009766e-02
5.535086989402770996e-02
2.448427677154541016e-02
3.615376353263854980e-02
4.624962806701660156e-03
6.678223609924316406e-02
4.521033167839050293e-02
2.833425998687744141e-03
2.928882837295532227e-02
1.337526738643646240e-02
6.212455034255981445e-02
2.291825413703918457e-02
6.343823671340942383e-02
1.775574684143066406e-02
1.543253660202026367e-03
2.033251523971557617e-02
7.321333885192871094e-02
8.146604429930448532e-02
4.473936557769775391e-02
1.145488023757934570e-02
1.149728894233703613e-03
2.852553129196166992e-02
1.873958110809326172e-02
2.674740552902221680e-02
2.506577968597412109e-02
4.427601955831050873e-02
1.755625009536743164e-02
6.085968017578125000e-02
1.017812639474868774e-01
1.349556446075439453e-02
8.696097135543823242e-02
7.245120406150817871e-02
3.650009632110595703e-02
1.427566260099411011e-02
5.805170536041259766e-02
5.084162950515747070e-02
3.821291029453277588e-03
2.950078248977661133e-02
3.148254752159118652e-02
2.885758876800537109e-02
3.759938478469848633e-02
6.150700151920318604e-02
1.548248529434204102e-02
5.928403139114379883e-02
6.462610512971878052e-02
1.398378610610961914e-02
3.762423992156982422e-02
5.332425236701965332e-03
2.177590131759643555e-02
5.556479096412658691e-03
1.630941033363342285e-02
2.071148157119750977e-02
1.481674239039421082e-02
2.496212720870971680e-02
3.678834438323974609e-02
2.868710458278656006e-02
3.989297151565551758e-02
4.560270905494689941e-02
5.589869618415832520e-02
3.102576732635498047e-02
6.868844479322433472e-02
6.844162940979003906e-03
2.421504259109497070e-02
2.640597522258758545e-02
2.680921554565429688e-02
4.128846526145935059e-02
1.885902881622314453e-02
1.291328668594360352e-02
1.310513913631439209e-02
2.689468860626220703e-02
3.326696157455444336e-02
9.658180177211761475e-03
2.790433168411254883e-02
4.658371210098266602e-03
5.399823188781738281e-03
7.972896099090576172e-03
6.688915193080902100e-02
1.809453964233398438e-02
2.689778804779052734e-02
3.620292991399765015e-02
3.173530101776123047e-02
2.305519580841064453e-02
1.858784258365631104e-02
1.527118682861328125e-02
1.837910711765289307e-02
2.066850662231445312e-02
1.172941923141479492e-02
2.832840383052825928e-02
7.133185863494873047e-03
1.068115234375000000e-03
1.195713877677917480e-03
5.881547927856445312e-02
5.543622374534606934e-02
2.352291345596313477e-02
8.560794591903686523e-02
7.038328796625137329e-02
1.257503032684326172e-02
2.250349521636962891e-02
7.657033205032348633e-02
1.433664560317993164e-02
4.036548733711242676e-02
6.132632493972778320e-03
2.197009325027465820e-02
3.529789298772811890e-02
5.065995454788208008e-02
2.027207612991333008e-02
3.709876164793968201e-02
1.517444849014282227e-02
1.321718096733093262e-02
1.619893312454223633e-02
1.184612512588500977e-02
8.291468024253845215e-03
3.817871212959289551e-02
9.036660194396972656e-03
2.427323162555694580e-02
8.586049079895019531e-04
1.674723625183105469e-02
8.833408355712890625e-04
7.016599178314208984e-03
2.041509747505187988e-02
3.777202963829040527e-02
4.312574863433837891e-03
1.722686737775802612e-02
2.097737789154052734e-02
1.496797800064086914e-02
2.613872289657592773e-02
3.402632474899291992e-02
8.392989635467529297e-03
3.956019878387451172e-03
2.286225557327270508e-02
2.014227211475372314e-02
5.291402339935302734e-02
1.412987709045410156e-02
3.908105194568634033e-03
4.316204786300659180e-02
5.538287758827209473e-02
1.407018303871154785e-02
4.380822181701660156e-02
2.062149345874786377e-02
5.447310209274291992e-02
1.447588205337524414e-02
2.252002060413360596e-02
5.497765541076660156e-02
6.825947761535644531e-02
1.439131796360015869e-02
2.495795488357543945e-02
8.788768947124481201e-02
3.868401050567626953e-02
3.673410415649414062e-02
3.969695046544075012e-02
1.938664913177490234e-02
2.795124053955078125e-02
1.641687750816345215e-02
7.422673702239990234e-02
3.897592425346374512e-03
3.424873948097229004e-02
2.116549015045166016e-02
2.083443105220794678e-04
2.728581428527832031e-02
4.180240631103515625e-02
1.682799309492111206e-02
1.907587051391601562e-02
1.892873644828796387e-02
3.923958539962768555e-02
3.623861074447631836e-02
1.691430062055587769e-02
4.104357957839965820e-02
4.073035717010498047e-02
3.567327186465263367e-02
1.678758859634399414e-02
5.421078205108642578e-02
2.485156059265136719e-02
1.843410730361938477e-02
2.232310175895690918e-02
5.814731121063232422e-03
2.775007486343383789e-02
6.479528918862342834e-02
3.782820701599121094e-02
8.249908685684204102e-03
2.067536115646362305e-02
3.221184015274047852e-02
3.356455266475677490e-02
3.070107102394104004e-02
1.280492544174194336e-02
6.083823367953300476e-02
2.948331832885742188e-02
1.695638895034790039e-02
3.442558646202087402e-02
2.688646316528320312e-02
2.462595701217651367e-03
2.206274867057800293e-02
2.531152963638305664e-02
1.128076761960983276e-02
3.597193956375122070e-02
3.154617547988891602e-02
3.700248152017593384e-02
1.017719507217407227e-02
5.571424961090087891e-02
4.091873764991760254e-02
5.198979377746582031e-02
1.415863633155822754e-02
1.696765422821044922e-03
2.473098039627075195e-02
7.108515873551368713e-02
6.362938880920410156e-02
7.606270909309387207e-02
8.526128530502319336e-02
1.645159721374511719e-02
6.633959710597991943e-02
1.000940203666687012e-01
6.806254386901855469e-03
4.992958903312683105e-02
6.236749887466430664e-02
2.856799960136413574e-02
1.163905858993530273e-02
4.531973600387573242e-02
2.080105245113372803e-02
1.583626866340637207e-02
3.249996900558471680e-02
7.181560620665550232e-03
1.554352045059204102e-02
3.535628318786621094e-02
2.470277249813079834e-03
4.091233015060424805e-02
5.425870418548583984e-03
2.244621515274047852e-02
1.373291015625000000e-02
6.930362060666084290e-02
3.087300062179565430e-02
3.342467546463012695e-02
1.565559208393096924e-02
5.562728643417358398e-02
3.285861015319824219e-02
2.815335988998413086e-03
6.659263372421264648e-02
2.636528760194778442e-02
2.288377285003662109e-02
2.947700023651123047e-02
3.634277731180191040e-03
4.764974117279052734e-02
3.655603528022766113e-02
4.342883825302124023e-03
5.441087484359741211e-02
8.004294335842132568e-02
5.020251870155334473e-02
2.066761255264282227e-02
1.484476402401924133e-02
2.026838064193725586e-02
1.668095588684082031e-03
1.604633033275604248e-02
3.004068136215209961e-02
5.262732505798339844e-03
1.127868890762329102e-03
1.562041044235229492e-02
6.106844171881675720e-02
6.516730785369873047e-02
2.684032917022705078e-02
9.018412232398986816e-02
6.683599948883056641e-02
1.676911115646362305e-02
6.674328446388244629e-02
3.842687606811523438e-02
3.430842608213424683e-02
5.677437782287597656e-02
7.981950044631958008e-02
1.379511505365371704e-02
4.330950975418090820e-02
1.282104849815368652e-02
3.387987613677978516e-03
5.314928293228149414e-02
3.159186244010925293e-02
2.217942476272583008e-02
2.073520421981811523e-02
4.138063639402389526e-02
2.891010046005249023e-02
4.819330573081970215e-02
1.901151239871978760e-02
1.467484235763549805e-02
1.306624710559844971e-02
3.268262743949890137e-02
2.489644289016723633e-02
7.267838064581155777e-02
5.034154653549194336e-02
1.127696037292480469e-02
6.141522526741027832e-02
4.570192098617553711e-02
2.279698848724365234e-03
5.205991864204406738e-02
1.035845279693603516e-02
9.545207023620605469e-03
4.738324880599975586e-02
6.284815073013305664e-02
2.892224490642547607e-02
4.964935779571533203e-02
3.898417949676513672e-02
6.625363230705261230e-02
5.371445417404174805e-02
6.252184510231018066e-03
2.420240640640258789e-02
9.571313858032226562e-02
3.861360251903533936e-02
2.983444929122924805e-02
5.689918994903564453e-03
5.521717667579650879e-02
5.814087390899658203e-02
4.666632413864135742e-02
2.661770582199096680e-02
5.092251300811767578e-02
2.249188721179962158e-03
4.390388727188110352e-02
2.856072783470153809e-02
8.300080895423889160e-03
4.377293586730957031e-02
1.707690954208374023e-02
1.352468132972717285e-02
1.882308721542358398e-02
3.014833480119705200e-02
5.574703216552734375e-02
1.774537563323974609e-02
3.269746899604797363e-02
5.702960491180419922e-02
8.329597115516662598e-02
2.334401011466979980e-02
2.982199192047119141e-03
2.189177274703979492e-02
3.505152463912963867e-02
3.778874874114990234e-03
6.109748035669326782e-02
2.166032791137695312e-04
2.207112312316894531e-02
1.050609350204467773e-02
2.869570255279541016e-02
1.307545602321624756e-02
3.267335891723632812e-02
4.981040954589843750e-03
1.701758801937103271e-02
5.003327131271362305e-02
2.983421087265014648e-03
2.737613022327423096e-02
4.120731353759765625e-02
6.505881249904632568e-02
1.590788364410400391e-02
1.943176984786987305e-02
1.134326000465080142e-01
6.794726848602294922e-02
2.310192584991455078e-02
5.176022648811340332e-02
5.477666854858398438e-05
1.355329155921936035e-02
5.682110786437988281e-04
1.501488685607910156e-02
9.441792964935302734e-03
2.583158016204833984e-02
4.019260406494140625e-03
1.125031709671020508e-02
4.910397529602050781e-02
5.839160084724426270e-02
2.682709693908691406e-02
2.504539489746093750e-02
2.121397107839584351e-02
2.362787723541259766e-03
3.084224462509155273e-02
2.496797591447830200e-02
4.353463649749755859e-03
2.258783578872680664e-02
2.352285385131835938e-02
3.550422191619873047e-02
1.218393445014953613e-04
6.509840488433837891e-03
7.901608943939208984e-03
2.755372971296310425e-02
1.072973012924194336e-02
6.065711379051208496e-02
5.552120506763458252e-02
2.413058280944824219e-02
1.955553889274597168e-03
2.678835391998291016e-02
4.396617412567138672e-03
5.049929022789001465e-04
5.568295717239379883e-02
1.392543315887451172e-02
2.424603700637817383e-02
2.853566408157348633e-02
5.315189063549041748e-02
1.897385716438293457e-02
7.821261882781982422e-02
3.200557827949523926e-02
1.290960311889648438e-01
5.799263715744018555e-02
3.980146348476409912e-02
4.781460762023925781e-02
8.588084578514099121e-02
1.925274729728698730e-02
1.010543107986450195e-02
7.395310699939727783e-02
1.195669174194335938e-02
9.223222732543945312e-04
8.395135402679443359e-03
1.552259922027587891e-02
2.239292860031127930e-02
1.805981993675231934e-02
4.913681745529174805e-02
1.210947334766387939e-02
1.304119825363159180e-02
4.028886556625366211e-02
2.269813418388366699e-02
1.940953731536865234e-02
4.552447795867919922e-02
2.957482635974884033e-02
2.436184883117675781e-02
7.946102321147918701e-02
4.072436690330505371e-02
3.735017776489257812e-02
3.889472782611846924e-02
1.984483003616333008e-02
5.786430835723876953e-02
5.803530663251876831e-02
4.917699098587036133e-02
2.343584597110748291e-02
5.615562200546264648e-03
1.746833324432373047e-03
2.305693924427032471e-03
6.773114204406738281e-03
1.720094680786132812e-02
1.814115792512893677e-02
1.623243093490600586e-02
1.085984706878662109e-02
7.688939571380615234e-03
7.997512817382812500e-03
4.191603511571884155e-02
2.266806364059448242e-02
1.593869924545288086e-02
3.807273507118225098e-02
4.583370685577392578e-02
8.395123481750488281e-02
7.352265715599060059e-02
4.112482070922851562e-02
3.995756059885025024e-02
7.972776889801025391e-02
1.012943983078002930e-01
6.900784000754356384e-02
2.395987510681152344e-02
3.702884912490844727e-02
2.121210098266601562e-02
5.601465702056884766e-03
6.000921130180358887e-03
1.023510098457336426e-02
1.872539520263671875e-02
5.643480457365512848e-02
2.611076831817626953e-02
5.437397956848144531e-02
7.676973938941955566e-02
4.159927368164062500e-02
3.171294927597045898e-02
3.780654072761535645e-02
7.825285196304321289e-02
2.990564703941345215e-02
6.308257579803466797e-03
6.082856655120849609e-02
1.065453495830297470e-01
8.950209617614746094e-02
2.435865998268127441e-02
5.996614694595336914e-03
4.832828044891357422e-02
5.290403962135314941e-02
7.302480936050415039e-02
6.509637832641601562e-02
1.163320764899253845e-01
6.431537866592407227e-02
9.504795074462890625e-03
6.836976110935211182e-02
6.662893295288085938e-02
2.805779874324798584e-02
1.862326264381408691e-02
7.750272750854492188e-03
3.529358655214309692e-03
4.459393024444580078e-02
4.441487789154052734e-02
3.895127773284912109e-02
2.138149738311767578e-02
2.394556999206542969e-03
1.737415790557861328e-02
5.248248577117919922e-03
4.823778383433818817e-02
3.341370820999145508e-02
3.337830305099487305e-02
1.403149217367172241e-02
5.431413650512695312e-02
5.160689353942871094e-02
1.495897769927978516e-03
6.180197000503540039e-02
7.907010614871978760e-03
1.682239770889282227e-02
5.983972549438476562e-02
1.130541414022445679e-02
4.569065570831298828e-02
7.106727361679077148e-02
2.818629145622253418e-02
1.227897405624389648e-02
3.707894682884216309e-02
6.701707839965820312e-03
4.713773727416992188e-03
3.294615447521209717e-02
1.610219478607177734e-03
1.328349113464355469e-02
7.171407341957092285e-03
1.760494709014892578e-02
4.350095987319946289e-03
4.553973674774169922e-03
1.966357231140136719e-04
4.987686872482299805e-02
4.204177856445312500e-02
2.507162094116210938e-02
1.905325055122375488e-02
5.919289588928222656e-02
1.672284305095672607e-02
1.586499810218811035e-02
4.572927951812744141e-03
3.269628807902336121e-02
9.108066558837890625e-03
1.681369543075561523e-02
8.625574409961700439e-03
2.784764766693115234e-02
6.328231096267700195e-02
1.870495080947875977e-02
5.397379398345947266e-02
1.266273111104965210e-02
5.615413188934326172e-03
6.367897987365722656e-02
6.642988696694374084e-02
1.854914426803588867e-02
5.159559845924377441e-02
4.249480366706848145e-02
5.862057209014892578e-03
8.507066965103149414e-02
2.843564748764038086e-02
1.731598377227783203e-02
9.992271661758422852e-04
3.534412384033203125e-02
2.868390083312988281e-02
2.971747517585754395e-02
1.227599382400512695e-02
2.589657902717590332e-03
8.526504039764404297e-03
1.215869188308715820e-02
8.084752224385738373e-02
3.176355361938476562e-02
6.052172183990478516e-02
1.984325051307678223e-02
4.158341884613037109e-02
1.001013815402984619e-01
7.888352870941162109e-02
1.987797021865844727e-02
2.566372603178024292e-02
2.121317386627197266e-02
2.614635229110717773e-02
5.123659968376159668e-03
4.382371902465820312e-03
1.140350103378295898e-02
6.223052740097045898e-03
3.547871112823486328e-02
3.731536120176315308e-02
6.945288181304931641e-02
3.300404548645019531e-02
3.033133596181869507e-02
3.520727157592773438e-03
2.189964056015014648e-02
4.043757915496826172e-03
2.450424432754516602e-02
4.155236482620239258e-02
2.145308256149291992e-02
5.515867471694946289e-02
2.802995592355728149e-02
1.724386215209960938e-02
3.470599651336669922e-02
4.982413351535797119e-02
2.404272556304931641e-03
3.312082588672637939e-02
4.735353589057922363e-02
1.288604736328125000e-02
4.420593380928039551e-03
4.554510116577148438e-02
1.558417081832885742e-02
1.978250592947006226e-02
4.239857196807861328e-02
6.483171880245208740e-02
4.434707760810852051e-02
6.344079971313476562e-02
7.774208486080169678e-02
3.770869970321655273e-02
5.825626850128173828e-02
4.856416955590248108e-02
4.833269119262695312e-02
1.632559299468994141e-02
6.933087110519409180e-02
2.711135149002075195e-02
8.796788752079010010e-03
3.071486949920654297e-03
2.050334215164184570e-02
3.070937097072601318e-02
2.427083253860473633e-02
3.113842010498046875e-02
2.444842457771301270e-02
3.228121995925903320e-02
2.114742994308471680e-03
3.425294160842895508e-02
2.399247884750366211e-02
3.468183055520057678e-02
1.657485961914062500e-02
2.599167823791503906e-02
3.604184091091156006e-02
5.509251356124877930e-02
3.240065276622772217e-02
1.066067814826965332e-02
1.913720369338989258e-02
2.654360234737396240e-02
8.084058761596679688e-03
1.292246580123901367e-02
4.494905471801757812e-03
2.707004547119140625e-03
3.087079524993896484e-02
6.473299860954284668e-02
1.352864503860473633e-02
1.295953989028930664e-04
1.661455631256103516e-02
1.394754648208618164e-02
1.564816385507583618e-02
2.787864208221435547e-02
1.769089698791503906e-02
1.041340827941894531e-02
1.896154880523681641e-02
2.798628807067871094e-02
1.325827836990356445e-02
1.032996177673339844e-02
1.673610508441925049e-02
6.613320112228393555e-02
1.888933777809143066e-02
1.251661777496337891e-02
4.228436946868896484e-02
3.618472814559936523e-02
4.930877685546875000e-02
7.808089256286621094e-03
6.990282982587814331e-02
2.026265859603881836e-02
5.264168977737426758e-02
6.032347679138183594e-03
1.081061363220214844e-02
5.527123808860778809e-03
9.524255990982055664e-03
3.640651702880859375e-03
7.274791598320007324e-03
6.141722202301025391e-03
1.404476165771484375e-02
2.322869002819061279e-02
3.181564807891845703e-02
5.412393808364868164e-02
3.243717551231384277e-02
3.285533189773559570e-02
2.874068170785903931e-02
3.322577476501464844e-02
2.052700519561767578e-02
1.227439939975738525e-02
1.472991704940795898e-02
6.086620688438415527e-02
1.785480976104736328e-02
3.406876325607299805e-02
5.136685073375701904e-02
9.247064590454101562e-04
3.446292877197265625e-02
3.726926445960998535e-02
5.044937133789062500e-04
4.431587457656860352e-02
2.252303063869476318e-02
4.066288471221923828e-02
1.880291104316711426e-02
6.813460588455200195e-02
6.732404232025146484e-03
1.278574019670486450e-02
7.127636671066284180e-02
2.229452133178710938e-03
9.958371520042419434e-03
5.198621749877929688e-02
5.497613549232482910e-02
2.499043941497802734e-02
6.969451904296875000e-03
2.056664228439331055e-02
1.775372028350830078e-02
3.857034444808959961e-02
3.489030152559280396e-02
2.461087703704833984e-02
1.262792944908142090e-02
4.094117879867553711e-02
3.554904460906982422e-02
8.953282982110977173e-02
3.765344619750976562e-02
3.061044216156005859e-02
4.179947823286056519e-02
6.788694858551025391e-02
4.169851541519165039e-03
2.066226303577423096e-02
4.006326198577880859e-03
8.667260408401489258e-04
2.512788772583007812e-02
5.629891157150268555e-02
8.662402629852294922e-03
2.208554744720458984e-02
6.266078352928161621e-02
8.899079263210296631e-02
4.750549793243408203e-02
4.595495760440826416e-02
9.644329547882080078e-03
6.659311056137084961e-02
4.594990611076354980e-02
2.065020799636840820e-02
1.237034797668457031e-03
6.148048490285873413e-02
6.064081192016601562e-02
3.714412450790405273e-03
4.316627979278564453e-03
6.699556112289428711e-02
1.109565049409866333e-01
4.079705476760864258e-02
5.991953611373901367e-02
4.778747260570526123e-02
1.252454519271850586e-02
2.272930741310119629e-02
3.683450818061828613e-02
2.727866172790527344e-02
4.063062369823455811e-03
4.473328590393066406e-04
3.218287229537963867e-02
4.549777507781982422e-02
7.849162817001342773e-02
4.900369048118591309e-02
1.844264566898345947e-02
1.081281900405883789e-02
5.700597167015075684e-02
3.131121397018432617e-02
4.866516590118408203e-02
1.449856990948319435e-01
7.002943754196166992e-02
2.864599227905273438e-02
1.150602400302886963e-01
1.108855605125427246e-01
1.009256094694137573e-01
4.128831624984741211e-02
1.328387856483459473e-01
6.497836112976074219e-02
6.833255290985107422e-02
2.393335103988647461e-02
1.753047108650207520e-04
6.046873331069946289e-02
4.083019495010375977e-02
5.276393890380859375e-02
4.645174741744995117e-02
5.831321328878402710e-02
9.421521425247192383e-02
2.112847566604614258e-02
7.233201712369918823e-02
4.939365386962890625e-02
6.346505880355834961e-02
1.386183500289916992e-02
9.619253873825073242e-02
4.958257079124450684e-02
2.459126710891723633e-02
2.492713928222656250e-02
6.292447447776794434e-02
2.947449684143066406e-03
9.336262941360473633e-03
1.129119098186492920e-02
4.100799560546875000e-04
1.543371379375457764e-02
3.505209088325500488e-02
1.672279834747314453e-02
6.502394331619143486e-02
3.226470947265625000e-02
3.067290782928466797e-02
1.180362701416015625e-02
1.522982120513916016e-02
1.423498988151550293e-02
6.195515394210815430e-03
3.389757871627807617e-02
2.300807088613510132e-02
1.758176088333129883e-02
3.484582901000976562e-02
4.021593928337097168e-02
5.203163623809814453e-02
1.008632779121398926e-02
5.231991410255432129e-02
1.279890537261962891e-03
9.940393269062042236e-03
1.500135660171508789e-02
1.945161819458007812e-02
4.211913794279098511e-02
1.646965742111206055e-02
2.438983321189880371e-02
5.149841308593750000e-05
4.253089427947998047e-02
5.812218785285949707e-02
8.800297975540161133e-02
5.973082780838012695e-02
2.190999686717987061e-03
4.851454496383666992e-02
1.921123266220092773e-02
4.262784123420715332e-02
3.846240043640136719e-02
4.989746212959289551e-02
3.682833909988403320e-02
3.189057111740112305e-02
9.137157909572124481e-02
4.919111728668212891e-02
2.202689647674560547e-02
5.835713446140289307e-02
6.917953491210937500e-03
3.117939829826354980e-02
1.727494597434997559e-02
5.704009532928466797e-02
3.676638752222061157e-02
2.240765094757080078e-02
9.554624557495117188e-04
5.812214314937591553e-02
5.357247591018676758e-02
5.908951163291931152e-02
4.864156246185302734e-03
5.678790807723999023e-02
6.877681612968444824e-02
2.118569612503051758e-02
3.379446268081665039e-02
1.737821474671363831e-02
1.089179515838623047e-02
7.187086343765258789e-02
5.567222833633422852e-03
2.050942182540893555e-02
5.589157342910766602e-03
3.761154413223266602e-02
9.030330181121826172e-02
7.923161238431930542e-02
6.723845005035400391e-02
2.540737390518188477e-03
8.752083778381347656e-02
8.293640613555908203e-02
4.734975099563598633e-02
2.082476019859313965e-02
2.804023027420043945e-02
1.756807416677474976e-02
2.026027441024780273e-02
5.427050776779651642e-01
7.259882092475891113e-01
5.236152410507202148e-01
8.721107244491577148e-02
4.492955207824707031e-01
7.735347747802734375e-02
2.487596273422241211e-01
4.195100665092468262e-01
3.565476536750793457e-01
1.049762368202209473e-01
2.897803261876106262e-01
5.902122855186462402e-01
6.669482737779617310e-01
1.293657422065734863e-01
1.788235306739807129e-01
1.163629442453384399e-01
1.039952039718627930e-01
3.684574663639068604e-01
5.285279750823974609e-01
4.139361381530761719e-01
6.831422448158264160e-03
9.397733211517333984e-02
2.442407850176095963e-01
3.608852624893188477e-01
4.004971981048583984e-01
1.933549642562866211e-01
1.446748375892639160e-01
4.783524721860885620e-01
6.548916697502136230e-01
1.441531032323837280e-01
2.276782691478729248e-01
1.629760861396789551e-01
7.882860302925109863e-02
3.976062536239624023e-01
5.615072399377822876e-01
4.980350732803344727e-01
1.289203763008117676e-01
2.467480301856994629e-02
2.002295255661010742e-01
3.579030558466911316e-01
4.044026732444763184e-01
2.802342176437377930e-01
7.860600948333740234e-03
4.182518720626831055e-01
6.387682259082794189e-01
1.425132155418395996e-01
2.704048752784729004e-01
2.198954224586486816e-01
3.717374801635742188e-02
3.761802408844232559e-01
6.468945145606994629e-01
6.210451126098632812e-01
2.743523418903350830e-01
3.298407793045043945e-02
1.732763350009918213e-01
2.659265398979187012e-01
3.492849618196487427e-01
3.522387146949768066e-01
1.124663352966308594e-01
2.718103229999542236e-01
5.893469452857971191e-01
9.865666925907135010e-02
3.231363296508789062e-01
2.993430495262145996e-01
1.102638393640518188e-01
2.653628587722778320e-01
5.837306305766105652e-01
6.597138643264770508e-01
4.256554841995239258e-01
1.953160762786865234e-02
1.063936948776245117e-01
2.221843078732490540e-01
3.255771994590759277e-01
3.704520761966705322e-01
1.570689678192138672e-01
1.478930115699768066e-01
5.192151917144656181e-01
4.128426313400268555e-02
3.083622902631759644e-01
3.680105209350585938e-01
2.502049207687377930e-01
1.111704930663108826e-01
5.210002660751342773e-01
6.639198660850524902e-01
5.012539029121398926e-01
5.872493982315063477e-02
1.410523056983947754e-02
1.486771106719970703e-01
4.070529155433177948e-01
4.517086744308471680e-01
3.202280700206756592e-01
5.347083508968353271e-02
4.278824925422668457e-01
1.602394208312034607e-01
3.428333401679992676e-01
3.843030929565429688e-01
2.826597690582275391e-01
9.774005413055419922e-02
5.155894607305526733e-01
6.570529937744140625e-01
6.417521834373474121e-01
1.394592821598052979e-01
1.491900086402893066e-01
1.101402305066585541e-01
1.339012384414672852e-02
9.996980428695678711e-02
1.382243707776069641e-01
1.105010509490966797e-01
2.064788341522216797e-02
6.130427122116088867e-03
6.872671842575073242e-02
1.328278332948684692e-02
2.278459072113037109e-02
1.007091999053955078e-02
2.463125810027122498e-02
2.120912075042724609e-02
1.716974377632141113e-02
3.673127293586730957e-02
1.515543460845947266e-02
9.775787591934204102e-03
4.484933614730834961e-02
2.383762598037719727e-02
2.334149554371833801e-02
2.200043201446533203e-02
1.851570606231689453e-02
8.296102285385131836e-03
1.071679592132568359e-02
1.005575060844421387e-02
2.944570779800415039e-02
1.126945018768310547e-02
4.626619443297386169e-02
3.225612640380859375e-02
5.648100376129150391e-02
3.973865509033203125e-02
6.457579135894775391e-02
1.947787404060363770e-02
2.240961790084838867e-02
4.277288913726806641e-02
9.692233055830001831e-02
3.278309106826782227e-02
3.254413604736328125e-04
7.761910185217857361e-02
4.981672763824462891e-02
7.670015096664428711e-03
1.861393451690673828e-03
4.903018474578857422e-02
4.959429800510406494e-02
2.452522516250610352e-02
6.282120943069458008e-02
1.588821783661842346e-02
8.648931980133056641e-03
5.114823579788208008e-03
2.825121581554412842e-02
4.239022731781005859e-03
4.149203002452850342e-02
2.923423051834106445e-02
2.895045280456542969e-02
2.861486747860908508e-02
6.194752454757690430e-02
2.687215805053710938e-02
2.171300351619720459e-02
5.675649642944335938e-02
1.047948002815246582e-02
1.180073618888854980e-02
2.774029970169067383e-02
2.131037414073944092e-02
5.576729774475097656e-02
3.600931167602539062e-02
2.949033677577972412e-02
5.720627307891845703e-02
9.864667057991027832e-02
4.515561461448669434e-02
3.003948926925659180e-02
2.206105738878250122e-02
2.245563268661499023e-02
3.481388092041015625e-02
5.324155092239379883e-03
6.097257137298583984e-03
1.482799649238586426e-02
3.078848123550415039e-03
3.640311956405639648e-02
2.809405326843261719e-02
1.334136724472045898e-02
1.964968442916870117e-02
3.019625134766101837e-02
2.510738372802734375e-02
1.455622911453247070e-02
3.566235303878784180e-03
1.904588937759399414e-02
3.447791934013366699e-02
3.655385971069335938e-02
5.684489011764526367e-02
5.099688097834587097e-02
5.701065063476562500e-02
1.544213294982910156e-02
6.038826704025268555e-02
6.289798021316528320e-02
2.261310815811157227e-03
3.290233016014099121e-02
1.913428306579589844e-03
5.139463022351264954e-02
4.607665538787841797e-02
5.596572160720825195e-02
1.123142987489700317e-02
5.303955078125000000e-02
2.725389599800109863e-02
2.811333537101745605e-02
5.192655324935913086e-02
1.638585329055786133e-02
1.769375801086425781e-02
2.135533094406127930e-02
5.068092048168182373e-02
7.510185241699218750e-03
7.150709629058837891e-03
2.840843796730041504e-02
3.342509269714355469e-03
3.328131139278411865e-02
5.895519256591796875e-02
2.343291044235229492e-02
1.610607653856277466e-02
2.155071496963500977e-02
7.032144069671630859e-02
1.305937767028808594e-03
3.508037328720092773e-02
6.642964482307434082e-02
4.126587510108947754e-02
1.032519340515136719e-02
5.375214666128158569e-02
8.871185779571533203e-02
7.816755771636962891e-02
3.213089704513549805e-02
2.625483274459838867e-02
5.452653765678405762e-02
1.766183972358703613e-02
6.682276725769042969e-04
4.617515951395034790e-02
2.712905406951904297e-03
4.268270730972290039e-02
2.949038147926330566e-02
1.839220523834228516e-03
4.582476615905761719e-02
7.332086563110351562e-03
1.726371049880981445e-02
6.578087806701660156e-03
3.597408533096313477e-02
4.374563694000244141e-03
4.762621968984603882e-02
1.844161748886108398e-02
1.025870442390441895e-02
1.333156228065490723e-02
5.267703533172607422e-02
6.627948582172393799e-02
2.731621265411376953e-03
8.506715297698974609e-03
2.042644284665584564e-02
1.678860187530517578e-02
1.278489828109741211e-02
2.704286575317382812e-02
1.972037553787231445e-02
2.343553304672241211e-02
4.693344235420227051e-02
6.404721736907958984e-02
3.373223915696144104e-02
3.812396526336669922e-02
6.624639034271240234e-03
2.497059106826782227e-02
8.983838558197021484e-02
1.352727413177490234e-04
3.227037191390991211e-02
2.021706104278564453e-02
3.006243705749511719e-02
2.753204107284545898e-02
3.271877765655517578e-03
8.795186877250671387e-03
6.964516639709472656e-02
2.266782522201538086e-02
2.852380275726318359e-02
3.379166126251220703e-03
9.825520217418670654e-03
2.408534288406372070e-02
4.131758213043212891e-02
5.875825881958007812e-03
4.978221654891967773e-02
5.378970503807067871e-02
2.668660879135131836e-02
5.274057388305664062e-03
1.072822511196136475e-02
8.350014686584472656e-03
1.579129695892333984e-02
1.211017370223999023e-02
1.601123809814453125e-02
2.882504463195800781e-02
1.826190948486328125e-02
1.828628778457641602e-02
6.900729238986968994e-02
3.461349010467529297e-02
7.827347517013549805e-02
3.037564456462860107e-02
4.694408178329467773e-02
1.412189006805419922e-02
1.423813402652740479e-02
4.900735616683959961e-02
1.725268363952636719e-02
3.502669930458068848e-02
5.877315998077392578e-02
6.573877483606338501e-02
3.180927038192749023e-02
4.235559701919555664e-02
3.332205116748809814e-02
3.456854820251464844e-02
7.824519276618957520e-02
1.230180263519287109e-03
5.414968729019165039e-02
8.923561871051788330e-02
6.584745645523071289e-02
1.936852931976318359e-02
6.538085639476776123e-02
4.287695884704589844e-02
2.054220438003540039e-02
1.189403235912322998e-02
5.640017986297607422e-02
4.575325548648834229e-02
2.106118202209472656e-02
9.471952915191650391e-02
9.358640480786561966e-02
5.465167760848999023e-02
8.609473705291748047e-02
8.323787152767181396e-02
3.668874502182006836e-02
3.279033303260803223e-02
6.844478845596313477e-02
3.965616226196289062e-02
2.134749293327331543e-02
4.903888702392578125e-02
7.330834865570068359e-03
2.302151918411254883e-02
1.769292354583740234e-02
2.758350968360900879e-02
1.905742287635803223e-02
7.720768451690673828e-03
6.688791513442993164e-02
9.309458732604980469e-02
7.337307929992675781e-02
3.802152723073959351e-02
6.526786088943481445e-02
8.499330282211303711e-02
3.655162453651428223e-02
1.922261714935302734e-02
3.539998829364776611e-02
7.024696469306945801e-02
7.890522480010986328e-03
9.924173355102539062e-04
3.357768058776855469e-02
5.057191848754882812e-02
6.856510043144226074e-02
2.421855926513671875e-02
1.097112894058227539e-02
1.729476451873779297e-02
2.655845880508422852e-02
3.772823512554168701e-02
7.235258817672729492e-02
3.729373216629028320e-02
5.006435513496398926e-02
9.334582090377807617e-02
7.173012197017669678e-02
3.048720955848693848e-02
2.711886167526245117e-02
4.541752487421035767e-02
3.230351209640502930e-02
6.862521171569824219e-03
5.528382956981658936e-03
6.514561176300048828e-02
2.803292870521545410e-02
1.031778752803802490e-01
8.944457769393920898e-02
4.042519629001617432e-02
5.543416738510131836e-02
8.618992567062377930e-02
2.270119450986385345e-02
2.402782440185546875e-03
7.843396067619323730e-02
1.881591975688934326e-02
5.333656072616577148e-02
2.413292229175567627e-02
6.132951378822326660e-02
4.807734489440917969e-02
4.861736670136451721e-02
3.589195013046264648e-02
2.619957923889160156e-02
5.521775782108306885e-02
3.548210859298706055e-02
3.784443438053131104e-02
2.438369393348693848e-02
9.247899055480957031e-03
1.428678259253501892e-02
3.815835714340209961e-02
3.803819417953491211e-02
3.088019788265228271e-02
4.264944791793823242e-02
3.068178892135620117e-03
6.365838646888732910e-02
4.834645986557006836e-02
4.004667699337005615e-02
3.343939781188964844e-03
4.755973815917968750e-03
2.873525768518447876e-02
5.670273303985595703e-02
3.925651311874389648e-02
2.121672034263610840e-02
4.853928089141845703e-02
4.284545779228210449e-02
4.490548372268676758e-02
2.631127834320068359e-02
5.477900058031082153e-02
4.556596279144287109e-02
1.067757606506347656e-02
5.035513639450073242e-02
6.811988353729248047e-02
6.412246823310852051e-02
4.293867945671081543e-02
5.538946390151977539e-02
7.898944243788719177e-02
8.929663896560668945e-02
7.502949237823486328e-02
1.148723065853118896e-02
6.790328025817871094e-02
1.189554482698440552e-01
1.493671536445617676e-02
4.634493589401245117e-02
5.637256056070327759e-02
9.393048286437988281e-02
4.365777969360351562e-02
2.619033306837081909e-02
5.892348289489746094e-02
1.230073869228363037e-01
4.951086640357971191e-02
4.364722967147827148e-02
2.760073915123939514e-02
1.183152198791503906e-02
7.986426353454589844e-04
4.052183032035827637e-02
4.556596279144287109e-03
2.646836638450622559e-02
2.016751468181610107e-02
3.246366977691650391e-03
5.836852639913558960e-02
2.895891666412353516e-02
1.259756088256835938e-02
6.940132193267345428e-02
5.906009674072265625e-02
4.049104452133178711e-02
4.718810319900512695e-02
3.444278240203857422e-02
5.902343988418579102e-02
1.326825022697448730e-01
3.880083560943603516e-03
8.029366470873355865e-02
1.312172412872314453e-01
2.964466810226440430e-02
3.300242871046066284e-02
5.047821998596191406e-02
3.953027725219726562e-02
9.213760495185852051e-02
2.020955085754394531e-02
8.884805068373680115e-02
5.778473615646362305e-02
1.399952173233032227e-02
1.657367497682571411e-02
8.807229995727539062e-02
3.425359725952148438e-03
2.609106898307800293e-02
2.871572971343994141e-03
2.727872133255004883e-02
6.079673767089843750e-05
3.745859861373901367e-02
1.393385231494903564e-02
6.484973430633544922e-02
5.633860826492309570e-02
2.678596973419189453e-02
7.059276103973388672e-03
2.702616155147552490e-02
3.352719545364379883e-02
4.795747995376586914e-02
3.490250185132026672e-02
3.452640771865844727e-02
