# {'window': 90, 'n_steps': 1, 'lags': 5, 'contam': 0.980715498065468}
7.599890232086181641e-03
2.616649866104125977e-02
2.608191967010498047e-02
3.139072656631469727e-02
3.243327140808105469e-02
3.122672438621520996e-03
4.310488700866699219e-03
1.381343603134155273e-02
1.753151416778564453e-02
4.240970313549041748e-02
1.961857080459594727e-02
2.593100070953369141e-03
1.351305842399597168e-02
2.579504251480102539e-02
4.522323608398437500e-03
2.349652349948883057e-02
1.255065202713012695e-02
6.167590618133544922e-03
2.784787863492965698e-02
1.667779684066772461e-02
9.406566619873046875e-03
3.165223449468612671e-02
2.731597423553466797e-02
2.430033683776855469e-02
1.317923516035079956e-02
7.051140069961547852e-03
2.054655551910400391e-02
4.404470324516296387e-03
3.104907274246215820e-02
1.854789257049560547e-02
3.631478548049926758e-02
6.680071353912353516e-03
2.604037523269653320e-02
5.642443895339965820e-03
1.641522347927093506e-02
3.875285387039184570e-02
6.436556577682495117e-03
4.725657403469085693e-03
2.170890569686889648e-02
1.632767915725708008e-02
1.032293103635311127e-01
2.477669715881347656e-02
5.458593368530273438e-03
8.320280537009239197e-02
2.966082096099853516e-02
2.220642566680908203e-02
6.719463318586349487e-02
1.437222957611083984e-02
6.989687681198120117e-02
2.282497286796569824e-02
2.308759093284606934e-02
6.275713443756103516e-02
1.724447309970855713e-02
2.759787440299987793e-02
2.523541450500488281e-03
1.962485909461975098e-02
4.536208510398864746e-02
4.630345106124877930e-02
1.231393218040466309e-02
2.753767371177673340e-02
1.828849315643310547e-03
4.431176185607910156e-02
1.343055069446563721e-02
3.269058465957641602e-02
1.410925388336181641e-02
1.733670383691787720e-02
1.888990402221679688e-03
2.501159906387329102e-02
4.612300544977188110e-03
1.224750280380249023e-02
2.385842800140380859e-01
3.034630417823791504e-02
5.797165632247924805e-02
9.832662343978881836e-02
8.761212229728698730e-04
4.787489771842956543e-02
3.939110040664672852e-02
3.695435822010040283e-02
1.589271426200866699e-02
1.070705652236938477e-01
5.785748362541198730e-03
5.765992403030395508e-02
2.515792846679687500e-03
5.618825554847717285e-02
1.719350293278694153e-01
1.109262704849243164e-01
4.214942455291748047e-03
8.767557144165039062e-02
2.659225463867187500e-02
1.036018133163452148e-01
1.826749369502067566e-02
6.142377853393554688e-03
3.583192825317382812e-03
5.661632493138313293e-02
8.134186267852783203e-03
1.560324430465698242e-02
4.712795466184616089e-02
3.827315568923950195e-02
4.092681407928466797e-02
4.045130312442779541e-02
2.009779214859008789e-02
3.494560718536376953e-03
1.735641062259674072e-02
6.746202707290649414e-03
8.272051811218261719e-03
4.094451665878295898e-02
3.133923187851905823e-01
7.789647579193115234e-02
3.965044021606445312e-02
9.758171439170837402e-02
2.139943838119506836e-02
1.233294010162353516e-01
2.056340873241424561e-02
2.655559778213500977e-02
4.362395405769348145e-01
1.073211356997489929e-01
8.297991752624511719e-02
2.073729634284973145e-01
2.479947358369827271e-02
1.554399132728576660e-01
3.626221418380737305e-02
1.918738335371017456e-02
3.381580114364624023e-02
4.051136970520019531e-02
8.832633495330810547e-03
7.991164922714233398e-03
6.940680742263793945e-02
1.928704977035522461e-02
3.322139382362365723e-02
2.542209625244140625e-02
3.788080811500549316e-02
1.324981451034545898e-02
1.394653320312500000e-02
1.791170239448547363e-02
1.945894956588745117e-02
4.300236701965332031e-03
1.282152533531188965e-02
1.240847259759902954e-02
5.062860250473022461e-02
4.735299348831176758e-01
9.576265979558229446e-02
1.114085316658020020e-01
2.516855001449584961e-01
3.716850094497203827e-02
1.612247824668884277e-01
4.481732845306396484e-03
4.088276997208595276e-03
3.357142210006713867e-02
3.266030550003051758e-02
5.348986387252807617e-02
3.706204891204833984e-02
8.970558643341064453e-03
5.347177386283874512e-03
7.433980703353881836e-03
2.433937788009643555e-02
1.240067183971405029e-02
3.490206599235534668e-02
7.355511188507080078e-03
2.826541662216186523e-02
2.277964353561401367e-02
1.822894811630249023e-02
1.922324299812316895e-02
4.430606961250305176e-03
2.562034130096435547e-02
2.802115678787231445e-02
2.613786235451698303e-02
6.392180919647216797e-03
9.924769401550292969e-04
1.691754907369613647e-02
3.613805770874023438e-02
2.303022146224975586e-02
1.051698252558708191e-02
8.940696716308593750e-03
5.566418170928955078e-03
3.635957837104797363e-03
1.090931892395019531e-02
5.720824003219604492e-02
3.674027323722839355e-02
1.650428771972656250e-02
1.117968559265136719e-02
1.856386661529541016e-03
1.825425028800964355e-02
8.610308170318603516e-03
2.078276872634887695e-02
1.117138564586639404e-02
1.657682657241821289e-02
3.067004680633544922e-02
1.306915283203125000e-02
5.004560947418212891e-02
2.877724170684814453e-02
3.602299839258193970e-02
1.354163885116577148e-02
2.764290571212768555e-02
4.158772155642509460e-02
3.827452659606933594e-02
9.035229682922363281e-03
8.638184517621994019e-03
2.365374565124511719e-02
1.328778266906738281e-02
4.015727341175079346e-02
2.258330583572387695e-03
2.146339416503906250e-02
7.347530871629714966e-02
2.871128916740417480e-02
9.632050991058349609e-03
3.458157181739807129e-03
4.638764262199401855e-02
2.536058425903320312e-03
7.603734731674194336e-03
4.594922065734863281e-04
3.269398212432861328e-02
3.206017613410949707e-02
3.817618638277053833e-02
1.744222640991210938e-02
2.462399005889892578e-02
4.145481064915657043e-02
7.235586643218994141e-03
2.948242425918579102e-02
1.864022016525268555e-02
4.527807235717773438e-03
4.790425300598144531e-03
1.728571206331253052e-02
3.699141740798950195e-02
4.584854841232299805e-02
4.517436027526855469e-04
1.832398772239685059e-02
2.016448974609375000e-02
1.669550612568855286e-01
4.511317089200019836e-01
1.388880014419555664e-01
4.784531891345977783e-02
1.987572014331817627e-01
7.291585206985473633e-02
1.280585527420043945e-01
9.006813168525695801e-03
9.802591800689697266e-02
3.726723790168762207e-02
1.186829879879951477e-01
1.238926053047180176e-01
2.575504779815673828e-02
3.106385469436645508e-03
3.264129161834716797e-03
3.786140680313110352e-02
5.977945774793624878e-02
1.398801803588867188e-02
5.704605579376220703e-02
2.877942845225334167e-02
1.735305786132812500e-02
2.410888671875000000e-03
2.181858941912651062e-02
1.219749450683593750e-03
4.241877794265747070e-02
6.505422294139862061e-03
9.411841630935668945e-03
7.814466953277587891e-03
5.035564303398132324e-02
1.916503906250000000e-02
2.934056520462036133e-02
4.010945558547973633e-02
2.049068883061408997e-01
3.690433502197265625e-02
3.273785114288330078e-04
1.083436086773872375e-01
2.417576313018798828e-02
1.150612831115722656e-01
1.319874078035354614e-02
1.799046993255615234e-03
1.637887954711914062e-02
1.055063307285308838e-02
3.668266534805297852e-02
2.850699424743652344e-02
3.545641899108886719e-02
5.150908231735229492e-02
2.279418706893920898e-02
5.219306424260139465e-02
6.827771663665771484e-03
6.150841712951660156e-03
1.405705511569976807e-02
1.396954059600830078e-02
1.473033428192138672e-02
3.631499409675598145e-02
2.231416106224060059e-02
3.817409276962280273e-02
2.026164531707763672e-02
1.175154745578765869e-02
2.839392423629760742e-02
1.918897032737731934e-02
3.356394171714782715e-02
4.050803184509277344e-02
6.699919700622558594e-03
2.270755171775817871e-02
2.577280998229980469e-02
5.451798439025878906e-03
2.389434166252613068e-02
1.682043075561523438e-02
1.057517528533935547e-02
2.499299310147762299e-02
3.563416004180908203e-02
1.865148544311523438e-02
3.462711721658706665e-02
4.031991958618164062e-02
1.683717966079711914e-02
2.520923316478729248e-02
6.320345401763916016e-02
1.775676012039184570e-02
1.323020458221435547e-02
3.110375478863716125e-01
3.274822235107421875e-02
9.750247001647949219e-02
1.228909939527511597e-01
1.420110464096069336e-02
4.167753458023071289e-02
1.470245420932769775e-02
1.283496618270874023e-02
4.465994238853454590e-01
9.925934113562107086e-02
1.240435242652893066e-01
2.929632663726806641e-01
1.108054071664810181e-03
1.489479541778564453e-01
6.207537651062011719e-02
2.968912944197654724e-03
3.163385391235351562e-02
1.198583841323852539e-02
4.867322742938995361e-03
1.574176549911499023e-02
6.025195121765136719e-03
5.008280277252197266e-02
1.146435737609863281e-03
5.332076549530029297e-02
2.568402960896492004e-01
3.425048962235450745e-01
1.460616588592529297e-01
3.018459752202033997e-01
5.672982335090637207e-02
1.434718370437622070e-01
1.000798940658569336e-01
5.716535449028015137e-02
6.282085180282592773e-02
1.785558462142944336e-02
2.664444223046302795e-02
1.309132575988769531e-02
2.030158042907714844e-02
1.394052430987358093e-02
6.393164396286010742e-02
1.402735710144042969e-02
2.420044690370559692e-02
3.218591213226318359e-03
5.959928035736083984e-03
2.269005030393600464e-02
3.414878249168395996e-02
2.037942409515380859e-02
1.074571907520294189e-02
1.042002439498901367e-02
4.243934154510498047e-02
2.357777953147888184e-02
2.723895981907844543e-01
4.117149114608764648e-02
8.793070912361145020e-02
1.875332891941070557e-01
1.964932680130004883e-02
5.597700551152229309e-01
1.325654014945030212e-01
6.767773628234863281e-02
2.586154341697692871e-01
3.150880709290504456e-02
1.548426151275634766e-01
2.280008792877197266e-02
2.046311646699905396e-02
5.585998296737670898e-02
4.842936992645263672e-02
1.279336214065551758e-02
5.572420358657836914e-02
2.533137798309326172e-02
1.000638678669929504e-01
2.702862024307250977e-02
7.342010736465454102e-02
3.968082368373870850e-03
4.946172237396240234e-03
2.529150247573852539e-02
2.723307907581329346e-02
1.559761166572570801e-02
4.513472318649291992e-02
1.567018032073974609e-02
1.464131474494934082e-02
8.138090372085571289e-02
8.895426988601684570e-03
7.723733782768249512e-03
1.785475015640258789e-02
1.369130611419677734e-02
3.335544839501380920e-03
5.719900131225585938e-03
2.943432331085205078e-02
4.125716909766197205e-02
1.879268884658813477e-02
3.369152545928955078e-03
9.534068405628204346e-03
3.155356645584106445e-02
1.700299978256225586e-02
2.615842968225479126e-02
5.352419614791870117e-02
4.010856151580810547e-03
4.393522441387176514e-02
4.026848077774047852e-02
6.920397281646728516e-03
2.887398004531860352e-02
7.915824651718139648e-03
1.732230186462402344e-02
1.672953367233276367e-03
1.347224414348602295e-02
1.125264167785644531e-02
4.574109092354774475e-01
9.796982258558273315e-02
9.310168027877807617e-02
2.400642633438110352e-01
1.849655807018280029e-02
1.213790178298950195e-01
1.869404315948486328e-02
1.572433486580848694e-02
3.343993425369262695e-02
1.776510477066040039e-02
1.575378701090812683e-02
2.419769763946533203e-02
3.552728891372680664e-02
5.018815398216247559e-03
5.680119991302490234e-02
6.013214588165283203e-03
9.672440588474273682e-03
4.185375571250915527e-02
2.382528781890869141e-02
1.109243929386138916e-02
5.219042301177978516e-03
3.352463245391845703e-03
1.654258370399475098e-02
2.007470801472663879e-01
8.431553840637207031e-02
7.703128457069396973e-02
9.069566428661346436e-02
1.514949798583984375e-01
3.599101305007934570e-02
4.520422965288162231e-02
5.488896369934082031e-02
3.235024213790893555e-02
5.892296880483627319e-02
3.399074077606201172e-03
6.555616855621337891e-03
3.716909233480691910e-02
2.648246288299560547e-02
2.287328243255615234e-03
9.927207976579666138e-02
2.927777171134948730e-02
3.723478317260742188e-02
6.103269755840301514e-02
1.960813999176025391e-02
7.410347461700439453e-03
2.353051304817199707e-02
1.776444911956787109e-02
1.994180679321289062e-02
2.666372060775756836e-02
1.220490038394927979e-02
7.518291473388671875e-03
2.195835113525390625e-04
1.757542788982391357e-02
3.855264186859130859e-02
1.865094900131225586e-02
3.431010060012340546e-02
7.674515247344970703e-03
1.903492212295532227e-02
2.829614910297095776e-02
3.361856937408447266e-02
2.837240695953369141e-02
1.845280453562736511e-02
3.910988569259643555e-02
2.031445503234863281e-03
1.322112977504730225e-03
7.512545585632324219e-02
1.941311359405517578e-02
1.172691583633422852e-02
1.440891623497009277e-02
3.238707780838012695e-02
2.385233342647552490e-02
4.137648642063140869e-02
3.186821937561035156e-03
3.049454092979431152e-02
8.722543716430664062e-04
4.054313898086547852e-02
1.531192660331726074e-02
4.082688689231872559e-02
1.287031173706054688e-02
1.615387201309204102e-02
1.250892132520675659e-02
9.837210178375244141e-03
3.760509490966796875e-01
5.514410883188247681e-02
9.481954574584960938e-02
1.577120423316955566e-01
2.063439507037401199e-02
7.273989915847778320e-02
3.488856554031372070e-02
4.632609896361827850e-02
3.155201673507690430e-03
1.262384653091430664e-02
3.593899309635162354e-02
7.728964090347290039e-03
4.685282707214355469e-03
2.573580220341682434e-01
6.421571969985961914e-02
3.996449708938598633e-02
1.136423349380493164e-01
1.350447535514831543e-03
8.427214622497558594e-02
5.616068840026855469e-03
1.336108520627021790e-01
1.765757799148559570e-02
2.070355415344238281e-02
1.129118278622627258e-01
7.191479206085205078e-03
6.121838092803955078e-02
3.312674909830093384e-02
3.734189271926879883e-02
1.406276226043701172e-02
4.909139871597290039e-02
3.197485208511352539e-02
8.212983608245849609e-03
1.569203659892082214e-02
3.729313611984252930e-03
4.542410373687744141e-03
2.101545780897140503e-02
2.685242891311645508e-02
3.923159837722778320e-02
1.171016693115234375e-02
4.027399420738220215e-02
3.788745403289794922e-02
1.711866259574890137e-02
1.280236244201660156e-02
9.318649768829345703e-03
6.889146566390991211e-02
1.719485968351364136e-02
3.915667533874511719e-03
8.416235446929931641e-03
4.751592874526977539e-03
2.825951576232910156e-02
1.001971960067749023e-02
2.282346040010452271e-02
2.740395069122314453e-02
8.157134056091308594e-03
2.348362654447555542e-02
5.704641342163085938e-03
2.102935314178466797e-02
1.442833617329597473e-01
2.412796020507812500e-02
3.041571378707885742e-02
8.100882172584533691e-02
1.027220487594604492e-02
4.311883449554443359e-02
2.521753311157226562e-03
1.394101977348327637e-02
3.436565399169921875e-02
4.464682936668395996e-02
2.963736653327941895e-03
1.622599363327026367e-02
1.680839061737060547e-02
1.030809432268142700e-02
3.899157047271728516e-02
1.594901084899902344e-03
3.070652484893798828e-03
2.126598358154296875e-02
1.849466562271118164e-02
2.133893454447388649e-02
2.891153097152709961e-02
6.302237510681152344e-03
4.557409882545471191e-02
1.452785730361938477e-02
2.366840839385986328e-03
1.975304633378982544e-02
1.061150431632995605e-02
9.807765483856201172e-03
7.084646821022033691e-02
1.022261381149291992e-02
3.397852182388305664e-02
3.656838834285736084e-02
4.665702581405639648e-03
2.447485923767089844e-03
3.847777843475341797e-04
1.627986133098602295e-02
2.929115295410156250e-02
3.827241063117980957e-02
3.899097442626953125e-03
2.779859304428100586e-02
1.397162675857543945e-02
5.407755635678768158e-02
6.213879585266113281e-02
1.869493722915649414e-02
5.243006348609924316e-02
3.470420837402343750e-03
3.167718648910522461e-02
3.302415460348129272e-02
6.350278854370117188e-04
1.846011877059936523e-01
3.785506635904312134e-02
1.666703820228576660e-02
1.151124238967895508e-01
3.425419330596923828e-03
6.901487708091735840e-02
1.143550872802734375e-02
2.281305193901062012e-02
3.935220837593078613e-02
2.273857593536376953e-02
3.096804022789001465e-02
3.408938646316528320e-03
2.014100551605224609e-03
3.053316473960876465e-02
2.818495780229568481e-02
6.119370460510253906e-03
2.869290113449096680e-02
2.996808290481567383e-02
9.295821189880371094e-03
1.924800872802734375e-02
1.305438950657844543e-02
3.552913665771484375e-03
3.968685865402221680e-02
1.541556790471076965e-03
4.024899005889892578e-02
9.676158428192138672e-03
1.974851265549659729e-02
4.009267687797546387e-02
3.481853008270263672e-02
1.099281013011932373e-02
7.386833429336547852e-03
6.920278072357177734e-03
3.771482408046722412e-02
1.541817188262939453e-02
3.393733501434326172e-02
3.322690725326538086e-03
1.956932321190834045e-01
8.533912897109985352e-02
4.853191971778869629e-02
1.249827668070793152e-01
7.189273834228515625e-03
5.703896284103393555e-02
2.640077844262123108e-02
2.620238065719604492e-02
1.506358385086059570e-02
1.453601010143756866e-02
3.000034093856811523e-01
9.438627958297729492e-02
8.561117574572563171e-02
1.430097818374633789e-01
2.534985542297363281e-02
9.681448340415954590e-02
1.344022154808044434e-02
4.763936996459960938e-02
1.499953866004943848e-02
3.785340860486030579e-01
6.351834535598754883e-02
1.154459118843078613e-01
1.831668913364410400e-01
1.631438732147216797e-02
1.608988046646118164e-01
3.001767396926879883e-02
4.063135385513305664e-02
2.270281314849853516e-03
6.944254040718078613e-03
5.188584327697753906e-03
1.675558090209960938e-02
5.384614598006010056e-02
2.131873369216918945e-02
5.439621210098266602e-02
4.122305661439895630e-03
1.278722286224365234e-02
2.738124132156372070e-02
3.561764210462570190e-02
3.691750764846801758e-02
1.374757289886474609e-02
3.237701952457427979e-03
1.941230893135070801e-02
3.385138511657714844e-02
4.951044917106628418e-03
4.364383220672607422e-02
1.423120498657226562e-03
2.255195379257202148e-02
8.195370435714721680e-03
1.120454072952270508e-02
5.866196751594543457e-02
2.118335664272308350e-02
8.430004119873046875e-03
1.803624629974365234e-02
2.808064967393875122e-02
3.726983070373535156e-02
2.754980325698852539e-02
4.334316402673721313e-02
1.024800539016723633e-02
4.436314105987548828e-03
5.603672564029693604e-02
1.297694444656372070e-02
3.233784437179565430e-02
5.203587934374809265e-03
1.168894767761230469e-02
3.727275133132934570e-02
4.737682640552520752e-02
3.975957632064819336e-02
4.879254102706909180e-02
7.727123796939849854e-03
3.601020574569702148e-02
5.448651313781738281e-02
2.470615506172180176e-02
9.779632091522216797e-04
8.795201778411865234e-03
4.479110240936279297e-03
5.576878786087036133e-03
1.692259311676025391e-02
1.139706373214721680e-02
1.385456323623657227e-02
1.025217771530151367e-02
2.900809049606323242e-02
1.061153039336204529e-02
3.713899850845336914e-02
2.859789133071899414e-02
3.930503502488136292e-03
8.973896503448486328e-03
4.709666967391967773e-02
1.063623093068599701e-02
5.113828182220458984e-02
4.839110374450683594e-02
1.564035192131996155e-02
4.645645618438720703e-03
9.688019752502441406e-03
3.334251791238784790e-02
4.275885298848152161e-01
1.179029941558837891e-01
6.836743652820587158e-02
1.907910406589508057e-01
3.560304641723632812e-03
1.286628842353820801e-01
2.352394163608551025e-02
2.178329229354858398e-02
1.344853639602661133e-02
4.810333251953125000e-03
3.705459833145141602e-02
2.896481752395629883e-02
2.159955911338329315e-02
5.034899711608886719e-02
5.057930946350097656e-03
7.718775421380996704e-03
1.376497745513916016e-02
1.132869720458984375e-02
8.047511801123619080e-03
1.873958110809326172e-02
5.677759647369384766e-02
1.764208823442459106e-02
8.163902163505554199e-02
1.020115613937377930e-02
3.463897109031677246e-02
1.050701737403869629e-02
4.340177774429321289e-02
5.466625094413757324e-03
3.043469563126564026e-01
9.855115413665771484e-02
8.936667442321777344e-02
8.303239941596984863e-02
1.137953996658325195e-02
9.694018959999084473e-02
6.219148635864257812e-04
1.040774583816528320e-02
2.756714820861816406e-04
1.331580057740211487e-02
2.591246366500854492e-02
4.566729068756103516e-03
2.580523199867457151e-02
1.314580440521240234e-02
2.565658092498779297e-02
3.807694464921951294e-02
2.863359451293945312e-02
4.595863819122314453e-02
2.674435824155807495e-02
4.269281029701232910e-02
1.777476072311401367e-02
1.357844546437263489e-01
9.048134088516235352e-02
7.455223798751831055e-02
7.769034802913665771e-02
1.375384628772735596e-02
5.202430486679077148e-02
2.821722626686096191e-02
1.987687721848487854e-01
7.484608888626098633e-02
2.131405472755432129e-02
7.824277132749557495e-02
8.147120475769042969e-03
1.206683516502380371e-01
8.184585720300674438e-03
6.227356195449829102e-02
3.211736679077148438e-02
2.953557297587394714e-03
3.727936744689941406e-02
6.526654958724975586e-02
1.089366152882575989e-03
3.250426054000854492e-02
2.588009834289550781e-02
1.409457623958587646e-02
2.499690651893615723e-02
2.617657184600830078e-03
8.537560701370239258e-03
1.947346329689025879e-02
2.444684505462646484e-03
2.676278352737426758e-02
2.051323652267456055e-03
3.757768869400024414e-02
3.005304932594299316e-02
3.308013081550598145e-03
2.771013975143432617e-02
3.695195913314819336e-02
1.305671781301498413e-02
7.910966873168945312e-03
3.034853935241699219e-02
3.019116446375846863e-02
9.244620800018310547e-03
1.888543367385864258e-02
5.448676645755767822e-02
1.596480607986450195e-02
1.726698875427246094e-02
3.167762607336044312e-02
2.409678697586059570e-02
6.309634447097778320e-02
5.287286639213562012e-02
4.324615001678466797e-04
2.970629930496215820e-02
5.772116780281066895e-02
1.717844605445861816e-02
3.788548707962036133e-02
1.298579573631286621e-02
1.761445403099060059e-02
4.540979862213134766e-03
1.207104325294494629e-02
1.046180725097656250e-03
6.462144851684570312e-02
1.071301102638244629e-02
1.339414194226264954e-01
2.682203054428100586e-02
3.542786836624145508e-02
1.793741807341575623e-02
3.126633167266845703e-02
3.036296367645263672e-02
4.431205987930297852e-02
6.099760532379150391e-03
6.614923477172851562e-03
1.128973066806793213e-02
2.966171503067016602e-02
2.268660068511962891e-02
2.176588773727416992e-02
8.580777049064636230e-02
1.141035556793212891e-02
1.459607481956481934e-02
4.258650317788124084e-01
1.031262874603271484e-01
6.986266374588012695e-02
1.798072159290313721e-01
1.088988780975341797e-02
1.056327819824218750e-01
4.473562538623809814e-02
3.141230344772338867e-02
1.682937145233154297e-04
5.186552926898002625e-02
5.142152309417724609e-03
1.291632652282714844e-03
8.854141086339950562e-02
1.923716068267822266e-02
5.556803941726684570e-02
6.640842929482460022e-02
3.833770751953125000e-04
7.883906364440917969e-03
3.137215971946716309e-02
1.513123512268066406e-02
5.842387676239013672e-03
2.079627290368080139e-02
7.740527391433715820e-03
9.185135364532470703e-03
9.881764650344848633e-03
3.303226828575134277e-02
3.276294469833374023e-02
2.311192229390144348e-01
9.400635957717895508e-02
8.664131164550781250e-02
1.571487784385681152e-01
7.019977271556854248e-02
6.062352657318115234e-02
4.671644046902656555e-01
1.336206495761871338e-01
7.952111959457397461e-02
2.385497689247131348e-01
3.601983562111854553e-02
1.585395336151123047e-01
4.740744829177856445e-02
1.941980049014091492e-02
1.366150379180908203e-02
4.533696174621582031e-02
3.896791487932205200e-03
3.299754858016967773e-02
4.918694496154785156e-03
3.084097802639007568e-02
4.749086499214172363e-02
2.626150846481323242e-02
1.166941225528717041e-02
1.106700301170349121e-02
1.307660341262817383e-02
7.633492350578308105e-03
1.205390691757202148e-02
4.695487022399902344e-02
1.079741120338439941e-02
1.995553448796272278e-01
6.432026624679565430e-02
5.163516774773597717e-01
4.830479621887207031e-02
1.064796447753906250e-01
1.304025053977966309e-01
1.126450672745704651e-02
1.595515608787536621e-01
3.805911540985107422e-02
1.533636078238487244e-02
3.298461437225341797e-03
1.429992914199829102e-02
1.432275772094726562e-02
2.896481752395629883e-02
3.598409891128540039e-02
9.474880993366241455e-03
1.471245288848876953e-02
3.451102972030639648e-02
1.760454475879669189e-02
2.999913692474365234e-02
4.198318719863891602e-02
3.831049799919128418e-02
2.472019195556640625e-02
1.310187578201293945e-02
1.371887326240539551e-02
8.325383067131042480e-03
3.298830986022949219e-02
5.073672533035278320e-02
1.142264902591705322e-02
2.676284313201904297e-02
7.386386394500732422e-03
1.761108264327049255e-02
3.733950853347778320e-02
8.481562137603759766e-03
2.819871529936790466e-02
2.510130405426025391e-03
3.038239479064941406e-02
9.465817362070083618e-03
6.753802299499511719e-03
1.785213947296142578e-01
1.880972087383270264e-02
2.123484015464782715e-02
7.622665166854858398e-02
1.781561225652694702e-02
9.516161680221557617e-02
4.529380798339843750e-02
4.618301987648010254e-03
8.044272661209106445e-03
5.373454093933105469e-02
5.040034651756286621e-02
2.684821188449859619e-02
1.575469970703125000e-02
2.204471826553344727e-02
3.157757967710494995e-02
4.386079311370849609e-02
6.594896316528320312e-03
4.982112650759518147e-02
1.859903335571289062e-03
5.226457118988037109e-02
2.350150607526302338e-03
2.201879024505615234e-02
2.454221248626708984e-02
9.974092245101928711e-03
1.192510128021240234e-03
3.410011529922485352e-02
5.025041103363037109e-02
3.672578930854797363e-02
2.363669872283935547e-02
2.523078024387359619e-02
1.444518566131591797e-04
1.767444610595703125e-02
3.884419798851013184e-02
2.941056266427040100e-01
8.827143907546997070e-02
1.201992928981781006e-01
1.337046325206756592e-01
2.472376823425292969e-02
9.747961163520812988e-02
1.341775059700012207e-03
6.278920173645019531e-02
1.365417242050170898e-02
1.657502725720405579e-02
8.529901504516601562e-03
1.789820194244384766e-02
2.792609483003616333e-02
2.191483974456787109e-02
1.836836338043212891e-02
1.687849313020706177e-02
2.676826715469360352e-02
1.688009500503540039e-02
1.897082477807998657e-02
1.883581280708312988e-02
3.982943296432495117e-02
2.952691167593002319e-02
2.917876839637756348e-02
4.231727123260498047e-02
5.929842591285705566e-02
2.290582656860351562e-02
8.296096324920654297e-02
2.828413248062133789e-02
1.182778179645538330e-02
2.319210767745971680e-02
7.881045341491699219e-03
1.883587241172790527e-02
3.288364410400390625e-02
6.718039512634277344e-04
7.897343486547470093e-03
5.366516113281250000e-02
2.107036113739013672e-02
3.063386306166648865e-02
1.369494199752807617e-02
5.797773599624633789e-02
1.350680254399776459e-01
3.592926263809204102e-02
3.793454170227050781e-02
8.936761319637298584e-02
2.564358711242675781e-02
2.252376079559326172e-02
4.458780586719512939e-02
1.169162988662719727e-02
1.878082752227783203e-03
2.217182517051696777e-02
2.235284447669982910e-02
5.989074707031250000e-02
7.265824079513549805e-02
4.792404174804687500e-02
3.145372867584228516e-02
1.518917083740234375e-02
1.638782769441604614e-02
2.626419067382812500e-02
6.020188331604003906e-02
8.918598294258117676e-03
7.710510492324829102e-02
3.127604722976684570e-02
4.295160900801420212e-02
1.628232002258300781e-02
6.839668750762939453e-02
2.469462528824806213e-02
4.031792283058166504e-01
1.399002671241760254e-01
8.971680700778961182e-02
2.261472940444946289e-01
1.037878990173339844e-01
1.750924438238143921e-01
1.030105948448181152e-01
1.909649372100830078e-02
2.785027027130126953e-04
2.373486757278442383e-03
8.247554302215576172e-03
3.250953927636146545e-01
4.419863224029541016e-02
8.955144882202148438e-02
2.142831683158874512e-01
3.706346452236175537e-02
9.792858362197875977e-02
1.426970958709716797e-02
1.632013171911239624e-02
5.741488933563232422e-02
3.742629289627075195e-01
6.787899881601333618e-03
5.808252096176147461e-02
2.105326056480407715e-01
4.991773515939712524e-02
1.129057407379150391e-01
1.265549659729003906e-02
1.540735363960266113e-03
2.586817741394042969e-02
4.839444160461425781e-02
3.746226429939270020e-03
3.512114286422729492e-03
2.430456876754760742e-02
2.199910581111907959e-02
3.142684772610664368e-01
7.284766435623168945e-02
4.121708646416664124e-01
4.247161746025085449e-02
1.118084788322448730e-01
8.473685383796691895e-02
1.290406659245491028e-01
1.191866397857666016e-01
4.349988698959350586e-02
5.774420499801635742e-02
1.567965745925903320e-02
4.480731487274169922e-02
5.018152296543121338e-04
1.734727621078491211e-02
2.021944522857666016e-02
5.339890345931053162e-02
4.321998357772827148e-02
4.098862409591674805e-02
7.168449461460113525e-03
1.823127269744873047e-03
8.174180984497070312e-04
2.560358494520187378e-02
2.096241712570190430e-02
2.038383483886718750e-02
2.406525611877441406e-02
3.361880779266357422e-03
4.560136795043945312e-02
3.757413104176521301e-01
1.294367760419845581e-01
7.817953824996948242e-02
1.545660197734832764e-01
5.106553435325622559e-03
8.252757787704467773e-02
6.283462047576904297e-03
2.275887876749038696e-02
3.382205963134765625e-03
1.386028528213500977e-02
2.216219902038574219e-03
3.401839733123779297e-02
1.460176706314086914e-02
3.330293670296669006e-02
4.372531175613403320e-02
4.013180732727050781e-04
1.782771944999694824e-02
6.382733583450317383e-02
1.774871349334716797e-02
2.796743810176849365e-02
1.194584369659423828e-02
1.970547437667846680e-02
5.264501273632049561e-02
5.204567313194274902e-02
1.640582084655761719e-02
1.666086912155151367e-02
2.449168264865875244e-02
2.310401201248168945e-02
1.620063185691833496e-02
1.015389710664749146e-02
6.434220075607299805e-02
4.693201780319213867e-01
1.138466075062751770e-01
1.479645967483520508e-01
2.108681797981262207e-01
4.004437103867530823e-02
1.435793042182922363e-01
1.733541488647460938e-02
2.540089096873998642e-02
3.148949146270751953e-02
9.897112846374511719e-03
1.666465029120445251e-02
2.544936537742614746e-02
1.195971965789794922e-01
2.550333738327026367e-02
2.582812309265136719e-02
1.016183495521545410e-01
3.364312648773193359e-02
6.110185384750366211e-02
1.149410009384155273e-02
4.498547315597534180e-02
3.609135746955871582e-03
5.747556686401367188e-03
3.209882974624633789e-02
2.825695276260375977e-02
2.970105409622192383e-02
4.910111427307128906e-03
1.222649216651916504e-02
2.664089202880859375e-03
2.450615167617797852e-02
3.850651532411575317e-02
3.111494779586791992e-01
8.036744594573974609e-02
3.306337259709835052e-02
1.830958127975463867e-01
1.760965585708618164e-02
1.218498721718788147e-01
1.580753922462463379e-02
3.136634826660156250e-02
2.661566436290740967e-02
4.310590028762817383e-02
2.311229705810546875e-03
2.854491770267486572e-02
7.161706686019897461e-03
4.408752918243408203e-02
2.449330687522888184e-02
9.111627936363220215e-03
1.544195413589477539e-02
1.260057091712951660e-02
3.919512033462524414e-03
3.392523527145385742e-02
1.635098457336425781e-02
4.143491387367248535e-04
3.605729341506958008e-02
3.642499446868896484e-02
2.126728370785713196e-02
2.885177135467529297e-01
6.814491748809814453e-02
4.774637334048748016e-02
1.414549946784973145e-01
4.192805290222167969e-02
8.816077932715415955e-02
2.809953689575195312e-02
1.260006427764892578e-02
1.537922695279121399e-01
4.177704453468322754e-02
2.548581361770629883e-02
6.615518033504486084e-02
4.329589009284973145e-02
5.759519338607788086e-02
2.705779671669006348e-02
1.041266322135925293e-02
1.258552074432373047e-02
3.894630074501037598e-02
3.202628344297409058e-02
1.246720552444458008e-02
2.426469326019287109e-02
1.401297748088836670e-02
6.136119365692138672e-03
9.916007518768310547e-03
3.097214922308921814e-02
1.773184537887573242e-02
2.341815233230590820e-01
5.192106589674949646e-02
7.503068447113037109e-02
1.233457326889038086e-01
4.664940387010574341e-02
5.761891603469848633e-02
7.486104965209960938e-03
1.261043548583984375e-02
4.959765076637268066e-02
6.956934928894042969e-02
2.847976982593536377e-02
6.432339549064636230e-02
7.170796394348144531e-02
6.144881248474121094e-03
2.105584740638732910e-02
1.053708791732788086e-02
3.340870141983032227e-03
3.447436541318893433e-02
5.035161972045898438e-03
8.000612258911132812e-03
9.844124317169189453e-03
5.376756191253662109e-03
1.331216096878051758e-02
6.018867716193199158e-03
3.178203105926513672e-02
1.385569572448730469e-03
2.774514164775609970e-02
3.833121061325073242e-01
9.519869089126586914e-02
1.377251818776130676e-01
2.082842588424682617e-01
1.002806425094604492e-02
1.308795511722564697e-01
4.744991660118103027e-02
1.199799776077270508e-02
2.085027098655700684e-02
6.057262420654296875e-02
1.198375225067138672e-02
6.557315587997436523e-03
2.870470285415649414e-03
2.890014648437500000e-02
5.485266447067260742e-03
8.563332259654998779e-03
4.599869251251220703e-03
2.438712120056152344e-02
2.476428076624870300e-02
3.208965063095092773e-02
2.388256788253784180e-02
2.739390358328819275e-03
1.650851964950561523e-02
7.610976696014404297e-03
4.767899960279464722e-02
6.125402450561523438e-02
3.212738037109375000e-02
1.774862408638000488e-02
1.248666644096374512e-02
2.318871021270751953e-02
4.819579422473907471e-03
2.379846572875976562e-02
6.238698959350585938e-02
2.394238114356994629e-02
3.320077061653137207e-02
1.504421234130859375e-02
9.756714105606079102e-03
2.809371054172515869e-02
3.653746843338012695e-02
2.153852581977844238e-02
2.843737602233886719e-03
3.920972347259521484e-03
4.779176712036132812e-01
1.298621967434883118e-01
1.278604865074157715e-01
2.006403803825378418e-01
3.226120397448539734e-02
1.418393254280090332e-01
1.065629720687866211e-02
2.647365629673004150e-02
1.075154542922973633e-02
1.733823418617248535e-01
4.816283285617828369e-02
3.984066843986511230e-02
8.991986513137817383e-02
5.631101876497268677e-02
4.307678341865539551e-02
3.864121437072753906e-02
1.848676800727844238e-02
4.144430160522460938e-03
2.291625738143920898e-02
1.621922850608825684e-02
8.072659373283386230e-03
1.281857490539550781e-03
3.022444248199462891e-02
5.363593995571136475e-02
1.946222782135009766e-02
3.359878063201904297e-02
2.927031368017196655e-03
8.050739765167236328e-03
9.751439094543457031e-03
1.772704720497131348e-02
2.081859111785888672e-02
2.583720088005065918e-01
6.278755888342857361e-02
3.038585186004638672e-03
1.338902115821838379e-01
3.920444101095199585e-02
1.061208546161651611e-01
7.067263126373291016e-03
6.575638800859451294e-02
5.554342269897460938e-02
1.141047477722167969e-02
3.778176009654998779e-02
1.557871699333190918e-03
4.756331443786621094e-02
1.875513792037963867e-02
9.673580527305603027e-03
1.029258966445922852e-02
1.621994376182556152e-02
1.920739561319351196e-02
4.093408584594726562e-03
1.035004854202270508e-02
5.887567996978759766e-03
1.922291517257690430e-02
4.175901412963867188e-03
1.279104314744472504e-02
4.719406366348266602e-02
1.759690046310424805e-02
3.815249353647232056e-02
1.196885108947753906e-02
2.058196067810058594e-02
2.040890604257583618e-02
2.929455041885375977e-02
7.345855236053466797e-03
3.163947910070419312e-02
1.924157142639160156e-03
1.084458827972412109e-02
3.854110836982727051e-03
3.548762202262878418e-02
1.448392868041992188e-02
6.425708532333374023e-03
5.197346210479736328e-03
2.405613660812377930e-02
1.681271195411682129e-02
4.033281654119491577e-02
6.030863523483276367e-02
1.389926671981811523e-02
4.099700599908828735e-03
4.674732685089111328e-03
1.330429315567016602e-02
2.209838479757308960e-02
3.708386421203613281e-02
4.472804069519042969e-02
6.773221679031848907e-02
1.970827579498291016e-02
4.138106107711791992e-02
4.658526182174682617e-02
2.116695046424865723e-02
6.754237413406372070e-02
2.616691589355468750e-02
1.610738039016723633e-02
1.219612360000610352e-02
8.609235286712646484e-03
6.671696901321411133e-03
4.931980371475219727e-02
3.288996219635009766e-02
1.379200816154479980e-02
6.507855653762817383e-02
9.501665830612182617e-03
2.428294718265533447e-02
7.535517215728759766e-03
3.393381834030151367e-02
1.027408912777900696e-01
2.284556627273559570e-02
3.368967771530151367e-02
2.379769273102283478e-02
3.084978461265563965e-01
9.476840496063232422e-02
1.296966522932052612e-02
1.892619729042053223e-01
5.117940902709960938e-02
1.792035698890686035e-01
2.863591909408569336e-02
2.395331859588623047e-03
2.077776566147804260e-01
8.908501267433166504e-02
4.759687185287475586e-02
6.474994122982025146e-02
4.327183961868286133e-02
4.385471343994140625e-03
5.200982093811035156e-03
5.545005202293395996e-03
2.349072694778442383e-02
2.074509859085083008e-02
1.559252291917800903e-02
1.795476675033569336e-02
2.941006422042846680e-02
7.189236581325531006e-03
1.052284240722656250e-02
1.577460765838623047e-02
4.574385378509759903e-02
9.099841117858886719e-04
3.792035579681396484e-02
4.277069121599197388e-02
4.485452175140380859e-02
4.350996017456054688e-02
2.936393022537231445e-03
5.257833003997802734e-02
3.943073749542236328e-02
2.531267702579498291e-02
2.230018377304077148e-03
2.020895481109619141e-02
3.823816776275634766e-03
3.124760091304779053e-02
5.294024944305419922e-03
2.151614427566528320e-02
6.349682807922363281e-04
1.653254032135009766e-02
2.751493453979492188e-02
3.398010879755020142e-02
1.864629983901977539e-02
1.374483108520507812e-02
1.788851246237754822e-02
1.119816303253173828e-02
6.221234798431396484e-03
2.795125450938940048e-02
1.853507757186889648e-02
3.965324163436889648e-02
3.673146665096282959e-02
1.742124557495117188e-02
2.494311332702636719e-02
3.091270476579666138e-02
5.384851694107055664e-01
1.388540863990783691e-01
1.111784428358078003e-01
2.855545580387115479e-01
2.677088975906372070e-02
8.739817887544631958e-02
6.280234456062316895e-02
4.940271377563476562e-02
9.351480007171630859e-02
4.778358340263366699e-02
6.713724136352539062e-02
5.305168032646179199e-02
6.017468869686126709e-03
1.918858289718627930e-02
3.169471025466918945e-02
3.061926364898681641e-02
7.217109203338623047e-03
1.906394958496093750e-03
1.846908032894134521e-02
3.435599803924560547e-02
2.471959590911865234e-02
6.214975472539663315e-02
5.980664491653442383e-02
8.690237998962402344e-03
2.133469283580780029e-02
2.307820320129394531e-02
3.125053644180297852e-02
2.074843645095825195e-02
2.745747566223144531e-03
3.747719526290893555e-02
1.283825933933258057e-02
1.836965978145599365e-02
2.160024642944335938e-02
7.205009460449218750e-03
6.336376070976257324e-03
1.706606149673461914e-02
8.945763111114501953e-02
2.539286017417907715e-02
5.919218063354492188e-03
4.454195499420166016e-02
4.475917667150497437e-03
1.413047313690185547e-02
1.193046569824218750e-02
5.489408969879150391e-03
5.563974380493164062e-03
1.327389478683471680e-02
7.293272763490676880e-02
1.778393983840942383e-02
5.168437957763671875e-03
4.323595017194747925e-02
3.722041845321655273e-02
8.406519889831542969e-03
3.024739027023315430e-02
4.706913232803344727e-02
5.533874034881591797e-03
1.154306530952453613e-02
3.981187939643859863e-02
1.404023170471191406e-02
3.173857927322387695e-02
4.957765340805053711e-04
8.880418539047241211e-02
7.392290234565734863e-02
1.791334897279739380e-02
6.237906217575073242e-02
8.618831634521484375e-05
4.077441990375518799e-02
1.297694444656372070e-02
3.007370233535766602e-02
7.767546921968460083e-03
4.209345579147338867e-02
7.153570652008056641e-03
1.297519356012344360e-02
2.013510465621948242e-02
2.551823854446411133e-02
2.606044709682464600e-02
1.258131861686706543e-02
2.584362030029296875e-02
4.979163408279418945e-03
8.885592222213745117e-03
4.839539527893066406e-03
6.669759750366210938e-04
4.489329457283020020e-02
3.044027090072631836e-02
3.546780347824096680e-02
3.224134445190429688e-03
1.457798480987548828e-02
3.592342138290405273e-03
4.693330824375152588e-02
1.792097091674804688e-02
3.621387481689453125e-02
2.977065742015838623e-04
5.030900239944458008e-02
2.220815420150756836e-02
5.212612450122833252e-03
1.604735851287841797e-03
5.103707313537597656e-03
1.907264441251754761e-02
9.512960910797119141e-03
4.281675815582275391e-02
9.695798158645629883e-03
1.377004384994506836e-02
2.724140882492065430e-02
4.786057025194168091e-02
5.445426702499389648e-02
8.238434791564941406e-03
2.299624755978584290e-01
4.212915897369384766e-02
3.848582506179809570e-02
1.265447139739990234e-01
1.040406525135040283e-02
1.203947067260742188e-01
1.801198720932006836e-02
3.434536606073379517e-02
3.896546363830566406e-02
3.958785533905029297e-02
6.772466003894805908e-03
5.086791515350341797e-02
1.984804868698120117e-02
3.805094212293624878e-02
2.152818441390991211e-02
1.380598545074462891e-02
2.458365634083747864e-02
2.112257480621337891e-02
1.403921842575073242e-02
1.779720932245254517e-02
7.635891437530517578e-03
4.574656486511230469e-02
3.385335206985473633e-03
2.574127912521362305e-02
3.487849235534667969e-02
1.524262130260467529e-02
1.024883985519409180e-02
1.204043626785278320e-02
1.811072230339050293e-02
3.119984269142150879e-02
1.964920759201049805e-02
6.018042564392089844e-03
1.211857274174690247e-01
2.627032995223999023e-02
4.243791103363037109e-03
5.076183006167411804e-02
6.338357925415039062e-04
4.956787824630737305e-02
3.669520840048789978e-03
2.823770046234130859e-02
1.075637340545654297e-02
3.807940334081649780e-02
1.882779598236083984e-02
1.480096578598022461e-02
1.015111878514289856e-01
5.686736106872558594e-02
5.840808153152465820e-02
6.033374369144439697e-02
2.567079663276672363e-02
5.766928195953369141e-03
2.680663242936134338e-01
8.387207984924316406e-02
5.377942323684692383e-02
1.181577146053314209e-01
1.360715925693511963e-02
5.874592065811157227e-02
1.186981797218322754e-02
2.422124147415161133e-03
2.047443389892578125e-02
2.357280254364013672e-02
2.454020828008651733e-02
6.299513578414916992e-02
6.508588790893554688e-03
9.061582386493682861e-03
1.900082826614379883e-02
3.293311595916748047e-02
6.691866368055343628e-02
2.362668514251708984e-03
6.125569343566894531e-04
4.197657108306884766e-04
8.889853954315185547e-03
4.342198371887207031e-03
2.998051047325134277e-02
2.388864755630493164e-03
1.375544071197509766e-02
5.288764834403991699e-03
2.904811501502990723e-02
8.707404136657714844e-03
1.964902877807617188e-02
6.799802184104919434e-03
1.123547554016113281e-04
2.528694272041320801e-02
2.141256630420684814e-02
6.010591983795166016e-03
3.282850980758666992e-02
1.455063931643962860e-02
5.041301250457763672e-03
3.187352418899536133e-02
5.311596021056175232e-02
2.474641799926757812e-02
1.756417751312255859e-02
3.870557248592376709e-02
5.307877063751220703e-02
3.405117988586425781e-02
1.579876244068145752e-02
1.209953427314758301e-02
3.214871883392333984e-02
3.518685698509216309e-02
2.687278389930725098e-02
6.316483020782470703e-03
9.245082736015319824e-03
5.663633346557617188e-03
4.735273122787475586e-02
2.779117226600646973e-02
1.275859773159027100e-02
1.739144325256347656e-03
5.323499441146850586e-02
3.802827000617980957e-02
5.262434482574462891e-03
4.853916168212890625e-02
9.913802146911621094e-03
3.415030241012573242e-02
1.020014286041259766e-03
1.686775870621204376e-02
1.013213396072387695e-02
4.527211189270019531e-02
2.096512913703918457e-02
7.116377353668212891e-03
4.034519195556640625e-03
4.138350486755371094e-03
3.769791126251220703e-02
1.389884948730468750e-02
1.489987969398498535e-02
3.245177865028381348e-02
2.304315567016601562e-04
2.383291721343994141e-03
4.337936639785766602e-02
3.842580318450927734e-02
1.581957936286926270e-02
3.005777299404144287e-02
5.073791742324829102e-02
4.637884572148323059e-01
1.794400662183761597e-01
1.415719389915466309e-01
2.365877032279968262e-01
5.273656547069549561e-02
1.354802250862121582e-01
1.528382301330566406e-02
2.254572696983814240e-02
8.901298046112060547e-03
5.002260208129882812e-03
6.636032834649085999e-03
9.755849838256835938e-03
6.908178329467773438e-03
1.502829045057296753e-02
1.051422953605651855e-02
1.608020067214965820e-02
5.532645434141159058e-02
2.035242319107055664e-02
7.269918918609619141e-03
1.639485359191894531e-03
2.012529969215393066e-02
3.293693065643310547e-03
2.508014440536499023e-03
2.466109395027160645e-02
2.543610334396362305e-02
1.773992180824279785e-02
4.509910941123962402e-04
2.812969684600830078e-02
6.380081176757812500e-03
6.504911929368972778e-02
3.800833225250244141e-02
7.810968160629272461e-02
5.029028281569480896e-03
2.248352766036987305e-02
4.352474212646484375e-02
5.702931433916091919e-03
2.266299724578857422e-02
4.369008541107177734e-02
5.282074213027954102e-02
1.574486494064331055e-03
2.236843109130859375e-02
4.049549996852874756e-02
4.580140113830566406e-03
3.548401594161987305e-02
4.237127304077148438e-02
2.778149619698524475e-01
9.072065353393554688e-02
9.245014190673828125e-02
1.713643521070480347e-01
8.583009243011474609e-03
1.136558949947357178e-01
1.304261386394500732e-03
2.684837579727172852e-02
3.926336765289306641e-02
5.383705347776412964e-02
3.895425796508789062e-02
2.718973159790039062e-02
2.391208149492740631e-02
1.699733734130859375e-02
8.061647415161132812e-03
2.665127580985426903e-02
4.268169403076171875e-02
2.116608619689941406e-02
2.363510802388191223e-02
4.463601112365722656e-02
3.956478834152221680e-02
3.715727478265762329e-02
2.553659677505493164e-02
7.080912590026855469e-03
9.075209498405456543e-03
2.406737208366394043e-02
6.399035453796386719e-03
1.274731755256652832e-02
2.485932409763336182e-02
1.794397830963134766e-03
2.504742145538330078e-02
6.979033350944519043e-04
1.396542787551879883e-02
1.943129301071166992e-02
6.666690111160278320e-03
8.562505245208740234e-03
1.548421382904052734e-02
3.284965455532073975e-02
1.866662502288818359e-02
7.692873477935791016e-03
3.797282651066780090e-02
6.365048885345458984e-02
1.070517301559448242e-02
1.767618581652641296e-02
5.795392394065856934e-02
3.701519966125488281e-02
2.452003955841064453e-02
4.285209551453590393e-01
5.589473247528076172e-02
3.101672604680061340e-01
1.596111953258514404e-01
7.291030883789062500e-02
3.537973240017890930e-01
7.620637118816375732e-02
1.698946356773376465e-01
1.806587874889373779e-01
1.405386626720428467e-02
9.596329927444458008e-02
9.613931179046630859e-03
4.267583135515451431e-02
1.837915182113647461e-02
1.372545957565307617e-02
3.676686063408851624e-02
1.219719648361206055e-02
4.676961898803710938e-02
2.597238821908831596e-02
1.059198379516601562e-02
3.405392169952392578e-03
2.885373681783676147e-02
8.978396654129028320e-03
2.082031965255737305e-02
2.094744145870208740e-02
3.899771347641944885e-01
1.318115592002868652e-01
1.263526529073715210e-01
1.724900603294372559e-01
6.513607501983642578e-02
1.292175054550170898e-01
2.496932446956634521e-02
6.164175271987915039e-02
1.474902033805847168e-02
2.725789695978164673e-02
4.455387592315673828e-03
2.279317378997802734e-02
1.288071274757385254e-02
2.919286489486694336e-02
1.475536823272705078e-02
1.992671936750411987e-02
4.530435800552368164e-02
1.165807247161865234e-02
4.950843751430511475e-03
4.988986253738403320e-02
1.175338029861450195e-02
2.745396643877029419e-02
5.500968396663665771e-01
9.828728437423706055e-02
1.162798255681991577e-01
2.524119913578033447e-01
2.457439899444580078e-02
1.144981831312179565e-01
6.194727122783660889e-02
4.091799259185791016e-03
3.436107710003852844e-01
5.347847938537597656e-02
1.211107969284057617e-01
1.414248943328857422e-01
2.599561959505081177e-02
1.204907894134521484e-01
2.994060516357421875e-03
2.403926104307174683e-02
5.809426307678222656e-03
2.525258064270019531e-02
1.896896585822105408e-02
6.490588188171386719e-03
2.073484659194946289e-02
3.338587284088134766e-02
2.511739730834960938e-04
1.325392723083496094e-02
3.385924547910690308e-02
7.476210594177246094e-03
1.589250564575195312e-02
2.057898044586181641e-02
2.445998787879943848e-02
2.911877632141113281e-02
4.550990462303161621e-02
6.745636463165283203e-03
3.747588396072387695e-02
3.576278686523437500e-04
3.602221608161926270e-03
1.500713825225830078e-02
3.626340627670288086e-02
7.149145007133483887e-03
2.784144878387451172e-02
1.630055904388427734e-02
1.997686177492141724e-02
5.616945028305053711e-02
3.762423992156982422e-02
8.962634950876235962e-03
2.000302076339721680e-02
1.458728313446044922e-02
1.197059676051139832e-01
2.834612131118774414e-02
3.265553712844848633e-02
4.706527292728424072e-02
1.951456069946289062e-03
2.354115247726440430e-02
2.242797613143920898e-02
1.117599010467529297e-02
1.140272617340087891e-02
1.201930642127990723e-02
8.075743913650512695e-03
3.344237804412841797e-02
2.825450897216796875e-02
2.212363481521606445e-02
1.900118589401245117e-02
1.502615213394165039e-02
4.354312270879745483e-02
1.754575967788696289e-02
9.727001190185546875e-03
1.475116610527038574e-02
2.140277624130249023e-02
2.282619476318359375e-02
2.257041633129119873e-02
2.273917198181152344e-02
4.334723949432373047e-02
1.773377135396003723e-02
1.507288217544555664e-02
1.606962084770202637e-01
4.426017403602600098e-05
4.416662454605102539e-02
6.601428985595703125e-02
3.649951517581939697e-02
7.054284214973449707e-02
3.909116983413696289e-02
2.456985414028167725e-02
1.828721165657043457e-02
3.304421901702880859e-03
2.204364538192749023e-02
2.287411689758300781e-02
6.044363975524902344e-02
3.486731648445129395e-02
1.289653852581977844e-01
5.035436153411865234e-02
3.801041841506958008e-02
6.830869615077972412e-02
2.168238162994384766e-03
4.315418004989624023e-02
3.691892698407173157e-02
9.739995002746582031e-03
1.533198356628417969e-02
2.385081723332405090e-02
1.579093933105468750e-02
2.241981029510498047e-02
1.093615368008613586e-01
8.437272906303405762e-02
1.978200674057006836e-02
2.078567445278167725e-02
5.378946661949157715e-02
4.184031486511230469e-02
2.001225948333740234e-02
2.676671743392944336e-02
7.390022277832031250e-03
2.915322780609130859e-02
4.654899239540100098e-03
7.013320922851562500e-03
6.440550088882446289e-02
2.088673412799835205e-03
3.431379795074462891e-03
3.261077404022216797e-02
5.414736818056553602e-02
5.806267261505126953e-03
1.544082164764404297e-02
1.363945379853248596e-02
2.831166982650756836e-02
2.491617202758789062e-02
8.925933390855789185e-03
9.125471115112304688e-05
3.326225280761718750e-02
2.883992344141006470e-02
1.793575286865234375e-02
3.121334314346313477e-02
2.830538153648376465e-02
2.980798482894897461e-03
1.504802703857421875e-02
1.738812029361724854e-02
1.185232400894165039e-02
3.435188531875610352e-02
1.809227466583251953e-02
3.694792091846466064e-02
9.887099266052246094e-03
2.571493387222290039e-02
8.664771914482116699e-03
1.254898309707641602e-02
2.834808826446533203e-02
2.069849893450737000e-02
4.215478897094726562e-03
3.369015455245971680e-02
9.186893701553344727e-03
4.899966716766357422e-02
3.778940439224243164e-02
1.244467049837112427e-01
5.616950988769531250e-02
7.859110832214355469e-03
3.158245235681533813e-03
3.302216529846191406e-03
9.405952692031860352e-02
1.663777232170104980e-02
3.900781273841857910e-02
1.515924930572509766e-02
4.341366887092590332e-02
2.741210162639617920e-02
5.454385280609130859e-02
4.540681838989257812e-02
2.615779638290405273e-02
4.992133378982543945e-02
9.844571352005004883e-03
4.824131727218627930e-03
1.193106174468994141e-02
2.891361713409423828e-03
2.161004766821861267e-02
8.397281169891357422e-02
2.956002950668334961e-02
1.138021796941757202e-02
2.285462617874145508e-02
3.224951028823852539e-02
5.683654919266700745e-03
3.872723579406738281e-01
8.640652894973754883e-02
1.366113722324371338e-01
