# {'window': 18, 'n_steps': 2, 'lags': 4, 'contam': 0.9715678706268296}
2.193114161491394043e-01
1.423617601394653320e-01
1.029683649539947510e-02
1.776418089866638184e-02
5.015134811401367188e-04
1.843969523906707764e-02
1.540538668632507324e-02
1.069116592407226562e-02
3.446286916732788086e-02
3.237281739711761475e-02
9.436726570129394531e-03
4.700839519500732422e-03
3.186777979135513306e-02
2.189451456069946289e-02
6.313407421112060547e-02
7.111873477697372437e-02
2.219921350479125977e-02
2.945393323898315430e-02
2.274314314126968384e-02
2.953171730041503906e-02
1.380699872970581055e-02
2.171716839075088501e-02
7.085859775543212891e-03
2.589833736419677734e-02
3.672026097774505615e-03
4.777663946151733398e-02
2.236098051071166992e-02
4.865069687366485596e-02
6.683796644210815430e-03
1.159650087356567383e-02
1.736319065093994141e-02
1.343408226966857910e-02
2.184170484542846680e-02
2.792060375213623047e-02
3.989361226558685303e-02
5.042803287506103516e-02
1.894748210906982422e-02
1.848508417606353760e-02
8.927106857299804688e-03
5.162841081619262695e-02
3.312927484512329102e-02
1.499944925308227539e-02
1.394093036651611328e-03
2.866725996136665344e-02
1.586586236953735352e-02
1.802557706832885742e-02
2.308916300535202026e-03
1.793199777603149414e-02
1.778256893157958984e-02
3.444941341876983643e-02
1.898342370986938477e-02
5.353933572769165039e-02
2.312666177749633789e-02
1.824086904525756836e-02
2.772468328475952148e-02
1.677075028419494629e-02
6.480264663696289062e-02
6.720012426376342773e-02
1.257720589637756348e-02
1.691377162933349609e-02
1.097279787063598633e-02
2.073347568511962891e-04
1.429194211959838867e-02
1.870471239089965820e-02
4.930555820465087891e-03
1.011997461318969727e-02
1.669842004776000977e-02
4.693466424942016602e-02
3.752630203962326050e-02
7.401287555694580078e-02
7.713437080383300781e-04
2.890590950846672058e-02
3.298181295394897461e-02
5.659639835357666016e-03
2.015592157840728760e-02
5.479478836059570312e-02
2.838432788848876953e-02
4.341784119606018066e-02
2.299293875694274902e-02
3.809154033660888672e-03
6.315098702907562256e-02
3.050929307937622070e-02
1.852142810821533203e-02
4.304003715515136719e-02
3.148588538169860840e-02
2.364706993103027344e-02
5.412441492080688477e-02
1.571104675531387329e-02
3.746241331100463867e-02
3.804349899291992188e-02
3.858915716409683228e-02
3.618788719177246094e-02
6.266832351684570312e-04
1.667708158493041992e-02
2.038758993148803711e-02
5.575865507125854492e-02
1.566303521394729614e-02
2.028417587280273438e-02
3.202724456787109375e-02
3.577359020709991455e-03
2.875465154647827148e-02
3.234243392944335938e-02
1.869988441467285156e-02
4.993200302124023438e-03
5.787730216979980469e-03
2.071276307106018066e-03
1.599776744842529297e-02
3.848612308502197266e-03
3.764808177947998047e-03
2.524393796920776367e-02
1.562041044235229492e-02
2.360606193542480469e-02
1.148383319377899170e-02
2.980476617813110352e-02
3.004497289657592773e-02
3.128922730684280396e-02
2.089172601699829102e-02
3.594475984573364258e-02
3.227185271680355072e-02
4.802972078323364258e-02
6.161105632781982422e-02
2.545661479234695435e-02
1.283586025238037109e-03
4.965603351593017578e-03
1.720987260341644287e-02
3.693282604217529297e-03
1.463550329208374023e-02
4.932901263236999512e-02
1.442295312881469727e-02
5.367010831832885742e-02
1.193331182003021240e-02
1.952874660491943359e-02
3.936815261840820312e-02
3.290593624114990234e-03
1.373440027236938477e-03
5.588823556900024414e-02
6.831169128417968750e-03
2.551760524511337280e-02
3.429055213928222656e-02
7.897794246673583984e-03
1.069858297705650330e-02
2.219647169113159180e-02
1.300400495529174805e-02
1.775149255990982056e-02
1.775717735290527344e-02
2.452552318572998047e-03
2.769633382558822632e-02
5.269050598144531250e-05
2.176761627197265625e-02
7.020905613899230957e-03
5.386918783187866211e-03
7.572412490844726562e-03
9.786948561668395996e-03
2.286452054977416992e-02
9.329319000244140625e-03
1.836551725864410400e-02
2.365604043006896973e-02
6.319761276245117188e-03
2.136260271072387695e-02
4.546846449375152588e-02
1.533621549606323242e-02
5.293127894401550293e-02
2.633919566869735718e-02
5.094230175018310547e-03
4.816591739654541016e-03
2.700209617614746094e-03
3.712844848632812500e-02
2.597272396087646484e-03
2.217113599181175232e-02
1.528799533843994141e-02
2.311170101165771484e-03
9.784441441297531128e-03
8.834004402160644531e-03
2.507555484771728516e-02
2.207688987255096436e-03
4.833310842514038086e-02
2.342838048934936523e-02
3.177821636199951172e-02
6.519228219985961914e-03
1.480561494827270508e-02
2.347353100776672363e-02
4.400181770324707031e-02
6.524759531021118164e-02
4.351308941841125488e-02
1.797936856746673584e-02
5.101037025451660156e-02
2.284401655197143555e-02
1.652497798204421997e-02
3.539353609085083008e-02
1.590073108673095703e-02
2.859756350517272949e-04
5.560755729675292969e-03
2.250015735626220703e-02
3.628411889076232910e-02
2.273130416870117188e-02
3.320127725601196289e-02
7.515139877796173096e-03
8.398830890655517578e-03
5.918318033218383789e-02
1.203420013189315796e-02
6.675177812576293945e-02
7.206082344055175781e-03
2.366851270198822021e-02
1.074734330177307129e-02
2.192199230194091797e-02
7.313922047615051270e-03
7.472068071365356445e-03
1.767331361770629883e-02
9.928524494171142578e-03
4.095311462879180908e-02
2.095884084701538086e-02
4.843229055404663086e-02
5.093027651309967041e-02
6.156128644943237305e-02
3.885555267333984375e-02
7.929347455501556396e-03
7.383495569229125977e-02
3.221052885055541992e-02
1.956630498170852661e-02
1.529687643051147461e-02
2.485358715057373047e-02
2.845259755849838257e-02
3.256660699844360352e-02
4.107117652893066406e-03
4.337705671787261963e-02
1.193732023239135742e-02
2.714329957962036133e-02
3.719906508922576904e-02
1.107421517372131348e-02
3.229129314422607422e-02
3.988802433013916016e-03
1.395860314369201660e-02
5.257475376129150391e-02
6.661024689674377441e-02
2.799855172634124756e-02
3.729897737503051758e-02
5.015894770622253418e-02
1.892231404781341553e-02
9.717166423797607422e-03
1.222807168960571289e-02
2.728244662284851074e-02
6.388664245605468750e-03
3.666341304779052734e-03
1.412412896752357483e-02
1.811808347702026367e-02
1.446789503097534180e-02
1.951908320188522339e-02
2.517086267471313477e-02
4.298019409179687500e-02
4.167176783084869385e-02
8.148074150085449219e-03
3.836768865585327148e-02
2.775390446186065674e-02
1.655864715576171875e-02
3.759622573852539062e-02
4.505047202110290527e-02
4.594817757606506348e-02
6.672161817550659180e-02
3.280872106552124023e-02
5.583643913269042969e-02
4.514402151107788086e-02
2.747282385826110840e-02
2.094614505767822266e-02
2.608835697174072266e-03
1.461654901504516602e-02
1.383382827043533325e-02
4.475271701812744141e-02
5.376040935516357422e-03
2.826311439275741577e-02
1.582908630371093750e-02
1.477140188217163086e-02
1.161713525652885437e-02
1.303589344024658203e-02
1.439815759658813477e-02
3.561690449714660645e-03
1.710292696952819824e-02
1.564621925354003906e-03
2.644762396812438965e-03
4.590305685997009277e-02
1.758062839508056641e-02
1.466861367225646973e-02
7.662862539291381836e-03
1.050865650177001953e-02
1.665461063385009766e-02
3.284794092178344727e-02
1.834988594055175781e-03
3.061652183532714844e-03
8.299320936203002930e-03
2.304852008819580078e-02
3.281831741333007812e-02
1.398546993732452393e-02
6.598055362701416016e-03
2.785140275955200195e-02
1.679390296339988708e-02
5.452859401702880859e-02
1.262408494949340820e-02
2.712333574891090393e-02
3.246623277664184570e-02
5.768585205078125000e-02
3.689883276820182800e-02
2.911138534545898438e-02
8.019566535949707031e-03
2.167126536369323730e-02
2.975547313690185547e-02
1.131272315979003906e-02
2.769613265991210938e-02
1.645433902740478516e-02
2.765834331512451172e-03
1.126796007156372070e-02
5.839005112648010254e-03
1.058828830718994141e-02
6.192147731781005859e-02
2.033243328332901001e-02
2.611887454986572266e-02
5.542069673538208008e-02
2.599043026566505432e-02
3.980988264083862305e-02
8.892059326171875000e-03
2.953508496284484863e-02
2.222561836242675781e-02
1.090276241302490234e-02
4.221409559249877930e-03
6.532990932464599609e-02
9.870052337646484375e-03
2.418265491724014282e-02
9.783506393432617188e-03
4.859507083892822266e-02
1.252831518650054932e-02
1.352947950363159180e-02
5.360454320907592773e-02
1.178234815597534180e-04
5.986988544464111328e-04
1.206672191619873047e-02
1.456719636917114258e-02
1.302756369113922119e-02
1.724350452423095703e-02
2.255964279174804688e-02
3.312662243843078613e-03
2.412998676300048828e-02
5.037891864776611328e-02
6.261900067329406738e-03
6.851077079772949219e-03
1.241576671600341797e-02
2.014666050672531128e-02
2.756524085998535156e-02
2.945744991302490234e-02
2.672713436186313629e-02
4.740846157073974609e-02
1.848459243774414062e-03
1.235483586788177490e-02
3.559216856956481934e-02
6.589525938034057617e-02
1.781401038169860840e-02
4.881080985069274902e-02
4.577112197875976562e-02
1.310229301452636719e-03
6.230667233467102051e-02
4.771286249160766602e-02
3.912255167961120605e-02
4.104077816009521484e-04
3.970658779144287109e-02
3.034901618957519531e-02
4.362435638904571533e-02
4.568743705749511719e-02
1.244896650314331055e-02
7.365956902503967285e-03
8.991050720214843750e-02
2.389043569564819336e-02
4.080906882882118225e-02
5.634015798568725586e-02
5.980908870697021484e-03
1.249809563159942627e-02
3.445148468017578125e-03
3.110688924789428711e-02
5.555275082588195801e-02
1.271456480026245117e-02
3.071230649948120117e-02
3.339262306690216064e-02
1.504242420196533203e-03
1.973825693130493164e-02
3.039392828941345215e-02
9.063810110092163086e-03
4.330343008041381836e-02
1.479002833366394043e-02
1.263329386711120605e-02
2.025562524795532227e-02
1.331117749214172363e-02
2.479694783687591553e-02
3.191590309143066406e-03
1.032650470733642578e-02
1.189433038234710693e-02
1.258838176727294922e-02
2.007669210433959961e-02
1.756854727864265442e-02
4.720562696456909180e-02
3.207981586456298828e-03
2.047061547636985779e-02
1.157355308532714844e-02
2.534532546997070312e-02
4.935555160045623779e-03
2.423655986785888672e-02
2.011615037918090820e-02
7.996380329132080078e-03
4.715681076049804688e-03
4.409492015838623047e-03
4.897145926952362061e-02
6.012648344039916992e-03
5.103170871734619141e-03
4.044762253761291504e-02
4.032929241657257080e-02
1.292002201080322266e-02
7.797881960868835449e-02
2.541095018386840820e-04
3.686803579330444336e-02
8.288025856018066406e-03
2.531125023961067200e-02
8.811950683593750000e-03
3.029644489288330078e-03
4.566151648759841919e-03
1.859050989151000977e-02
4.457473754882812500e-03
2.679752558469772339e-02
1.379078626632690430e-02
3.754192590713500977e-02
3.598658740520477295e-02
4.601776599884033203e-03
1.984691619873046875e-02
6.648153066635131836e-04
1.679649949073791504e-02
2.251523733139038086e-02
5.202162265777587891e-02
2.626800537109375000e-02
2.967476844787597656e-03
6.775647401809692383e-03
2.660879492759704590e-02
5.201220512390136719e-03
5.531799793243408203e-02
1.886391639709472656e-02
2.809202671051025391e-02
3.569293022155761719e-02
2.508527785539627075e-02
1.484572887420654297e-03
1.045060157775878906e-02
2.236986905336380005e-02
5.662918090820312500e-03
1.861208677291870117e-02
3.665210306644439697e-02
3.348779678344726562e-02
9.919703006744384766e-03
1.985044032335281372e-02
1.273876428604125977e-02
1.465314626693725586e-02
2.178300917148590088e-02
4.846352338790893555e-02
3.369033336639404297e-03
2.497173845767974854e-02
3.702312707901000977e-03
2.577358484268188477e-02
5.097866058349609375e-03
5.965620279312133789e-03
1.243954896926879883e-02
4.626959562301635742e-03
1.886776834726333618e-02
1.688241958618164062e-03
1.340538263320922852e-02
2.262151613831520081e-02
5.745708942413330078e-03
4.986047744750976562e-03
2.294150739908218384e-02
6.578171253204345703e-02
3.636384010314941406e-02
6.474182009696960449e-03
5.269694328308105469e-02
8.586466312408447266e-03
5.202307552099227905e-02
2.693751454353332520e-02
1.622003316879272461e-02
1.025943458080291748e-02
2.873483300209045410e-02
3.624665737152099609e-02
1.174755394458770752e-02
5.008816719055175781e-03
1.781016588211059570e-02
1.931354403495788574e-02
8.644819259643554688e-03
3.623217344284057617e-02
8.299589157104492188e-03
2.117495238780975342e-02
3.496336936950683594e-02
3.651672601699829102e-02
1.633793115615844727e-02
1.604574918746948242e-02
6.829500198364257812e-03
3.339222446084022522e-02
1.861101388931274414e-02
3.778207302093505859e-02
2.765967696905136108e-02
1.579022407531738281e-02
6.427049636840820312e-03
5.677342414855957031e-03
2.977728843688964844e-03
2.155774831771850586e-02
8.001983165740966797e-03
2.424243092536926270e-02
1.045763492584228516e-03
5.033552646636962891e-02
7.856875658035278320e-03
9.890437126159667969e-03
2.675577998161315918e-02
1.641857624053955078e-02
6.208580732345581055e-02
4.091057181358337402e-02
3.468593209981918335e-02
9.399712085723876953e-03
8.261203765869140625e-05
2.053238451480865479e-03
4.579937458038330078e-02
2.495288848876953125e-02
1.233374327421188354e-02
1.373249292373657227e-02
2.359259128570556641e-02
1.582121476531028748e-02
3.280645608901977539e-02
5.740404129028320312e-03
1.189216971397399902e-03
3.365185856819152832e-02
2.152287960052490234e-02
2.404703199863433838e-02
1.136311888694763184e-02
1.542878150939941406e-02
6.095665693283081055e-02
6.258994340896606445e-03
5.186349153518676758e-02
2.969413995742797852e-03
2.048686146736145020e-03
4.219472408294677734e-03
3.447663784027099609e-02
2.457852661609649658e-02
1.922440528869628906e-02
4.665881395339965820e-02
4.939602315425872803e-02
2.404671907424926758e-02
6.965994834899902344e-04
4.124895110726356506e-02
1.173835992813110352e-02
1.121467351913452148e-02
8.918795734643936157e-03
1.014697551727294922e-02
2.124309539794921875e-03
2.762875705957412720e-02
1.373520493507385254e-02
2.239227294921875000e-02
1.477195322513580322e-02
3.206381201744079590e-02
3.960323333740234375e-02
1.102909445762634277e-02
1.812201738357543945e-02
2.159941196441650391e-02
1.357227563858032227e-03
1.312345266342163086e-03
2.181303501129150391e-02
2.616956830024719238e-02
2.965630590915679932e-02
1.112300157546997070e-02
4.986089468002319336e-02
2.205750346183776855e-02
1.786082983016967773e-02
1.502466201782226562e-02
2.025587484240531921e-02
4.746258258819580078e-02
1.373261213302612305e-02
2.542646229267120361e-02
3.527307510375976562e-02
1.072454452514648438e-02
4.004013538360595703e-02
6.953656673431396484e-03
2.121508121490478516e-03
2.350962162017822266e-02
1.708409190177917480e-02
3.714978694915771484e-03
3.138901293277740479e-02
2.989083528518676758e-03
1.857805252075195312e-02
5.988630652427673340e-02
7.653474807739257812e-03
2.602058649063110352e-02
6.892380118370056152e-02
9.368687868118286133e-03
1.427942514419555664e-02
1.793104410171508789e-02
2.402970939874649048e-02
3.030651807785034180e-02
8.034288883209228516e-03
2.861621230840682983e-02
7.523953914642333984e-03
7.471323013305664062e-03
3.457749634981155396e-02
9.676933288574218750e-03
2.627885341644287109e-02
8.416905999183654785e-03
5.951455235481262207e-02
4.569351673126220703e-03
2.537654340267181396e-02
1.058962941169738770e-02
6.533586978912353516e-02
1.247797906398773193e-02
5.313411355018615723e-02
2.808976173400878906e-02
2.303105592727661133e-02
2.931588888168334961e-02
5.671507120132446289e-02
1.391673088073730469e-02
3.903861343860626221e-02
1.043534278869628906e-02
5.644440650939941406e-02
2.076138183474540710e-02
2.318906784057617188e-02
9.224772453308105469e-03
5.836259573698043823e-03
1.533579826354980469e-02
1.010936498641967773e-02
2.656623721122741699e-03
1.150268316268920898e-02
1.431381702423095703e-02
1.431729644536972046e-02
2.054986357688903809e-02
1.720076799392700195e-02
4.354698956012725830e-02
1.724481582641601562e-02
7.085138559341430664e-02
4.086062312126159668e-03
3.309306502342224121e-02
1.099133491516113281e-02
2.349281311035156250e-02
2.042926847934722900e-02
7.495820522308349609e-03
7.301867008209228516e-03
4.682155698537826538e-02
9.972095489501953125e-03
6.171286106109619141e-03
3.611853718757629395e-02
2.767503261566162109e-02
3.977566957473754883e-02
5.961120128631591797e-03
2.082735300064086914e-02
4.292333126068115234e-02
2.170342952013015747e-03
3.377306461334228516e-02
2.396619319915771484e-02
1.081129908561706543e-02
7.912248373031616211e-03
3.156387805938720703e-02
3.296422958374023438e-02
7.318988442420959473e-02
5.435407161712646484e-03
2.421200275421142578e-03
3.514245152473449707e-02
1.296603679656982422e-02
1.657807826995849609e-02
1.321287453174591064e-02
4.501014947891235352e-02
1.583486795425415039e-03
1.930081844329833984e-02
3.160417079925537109e-03
1.504033803939819336e-02
4.666849970817565918e-03
1.278662681579589844e-02
2.408438920974731445e-02
1.363966241478919983e-02
3.385466337203979492e-02
5.305171012878417969e-03
3.584653139114379883e-02
1.945888996124267578e-02
4.666495323181152344e-02
2.009613066911697388e-02
9.382784366607666016e-03
5.255758762359619141e-02
8.075416088104248047e-03
3.144377470016479492e-02
3.258305788040161133e-02
2.368660271167755127e-02
5.398154258728027344e-03
2.067208290100097656e-03
9.827375411987304688e-03
2.143132686614990234e-02
5.394500494003295898e-02
1.373907923698425293e-02
1.559749245643615723e-02
7.701158523559570312e-03
7.151365280151367188e-03
2.742622047662734985e-03
2.881765365600585938e-03
7.968902587890625000e-03
1.101918891072273254e-02
1.818376779556274414e-02
6.159007549285888672e-03
2.993799373507499695e-02
1.147276163101196289e-02
1.915693283081054688e-04
1.085027307271957397e-02
3.173729777336120605e-02
5.014240741729736328e-03
1.159705221652984619e-02
1.809936761856079102e-02
1.704597473144531250e-02
1.117405295372009277e-02
1.419571042060852051e-02
5.903244018554687500e-02
5.139350891113281250e-02
3.307160735130310059e-02
5.339902639389038086e-02
1.049080491065979004e-02
2.590141445398330688e-02
4.988723993301391602e-02
8.394658565521240234e-03
2.988237887620925903e-02
2.740216255187988281e-02
7.794320583343505859e-03
3.351102373562753201e-02
1.947939395904541016e-03
5.204480886459350586e-02
3.659762442111968994e-02
1.043540239334106445e-02
2.898967266082763672e-02
7.036119699478149414e-03
1.209437847137451172e-02
3.518205881118774414e-02
1.232619583606719971e-02
4.706001281738281250e-02
1.392161846160888672e-02
3.118154406547546387e-02
7.509469985961914062e-03
2.062773704528808594e-02
8.314371109008789062e-03
2.411141991615295410e-03
9.676396846771240234e-03
9.479582309722900391e-03
5.093492567539215088e-03
8.909046649932861328e-03
2.402889728546142578e-02
1.595369726419448853e-02
3.414571285247802734e-02
2.709865570068359375e-03
6.274320185184478760e-03
1.765108108520507812e-02
1.457333564758300781e-04
2.240880951285362244e-02
3.040909767150878906e-03
2.757763862609863281e-02
6.499649584293365479e-02
9.378790855407714844e-03
2.794158458709716797e-02
3.308714926242828369e-02
2.699330449104309082e-02
1.551425457000732422e-02
6.652866303920745850e-02
1.198834180831909180e-02
5.179435014724731445e-02
2.894586324691772461e-02
2.010986208915710449e-03
6.483972072601318359e-03
2.992302179336547852e-02
3.142728656530380249e-02
3.045350313186645508e-02
1.894390583038330078e-02
5.517695099115371704e-03
6.806194782257080078e-03
5.327063798904418945e-02
9.415708482265472412e-04
4.562795162200927734e-02
3.335505723953247070e-02
3.478261083364486694e-02
2.052026987075805664e-02
1.359498500823974609e-02
5.224287509918212891e-03
2.595373988151550293e-02
3.630518913269042969e-04
2.252909541130065918e-02
1.262062788009643555e-02
4.324287176132202148e-02
2.313511073589324951e-02
1.211711764335632324e-02
2.933043241500854492e-02
2.113288640975952148e-02
2.851709723472595215e-02
2.719974517822265625e-02
4.086491465568542480e-02
2.458550035953521729e-02
1.476269960403442383e-02
4.171490669250488281e-02
3.944543749094009399e-02
8.821845054626464844e-03
4.654061794281005859e-02
8.617378771305084229e-04
4.488521814346313477e-02
1.356601715087890625e-02
1.596337556838989258e-02
4.176497459411621094e-03
3.573393821716308594e-02
2.139542251825332642e-02
2.401369810104370117e-02
1.939058303833007812e-03
2.667152881622314453e-02
4.047885537147521973e-02
9.221374988555908203e-03
1.638308167457580566e-02
1.261010766029357910e-02
3.598213195800781250e-03
2.923488616943359375e-02
1.673083007335662842e-02
1.821708679199218750e-02
5.230605602264404297e-03
1.476645469665527344e-03
6.087064743041992188e-03
1.822465658187866211e-02
2.610454708337783813e-02
4.588532447814941406e-02
5.763578414916992188e-02
1.617589965462684631e-02
4.567933082580566406e-02
1.869601011276245117e-02
2.764455974102020264e-02
1.362144947052001953e-02
4.266339540481567383e-02
2.529771625995635986e-02
1.580831408500671387e-02
4.471421241760253906e-03
3.825584053993225098e-02
1.729467511177062988e-02
1.982438564300537109e-02
9.044498205184936523e-03
1.432490348815917969e-02
1.848262548446655273e-02
1.839739084243774414e-02
7.183909416198730469e-03
2.845585346221923828e-03
3.939974308013916016e-02
3.856014460325241089e-02
5.187642574310302734e-02
5.942714214324951172e-02
1.317413523793220520e-02
4.870957136154174805e-02
2.421706914901733398e-02
5.516910552978515625e-02
6.138008832931518555e-02
7.240706682205200195e-02
4.774390161037445068e-02
5.992561578750610352e-02
3.455090522766113281e-02
3.055269271135330200e-02
2.441242337226867676e-02
4.629343748092651367e-02
1.753659546375274658e-02
6.149768829345703125e-03
4.450762271881103516e-02
4.125893115997314453e-02
1.230716705322265625e-03
5.067080259323120117e-02
3.030753135681152344e-02
4.814209043979644775e-02
2.570027112960815430e-02
1.348748803138732910e-02
1.041823625564575195e-02
2.689099311828613281e-02
1.108640432357788086e-02
1.302416622638702393e-02
9.654641151428222656e-03
1.401436328887939453e-02
2.534317970275878906e-02
1.712840795516967773e-02
8.127450942993164062e-03
3.812124207615852356e-02
7.337927818298339844e-04
7.816374301910400391e-03
2.048380672931671143e-02
1.285889744758605957e-02
4.496753215789794922e-03
1.509693264961242676e-02
2.589201927185058594e-02
2.396351099014282227e-02
6.901651620864868164e-03
1.012882590293884277e-02
1.301020383834838867e-02
3.704252839088439941e-02
1.106478273868560791e-02
9.501874446868896484e-03
1.937985420227050781e-03
5.165636539459228516e-04
2.544999122619628906e-03
1.630711555480957031e-02
3.229326382279396057e-02
3.184139728546142578e-02
5.715370178222656250e-03
1.790899038314819336e-02
2.998471260070800781e-03
5.007445812225341797e-03
1.258742809295654297e-02
5.471110343933105469e-03
1.083707809448242188e-02
1.602987200021743774e-02
1.296836137771606445e-02
2.810537815093994141e-03
3.939911723136901855e-02
3.877684473991394043e-02
1.517361402511596680e-02
5.562141537666320801e-03
1.606792211532592773e-02
4.172044992446899414e-02
2.290245890617370605e-02
4.259482026100158691e-02
1.736670732498168945e-02
1.746249198913574219e-02
1.289717853069305420e-02
6.210565567016601562e-03
1.046657562255859375e-03
4.193076118826866150e-02
2.307927608489990234e-02
5.116748809814453125e-02
2.948907576501369476e-02
1.916205883026123047e-02
2.770650386810302734e-02
1.291572488844394684e-02
3.029543161392211914e-02
3.138822317123413086e-02
1.475573331117630005e-02
1.801115274429321289e-02
2.056193351745605469e-02
2.741962671279907227e-03
3.477650880813598633e-02
8.576744794845581055e-02
5.541023612022399902e-02
7.659018039703369141e-03
6.094104051589965820e-02
1.165583729743957520e-02
2.422080934047698975e-02
1.998102664947509766e-02
1.120191812515258789e-02
3.161950409412384033e-02
2.974915504455566406e-02
2.070939540863037109e-02
2.978830784559249878e-02
5.941987037658691406e-03
3.230214118957519531e-03
6.046377122402191162e-03
4.189521074295043945e-02
1.737278699874877930e-02
4.415220767259597778e-02
2.475386857986450195e-02
7.716000080108642578e-03
4.946302622556686401e-02
4.074400663375854492e-02
1.648193597793579102e-02
5.694335699081420898e-02
1.619154214859008789e-02
3.032857179641723633e-02
4.470178484916687012e-02
4.147103428840637207e-02
2.595210075378417969e-02
5.057016015052795410e-02
1.158855855464935303e-02
4.771292209625244141e-02
7.164418697357177734e-03
5.146992206573486328e-02
1.557111740112304688e-03
8.881151676177978516e-03
5.817435681819915771e-03
3.196531534194946289e-02
3.411531448364257812e-03
4.497990943491458893e-02
3.127098083496093750e-02
4.285490512847900391e-02
2.629958838224411011e-02
3.286677598953247070e-02
1.667004823684692383e-02
7.002539932727813721e-03
3.730058670043945312e-03
4.690521955490112305e-02
2.490098774433135986e-02
3.632274270057678223e-02
1.007819175720214844e-02
9.779840707778930664e-03
2.004951238632202148e-02
7.581174373626708984e-03
3.651034832000732422e-02
7.490381598472595215e-03
1.693141460418701172e-02
8.379936218261718750e-03
6.809830665588378906e-06
4.611778259277343750e-02
4.338133335113525391e-02
4.549948871135711670e-02
1.080934405326843262e-01
2.003949880599975586e-02
4.608789831399917603e-02
7.348918914794921875e-02
1.720267534255981445e-02
9.064696729183197021e-03
5.647057294845581055e-02
4.031258821487426758e-02
1.023754477500915527e-03
4.599720239639282227e-02
8.840620517730712891e-03
4.822671413421630859e-03
5.826592445373535156e-03
1.010799407958984375e-02
5.700732767581939697e-02
1.165014505386352539e-02
2.631515264511108398e-02
4.103186726570129395e-02
1.925811171531677246e-03
4.338330030441284180e-02
8.968442678451538086e-03
1.612839102745056152e-02
4.386353492736816406e-02
1.144772768020629883e-02
1.062571629881858826e-02
2.681076526641845703e-02
3.456842899322509766e-02
9.512793272733688354e-03
2.869319915771484375e-02
5.968743562698364258e-02
1.985972421243786812e-02
4.335492849349975586e-02
2.659779787063598633e-02
6.209343671798706055e-03
4.051756858825683594e-02
8.211255073547363281e-03
4.955887794494628906e-03
1.526415348052978516e-02
6.512641906738281250e-03
1.808467507362365723e-02
2.344375848770141602e-02
9.260952472686767578e-03
2.497318387031555176e-02
2.890042960643768311e-02
6.529688835144042969e-04
1.363649964332580566e-02
1.937925815582275391e-03
9.652674198150634766e-03
2.402126789093017578e-03
6.305985152721405029e-03
2.782315015792846680e-02
1.614117622375488281e-02
6.403371691703796387e-03
8.141994476318359375e-04
7.983684539794921875e-03
3.422058373689651489e-02
2.081680297851562500e-02
9.886085987091064453e-03
2.618071436882019043e-02
1.216369867324829102e-02
4.131668806076049805e-02
9.395509958267211914e-03
2.529653906822204590e-02
3.752827644348144531e-03
2.236619591712951660e-03
2.833086252212524414e-02
1.166582107543945312e-02
1.658672094345092773e-02
2.026560902595520020e-02
3.572547435760498047e-02
2.516159415245056152e-02
3.396227955818176270e-02
7.925629615783691406e-03
4.019486904144287109e-02
1.869492232799530029e-02
5.054664611816406250e-02
1.643776893615722656e-03
2.679373323917388916e-02
2.888381481170654297e-03
1.138365268707275391e-02
4.051372408866882324e-03
1.960992813110351562e-03
5.578535795211791992e-02
1.232144236564636230e-02
3.377658128738403320e-02
4.464852809906005859e-02
8.972033858299255371e-03
7.287949323654174805e-03
3.881049156188964844e-02
1.483915746212005615e-02
1.868182420730590820e-02
5.735290050506591797e-02
3.217330574989318848e-02
5.039767920970916748e-02
2.777111530303955078e-02
1.437246799468994141e-03
2.577297389507293701e-02
3.324663639068603516e-02
3.268915414810180664e-02
2.287530899047851562e-02
1.182246208190917969e-02
1.933246850967407227e-02
1.558544859290122986e-02
2.323192358016967773e-02
5.573153495788574219e-03
4.301823675632476807e-03
1.233798265457153320e-02
1.579701900482177734e-03
2.266696840524673462e-02
1.660162210464477539e-02
3.883737325668334961e-02
3.649502992630004883e-03
2.710321545600891113e-02
4.800200462341308594e-03
2.108611166477203369e-02
2.356162667274475098e-02
1.284861564636230469e-02
1.179495453834533691e-02
2.874954044818878174e-02
3.561556339263916016e-03
1.568096876144409180e-02
1.019963622093200684e-02
4.896414279937744141e-02
3.662765026092529297e-03
4.697157442569732666e-02
9.466409683227539062e-03
1.572847366333007812e-02
1.264151930809020996e-02
4.963874816894531250e-03
2.365845441818237305e-02
3.291448205709457397e-02
2.933418750762939453e-02
2.762901782989501953e-02
2.562391012907028198e-02
4.325881600379943848e-02
2.120482921600341797e-02
3.726884722709655762e-03
4.562437534332275391e-04
2.489095926284790039e-02
2.142415940761566162e-02
2.124035358428955078e-02
4.291784763336181641e-02
2.402818202972412109e-02
2.227306365966796875e-03
1.156085729598999023e-02
2.025136351585388184e-02
1.991675794124603271e-02
2.103292942047119141e-02
3.944319486618041992e-02
3.400433063507080078e-02
2.043622732162475586e-02
4.050856828689575195e-02
3.303762525320053101e-02
2.888542413711547852e-02
6.629723310470581055e-02
4.901979491114616394e-02
4.410147666931152344e-04
3.909027576446533203e-02
1.469366252422332764e-03
1.301935315132141113e-02
3.287345170974731445e-02
3.444632142782211304e-02
1.510092616081237793e-02
2.599745988845825195e-02
2.716811001300811768e-02
9.465932846069335938e-03
2.072322368621826172e-02
2.874842286109924316e-02
4.173703491687774658e-02
3.433972597122192383e-02
1.387864351272583008e-02
1.984034478664398193e-02
1.023817062377929688e-02
1.562970876693725586e-02
2.770993858575820923e-02
5.683934688568115234e-02
4.882085323333740234e-02
8.700232952833175659e-03
5.809533596038818359e-02
2.372497320175170898e-02
1.935914158821105957e-03
2.415621280670166016e-02
2.567583322525024414e-02
3.499870747327804565e-02
7.744491100311279297e-03
1.865214109420776367e-02
2.190347015857696533e-02
5.167895555496215820e-02
1.259201765060424805e-02
1.950979232788085938e-02
3.705528378486633301e-02
2.361124753952026367e-02
1.920592784881591797e-02
2.472370862960815430e-02
3.892415761947631836e-02
5.519634485244750977e-02
2.014894783496856689e-02
6.676495075225830078e-03
5.660891532897949219e-03
2.113811671733856201e-03
2.130842208862304688e-02
5.452769994735717773e-02
1.246120035648345947e-02
1.648116111755371094e-02
3.551590442657470703e-02
3.109531849622726440e-02
1.476937532424926758e-02
2.917569875717163086e-02
4.907007515430450439e-02
4.040032625198364258e-03
2.035975456237792969e-03
4.334241151809692383e-02
3.330361843109130859e-02
2.939581871032714844e-03
2.474559843540191650e-02
6.377935409545898438e-03
4.757851362228393555e-02
1.526808738708496094e-02
1.691453158855438232e-02
9.459376335144042969e-03
5.309987068176269531e-02
2.105626463890075684e-02
1.829832792282104492e-02
1.031112670898437500e-02
2.874515950679779053e-03
2.026784420013427734e-02
1.740574836730957031e-02
2.921491861343383789e-03
4.271757602691650391e-02
1.424580812454223633e-02
7.074127905070781708e-02
5.050373077392578125e-02
7.850128412246704102e-02
2.388532459735870361e-02
4.955482482910156250e-02
1.816552877426147461e-02
8.771002292633056641e-03
1.833909749984741211e-02
2.173250913619995117e-02
9.691298007965087891e-03
5.857378244400024414e-03
2.657771110534667969e-03
3.275281190872192383e-02
9.328231215476989746e-03
4.919242858886718750e-02
2.852779626846313477e-02
2.946765720844268799e-02
3.221887350082397461e-02
6.711363792419433594e-03
3.528066724538803101e-02
4.427433013916015625e-03
9.891808032989501953e-03
1.222238689661026001e-02
1.224720478057861328e-02
5.111396312713623047e-02
3.833140060305595398e-02
5.058753490447998047e-02
5.340576171875000000e-02
4.724641889333724976e-02
4.917770624160766602e-03
8.852601051330566406e-03
9.123444557189941406e-03
2.998656034469604492e-02
2.508068084716796875e-02
1.838657259941101074e-02
9.134173393249511719e-03
1.098495721817016602e-02
1.384565234184265137e-02
3.965884447097778320e-03
5.278885364532470703e-03
3.826111555099487305e-03
5.129016935825347900e-03
6.542980670928955078e-03
1.287919282913208008e-02
5.460466444492340088e-02
5.495250225067138672e-03
1.655662059783935547e-02
1.944145932793617249e-02
1.750499010086059570e-02
6.493508815765380859e-03
2.415968850255012512e-02
1.698553562164306641e-03
8.005321025848388672e-03
4.675501585006713867e-02
3.663563728332519531e-02
1.715922355651855469e-02
3.336569666862487793e-02
2.868816256523132324e-02
2.311074733734130859e-02
2.172258496284484863e-02
1.939547061920166016e-02
1.743787527084350586e-02
4.185479879379272461e-02
7.522106170654296875e-05
5.504727363586425781e-03
3.579014539718627930e-02
1.790250837802886963e-02
8.673071861267089844e-03
1.483881473541259766e-02
1.630323380231857300e-02
1.722979545593261719e-02
1.910036802291870117e-02
3.848860785365104675e-02
2.551794052124023438e-03
6.426209211349487305e-02
2.258605882525444031e-02
7.338613271713256836e-02
6.372457742691040039e-02
4.788812994956970215e-02
4.957953095436096191e-02
1.133322715759277344e-03
2.266183495521545410e-02
6.757766008377075195e-03
2.649337053298950195e-02
1.546359062194824219e-02
1.411586999893188477e-02
3.618484735488891602e-02
3.163903951644897461e-02
1.107761263847351074e-02
5.690515041351318359e-03
2.201735973358154297e-02
5.940236151218414307e-03
1.038402318954467773e-02
2.193981409072875977e-02
2.846524864435195923e-02
6.086766719818115234e-03
7.898604869842529297e-02
1.008409634232521057e-02
1.049077510833740234e-02
2.205824851989746094e-02
1.431414857506752014e-02
2.154111862182617188e-04
7.925629615783691406e-03
1.060884445905685425e-02
1.571780443191528320e-02
1.848965883255004883e-02
1.193508505821228027e-02
2.243286371231079102e-02
7.511079311370849609e-03
4.170641303062438965e-03
8.059591054916381836e-03
5.615216493606567383e-02
1.245597004890441895e-02
1.488752663135528564e-02
4.066306352615356445e-02
1.239922642707824707e-02
2.802253514528274536e-02
2.739661931991577148e-02
2.548062801361083984e-02
4.198778234422206879e-02
2.558213472366333008e-02
1.943111419677734375e-03
2.290400862693786621e-02
2.687990665435791016e-02
3.291165828704833984e-02
2.404471486806869507e-02
1.580989360809326172e-02
1.836639642715454102e-02
6.224513053894042969e-03
3.178119659423828125e-02
3.063827753067016602e-02
1.288267970085144043e-02
9.848594665527343750e-03
2.009779214859008789e-02
2.835690975189208984e-02
3.383347392082214355e-02
7.587254047393798828e-03
2.237820625305175781e-02
4.273563623428344727e-02
6.896853446960449219e-03
1.286584138870239258e-02
1.823213696479797363e-02
4.543858766555786133e-02
2.267718315124511719e-03
1.643622666597366333e-02
2.152884006500244141e-02
6.310820579528808594e-03
2.350580692291259766e-02
1.405674219131469727e-02
1.408350467681884766e-02
1.697449758648872375e-02
1.930749416351318359e-02
2.524906396865844727e-02
4.566578567028045654e-02
1.475331187248229980e-02
1.005303859710693359e-02
3.475217521190643311e-02
1.439136266708374023e-02
3.915709257125854492e-02
2.022895216941833496e-02
5.035030841827392578e-02
4.374724626541137695e-02
6.445413827896118164e-02
8.297428488731384277e-03
1.847475767135620117e-02
4.756829142570495605e-02
3.286377340555191040e-02
1.405751705169677734e-02
2.778112888336181641e-03
6.059321761131286621e-02
1.735889911651611328e-02
2.492916584014892578e-02
2.573226392269134521e-02
7.090032100677490234e-03
2.731442451477050781e-03
1.138394325971603394e-02
2.827644348144531250e-02
1.517879962921142578e-02
3.214271366596221924e-02
2.979788184165954590e-02
4.088103771209716797e-02
9.544774889945983887e-03
5.222305655479431152e-02
1.250547170639038086e-02
3.128319978713989258e-03
5.371606349945068359e-02
1.427137851715087891e-02
2.194520831108093262e-02
2.758383750915527344e-03
1.491945981979370117e-02
1.498329639434814453e-02
2.396447211503982544e-02
1.167833805084228516e-03
3.999835252761840820e-02
3.400671482086181641e-02
9.860634803771972656e-03
4.795253276824951172e-03
5.969016067683696747e-02
2.042210102081298828e-02
6.188493967056274414e-02
6.265015155076980591e-02
2.270102500915527344e-03
5.743873119354248047e-02
4.196217656135559082e-02
1.820713281631469727e-03
1.185691356658935547e-02
1.773074269294738770e-02
2.732110023498535156e-02
1.200610399246215820e-02
5.857843160629272461e-02
1.043701171875000000e-02
5.293613672256469727e-02
6.540411710739135742e-02
4.125706851482391357e-02
1.270633935928344727e-02
1.740068197250366211e-03
2.689994126558303833e-02
2.942359447479248047e-02
1.255887746810913086e-02
5.544431507587432861e-03
4.178404808044433594e-03
3.522706031799316406e-02
8.244838565587997437e-03
1.628464460372924805e-02
3.461170196533203125e-02
1.141906529664993286e-02
1.989489793777465820e-02
1.028949022293090820e-02
1.648342609405517578e-02
1.090908050537109375e-02
7.178544998168945312e-03
7.168740034103393555e-03
2.360701560974121094e-02
1.551198959350585938e-02
2.595353126525878906e-02
1.025229692459106445e-02
2.827566862106323242e-02
1.515185832977294922e-02
4.572235047817230225e-02
5.262237787246704102e-02
6.201195716857910156e-02
4.841786623001098633e-02
4.358392953872680664e-02
4.015195369720458984e-02
2.340404689311981201e-02
9.292721748352050781e-03
6.225705146789550781e-03
2.321861684322357178e-02
6.262004375457763672e-03
1.490384340286254883e-02
1.237491518259048462e-02
2.424007654190063477e-02
1.047897338867187500e-02
5.242118984460830688e-02
1.287037134170532227e-02
9.884595870971679688e-03
5.945931375026702881e-02
6.898224353790283203e-03
1.266241073608398438e-03
7.297307252883911133e-03
4.004895687103271484e-03
1.480871438980102539e-02
3.950449824333190918e-02
5.016314983367919922e-02
1.258581876754760742e-02
7.185897231101989746e-02
2.695354819297790527e-02
3.105795383453369141e-02
9.838700294494628906e-03
8.269988000392913818e-03
2.356290817260742188e-02
6.197273731231689453e-03
1.404111832380294800e-02
1.525682210922241211e-02
1.564687490463256836e-02
1.517733186483383179e-02
2.665013074874877930e-02
1.968061923980712891e-02
1.423088461160659790e-02
6.186378002166748047e-02
1.054865121841430664e-02
2.811791002750396729e-02
7.125645875930786133e-03
2.178794145584106445e-02
3.110170364379882812e-04
1.081660389900207520e-02
1.187181472778320312e-02
2.003601193428039551e-02
1.579622924327850342e-02
9.774804115295410156e-03
1.890110969543457031e-02
1.446925848722457886e-02
4.461443424224853516e-02
6.574630737304687500e-03
1.514323055744171143e-03
4.310071468353271484e-03
2.751767635345458984e-03
8.572135120630264282e-03
3.511023521423339844e-02
2.531808614730834961e-02
3.113681077957153320e-02
1.617920398712158203e-02
3.062969446182250977e-02
3.933836519718170166e-02
1.911917328834533691e-02
4.924333095550537109e-02
3.715711832046508789e-02
6.366989016532897949e-02
7.819646596908569336e-02
1.965375244617462158e-02
1.072290539741516113e-02
4.769361019134521484e-02
8.545577526092529297e-03
7.206544280052185059e-03
9.746551513671875000e-03
5.353331565856933594e-03
1.753142476081848145e-02
6.280255317687988281e-02
2.787232398986816406e-03
1.951665431261062622e-02
2.829366922378540039e-02
5.251097679138183594e-02
8.442178368568420410e-04
5.157411098480224609e-03
2.472567558288574219e-02
1.486630737781524658e-02
9.120583534240722656e-03
1.236397027969360352e-02
1.594759523868560791e-03
5.088269710540771484e-03
9.301841259002685547e-03
3.053922951221466064e-02
2.142786979675292969e-03
1.982766389846801758e-02
7.204771041870117188e-03
2.945679426193237305e-02
1.580417156219482422e-02
3.840625286102294922e-04
4.924580454826354980e-03
4.925429821014404297e-03
1.293566823005676270e-02
1.820251345634460449e-02
7.210969924926757812e-03
9.942054748535156250e-03
8.469160646200180054e-03
6.329596042633056641e-03
4.371422529220581055e-02
3.461444447748363018e-02
1.338928937911987305e-02
2.095580101013183594e-02
4.717468470335006714e-02
2.255493402481079102e-02
3.728443384170532227e-02
2.214952558279037476e-02
2.133196592330932617e-02
2.707958221435546875e-03
4.914063215255737305e-02
3.280013799667358398e-02
3.874486684799194336e-02
1.014518737792968750e-02
1.870885491371154785e-02
1.274544000625610352e-02
2.268865704536437988e-02
1.836180686950683594e-02
2.183520793914794922e-02
3.179621696472167969e-02
1.454242318868637085e-02
6.383061408996582031e-03
4.988488554954528809e-02
2.279452979564666748e-02
2.298533916473388672e-03
6.777936220169067383e-02
4.003599286079406738e-03
1.148408651351928711e-02
3.114587068557739258e-02
3.030384704470634460e-02
2.619028091430664062e-03
3.472250699996948242e-02
2.582967281341552734e-04
7.000276446342468262e-02
8.930265903472900391e-03
7.073459029197692871e-02
7.625910639762878418e-02
7.092523574829101562e-02
5.695098638534545898e-02
6.144553422927856445e-03
4.809314012527465820e-02
1.208132505416870117e-02
7.816702127456665039e-04
2.830314636230468750e-02
7.090151309967041016e-03
2.360457926988601685e-02
3.562003374099731445e-02
1.580053567886352539e-02
1.525489985942840576e-02
4.444932937622070312e-02
3.585588932037353516e-02
3.751395642757415771e-02
2.515333890914916992e-02
6.661236286163330078e-03
5.875077098608016968e-03
3.915965557098388672e-02
1.469928026199340820e-02
3.674924373626708984e-04
3.474041819572448730e-02
2.275848388671875000e-02
3.913752734661102295e-02
1.194530725479125977e-02
1.724046468734741211e-02
1.611521840095520020e-02
1.399040222167968750e-03
4.676741361618041992e-02
7.595089077949523926e-02
6.897197663784027100e-02
3.265738487243652344e-04
3.068211674690246582e-02
1.008759438991546631e-02
3.816962242126464844e-02
4.270404577255249023e-02
3.390525653958320618e-02
1.935631036758422852e-02
1.404345035552978516e-03
4.619105160236358643e-02
1.494461297988891602e-02
4.558914899826049805e-02
2.949127182364463806e-02
3.760033845901489258e-02
3.890287876129150391e-02
1.776047050952911377e-02
3.527757525444030762e-02
9.724199771881103516e-03
1.638284325599670410e-02
1.875430345535278320e-02
1.690077781677246094e-02
1.502269506454467773e-02
1.235476136207580566e-02
2.505970001220703125e-02
4.862830042839050293e-02
2.331984043121337891e-02
3.768080472946166992e-02
5.459937453269958496e-02
1.576645672321319580e-02
5.273550748825073242e-02
2.619236707687377930e-02
3.171699494123458862e-02
1.828926801681518555e-02
1.911264657974243164e-02
1.076165586709976196e-02
2.464097738265991211e-02
4.690289497375488281e-04
4.281848669052124023e-05
3.857785463333129883e-02
2.515810728073120117e-02
3.891099989414215088e-02
1.272451877593994141e-02
5.023694038391113281e-02
3.066296875476837158e-02
5.570054054260253906e-05
1.004064083099365234e-02
5.122274160385131836e-04
3.112089633941650391e-02
3.150200843811035156e-02
2.201437950134277344e-03
3.483815491199493408e-02
3.068763017654418945e-02
3.811037540435791016e-02
1.917371898889541626e-02
2.300798892974853516e-02
1.645147800445556641e-03
8.485250174999237061e-03
3.552049398422241211e-02
7.323980331420898438e-03
4.759878665208816528e-02
1.201146841049194336e-02
4.685342311859130859e-03
1.020385697484016418e-02
2.565664052963256836e-02
6.922364234924316406e-03
3.148860484361648560e-02
5.528569221496582031e-03
3.827255964279174805e-02
4.660476744174957275e-02
1.520425081253051758e-03
1.730138063430786133e-02
8.398294448852539062e-03
3.642299771308898926e-02
4.046022891998291016e-03
2.903968095779418945e-03
2.748094499111175537e-02
3.016006946563720703e-02
3.326413035392761230e-02
4.129235446453094482e-02
7.209587097167968750e-02
3.977483510971069336e-02
5.675605684518814087e-02
5.299144983291625977e-02
1.593786478042602539e-02
5.678541958332061768e-03
5.320191383361816406e-03
2.690821886062622070e-02
5.604445934295654297e-03
5.339562892913818359e-03
2.737540006637573242e-02
3.915264084935188293e-02
3.955852985382080078e-02
5.963379144668579102e-02
4.173034429550170898e-02
4.702630639076232910e-02
2.861464023590087891e-02
3.308728337287902832e-03
7.586240768432617188e-03
1.990348100662231445e-02
3.529125452041625977e-02
1.473724842071533203e-03
1.561760902404785156e-02
6.570777297019958496e-02
2.086705714464187622e-02
2.412438392639160156e-02
2.309489250183105469e-02
2.595908567309379578e-02
3.514724969863891602e-02
2.846091985702514648e-02
1.063970103859901428e-02
3.937351703643798828e-02
2.779096364974975586e-02
9.217895567417144775e-03
3.480327129364013672e-02
7.747352123260498047e-03
2.539239078760147095e-02
1.221895217895507812e-03
4.128926992416381836e-02
2.582757174968719482e-02
4.863858222961425781e-03
1.048773527145385742e-02
1.012220978736877441e-03
3.001824021339416504e-02
1.435875892639160156e-03
4.175060987472534180e-02
3.417859971523284912e-02
2.927350997924804688e-02
1.784047484397888184e-02
2.046269923448562622e-02
4.353934526443481445e-02
7.838249206542968750e-03
2.545450627803802490e-02
9.968459606170654297e-03
2.511090040206909180e-02
1.388776302337646484e-02
1.628994941711425781e-02
2.196919918060302734e-02
9.758025407791137695e-03
9.406685829162597656e-03
2.577960491180419922e-02
9.898439049720764160e-03
2.187043428421020508e-02
2.062612771987915039e-02
2.096855640411376953e-02
4.800796508789062500e-03
3.048992156982421875e-02
3.515017032623291016e-02
5.489200353622436523e-03
3.662669658660888672e-02
5.608111619949340820e-03
2.461613714694976807e-02
3.190457820892333984e-03
2.147972583770751953e-02
1.690591126680374146e-02
6.138443946838378906e-03
2.336502075195312500e-03
1.304853707551956177e-03
1.418286561965942383e-02
8.836269378662109375e-03
1.870710402727127075e-02
3.550523519515991211e-02
7.406342029571533203e-02
2.493383362889289856e-02
4.923295974731445312e-02
4.875421524047851562e-02
1.297503709793090820e-03
1.403179764747619629e-02
1.923054456710815430e-02
4.399149119853973389e-02
1.739105582237243652e-02
3.932416439056396484e-03
1.902835071086883545e-02
2.467626333236694336e-02
4.180306196212768555e-02
3.047627210617065430e-02
4.918351769447326660e-02
5.143582820892333984e-03
3.184255957603454590e-02
6.995685398578643799e-03
4.638892412185668945e-02
1.509624719619750977e-02
4.034999385476112366e-02
2.197915315628051758e-02
2.733969688415527344e-02
6.501337885856628418e-02
3.165900707244873047e-02
5.872958898544311523e-02
7.267075404524803162e-02
8.405929803848266602e-02
4.915058612823486328e-03
1.883744448423385620e-02
2.283084392547607422e-02
7.601380348205566406e-04
1.299684494733810425e-02
2.002519369125366211e-02
3.135693073272705078e-02
4.066985845565795898e-02
1.566284894943237305e-02
2.255076169967651367e-02
4.087156057357788086e-02
9.414494037628173828e-03
9.597003459930419922e-03
2.188086509704589844e-02
1.954671740531921387e-02
1.182705163955688477e-02
9.182155132293701172e-03
1.085305213928222656e-02
2.960038185119628906e-02
1.225179433822631836e-02
2.031819894909858704e-02
2.850180864334106445e-02
1.473110914230346680e-02
1.408055424690246582e-03
2.417802810668945312e-03
6.331205368041992188e-03
3.109420835971832275e-02
5.287587642669677734e-03
1.766943931579589844e-02
4.430915415287017822e-02
1.701587438583374023e-02
4.990541934967041016e-02
2.807697653770446777e-02
5.397860705852508545e-02
2.330613136291503906e-02
5.569428205490112305e-02
2.195888757705688477e-02
4.915159940719604492e-02
2.526295185089111328e-02
3.816489875316619873e-02
7.531166076660156250e-03
2.167415618896484375e-02
5.471939221024513245e-02
3.075766563415527344e-02
3.459155559539794922e-03
2.449239045381546021e-02
8.776962757110595703e-03
5.225121974945068359e-03
1.914748921990394592e-02
2.140861749649047852e-02
1.727819442749023438e-02
8.060760796070098877e-03
7.271420955657958984e-02
4.880189895629882812e-03
1.491223275661468506e-02
8.274376392364501953e-03
2.193593978881835938e-02
5.341768264770507812e-03
5.767315626144409180e-03
2.522885799407958984e-03
2.703800797462463379e-02
3.280167281627655029e-02
6.422996520996093750e-04
2.702689170837402344e-02
4.108196496963500977e-02
1.938033103942871094e-02
4.489320516586303711e-02
3.527639061212539673e-02
5.012506246566772461e-02
2.237391471862792969e-02
6.460922653786838055e-02
2.813941240310668945e-02
4.095196723937988281e-03
7.696036249399185181e-03
4.760539531707763672e-02
5.177742242813110352e-02
7.659362256526947021e-02
1.720792055130004883e-02
9.114444255828857422e-03
2.295300364494323730e-02
2.709493041038513184e-02
7.036805152893066406e-02
3.096836805343627930e-02
7.140941917896270752e-02
1.757788658142089844e-02
6.650671362876892090e-02
1.678512990474700928e-02
1.465886831283569336e-02
3.191077709197998047e-02
1.930806785821914673e-02
1.487731933593750000e-04
1.156508922576904297e-02
5.397975444793701172e-03
1.271140575408935547e-02
4.121899604797363281e-03
1.328668743371963501e-02
2.551728487014770508e-02
3.035980463027954102e-02
1.770637184381484985e-02
2.405804395675659180e-02
3.215914964675903320e-02
2.479173243045806885e-02
3.494381904602050781e-03
3.175842761993408203e-02
1.968489587306976318e-02
1.298865675926208496e-02
1.680082082748413086e-02
9.379982948303222656e-03
5.831718444824218750e-04
2.909898757934570312e-03
3.570234775543212891e-02
1.134672760963439941e-02
1.555019617080688477e-02
9.171217679977416992e-03
2.126047015190124512e-02
4.301357269287109375e-02
9.476900100708007812e-03
4.481732845306396484e-03
2.218014001846313477e-02
3.499150276184082031e-03
6.435779109597206116e-02
1.573920249938964844e-03
1.570510864257812500e-02
1.135801151394844055e-02
2.395391464233398438e-03
2.150535583496093750e-02
6.289616227149963379e-03
2.042835950851440430e-02
1.361966133117675781e-02
3.907305002212524414e-02
1.955929398536682129e-02
6.022155284881591797e-03
3.077127039432525635e-02
2.453929185867309570e-02
1.576286554336547852e-02
1.217198371887207031e-02
3.366397321224212646e-02
6.099516153335571289e-02
2.888873219490051270e-02
2.589338272809982300e-02
6.268620491027832031e-03
3.050696849822998047e-02
4.021117836236953735e-02
9.499013423919677734e-03
3.751933574676513672e-03
2.879133820533752441e-02
3.481030464172363281e-02
3.224503993988037109e-02
1.623983494937419891e-02
5.961793661117553711e-02
2.507209777832031250e-03
2.577364444732666016e-03
7.409691810607910156e-03
1.000308990478515625e-02
3.777354955673217773e-03
3.509443998336791992e-02
2.724874019622802734e-02
1.608096063137054443e-02
4.722091555595397949e-02
2.135998010635375977e-02
9.770363569259643555e-03
4.330620169639587402e-02
1.202785968780517578e-02
4.953864216804504395e-02
2.652405202388763428e-02
1.839250326156616211e-02
2.098578214645385742e-02
1.061414927244186401e-02
4.811233282089233398e-02
1.486408710479736328e-02
7.858596742153167725e-03
3.099262714385986328e-02
2.582019567489624023e-02
5.811725184321403503e-02
1.075863838195800781e-03
2.703160047531127930e-02
2.961774170398712158e-02
