# {'window': 97, 'n_steps': 1, 'lags': 2, 'contam': 0.9970647304107343}
1.288187503814697266e-02
2.280998229980468750e-02
1.918959617614746094e-02
8.884012699127197266e-03
3.205871582031250000e-02
4.728065431118011475e-02
3.436347842216491699e-02
1.512408256530761719e-03
1.260489225387573242e-03
1.228089630603790283e-02
2.430099248886108398e-02
2.428114414215087891e-03
4.283055663108825684e-03
1.304745674133300781e-03
4.555583000183105469e-03
2.579863369464874268e-02
2.338129281997680664e-02
1.474362611770629883e-02
1.309861242771148682e-02
9.629726409912109375e-03
1.949882507324218750e-02
2.928043901920318604e-02
4.436397552490234375e-02
1.784211397171020508e-02
3.722920268774032593e-02
2.475786209106445312e-02
6.471663713455200195e-02
6.251905858516693115e-02
3.172379732131958008e-02
1.152187585830688477e-02
2.031663060188293457e-02
1.460540294647216797e-02
1.644062995910644531e-02
1.166066527366638184e-02
4.317116737365722656e-02
1.937204599380493164e-02
6.970247626304626465e-02
9.924523532390594482e-03
5.441731214523315430e-02
3.779911994934082031e-02
4.762750864028930664e-02
1.906096935272216797e-02
1.689869165420532227e-02
6.020631641149520874e-03
1.803952455520629883e-02
2.549362182617187500e-02
9.045798331499099731e-03
4.230082035064697266e-03
1.680147647857666016e-02
3.648117184638977051e-02
6.735092401504516602e-02
2.617752552032470703e-02
5.267367511987686157e-02
1.541611552238464355e-02
4.209083318710327148e-02
1.576712727546691895e-02
8.072337508201599121e-02
1.176459193229675293e-01
1.134510636329650879e-01
2.669236063957214355e-02
3.809249401092529297e-02
2.120694518089294434e-02
6.875462830066680908e-02
8.427584171295166016e-02
3.735619783401489258e-02
1.178114488720893860e-02
2.926611900329589844e-02
1.693660020828247070e-02
7.046889513731002808e-03
4.657268524169921875e-03
1.768469810485839844e-03
1.670375466346740723e-03
4.089605808258056641e-02
1.191043853759765625e-02
1.330123841762542725e-02
3.226879239082336426e-02
1.530414819717407227e-02
4.162955284118652344e-02
5.034318566322326660e-02
3.508967161178588867e-02
2.588355541229248047e-02
2.128085494041442871e-02
1.330071687698364258e-02
9.861946105957031250e-03
3.976847231388092041e-02
2.456992864608764648e-02
2.349555492401123047e-03
3.401842713356018066e-02
5.861842632293701172e-02
5.054891109466552734e-03
1.744073629379272461e-02
1.829487085342407227e-02
5.150973796844482422e-03
1.591551676392555237e-02
4.534959793090820312e-03
5.258494615554809570e-02
4.545621201395988464e-02
1.256823539733886719e-03
8.721232414245605469e-03
6.087251380085945129e-02
1.480770111083984375e-02
7.821679115295410156e-03
2.658648788928985596e-02
1.715186238288879395e-02
5.505847930908203125e-02
4.133878648281097412e-02
5.130991339683532715e-02
8.944511413574218750e-03
1.912593841552734375e-03
1.146142184734344482e-02
4.388785362243652344e-02
4.593664407730102539e-02
1.029768586158752441e-02
3.596746921539306641e-02
1.413661241531372070e-02
7.858487963676452637e-02
3.810322284698486328e-02
7.373970746994018555e-02
1.937299966812133789e-03
1.606011390686035156e-02
7.098257541656494141e-03
3.564640879631042480e-03
1.707994937896728516e-02
5.654275417327880859e-03
6.237744539976119995e-02
6.737694144248962402e-02
2.914172410964965820e-02
2.913354337215423584e-02
1.228928565979003906e-02
3.018176555633544922e-02
2.921339869499206543e-02
2.018719911575317383e-02
3.931432962417602539e-02
5.843287706375122070e-02
2.659206092357635498e-02
2.945303916931152344e-02
4.212558269500732422e-03
7.954463362693786621e-03
3.127676248550415039e-02
7.004481554031372070e-02
4.933076351881027222e-02
9.746688604354858398e-02
6.197810173034667969e-02
4.520453512668609619e-03
3.062665462493896484e-03
5.591034889221191406e-03
5.662993341684341431e-02
4.312551021575927734e-02
1.453894376754760742e-02
7.050070911645889282e-02
7.011055946350097656e-02
4.013031721115112305e-02
1.840834319591522217e-02
9.848386049270629883e-03
1.218444108963012695e-02
4.597531259059906006e-02
1.684862375259399414e-02
3.476709127426147461e-02
4.318875074386596680e-02
2.268961071968078613e-02
2.967548370361328125e-02
2.014508843421936035e-02
2.213791012763977051e-03
1.532357931137084961e-02
1.500332355499267578e-02
3.415130078792572021e-03
1.117646694183349609e-02
4.754197597503662109e-02
3.877275809645652771e-02
3.152048587799072266e-02
1.695287227630615234e-02
3.399541229009628296e-02
4.032748937606811523e-02
1.885247230529785156e-02
2.144097536802291870e-02
1.868623495101928711e-02
2.572631835937500000e-02
2.200184017419815063e-02
8.955240249633789062e-03
3.157454729080200195e-02
1.391056180000305176e-02
1.843768358230590820e-02
2.580595016479492188e-02
5.756616592407226562e-04
2.117025852203369141e-02
5.901908874511718750e-02
3.461346030235290527e-02
3.452156484127044678e-02
1.915901899337768555e-02
3.055095672607421875e-03
1.262955367565155029e-02
9.967982769012451172e-03
1.489442586898803711e-02
2.623062580823898315e-02
2.378720045089721680e-02
1.568216085433959961e-02
2.117612957954406738e-02
2.690082788467407227e-02
1.691401004791259766e-02
2.366084605455398560e-02
6.672483682632446289e-02
2.280187606811523438e-02
1.628701388835906982e-02
1.808139681816101074e-02
3.958523273468017578e-03
2.339677512645721436e-02
2.567574381828308105e-02
1.106953620910644531e-02
2.076768875122070312e-02
5.855455994606018066e-03
3.252667188644409180e-02
2.126145362854003906e-02
4.491865634918212891e-03
9.257793426513671875e-03
1.896828413009643555e-02
6.910741329193115234e-03
3.791701793670654297e-02
1.427859067916870117e-02
1.847231388092041016e-02
1.343750953674316406e-02
2.030968666076660156e-03
3.570397943258285522e-02
3.143000602722167969e-02
5.003833770751953125e-02
6.826996803283691406e-03
1.062816381454467773e-02
4.381805658340454102e-02
9.413436055183410645e-03
2.111941576004028320e-03
1.652407646179199219e-02
3.448456525802612305e-03
4.682540893554687500e-04
5.419552326202392578e-03
1.005184650421142578e-02
2.472166717052459717e-02
1.339244842529296875e-02
1.899322867393493652e-02
3.907965123653411865e-02
3.024488687515258789e-02
4.417669773101806641e-02
2.706032246351242065e-02
4.182517528533935547e-03
1.823264360427856445e-02
1.491010934114456177e-02
1.783472299575805664e-02
5.267858505249023438e-03
2.115346118807792664e-02
4.395186901092529297e-02
3.622198104858398438e-02
1.499160379171371460e-02
2.545443177223205566e-02
4.355543851852416992e-02
5.102109909057617188e-02
3.565597534179687500e-02
3.812032938003540039e-02
4.048025608062744141e-02
5.319595336914062500e-02
3.576296567916870117e-02
5.540135502815246582e-02
1.689232885837554932e-02
1.809900999069213867e-02
1.747667789459228516e-02
5.600716173648834229e-02
6.781721115112304688e-02
6.942552328109741211e-02
1.082143187522888184e-02
4.330611228942871094e-02
2.686786651611328125e-02
4.437857866287231445e-02
4.310429096221923828e-02
6.066602468490600586e-02
8.718773722648620605e-03
3.674739599227905273e-02
7.823461294174194336e-02
7.744228094816207886e-02
7.175445556640625000e-02
5.794715881347656250e-02
1.714538037776947021e-02
7.016420364379882812e-03
1.190060377120971680e-02
5.520033836364746094e-02
5.557894706726074219e-02
3.633415699005126953e-02
2.413988113403320312e-03
2.184131741523742676e-02
6.098210811614990234e-02
2.422261238098144531e-02
7.502146065235137939e-03
3.329104185104370117e-02
2.908962965011596680e-02
4.613821581006050110e-02
2.203428745269775391e-02
1.237368583679199219e-02
2.271512150764465332e-02
6.237506866455078125e-02
3.395062685012817383e-02
3.485555201768875122e-02
1.029568910598754883e-02
5.470335483551025391e-03
2.007044106721878052e-02
1.558026671409606934e-02
5.827963352203369141e-03
5.244688689708709717e-02
7.564014196395874023e-02
2.185040712356567383e-02
2.515341341495513916e-02
3.949996829032897949e-02
6.889462471008300781e-03
3.110286593437194824e-02
2.547258138656616211e-02
1.674115657806396484e-02
7.282108068466186523e-03
3.701552748680114746e-03
1.191729307174682617e-02
3.057062625885009766e-02
1.005806028842926025e-02
2.199101448059082031e-02
3.907620906829833984e-03
7.008351385593414307e-03
1.239478588104248047e-03
3.724634647369384766e-03
1.056482642889022827e-02
2.678334712982177734e-02
2.364540100097656250e-02
2.517505735158920288e-02
1.120150089263916016e-03
1.837754249572753906e-02
1.047323644161224365e-02
2.450847625732421875e-02
1.267862319946289062e-02
1.020820438861846924e-02
2.078580856323242188e-02
1.999354362487792969e-02
2.866819500923156738e-02
5.460821092128753662e-02
1.977539062500000000e-02
1.745223999023437500e-02
1.446947455406188965e-02
1.928359270095825195e-02
2.848285436630249023e-02
3.065211325883865356e-02
1.348549127578735352e-02
2.769690752029418945e-02
1.544156670570373535e-02
7.844924926757812500e-03
5.006021261215209961e-02
1.127272844314575195e-05
9.818196296691894531e-03
1.303070783615112305e-02
1.127057522535324097e-02
1.436907052993774414e-02
1.043039560317993164e-02
2.774637937545776367e-02
3.989219665527343750e-02
5.429881811141967773e-02
6.178064644336700439e-02
3.153598308563232422e-02
2.431195974349975586e-02
3.836685419082641602e-02
1.454131305217742920e-02
1.572209596633911133e-02
5.362328886985778809e-02
1.179573684930801392e-02
2.325701713562011719e-02
2.678012847900390625e-02
2.376775443553924561e-02
5.495005846023559570e-02
1.453655958175659180e-02
1.126439124345779419e-02
1.099628210067749023e-02
3.602415323257446289e-02
3.036564029753208160e-02
3.728222846984863281e-02
5.531859397888183594e-02
3.010866045951843262e-02
1.504912972450256348e-02
1.963794231414794922e-02
4.970192909240722656e-03
6.776124238967895508e-03
2.803015708923339844e-02
2.700921893119812012e-02
2.268052101135253906e-02
2.751725912094116211e-02
1.453948020935058594e-02
1.533469557762145996e-02
1.929104328155517578e-02
7.759273052215576172e-02
7.738646864891052246e-02
4.999381303787231445e-02
1.153218746185302734e-02
1.519772410392761230e-02
1.063972711563110352e-02
4.146796464920043945e-02
5.498669296503067017e-02
6.787061691284179688e-02
1.745909452438354492e-02
7.027596235275268555e-03
3.261119127273559570e-02
2.595293521881103516e-02
1.438045501708984375e-02
2.079316973686218262e-02
7.508397102355957031e-03
4.401411861181259155e-02
1.231145858764648438e-02
5.817890167236328125e-03
8.733540773391723633e-02
5.395051836967468262e-02
1.857244968414306641e-02
5.474817752838134766e-02
5.504141747951507568e-02
3.043228387832641602e-02
3.925630450248718262e-02
4.080006480216979980e-02
1.985889673233032227e-02
3.049618005752563477e-02
2.334927022457122803e-02
4.711121320724487305e-02
2.604085206985473633e-02
5.127579718828201294e-02
1.485437154769897461e-02
7.473427057266235352e-02
1.946523413062095642e-02
2.668803930282592773e-02
6.035625934600830078e-03
4.605889320373535156e-03
1.726233959197998047e-02
3.561437129974365234e-03
4.248142242431640625e-03
2.092769742012023926e-02
2.041697502136230469e-03
1.625332236289978027e-02
2.976775169372558594e-03
2.205389738082885742e-02
3.057286143302917480e-02
3.084291517734527588e-02
2.723902463912963867e-02
2.130037546157836914e-02
1.407909393310546875e-02
4.438322782516479492e-02
2.662712335586547852e-02
3.013677895069122314e-03
7.095497846603393555e-02
5.119383335113525391e-02
2.685543149709701538e-04
3.423929214477539062e-02
3.125882148742675781e-02
1.743322983384132385e-02
1.939654350280761719e-02
4.113793373107910156e-03
3.865584731101989746e-03
1.740029454231262207e-02
4.104459285736083984e-02
1.041486412286758423e-01
4.367509484291076660e-02
4.414010047912597656e-02
1.854813098907470703e-02
3.538021445274353027e-02
1.556032896041870117e-02
4.276871681213378906e-02
3.321579098701477051e-02
3.291302919387817383e-02
2.615731954574584961e-02
2.347952872514724731e-02
1.988202333450317383e-02
3.214359283447265625e-02
6.982998549938201904e-02
1.167777180671691895e-01
1.038543581962585449e-01
9.045698866248130798e-02
1.860570907592773438e-02
1.489788293838500977e-02
7.900755852460861206e-03
1.597023010253906250e-02
1.961213350296020508e-02
9.437620639801025391e-03
5.439776182174682617e-02
4.055261611938476562e-03
1.743698120117187500e-02
1.168042421340942383e-03
3.789514303207397461e-02
4.616057872772216797e-02
2.562043070793151855e-02
4.056662321090698242e-02
1.524150371551513672e-02
2.717977762222290039e-02
3.283363580703735352e-02
8.522540330886840820e-03
1.490432024002075195e-02
4.299342632293701172e-03
1.292067766189575195e-02
1.560290902853012085e-02
5.765867233276367188e-02
5.713492631912231445e-02
3.687239438295364380e-02
3.430795669555664062e-02
2.014863491058349609e-02
4.296646639704704285e-02
8.308148384094238281e-02
7.743656635284423828e-02
9.024307131767272949e-03
3.016233444213867188e-03
3.240358829498291016e-02
3.000901639461517334e-02
3.693592548370361328e-02
6.383746862411499023e-02
3.908833861351013184e-02
2.010551095008850098e-02
3.329062461853027344e-02
2.923008799552917480e-02
5.517175793647766113e-02
1.135581731796264648e-02
8.989989757537841797e-03
7.285281270742416382e-02
3.278023004531860352e-02
2.465599775314331055e-02
4.235130921006202698e-02
4.027467966079711914e-02
6.771439313888549805e-02
4.335248097777366638e-02
4.513788223266601562e-02
6.482166051864624023e-02
3.417854011058807373e-02
5.277574062347412109e-03
2.055954933166503906e-02
6.762817502021789551e-04
2.329573035240173340e-02
1.052916049957275391e-02
4.315876960754394531e-02
5.911049246788024902e-02
9.245282411575317383e-02
4.852816462516784668e-03
9.995311498641967773e-03
1.523494720458984375e-04
3.192275762557983398e-03
1.763466000556945801e-02
7.504224777221679688e-05
1.842749118804931641e-02
2.036832273006439209e-02
1.799643039703369141e-03
2.191472053527832031e-02
3.386392444372177124e-02
7.550776004791259766e-02
1.113969087600708008e-02
1.177658885717391968e-02
4.311972856521606445e-02
3.079533576965332031e-03
1.619261503219604492e-02
1.917725801467895508e-02
1.607072353363037109e-02
1.100685447454452515e-02
2.861881256103515625e-02
4.079824686050415039e-02
2.082496881484985352e-02
6.015896797180175781e-04
2.963244915008544922e-03
6.952911615371704102e-03
8.663922548294067383e-03
2.481353282928466797e-02
3.509056568145751953e-02
3.501833975315093994e-02
3.668707609176635742e-02
1.517438888549804688e-02
2.589125931262969971e-02
7.009381055831909180e-02
5.007857084274291992e-02
6.753545999526977539e-02
3.564131259918212891e-02
3.077530860900878906e-02
2.624966204166412354e-03
1.071381568908691406e-02
1.310217380523681641e-02
2.774785459041595459e-02
6.791234016418457031e-02
4.730784893035888672e-02
6.013498455286026001e-02
2.834171056747436523e-02
5.361795425415039062e-03
2.677480876445770264e-02
7.854729890823364258e-03
4.420322179794311523e-02
1.607611775398254395e-02
2.154546976089477539e-02
1.027023792266845703e-02
5.319654941558837891e-03
2.536709606647491455e-02
6.956875324249267578e-03
1.531839370727539062e-02
8.849412202835083008e-03
6.230711936950683594e-03
7.259488105773925781e-03
1.404209434986114502e-02
5.767345428466796875e-03
5.127799510955810547e-02
4.927864670753479004e-02
1.512801647186279297e-02
9.819507598876953125e-03
5.136087536811828613e-03
7.134914398193359375e-03
2.200829982757568359e-02
3.490990400314331055e-02
1.199755072593688965e-02
6.824910640716552734e-03
1.394823938608169556e-02
4.391515254974365234e-02
3.973740339279174805e-02
5.398660898208618164e-03
3.701323270797729492e-02
2.883976697921752930e-02
4.312616586685180664e-02
3.522533178329467773e-02
1.203125715255737305e-02
3.933078050613403320e-02
4.759545624256134033e-02
9.813666343688964844e-03
1.312255859375000000e-03
1.112062484025955200e-02
8.643686771392822266e-03
1.733362674713134766e-02
4.384145140647888184e-03
1.798647642135620117e-02
2.919018268585205078e-03
1.585993915796279907e-02
2.041727304458618164e-02
5.127429962158203125e-03
5.702584236860275269e-02
7.395082712173461914e-02
1.202052831649780273e-02
8.496344089508056641e-03
8.889913558959960938e-03
3.534913063049316406e-03
1.343268156051635742e-02
1.683267951011657715e-02
2.340245246887207031e-02
5.979478359222412109e-03
2.735987305641174316e-03
3.406888246536254883e-02
5.778670310974121094e-04
2.285450696945190430e-02
1.654326915740966797e-02
1.176780462265014648e-02
6.116467248648405075e-02
3.851675987243652344e-02
9.401869773864746094e-02
4.812727123498916626e-02
1.029056310653686523e-02
1.369047164916992188e-02
4.977320134639739990e-02
4.365175962448120117e-02
7.306885719299316406e-02
2.097620815038681030e-02
1.919436454772949219e-02
1.455885171890258789e-02
3.635314106941223145e-02
3.906697034835815430e-03
4.055875539779663086e-02
2.514083683490753174e-02
4.358652234077453613e-02
4.967796802520751953e-02
2.709466218948364258e-02
2.838344871997833252e-02
1.331269741058349609e-02
9.457916021347045898e-03
2.686209976673126221e-02
1.539230346679687500e-02
3.979146480560302734e-03
4.231435805559158325e-02
3.668385744094848633e-02
4.564940929412841797e-02
4.474798962473869324e-02
3.733128309249877930e-02
5.262666940689086914e-02
9.521090798079967499e-02
1.120715737342834473e-01
1.016549468040466309e-01
6.654488295316696167e-02
1.211154460906982422e-02
3.830224275588989258e-02
1.729987561702728271e-02
4.870384931564331055e-02
5.732840299606323242e-02
6.597264111042022705e-02
6.046232581138610840e-02
3.584593534469604492e-02
3.548288345336914062e-02
1.274494826793670654e-02
4.350644350051879883e-02
3.357383608818054199e-02
4.341401159763336182e-02
3.139513731002807617e-02
5.777353048324584961e-02
2.044286578893661499e-03
4.933446645736694336e-02
1.045286655426025391e-03
2.741297334432601929e-02
3.147476911544799805e-02
1.662635803222656250e-02
1.413507759571075439e-02
5.422544479370117188e-02
6.394308805465698242e-02
1.093537099659442902e-01
7.645866274833679199e-02
9.277975559234619141e-02
5.077162384986877441e-02
4.738196730613708496e-02
3.385066986083984375e-03
1.603576540946960449e-02
1.254647970199584961e-02
5.968391895294189453e-03
5.663493275642395020e-02
5.832880735397338867e-02
5.370849370956420898e-02
3.732398152351379395e-02
9.765654802322387695e-03
2.983355522155761719e-02
1.510256528854370117e-02
6.960424035787582397e-02
7.285636663436889648e-02
8.833271265029907227e-02
3.801883757114410400e-02
2.334803342819213867e-02
1.756054162979125977e-02
2.482687681913375854e-02
3.558850288391113281e-02
1.623046398162841797e-02
1.378357410430908203e-05
2.640974521636962891e-02
5.649507045745849609e-03
3.590023517608642578e-02
6.091669201850891113e-02
9.482294321060180664e-02
2.760678529739379883e-02
5.015850067138671875e-03
4.462742805480957031e-02
2.049195766448974609e-02
2.430945634841918945e-03
2.226626873016357422e-02
8.096283674240112305e-02
5.553465336561203003e-02
5.853843688964843750e-02
1.288539171218872070e-02
2.472667396068572998e-02
2.587795257568359375e-02
6.368708610534667969e-02
4.389260336756706238e-02
1.848065853118896484e-02
5.963993072509765625e-02
3.302316367626190186e-02
4.193907976150512695e-02
1.655882596969604492e-02
6.452244520187377930e-02
4.789263010025024414e-02
6.660282611846923828e-03
9.544432163238525391e-03
2.437707781791687012e-02
1.088237762451171875e-02
2.426090836524963379e-02
2.024567127227783203e-02
1.637893915176391602e-02
3.097575902938842773e-02
1.234549283981323242e-02
9.408175945281982422e-03
6.928914785385131836e-02
2.507902681827545166e-02
4.844230413436889648e-02
3.007328510284423828e-02
1.752947270870208740e-02
1.695275306701660156e-03
3.069317340850830078e-02
1.637126505374908447e-02
1.990538835525512695e-02
8.835077285766601562e-03
2.894968539476394653e-02
1.113796234130859375e-02
1.471579074859619141e-03
1.274686306715011597e-02
7.644295692443847656e-04
7.718086242675781250e-03
1.539558172225952148e-03
1.087039709091186523e-02
1.317620277404785156e-03
2.620655298233032227e-02
2.162396907806396484e-02
6.204605102539062500e-03
1.430004835128784180e-02
6.820496916770935059e-02
3.883397579193115234e-02
2.919766306877136230e-02
2.008729428052902222e-02
4.079848527908325195e-02
1.791828870773315430e-02
4.024594277143478394e-02
2.737045288085937500e-03
5.002069473266601562e-02
3.411782532930374146e-02
6.655740737915039062e-02
1.484256982803344727e-02
3.091100230813026428e-02
1.909881830215454102e-02
1.041191816329956055e-02
2.429242432117462158e-02
2.274841070175170898e-03
2.703106403350830078e-02
1.411601901054382324e-02
9.007394313812255859e-03
3.655076026916503906e-03
3.164416551589965820e-02
3.245165944099426270e-02
4.708218574523925781e-02
2.962803840637207031e-02
1.645839214324951172e-02
8.490502834320068359e-03
6.877720355987548828e-03
5.342595279216766357e-03
1.046651601791381836e-02
1.070469617843627930e-02
1.838952302932739258e-02
7.131993770599365234e-03
3.741502761840820312e-03
3.744625300168991089e-02
1.257622241973876953e-02
3.098851442337036133e-02
2.396357059478759766e-02
2.387559413909912109e-02
6.054854393005371094e-02
3.474671393632888794e-02
7.247209548950195312e-03
3.887647390365600586e-02
7.737740874290466309e-03
2.478256821632385254e-02
3.921061754226684570e-02
7.974117994308471680e-03
3.875529766082763672e-02
2.244830131530761719e-02
3.609889745712280273e-02
3.612616658210754395e-02
2.847075462341308594e-02
8.586794137954711914e-03
1.725781708955764771e-02
8.240938186645507812e-04
3.716331720352172852e-02
4.992711171507835388e-02
4.529094696044921875e-02
2.753800153732299805e-02
9.160805493593215942e-03
1.639306545257568359e-02
1.977062225341796875e-02
1.710258424282073975e-02
4.517042636871337891e-02
2.218246459960937500e-02
6.322424858808517456e-02
4.737949371337890625e-02
9.901046752929687500e-03
2.686634659767150879e-03
3.706467151641845703e-02
4.421156644821166992e-02
1.741941273212432861e-02
2.023893594741821289e-02
1.230508089065551758e-02
2.509468793869018555e-02
1.680411398410797119e-02
2.202910184860229492e-02
4.574567079544067383e-03
2.240977436304092407e-02
8.399784564971923828e-03
3.136634826660156250e-03
7.646396756172180176e-03
3.368669748306274414e-02
4.664796590805053711e-02
3.968064114451408386e-02
1.242476701736450195e-02
1.818299293518066406e-03
1.715710014104843140e-02
2.060204744338989258e-02
3.847044706344604492e-02
1.931652426719665527e-02
4.683488607406616211e-02
4.678046703338623047e-02
3.371040523052215576e-02
3.213548660278320312e-02
6.642216444015502930e-02
1.098124682903289795e-02
3.233332931995391846e-02
9.058105945587158203e-02
4.001981019973754883e-02
4.446595907211303711e-02
6.702959537506103516e-03
5.012989044189453125e-02
5.722514539957046509e-02
2.171957492828369141e-02
5.536198616027832031e-03
3.497924655675888062e-02
4.922068119049072266e-02
4.368883371353149414e-02
3.409037739038467407e-02
1.523876190185546875e-02
1.306253671646118164e-02
1.600883156061172485e-02
4.651832580566406250e-02
6.212592124938964844e-03
3.765690326690673828e-02
6.769895553588867188e-03
4.277402162551879883e-02
8.111931383609771729e-02
6.449323892593383789e-02
5.912828445434570312e-02
2.251844108104705811e-02
6.049215793609619141e-03
2.835053205490112305e-02
1.153168082237243652e-02
1.681621372699737549e-02
3.062248229980468750e-03
2.510768175125122070e-02
1.234854757785797119e-02
5.393880605697631836e-02
3.126680850982666016e-03
1.824950054287910461e-02
5.610680580139160156e-02
9.918051958084106445e-02
9.869767352938652039e-02
3.223806619644165039e-02
3.383988142013549805e-02
7.016278058290481567e-02
7.157921791076660156e-03
3.460288047790527344e-03
3.994917124509811401e-02
3.420650959014892578e-03
1.717060804367065430e-02
1.199226081371307373e-02
1.327651739120483398e-02
3.241539001464843750e-02
2.040264010429382324e-02
5.341185629367828369e-02
1.504266262054443359e-02
3.368386626243591309e-02
3.072172403335571289e-03
2.395755052566528320e-02
3.207579255104064941e-02
4.160484671592712402e-02
1.922410726547241211e-02
2.671694755554199219e-02
2.263189852237701416e-02
3.236931562423706055e-02
8.715271949768066406e-03
7.177594862878322601e-02
5.431115627288818359e-03
7.628560066223144531e-03
2.766177803277969360e-02
9.500741958618164062e-03
1.665890216827392578e-02
3.279376775026321411e-02
4.628300666809082031e-04
3.005999326705932617e-02
7.755160331726074219e-03
7.742226123809814453e-03
5.153757333755493164e-02
4.004527628421783447e-02
3.314980864524841309e-02
3.744691610336303711e-02
6.235006451606750488e-02
1.043035089969635010e-01
8.336877822875976562e-02
2.059614658355712891e-02
1.036801934242248535e-02
3.492349386215209961e-02
1.640915870666503906e-03
1.597312092781066895e-02
1.993298530578613281e-03
5.308806896209716797e-03
1.585857570171356201e-02
2.591013908386230469e-03
5.228400230407714844e-03
1.494644209742546082e-02
1.451933383941650391e-02
2.928555011749267578e-03
4.434680938720703125e-02
1.759976148605346680e-02
4.202485084533691406e-02
2.467808127403259277e-02
9.395778179168701172e-03
8.215785026550292969e-03
1.883617043495178223e-02
3.467693924903869629e-02
6.284636259078979492e-02
2.631282806396484375e-02
3.253713250160217285e-03
1.376134157180786133e-02
1.343646645545959473e-02
2.406173944473266602e-02
5.881196260452270508e-02
2.061885595321655273e-02
7.028929889202117920e-03
4.661864042282104492e-02
6.956028938293457031e-02
6.537327170372009277e-02
1.654076576232910156e-02
6.710255146026611328e-02
6.289467960596084595e-02
6.834650039672851562e-02
1.282989978790283203e-02
7.150247693061828613e-04
2.165800333023071289e-02
7.558768987655639648e-02
1.516961306333541870e-02
7.874965667724609375e-04
5.406165122985839844e-02
4.069520533084869385e-02
8.734306693077087402e-02
1.136296987533569336e-01
1.045278012752532959e-01
4.646539688110351562e-02
6.117880344390869141e-03
8.193701505661010742e-03
5.144682526588439941e-02
4.851925373077392578e-02
3.222709894180297852e-02
6.076395511627197266e-03
1.933652162551879883e-02
3.823041915893554688e-04
2.684735879302024841e-02
2.928793430328369141e-03
3.206360340118408203e-02
6.910473108291625977e-03
2.793276309967041016e-02
6.454586982727050781e-04
2.377937734127044678e-02
8.223414421081542969e-03
1.732707023620605469e-04
3.921851515769958496e-03
5.911350250244140625e-03
2.908730506896972656e-02
2.624259889125823975e-02
4.994878172874450684e-02
3.103911876678466797e-02
4.446303844451904297e-02
7.181629538536071777e-03
7.496672868728637695e-02
5.907475948333740234e-02
2.362634986639022827e-02
1.499563455581665039e-02
4.270499944686889648e-02
2.570087462663650513e-02
5.830901861190795898e-02
2.115929126739501953e-02
1.423488184809684753e-02
7.378989458084106445e-02
1.610279083251953125e-02
1.566894352436065674e-02
8.204209804534912109e-02
1.094589829444885254e-01
1.272624805569648743e-01
2.152490615844726562e-02
3.664934635162353516e-02
7.013319432735443115e-02
4.601556062698364258e-02
4.322361946105957031e-02
3.955450654029846191e-02
5.571722984313964844e-03
3.823828697204589844e-02
3.352913260459899902e-02
5.269585549831390381e-02
8.638578653335571289e-02
7.955077290534973145e-02
1.042506843805313110e-01
4.557889699935913086e-02
6.461745500564575195e-02
5.970850586891174316e-03
3.895115852355957031e-02
2.918916940689086914e-02
3.584217280149459839e-02
4.361718893051147461e-02
5.015921592712402344e-02
3.239844553172588348e-02
6.900489330291748047e-02
4.326683282852172852e-02
6.552912667393684387e-02
9.878754615783691406e-03
1.421153545379638672e-02
1.410368084907531738e-02
1.520913839340209961e-02
1.054167747497558594e-02
2.105975151062011719e-02
2.687394618988037109e-03
8.261084556579589844e-03
1.798892021179199219e-02
4.278600215911865234e-03
7.387280464172363281e-03
4.116705060005187988e-02
1.795097440481185913e-02
2.650135755538940430e-02
1.928079128265380859e-02
6.277617067098617554e-03
5.184590816497802734e-03
4.873555898666381836e-02
5.233179219067096710e-02
8.300441503524780273e-02
1.398140192031860352e-02
1.027913764119148254e-02
5.432873964309692383e-02
7.113415002822875977e-02
6.734365969896316528e-02
3.189340233802795410e-02
5.998325347900390625e-02
9.475727379322052002e-02
6.058958172798156738e-02
7.412433624267578125e-03
7.224819064140319824e-02
5.024206638336181641e-02
4.099988937377929688e-02
2.121984958648681641e-02
5.086407065391540527e-03
7.004141807556152344e-03
8.448451757431030273e-03
2.853741496801376343e-02
1.044917106628417969e-02
2.423256635665893555e-02
4.544857889413833618e-03
3.119653463363647461e-02
6.990122795104980469e-02
4.884311556816101074e-02
7.668071985244750977e-02
4.828047752380371094e-02
1.078592604026198387e-01
9.125739336013793945e-02
8.096992969512939453e-02
4.607672989368438721e-02
7.702738046646118164e-03
3.394007682800292969e-03
1.503732800483703613e-02
3.282701969146728516e-02
1.871269941329956055e-02
7.713884115219116211e-03
3.224372863769531250e-03
4.590356349945068359e-02
3.242707252502441406e-02
3.022612631320953369e-02
1.984387636184692383e-02
9.763300418853759766e-03
2.447172999382019043e-02
2.740520238876342773e-02
3.809928894042968750e-04
4.430607706308364868e-02
3.755760192871093750e-02
5.536675453186035156e-03
1.106386631727218628e-02
2.469360828399658203e-03
1.345014572143554688e-02
9.622350335121154785e-03
2.043282985687255859e-02
4.876732826232910156e-03
1.974463462829589844e-02
8.801847696304321289e-03
6.115019321441650391e-03
3.931221365928649902e-02
6.243526935577392578e-02
6.620645523071289062e-02
1.220731437206268311e-02
4.389092326164245605e-02
1.207959651947021484e-02
1.168754696846008301e-02
4.321783781051635742e-03
4.026424884796142578e-02
6.574621796607971191e-02
8.568529039621353149e-02
3.884887695312500000e-02
4.877746105194091797e-02
1.027487963438034058e-02
1.856684684753417969e-04
4.224658012390136719e-02
5.440822243690490723e-02
6.519359350204467773e-02
4.273331165313720703e-02
6.375785917043685913e-03
1.551938056945800781e-02
4.721802473068237305e-02
4.948802292346954346e-02
1.014052033424377441e-01
6.325483322143554688e-02
1.067693531513214111e-02
1.153361797332763672e-02
3.836977481842041016e-02
3.740948438644409180e-02
6.584671139717102051e-02
3.465044498443603516e-02
2.321666479110717773e-02
6.220343708992004395e-02
5.332839488983154297e-02
2.445399761199951172e-02
2.583944797515869141e-02
6.396430730819702148e-02
2.771055698394775391e-02
9.615890681743621826e-03
2.779573202133178711e-02
5.535423755645751953e-03
2.435827255249023438e-02
7.003486156463623047e-02
9.490370750427246094e-02
3.518694639205932617e-02
2.001410722732543945e-02
4.849410057067871094e-02
5.030788481235504150e-02
5.065676569938659668e-02
4.912418127059936523e-02
3.421215713024139404e-02
5.047482252120971680e-02
5.780702829360961914e-02
6.071957945823669434e-02
1.154989004135131836e-01
1.159864664077758789e-01
6.128212809562683105e-02
3.660498559474945068e-02
3.046655654907226562e-02
3.204584121704101562e-03
8.109360933303833008e-04
3.084790706634521484e-02
1.948130130767822266e-02
4.346287250518798828e-02
2.375519275665283203e-02
3.592473268508911133e-02
3.939564153552055359e-02
4.320251941680908203e-02
6.526410579681396484e-03
1.314029097557067871e-03
1.334828138351440430e-02
3.034979104995727539e-02
1.710794866085052490e-02
7.209271192550659180e-03
2.999186515808105469e-03
2.968239784240722656e-02
5.007141828536987305e-02
1.177281141281127930e-02
9.790778160095214844e-03
1.796677708625793457e-02
4.281818866729736328e-02
1.157528162002563477e-02
4.909135401248931885e-02
4.381746053695678711e-02
5.046895146369934082e-02
8.633583784103393555e-04
2.913177013397216797e-02
2.473485469818115234e-02
2.332705259323120117e-02
3.607219457626342773e-02
4.231780767440795898e-02
4.876310750842094421e-02
7.841622829437255859e-02
7.266032695770263672e-02
3.177236020565032959e-02
8.724153041839599609e-03
2.974158525466918945e-02
3.668699413537979126e-02
1.623469591140747070e-02
2.899283170700073242e-02
2.300330996513366699e-02
6.407555937767028809e-02
2.173119783401489258e-02
1.295612752437591553e-02
6.876984238624572754e-02
2.090948820114135742e-02
2.261787652969360352e-02
1.070092618465423584e-02
7.503092288970947266e-03
4.017800092697143555e-03
1.482327282428741455e-02
4.589915275573730469e-03
5.987107753753662109e-03
5.715236067771911621e-03
2.986240386962890625e-02
1.631522178649902344e-02
1.614887267351150513e-02
9.807354211807250977e-02
6.590670347213745117e-02
1.420141197741031647e-02
4.866212606430053711e-02
4.056429862976074219e-02
2.168449759483337402e-02
3.568994998931884766e-02
1.276522874832153320e-02
8.963719010353088379e-03
2.919283509254455566e-02
2.580702304840087891e-03
2.016159892082214355e-02
3.584840893745422363e-02
5.462485551834106445e-02
3.180572390556335449e-02
2.536323666572570801e-02
1.654446125030517578e-02
1.993954181671142578e-02
5.499254167079925537e-02
8.516013622283935547e-02
4.202157258987426758e-02
2.081241458654403687e-02
2.123713493347167969e-02
1.514643430709838867e-02
1.595636084675788879e-02
3.994649648666381836e-02
3.856432437896728516e-02
6.964385136961936951e-02
4.713565111160278320e-02
2.858853340148925781e-02
1.210024952888488770e-02
2.254277467727661133e-03
2.464276552200317383e-02
3.419746458530426025e-02
6.745070219039916992e-03
1.783859729766845703e-02
1.550343632698059082e-02
1.054343581199645996e-02
1.042842864990234375e-03
3.252652287483215332e-02
4.018971323966979980e-02
3.136759996414184570e-02
1.840150356292724609e-02
1.269608736038208008e-02
2.811247110366821289e-02
3.171676397323608398e-02
1.970799639821052551e-02
2.698004245758056641e-03
1.718252897262573242e-02
2.496546134352684021e-03
3.191614151000976562e-02
6.729382276535034180e-02
1.294821500778198242e-03
4.213666915893554688e-02
7.219439744949340820e-02
2.083559334278106689e-02
3.928303718566894531e-03
3.565150499343872070e-02
7.552000880241394043e-02
1.440813243389129639e-01
1.219937801361083984e-01
9.070950746536254883e-02
2.468648552894592285e-02
7.400512695312500000e-03
5.598366260528564453e-03
1.107908785343170166e-02
4.292583465576171875e-02
4.576173424720764160e-02
1.913725584745407104e-02
3.879660367965698242e-02
9.090054035186767578e-02
1.201958842575550079e-01
6.013846397399902344e-02
2.797961235046386719e-02
2.434943616390228271e-02
8.918762207031250000e-03
1.986074447631835938e-02
1.180010288953781128e-02
3.724807500839233398e-02
3.315901756286621094e-02
2.005681395530700684e-02
2.882364392280578613e-02
8.072316646575927734e-02
5.760478973388671875e-02
2.608358860015869141e-02
3.777521848678588867e-02
8.821234107017517090e-03
3.468188643455505371e-02
4.885202646255493164e-02
3.889638185501098633e-02
4.463151097297668457e-02
4.611879587173461914e-02
5.515947937965393066e-02
5.840535461902618408e-02
3.708076477050781250e-02
5.465871095657348633e-02
4.664165526628494263e-02
1.994842290878295898e-02
3.777742385864257812e-04
4.746921360492706299e-03
9.735822677612304688e-03
4.839062690734863281e-03
2.444326877593994141e-03
4.039525985717773438e-03
1.611560583114624023e-02
4.565273225307464600e-02
4.819539189338684082e-02
8.449709415435791016e-02
7.056745886802673340e-02
5.130469799041748047e-04
4.429697990417480469e-02
1.131057739257812500e-03
5.312275886535644531e-02
3.023695945739746094e-02
3.754431009292602539e-02
5.896091461181640625e-03
2.094924449920654297e-02
9.333819150924682617e-03
3.294927626848220825e-02
2.840536832809448242e-02
4.545444250106811523e-02
5.206602811813354492e-02
1.651990413665771484e-02
6.214022636413574219e-03
2.502230182290077209e-02
5.145281553268432617e-02
1.495075225830078125e-02
2.823349088430404663e-03
1.889848709106445312e-02
5.356407165527343750e-02
5.602169036865234375e-02
8.083125948905944824e-02
1.819908618927001953e-03
2.392235398292541504e-02
3.458619117736816406e-03
1.373052597045898438e-02
3.114372491836547852e-03
1.668143272399902344e-02
5.609714984893798828e-02
4.239800572395324707e-02
2.989144623279571533e-02
3.112852573394775391e-02
3.458473086357116699e-02
6.943681836128234863e-02
3.336524963378906250e-02
3.046220541000366211e-02
1.596458256244659424e-03
4.772245883941650391e-03
3.070741891860961914e-02
3.385626524686813354e-02
1.805645227432250977e-02
1.838457584381103516e-02
1.326061040163040161e-02
1.501190662384033203e-02
5.441772937774658203e-02
2.782359719276428223e-02
9.838044643402099609e-03
3.293710947036743164e-02
1.439854502677917480e-03
2.501106262207031250e-02
1.927685737609863281e-02
1.113380491733551025e-02
1.983046531677246094e-03
6.429064273834228516e-02
2.945530414581298828e-02
1.565438508987426758e-02
1.490116119384765625e-04
2.660614252090454102e-02
1.860007643699645996e-02
1.041400432586669922e-02
6.842386722564697266e-02
7.405472546815872192e-02
1.098817586898803711e-02
1.540666818618774414e-02
1.370968110859394073e-02
6.435334682464599609e-02
7.636994123458862305e-02
5.731404572725296021e-02
2.476203441619873047e-02
2.646446228027343750e-02
3.877985477447509766e-02
9.414410591125488281e-02
1.082549095153808594e-01
7.844199240207672119e-02
8.174422383308410645e-02
1.329612731933593750e-02
5.113956332206726074e-02
1.935482025146484375e-02
6.246858835220336914e-02
4.909911751747131348e-02
5.583703517913818359e-03
2.981543540954589844e-03
3.076034784317016602e-02
1.851544529199600220e-02
1.666593551635742188e-02
3.057980537414550781e-02
1.691599935293197632e-02
2.488452196121215820e-02
3.334158658981323242e-02
4.680483788251876831e-02
1.748538017272949219e-02
4.315507411956787109e-02
7.291071116924285889e-03
2.247422933578491211e-02
6.155073642730712891e-03
3.500297665596008301e-03
1.085126399993896484e-02
1.378798484802246094e-02
1.985226571559906006e-02
2.545967698097229004e-02
4.890865087509155273e-02
9.309464693069458008e-02
2.008470892906188965e-02
1.653885841369628906e-02
6.474459171295166016e-02
1.279185712337493896e-02
6.463170051574707031e-02
1.136767864227294922e-02
4.138214886188507080e-02
5.752801895141601562e-03
8.321702480316162109e-03
3.790825605392456055e-02
4.637300968170166016e-02
1.505261659622192383e-02
1.830076426267623901e-02
6.162238121032714844e-02
8.204263448715209961e-02
7.559178769588470459e-02
3.836989402770996094e-02
5.222618579864501953e-03
4.736393690109252930e-02
5.595088005065917969e-03
1.718372106552124023e-02
2.714341878890991211e-02
4.302296042442321777e-02
5.567044019699096680e-02
9.656369686126708984e-02
6.230717897415161133e-02
2.251416444778442383e-02
6.794029474258422852e-02
8.717280626296997070e-02
1.296609640121459961e-02
4.622754454612731934e-02
3.453457355499267578e-02
7.098352909088134766e-02
2.558165788650512695e-02
3.508081287145614624e-02
2.421218156814575195e-02
2.181202173233032227e-02
5.183579772710800171e-02
5.037003755569458008e-02
6.257742643356323242e-02
1.726557128131389618e-02
5.121493339538574219e-02
9.704363346099853516e-02
1.180270351469516754e-01
5.506318807601928711e-02
4.132366180419921875e-02
4.470354318618774414e-02
5.164673924446105957e-02
7.527434825897216797e-02
4.496489465236663818e-02
6.249871850013732910e-02
2.053409814834594727e-02
9.230256080627441406e-03
7.386979460716247559e-02
1.766812801361083984e-02
1.367667317390441895e-02
4.538817703723907471e-02
1.579999923706054688e-02
1.484906673431396484e-02
4.374800249934196472e-02
4.347383975982666016e-03
1.009809970855712891e-02
1.917728409171104431e-02
1.440984010696411133e-02
5.273109674453735352e-02
4.248362779617309570e-02
4.897433519363403320e-02
1.748579740524291992e-02
2.534403651952743530e-02
2.963605523109436035e-02
4.634559154510498047e-03
2.671909332275390625e-02
3.851833939552307129e-02
2.080386877059936523e-02
9.000927209854125977e-03
5.549153685569763184e-02
4.728060960769653320e-02
5.228954553604125977e-02
2.005994319915771484e-02
4.886227846145629883e-02
4.420173168182373047e-02
7.251128554344177246e-03
5.767881870269775391e-03
1.286894083023071289e-02
1.533421874046325684e-02
7.775580883026123047e-02
1.494866609573364258e-02
1.566001772880554199e-02
1.335036754608154297e-02
6.724059581756591797e-03
2.140429988503456116e-02
6.030684709548950195e-02
6.436544656753540039e-02
9.821342676877975464e-02
7.116100192070007324e-02
6.113094091415405273e-02
6.499224901199340820e-02
1.179018616676330566e-02
7.036864757537841797e-03
3.324423730373382568e-02
5.209457874298095703e-02
1.999967098236083984e-01
3.089610934257507324e-01
8.291096091270446777e-01
8.012180924415588379e-01
8.568821549415588379e-01
7.502831220626831055e-01
2.940042912960052490e-01
3.060746490955352783e-01
7.578586190938949585e-01
8.638094216585159302e-01
8.085933774709701538e-01
8.360448330640792847e-01
8.332116007804870605e-01
8.160437941551208496e-01
8.455454707145690918e-01
8.145187795162200928e-01
8.323689252138137817e-01
8.535071462392807007e-01
5.657353103160858154e-01
6.022453308105468750e-04
5.611485242843627930e-01
8.459020256996154785e-01
8.254318237304687500e-01
8.072897195816040039e-01
8.383634090423583984e-01
8.090107440948486328e-01
8.258787989616394043e-01
8.291096091270446777e-01
8.012180924415588379e-01
8.568821549415588379e-01
7.502831220626831055e-01
2.940042912960052490e-01
3.060746490955352783e-01
7.578586190938949585e-01
8.638094216585159302e-01
8.085933774709701538e-01
8.360448330640792847e-01
8.332116007804870605e-01
8.160437941551208496e-01
8.455454707145690918e-01
8.145187795162200928e-01
8.323689252138137817e-01
8.535071462392807007e-01
5.657353103160858154e-01
6.022453308105468750e-04
5.611485242843627930e-01
8.459020256996154785e-01
8.254318237304687500e-01
8.072897195816040039e-01
8.383634090423583984e-01
8.090107440948486328e-01
8.258787989616394043e-01
8.291096091270446777e-01
8.012180924415588379e-01
8.568821549415588379e-01
7.502831220626831055e-01
2.940042912960052490e-01
3.060746490955352783e-01
7.578586190938949585e-01
8.638094216585159302e-01
8.085933774709701538e-01
8.360448330640792847e-01
8.332116007804870605e-01
8.160437941551208496e-01
8.455454707145690918e-01
8.145187795162200928e-01
8.323689252138137817e-01
8.535071462392807007e-01
5.657353103160858154e-01
6.022453308105468750e-04
5.611485242843627930e-01
8.459020256996154785e-01
8.254318237304687500e-01
8.072897195816040039e-01
8.383634090423583984e-01
8.090107440948486328e-01
8.258787989616394043e-01
8.291096091270446777e-01
8.012180924415588379e-01
8.568821549415588379e-01
7.502831220626831055e-01
2.940042912960052490e-01
3.060746490955352783e-01
7.578586190938949585e-01
8.638094216585159302e-01
8.085933774709701538e-01
8.360448330640792847e-01
8.332116007804870605e-01
8.160437941551208496e-01
8.455454707145690918e-01
8.145187795162200928e-01
8.323689252138137817e-01
8.535071462392807007e-01
5.657353103160858154e-01
6.022453308105468750e-04
5.611485242843627930e-01
8.459020256996154785e-01
8.254318237304687500e-01
8.072897195816040039e-01
8.383634090423583984e-01
9.399845004081726074e-01
5.193881094455718994e-01
2.286240458488464355e-02
5.874967575073242188e-02
1.069888472557067871e-02
3.329861164093017578e-02
3.722834587097167969e-02
9.623765945434570312e-03
4.398315027356147766e-02
5.707567930221557617e-02
8.167320489883422852e-02
9.097640961408615112e-02
8.103436231613159180e-02
6.197154521942138672e-02
6.489329040050506592e-03
2.274358272552490234e-02
4.095762968063354492e-02
2.083223313093185425e-02
1.471981406211853027e-02
2.651458978652954102e-02
4.216608405113220215e-02
1.218140125274658203e-02
2.076864242553710938e-02
5.252374708652496338e-02
3.519186377525329590e-02
1.815563440322875977e-02
1.826038956642150879e-02
7.085733115673065186e-02
5.014878511428833008e-02
4.567033052444458008e-02
2.411181479692459106e-02
1.793771982192993164e-02
6.239831447601318359e-03
1.016875356435775757e-02
5.848348140716552734e-03
1.136672496795654297e-02
1.956483721733093262e-02
6.237351894378662109e-02
6.773632764816284180e-02
3.454299643635749817e-02
4.923492670059204102e-02
1.650196313858032227e-02
1.513910293579101562e-02
1.396059989929199219e-02
1.262074708938598633e-02
3.681620955467224121e-02
8.956462144851684570e-03
4.086345434188842773e-02
6.134048104286193848e-02
3.784584999084472656e-02
3.639578819274902344e-03
4.360958933830261230e-02
2.807347476482391357e-02
6.446033716201782227e-02
7.907599210739135742e-03
2.839520573616027832e-03
3.019231557846069336e-02
8.190554380416870117e-02
3.061028197407722473e-02
3.184068202972412109e-02
3.192305564880371094e-02
1.622264087200164795e-02
5.176138877868652344e-02
4.255121946334838867e-02
6.046185269951820374e-02
9.413421154022216797e-03
2.545416355133056641e-02
4.930148273706436157e-02
4.344666004180908203e-02
1.837867498397827148e-02
1.377147436141967773e-02
1.540160179138183594e-02
3.374445438385009766e-02
4.867851734161376953e-03
2.557864785194396973e-02
3.855049610137939453e-03
8.579224348068237305e-03
1.469235122203826904e-02
6.398558616638183594e-03
2.511554956436157227e-02
4.487827420234680176e-02
1.176637411117553711e-02
4.536193609237670898e-02
5.229144543409347534e-02
4.467689990997314453e-02
2.392983436584472656e-02
1.133923232555389404e-02
1.127129793167114258e-02
2.774477005004882812e-02
3.946127742528915405e-02
2.579033374786376953e-02
1.029825210571289062e-02
9.029358625411987305e-05
1.017975807189941406e-02
3.701388835906982422e-03
2.725720405578613281e-04
6.538897752761840820e-03
4.506289958953857422e-03
7.703095674514770508e-03
4.140198230743408203e-03
2.560353279113769531e-02
2.898493409156799316e-02
3.241197764873504639e-02
5.670303106307983398e-02
3.496184945106506348e-02
1.799540221691131592e-02
5.577206611633300781e-04
2.547979354858398438e-03
1.602353155612945557e-02
4.116189479827880859e-02
2.849239110946655273e-02
1.831206679344177246e-02
2.536416053771972656e-02
1.219969987869262695e-02
1.379102468490600586e-05
2.496480941772460938e-02
3.766596317291259766e-03
9.568214416503906250e-03
4.084229469299316406e-03
7.434308528900146484e-03
2.264101803302764893e-02
9.116888046264648438e-03
1.382172107696533203e-03
3.249397873878479004e-02
1.403540372848510742e-02
2.075231075286865234e-02
4.366052150726318359e-02
3.853020071983337402e-02
6.138134002685546875e-02
5.992749333381652832e-02
3.755106031894683838e-02
1.265686750411987305e-02
2.436208724975585938e-02
4.335546493530273438e-02
2.200216054916381836e-02
1.428604125976562500e-03
2.852901816368103027e-03
3.734052181243896484e-03
8.966505527496337891e-03
2.784356474876403809e-02
3.809565305709838867e-02
7.589638233184814453e-02
1.955605298280715942e-02
9.558796882629394531e-03
5.926895141601562500e-02
2.716229856014251709e-02
1.463702321052551270e-02
1.653879880905151367e-02
1.675897836685180664e-02
8.065342903137207031e-03
3.012907505035400391e-02
3.094622492790222168e-02
3.933906555175781250e-03
5.504190921783447266e-03
7.306632399559020996e-02
3.834527730941772461e-02
2.901476621627807617e-02
7.826149463653564453e-03
3.063052892684936523e-03
4.164183139801025391e-02
6.844240427017211914e-02
3.612615913152694702e-02
4.331773519515991211e-02
2.194142341613769531e-02
1.552868634462356567e-02
2.300333976745605469e-02
1.269757747650146484e-03
2.084235101938247681e-02
5.423992872238159180e-03
1.446968317031860352e-02
5.107765644788742065e-02
2.556020021438598633e-02
3.136855363845825195e-02
9.161457419395446777e-03
6.152093410491943359e-04
3.042066097259521484e-02
2.841487526893615723e-02
4.962146282196044922e-02
9.137392044067382812e-03
3.575122356414794922e-02
2.061501145362854004e-04
5.057215690612792969e-03
6.420958042144775391e-02
4.999093711376190186e-02
4.152655601501464844e-04
3.925186395645141602e-02
3.956992924213409424e-02
2.323150634765625000e-03
1.650196313858032227e-02
1.734509319067001343e-02
8.268892765045166016e-03
4.915517568588256836e-02
7.806622236967086792e-02
5.722463130950927734e-02
1.612913608551025391e-02
5.562171339988708496e-03
6.008237600326538086e-03
1.978909969329833984e-02
2.384862303733825684e-02
6.325593590736389160e-02
4.664301872253417969e-03
5.038976669311523438e-03
8.922123908996582031e-02
2.835172414779663086e-02
1.186815500259399414e-01
6.978084892034530640e-02
3.912645578384399414e-02
3.961104154586791992e-02
2.512040361762046814e-02
7.226288318634033203e-03
2.307558059692382812e-02
2.222924306988716125e-02
4.176354408264160156e-02
2.273285388946533203e-02
4.123859852552413940e-02
3.078240156173706055e-02
1.536220312118530273e-02
1.773884892463684082e-02
2.479952573776245117e-02
2.155876159667968750e-02
1.700863242149353027e-03
3.724464774131774902e-02
4.503816366195678711e-02
7.426190376281738281e-02
1.272121071815490723e-02
3.134375810623168945e-02
2.909341454505920410e-02
3.739885985851287842e-02
5.528569221496582031e-03
4.577976465225219727e-02
5.994511395692825317e-02
7.891082763671875000e-02
7.857900857925415039e-02
5.725676193833351135e-02
2.645224332809448242e-02
2.781742811203002930e-02
1.476734504103660583e-02
4.909914731979370117e-02
1.510322093963623047e-02
5.319332331418991089e-02
2.051872014999389648e-02
1.075643301010131836e-02
1.857844740152359009e-02
9.425818920135498047e-03
5.596750974655151367e-02
1.696456223726272583e-02
4.405379295349121094e-04
4.043132066726684570e-02
5.909487605094909668e-03
4.611261188983917236e-02
5.405306816101074219e-03
1.325947046279907227e-02
5.102333426475524902e-02
9.584128856658935547e-03
2.372410893440246582e-02
1.042263954877853394e-02
3.074443340301513672e-02
3.588211536407470703e-02
4.693934321403503418e-02
8.873224258422851562e-03
7.599234580993652344e-02
2.129954844713211060e-02
1.952999830245971680e-02
2.312284708023071289e-02
1.735936105251312256e-02
3.673160076141357422e-02
4.737997055053710938e-02
2.404144406318664551e-02
1.008093357086181641e-03
5.787479877471923828e-02
4.832366108894348145e-02
3.691825270652770996e-02
1.358783245086669922e-02
2.221988141536712646e-02
1.902747154235839844e-02
1.675963401794433594e-02
2.804994583129882812e-04
1.662102341651916504e-02
1.262390613555908203e-02
7.633656263351440430e-03
3.805676102638244629e-02
2.574253082275390625e-02
6.587302684783935547e-02
1.886528730392456055e-02
2.181082963943481445e-02
2.552133798599243164e-02
2.011620998382568359e-02
5.604982376098632812e-03
1.473194360733032227e-02
2.051730081439018250e-02
5.689287185668945312e-02
7.107084989547729492e-02
9.257883578538894653e-02
6.068858504295349121e-02
6.407016515731811523e-02
5.730564892292022705e-02
3.163015842437744141e-02
3.147375583648681641e-02
1.344494521617889404e-02
5.409024655818939209e-02
2.078539133071899414e-02
4.537758231163024902e-02
4.095612466335296631e-02
5.226719379425048828e-02
5.834963917732238770e-02
4.913978278636932373e-03
9.834468364715576172e-03
3.708207607269287109e-02
4.409854859113693237e-02
5.166685581207275391e-02
9.133756160736083984e-03
2.072496712207794189e-02
4.282957315444946289e-02
5.770468711853027344e-02
9.843802452087402344e-02
6.180775165557861328e-02
8.894121646881103516e-02
1.730891317129135132e-02
