# {'window': 53, 'contam': 0.9140239200061606, 'q': 0.0017427545494382293, 'thres': 1.781728807130567}
4.340994695828631622e-03
1.302911825289196024e+00
1.059816701196159228e+00
3.008073020793523011e-01
1.504652117325814276e+00
8.754732758151705374e-01
7.017760100199870177e-01
1.415879008164890651e+00
6.226187737844338654e-01
1.136631763890409319e+00
1.483907110342873148e+00
2.312027386155413033e-01
1.339420257154304350e+00
1.255572466632627338e+00
1.993653950745334358e-01
1.412339796266631531e+00
9.700421762890519828e-01
5.992792460366567209e-01
1.406009147416576344e+00
6.953446527246938125e-01
8.987558533637457492e-01
1.321250635956569663e+00
3.653406638719356447e-01
1.155871478461787616e+00
1.334349921295183705e+00
5.979992956693357120e-02
1.361574200278505620e+00
1.135069018231909199e+00
3.331646413655884320e-01
1.482214484366465079e+00
1.010134698541086840e+00
6.763431768459506888e-01
1.399211934696096282e+00
6.095666716152404740e-01
1.037916757091936093e+00
1.290500452056288161e+00
2.260599289599848349e-01
1.222649599498843109e+00
1.272601624026964640e+00
1.994365286256792047e-01
1.716191416687542493e+00
1.182918366558556533e+00
5.744687372296408689e-01
1.422131654232043463e+00
6.492756560529694410e-01
9.015701112337075607e-01
1.701087121122319745e+00
3.380245049288617132e-01
1.427371041112256878e+00
1.433969453968128471e+00
8.254241727533941780e-03
1.365349585103015739e+00
1.132896315147667421e+00
3.775692240760226137e-01
1.483317092031552820e+00
8.138445709642607717e-01
6.032817136715761253e-01
1.589564420977366055e+00
5.345924645743947989e-01
9.150117850419007270e-01
1.406819386033211661e+00
1.060343102877532306e-01
1.315723607638340953e+00
1.117484898444404795e+00
2.745548810199328060e-01
1.500670024371042022e+00
9.055289911285948623e-01
5.639521873566119003e-01
1.485388764419029339e+00
6.567618841566232879e-01
1.692354778134282922e+00
1.550254632316280246e+00
3.298841290147562777e-01
1.219625441777546726e+00
1.415688146731830743e+00
1.535735178138715740e-01
1.313203150736844904e+00
1.260830155578663181e+00
3.952243381921184961e-01
1.831267046556976030e+00
1.010618602892216389e+00
6.004242947126520180e-01
1.682150647097798712e+00
5.289947725912677035e-01
1.722947429046272072e+00
1.348821756346171297e+00
6.589101186029400203e-02
1.402964045091997791e+00
1.129971864408860993e+00
1.870776561527714155e-01
1.508093250353442771e+00
9.478166939993423190e-01
6.132192452993812104e-01
1.682084343791513614e+00
6.773932278312290167e-01
9.289691681202900675e-01
1.393409432173423612e+00
4.168626694825012802e-01
1.061519873341599807e+00
1.430664111119140269e+00
3.436541512600940068e-02
1.305764574601030459e+00
1.132488710571945223e+00
3.818518179465929530e-01
1.433114141972325895e+00
9.874208918236181409e-01
1.702217954071911343e+00
1.507397295103952484e+00
4.849370596886589113e-01
1.161818091748366477e+00
1.448002514886570280e+00
1.840990961458844610e-01
1.374845903155281324e+00
1.229220035740200112e+00
1.730373697038425584e+00
1.515310498263712669e+00
9.492541856806224754e-01
6.943888493269479989e-01
1.475380596967983182e+00
6.517707063924439437e-01
8.736582687134684111e-01
1.480420572210286778e+00
4.050810529590297970e-01
1.268507853728335633e+00
1.330214801851059114e+00
2.382816007138285896e-02
1.187558890717826499e+00
1.162036538122404927e+00
4.510131405527942894e-01
1.504224751948612715e+00
9.849395405351105692e-01
7.095802704438236574e-01
1.505052127930281092e+00
4.960022778905877616e-01
9.557813114894984086e-01
1.470235776322636800e+00
1.239411188725648844e-01
1.271259766713499273e+00
1.435976998538817107e+00
1.707395521869902844e+00
1.585557701004620457e+00
1.118644555512806615e+00
4.460027240131999027e-01
1.542568525057292694e+00
8.040312606633632786e-01
8.508998065632918939e-01
1.551563247800552769e+00
3.278695045721279899e-01
1.040036593887574412e+00
1.237299647129569191e+00
7.074321890739453111e-02
1.273277762090295084e+00
1.127910838172996089e+00
3.055949567941409484e-01
1.402447754509968281e+00
8.875629989527935582e-01
8.001479954263774896e-01
1.405727295280868816e+00
4.815399205578181352e-01
1.155735467051619114e+00
1.396069237890711356e+00
2.200660244304692426e-01
1.337487633668035025e+00
1.105014529652492250e+00
1.184347269511557277e-01
1.547275989677069585e+00
9.566027233544062147e-01
5.213420471264145206e-01
1.463006573366020469e+00
7.883808616754781617e-01
7.692184262490272539e-01
1.498007831071626272e+00
4.290532174607201155e-01
1.022785425701242090e+00
1.414639306959303733e+00
3.478430038390547402e-02
1.451450329785277660e+00
1.147789493534395966e+00
3.204552830118647666e-01
1.514885003697898913e+00
9.627797117906018443e-01
8.214788863874283864e-01
1.479570896238238342e+00
6.933539152734926603e-01
1.126608403389201429e+00
1.509916293485656702e+00
3.694256056138789934e-01
1.363636387838686570e+00
1.212850178868063677e+00
3.478291503180849786e-02
1.362220221607651993e+00
9.940934745943682538e-01
5.580279631184503764e-01
1.580981117492083587e+00
6.499124894197970681e-01
9.389134362917342935e-01
1.476971545120554286e+00
2.411342646530618972e-01
1.207992080157248793e+00
1.177485659349748914e+00
1.299031695352117211e-01
1.448069857613210720e+00
1.257605319933949195e+00
3.488771985781231044e-01
1.450034811279935942e+00
8.889355033215816659e-01
5.706379307523512523e-01
1.475605025406871107e+00
5.584680035745100968e-01
9.271455098924958893e-01
1.287566226940322744e+00
3.239528454664104551e-01
1.254091496324049704e+00
1.180310688632855376e+00
2.060772251470631700e-01
1.477724132632820986e+00
1.027638676386653405e+00
6.786889786783215639e-01
1.452642017684639519e+00
6.674164042280283926e-01
9.857598232165183383e-01
1.514185543645957699e+00
4.197055012889258085e-01
1.047025548470990275e+00
1.326832780686367785e+00
4.391584232479335548e-02
1.397004833540742341e+00
1.687008748968067406e+00
1.681175463843506801e+00
1.539480922267735696e+00
9.334487637480286537e-01
6.457417699669343314e-01
1.529638770735015196e+00
5.289799086853180787e-01
9.261824772992808263e-01
1.808435069727533318e+00
1.450271642944268025e-01
1.658665054537834305e+00
1.188302412277915776e+00
2.665756923248545074e-01
1.682903878833868827e+00
1.107287945138449636e+00
7.009167685055838204e-01
1.388665924215875425e+00
7.855646669933752380e-01
8.710259201397541062e-01
1.483856326933303604e+00
3.675836491616470969e-01
1.173871205452516664e+00
1.387265215032624788e+00
6.946470999386186729e-02
1.561658318830188241e+00
1.149976484016825395e+00
2.962170298584620998e-01
1.596755353303118685e+00
7.206958110106801429e-01
7.000143446056263929e-01
1.471821976843268986e+00
5.679332119434474802e-01
1.652384444338460767e+00
1.483952203710473539e+00
8.409541511498030975e-03
1.186100343805145396e+00
1.394345955139399296e+00
1.333799610243537048e-01
1.301714880041131339e+00
1.079538203423801690e+00
5.799444906369589647e-01
1.386499566680255313e+00
6.772528710697598431e-01
1.002633198317656182e+00
1.267893161590192053e+00
4.964024004793450295e-01
1.238131738176862839e+00
1.395728726380808915e+00
9.783107191467893538e-02
1.397947204820950251e+00
1.133820677799914689e+00
2.551108180080925436e-01
1.577639382771955923e+00
7.730326354677775624e-01
7.514042159988668645e-01
1.418408563506908138e+00
5.581467023855219978e-01
1.075684183566892216e+00
1.487514660978606074e+00
2.220138595267324710e-01
1.358224841830863117e+00
1.215746944080055014e+00
2.284331573502179080e-01
1.380384725897478848e+00
9.298796809652749573e-01
6.159410099994417909e-01
1.511769242160394766e+00
6.109424631352285973e-01
9.134426650106109991e-01
1.493587218790222160e+00
4.331223453147206581e-01
1.123920582544508440e+00
1.201615420126074918e+00
1.324050860346917269e-01
1.414014794312400847e+00
9.846091784780325318e-01
2.684202720116801721e-01
1.330798416981685328e+00
7.724965903798010070e-01
1.691263822223087132e+00
1.520084098741671719e+00
5.969588686855360482e-01
9.966217985082220787e-01
1.498868015840967516e+00
1.657002247766722891e-02
1.235853546440116579e+00
1.327372980220901777e+00
1.712543006094458198e+00
1.534645571423330690e+00
1.067653657795792022e+00
3.184516347302807082e-01
1.539620803081220179e+00
7.847169995417044852e-01
9.853881632919830880e-01
1.548264333845105645e+00
3.566906682324964550e-01
1.183263879441197597e+00
1.413249556162454512e+00
6.820585759633100015e-03
1.374931601038790419e+00
1.025123257975169011e+00
4.258253740920046604e-01
1.641530964794180036e+00
1.705786354450084197e+00
1.696120902159502952e+00
1.523180499931222398e+00
1.669278381826986291e+00
1.013000387217902087e+00
1.558522846812763651e+00
6.108744315345351894e-02
1.077958814880312532e+00
1.456120707657251767e+00
1.397130511251716833e-01
1.447770022789230504e+00
1.178461819740123762e+00
4.062709781173857726e-01
1.471634748438930052e+00
6.747737786833661877e-01
9.151804908375389402e-01
1.376998764981241186e+00
4.185564737214330089e-01
1.190376764963502643e+00
1.343658720366891712e+00
7.208509415386163410e-02
1.467032732033113351e+00
1.165262920181311390e+00
4.293046600275736702e-01
1.443070515905250595e+00
7.153543457558820817e-01
1.662292382079307407e+00
1.625436651036264557e+00
4.839105811809783497e-01
8.311098479583700627e-01
1.358462170170721794e+00
1.656825752804495844e+00
1.173222497017758270e+00
1.387031019790827768e+00
2.991436469573097168e-01
1.417992467392650946e+00
1.111260383276215569e+00
5.614114205606687280e-01
1.369657081835620405e+00
6.281388043385692788e-01
1.166379144171386883e+00
1.419514454513624235e+00
5.356025363453340571e-01
1.396172386525460940e+00
1.608071523799240232e+00
3.163315304442758380e-02
1.386534966912412736e+00
1.229400946332942723e+00
3.057496052170377565e-01
1.615865283871252611e+00
7.565002000681745331e-01
6.793099347291494672e-01
1.533860976472403159e+00
4.436609638469746764e-01
9.151743141716786045e-01
1.715329543895543596e+00
1.892275736093663729e-01
1.242611433102250862e+00
1.377819539938347493e+00
2.249887961936982428e-01
1.457680517597502057e+00
1.136719279796887472e+00
5.160291774820867650e-01
1.352438135156242449e+00
8.646508716806317052e-01
8.819047905632698692e-01
1.431101225605663441e+00
4.063472524891505455e-01
1.208827232285500042e+00
1.248563999110267053e+00
2.171552517320795017e-01
1.361566075820937360e+00
1.242011091395655908e+00
3.304464289034430569e-01
1.485863411471019635e+00
8.433597084417302492e-01
6.735548495912521139e-01
1.628319790182042537e+00
5.353521693104802415e-01
1.020806477552155256e+00
1.478825585763380523e+00
1.660397562082645884e+00
1.182483064036020215e+00
1.383725805412823195e+00
2.985386956193117891e-01
1.451865831900623460e+00
1.186406890054492846e+00
6.380037708123723617e-01
1.501877664983657379e+00
6.834979492175383697e-01
9.229169412585405130e-01
1.434971155471672200e+00
4.262181070175351527e-01
1.306073955040112367e+00
1.320319535667345834e+00
1.891235592515358443e-01
1.411908004853954512e+00
1.206605930548106720e+00
4.350455549740762651e-01
1.465030978854211519e+00
8.842916310199959717e-01
7.194719194684142671e-01
1.525090522909845703e+00
4.577378926796775160e-01
1.679158955616883553e+00
1.350790456042009424e+00
1.819839644268146372e-01
1.231903823332359593e+00
1.731247776977585140e+00
1.976392229273090106e-01
1.305715600875831939e+00
1.068259818289885033e+00
6.414687591061078997e-01
1.393623608361173938e+00
7.318361801637333075e-01
9.098527743101995080e-01
1.536042492190917041e+00
3.033729628911313592e-01
1.195593024951685734e+00
1.668268903973028960e+00
2.219206576610328538e-02
1.395002668361658094e+00
1.039400754439738783e+00
3.220972854239184113e-01
1.622498364568780271e+00
7.438521269017037696e-01
6.812584544866612246e-01
1.587550524730301671e+00
5.864442288082584165e-01
1.067628070232832904e+00
1.504673128806160776e+00
1.891877467956726844e-01
1.232026440338805706e+00
1.217920526351537358e+00
1.846043548764334796e-01
1.518575533616952633e+00
1.010566296769911165e+00
6.315875699320483427e-01
1.612966301285852611e+00
6.366922253817626220e-01
9.194343791996704152e-01
1.435094020606123122e+00
1.757574943558463387e-01
1.277618592396714936e+00
1.274064334617098782e+00
1.030385277876523925e-01
1.307340488693842451e+00
1.081699626250484769e+00
3.075354769624107920e-01
1.508749410591486262e+00
8.047248146778090971e-01
8.211536553400933247e-01
1.520183548219808944e+00
6.035889826139422265e-01
1.062544959957640422e+00
1.317229449519904838e+00
1.727015506703168113e-01
1.111212874869525358e+00
1.233294868489421603e+00
1.302073054177612932e-01
1.333036785460863349e+00
9.612949024535507592e-01
1.710008047596141889e+00
1.556088912001702296e+00
7.519244416936377018e-01
8.789509824345153044e-01
1.578314416215888638e+00
2.642902642634267774e-01
1.100909879326006147e+00
1.532679935057998266e+00
8.003758572595080431e-03
1.358352919029787165e+00
1.088632058483360865e+00
3.631788438981532474e-01
1.478199956468276399e+00
1.707752410360036999e+00
7.123011465697161038e-01
1.536760852160945490e+00
5.863508731097509807e-01
1.010217564454934491e+00
1.448178911918029499e+00
2.252063140530925212e-01
1.690997542408263499e+00
1.363582945385815703e+00
3.226093980183081245e-01
1.307271194288557314e+00
1.015272246380249044e+00
5.399291483618079424e-01
1.344631564158786485e+00
7.609987777858807645e-01
8.401111862820630494e-01
1.545703490166068006e+00
3.224215682406342265e-01
1.091595360998204312e+00
1.418793341699430277e+00
1.590469859327946558e-02
1.377877104802312180e+00
1.237888651041330501e+00
4.075285870916478537e-01
1.412582441308027237e+00
9.253897520087792650e-01
8.359675545926779083e-01
1.425023447668734011e+00
4.370463197833001079e-01
1.008678414686566827e+00
1.422185655581474917e+00
3.029279060438910265e-01
1.237737177408233746e+00
1.250532348670228444e+00
1.706313262835488509e-01
1.364928119982950383e+00
9.695958743210980613e-01
5.895114897602812265e-01
1.508640194037306426e+00
6.241479840153763003e-01
9.028776849050786923e-01
1.317182675731841890e+00
3.330296722408924159e-01
1.128369533542176617e+00
1.655849064445068741e+00
1.869582684623734559e-01
1.465265317448389171e+00
1.038655349816268725e+00
2.465857877224016115e-01
1.742116786564259501e+00
9.380893395608295160e-01
6.579481217652397573e-01
1.507934847174240423e+00
4.527574235825299054e-01
1.075931189514930164e+00
1.403523799140675266e+00
1.792642314071902221e-01
1.229026009315082435e+00
1.361976145526031745e+00
1.990715033797682276e-01
1.414639831735192033e+00
1.140881079364645556e+00
4.575373775525333198e-01
1.580778336659983241e+00
7.398279058783825413e-01
8.838235118403584556e-01
1.386798010352681576e+00
3.571043479003034871e-01
1.191919277245605535e+00
1.369359353623468278e+00
3.296714864936389766e-02
1.402572402147348463e+00
1.375106873859223588e+00
3.019380203898026083e-01
1.434910726487541366e+00
8.425584579529079576e-01
6.686748729099983857e-01
1.545426578926286432e+00
5.695690960919626011e-01
1.035632716116210439e+00
1.352785760345724508e+00
3.091095493938072480e-01
1.235659336070640268e+00
1.357606482700373984e+00
6.897269792403969146e-02
1.540098067325957887e+00
9.731334922779665275e-01
5.980470436049396543e-01
1.391307145447302940e+00
6.972914329854515980e-01
8.287829799892107996e-01
1.478054683805720693e+00
3.708747089452674173e-01
1.708700904438912982e+00
1.368655645526065889e+00
5.611708231256316154e-02
1.261922793086023953e+00
1.136451110827033650e+00
3.456726955385343025e-01
1.371655093074152898e+00
7.607359932703393612e-01
8.155377708840096940e-01
1.509327256782168947e+00
5.801916398031565780e-01
1.040168118303797185e+00
1.412594515786984362e+00
2.599307709362438379e-01
1.336097146053464968e+00
1.330759337482015692e+00
2.591919853644174543e-01
1.381430714014477479e+00
1.025918564853737891e+00
5.420013180745709702e-01
1.525453315818895428e+00
7.265685751028669870e-01
1.005624400464626200e+00
1.504923407294071813e+00
2.310053606472354804e-01
1.241547435080319950e+00
1.419625814978012546e+00
2.891168020960884280e-02
1.309281009434921206e+00
1.085656981990454240e+00
4.093627334660827066e-01
1.491000454395233543e+00
9.656709855538075926e-01
7.505499981722497660e-01
1.624650580664809496e+00
5.921299920842690856e-01
1.695524332192291261e+00
1.436582846782256340e+00
1.825705571393135829e-01
1.197955723167584807e+00
1.313804164218467463e+00
2.125969980500745926e-01
1.481026964510182120e+00
9.849633527178771608e-01
5.351785066845710093e-01
1.548264804644402082e+00
1.709035473744318079e+00
9.487184167599381768e-01
1.454962600740640877e+00
3.571338359352325131e-01
1.268183830839354265e+00
1.387667120122754838e+00
1.057133613287425528e-01
1.269574423014553366e+00
1.065806054687350457e+00
1.696623350904602034e+00
1.585617555390816724e+00
8.753770158976946769e-01
7.311584749924010529e-01
1.510858148464347517e+00
6.133696148438176898e-01
1.115367449053952908e+00
1.368070050815242356e+00
1.464168294252750913e-01
1.247346410552675033e+00
1.296102958467723054e+00
2.081508937426856110e-01
1.547615250130797593e+00
1.019357759541602793e+00
4.456896610221823818e-01
1.474942765223713037e+00
7.352661576177367264e-01
9.958762048126464927e-01
1.328493627752740158e+00
5.093025530825761038e-01
1.214963466202883868e+00
1.286656031797378308e+00
3.056076056620234474e-02
1.473430755521083046e+00
1.136384270058727219e+00
2.632785425414092551e-01
1.508830557869234257e+00
9.383105655678077861e-01
6.934376648896339868e-01
1.578500113060213650e+00
4.177733543710334119e-01
1.117100344682139257e+00
1.529011424202446623e+00
1.684920325720183631e-01
1.242776691800658861e+00
1.397939199971969471e+00
2.852867938068447407e-01
1.355738212538599941e+00
1.016279098622162369e+00
6.002070579884137835e-01
1.690537143466402048e+00
6.884120093693929521e-01
8.361795106905116626e-01
1.548738275173111800e+00
3.431732171534657150e-01
1.370912149576787975e+00
1.551133720204392219e+00
1.719148701887307784e-01
1.352512979041965435e+00
1.220498748402821576e+00
4.188893679559148042e-01
1.418219636518688098e+00
8.215811657610344598e-01
7.074786519262243889e-01
1.458895326933966397e+00
5.006773429346879078e-01
1.016898852712526002e+00
1.443212065234991570e+00
1.204426924731380050e-01
1.308938183389253052e+00
1.220367469287066520e+00
1.464255934505802603e-01
1.459825794167916024e+00
1.124812067908293134e+00
6.244198184596052581e-01
1.548056534904759696e+00
7.467724840772506090e-01
7.723840714481658987e-01
1.544103152252822797e+00
5.679751991238928266e-01
1.233351158105242318e+00
1.519343343602425289e+00
1.655307637864376069e-01
1.371398940093787600e+00
1.231961714588495793e+00
1.699250967027585935e+00
1.529384185236688953e+00
8.717279543483675841e-01
7.226835027764832997e-01
1.602477473437357247e+00
5.290807403400532571e-01
1.118098926729022224e+00
1.451949739578022092e+00
1.714857876402608450e-01
1.329051791627100076e+00
1.200119531268227124e+00
2.049067807763486904e-01
1.479455885855195829e+00
1.207688334665558028e+00
6.074501580605532469e-01
1.482413090129621747e+00
8.800445513712713552e-01
8.866931611370126864e-01
1.487302192832200110e+00
4.145578448161703067e-01
9.997159990222397319e-01
1.393508225912130083e+00
1.562497235290394582e-01
1.416400422352944055e+00
1.221690113905010033e+00
3.061432552109430438e-01
1.422807713813376562e+00
7.915441362539399339e-01
1.660104938872726699e+00
1.462647194058266154e+00
5.218787692821756918e-01
1.111545102175077071e+00
1.444086932940024548e+00
8.846975806367121664e-02
1.241623830290477848e+00
1.279639143606916774e+00
3.371801882076443380e-01
1.422128145941861987e+00
1.128492233203629125e+00
6.524347622191897234e-01
1.553748376346091753e+00
7.485414534771884787e-01
1.098079638622972753e+00
1.636955257515212647e+00
5.232098566792743322e-01
1.207298810456465699e+00
1.323421509259763429e+00
2.019282996434459687e-01
1.509114846965686318e+00
1.634485866814771482e+00
4.078988493648897928e-01
1.501375786009381930e+00
8.256270186873984063e-01
7.498755938510605068e-01
1.562151108734851856e+00
5.477506331317225641e-01
1.648416504093108914e+00
1.442967850063380686e+00
1.331100101156013071e-02
1.292501373811049792e+00
1.300553632183373942e+00
1.611717870587350276e-01
1.385036338399145528e+00
1.268968806533035121e+00
6.591984518529265813e-01
1.501021940116061826e+00
7.764203069520644318e-01
7.691853608878531645e-01
1.447585823128637594e+00
3.616369752544741356e-01
1.100998539340544591e+00
1.204710637509251114e+00
1.153893325975498263e-02
1.379660652948719202e+00
1.024800728738145317e+00
3.686822725575509274e-01
1.488722186754016130e+00
8.303989779067941779e-01
6.705805605915605705e-01
1.637440490157419992e+00
4.005372020867172811e-01
9.908039583878659462e-01
1.395432459204002162e+00
2.014726565611815734e-01
1.277732123320202584e+00
1.284951343889690900e+00
1.229293249016563672e-01
1.454077141207228641e+00
1.081911574520012964e+00
6.289039057359789853e-01
1.316105394811625917e+00
8.029707733424868987e-01
8.533302988122153376e-01
1.261727085078421018e+00
2.993183991003213196e-01
1.300153514270291355e+00
1.428467396203811690e+00
5.227567563127755168e-04
1.320016087822121431e+00
1.299567086290736473e+00
3.791223842965574242e-01
1.440337472147239728e+00
9.239305145164899979e-01
6.992115367491656963e-01
1.588666687987613013e+00
5.185199013530141787e-01
9.844692344359741165e-01
1.294295766979193907e+00
7.646133624497457315e-02
1.668910839047770045e+00
1.392334651292739256e+00
2.054787573909999387e-01
1.518924921096322933e+00
1.008234373992708210e+00
6.552922991050789125e-01
1.426632843548775398e+00
7.133972062522287994e-01
1.000300259783319490e+00
1.463886537479212047e+00
2.392361862067094724e-01
1.179762617109838985e+00
1.221653766518988604e+00
1.642969808459210090e-01
1.350080706308198986e+00
1.107293016798353680e+00
1.683448409123270206e+00
1.460786343126845521e+00
7.791758243138430240e-01
7.327923815278857278e-01
1.551175175241102488e+00
3.797200667113895256e-01
8.899041173345902944e-01
1.488421942204581461e+00
1.023546892374662676e-01
1.376334596488536954e+00
1.277746344589571592e+00
2.598378989529263050e-01
1.761204727193136588e+00
1.189325663635756980e+00
5.273041697124030147e-01
1.421109094225524450e+00
8.151516477405459371e-01
9.554829142745588921e-01
1.376650007693769107e+00
4.804141209863556639e-01
1.180945393220102613e+00
1.389966333855695568e+00
5.468165508421651833e-02
1.346711353695286384e+00
1.127182367437870925e+00
1.998700520246681211e-01
1.579405393374546662e+00
1.660734727719744397e+00
7.060912452045733367e-01
1.486323948588828658e+00
4.099545421919476018e-01
7.917485490183966412e-01
1.431370178675178906e+00
1.653197145620101116e+00
1.121359124223187065e+00
1.345789046541808087e+00
2.176020400088712614e-01
1.398900422223259499e+00
1.084297986464279884e+00
7.317251698171011176e-01
1.426990134166155721e+00
7.105872522181774231e-01
8.713406365315035096e-01
1.363169033429496801e+00
4.659118003998919399e-01
1.169200085720883298e+00
1.344694072786699390e+00
3.648614290676556460e-02
1.495225613061497816e+00
1.166731394129196575e+00
3.087555649843319872e-01
1.645288601988900812e+00
8.760882739234755467e-01
6.545983896182993034e-01
1.462919060850614184e+00
4.908171898791009458e-01
1.661232137580286095e+00
1.416725317866107892e+00
1.641030486592883308e+00
1.234112061618720446e+00
1.334790835838371770e+00
2.119196380987238004e-01
1.333338359966043551e+00
1.091607227359545629e+00
7.510170729744272133e-01
1.376696669599564160e+00
7.598347560838284442e-01
9.668010398541494466e-01
1.316265635488448993e+00
4.633774128187283514e-01
1.317441016310266333e+00
1.282830296673036274e+00
1.329146049162148457e-02
1.353052709314302771e+00
1.098986426482945422e+00
2.270472940157288733e-01
1.636507285859311045e+00
7.033544923994324849e-01
5.514685912775718624e-01
1.611111609883669527e+00
4.357579585830984592e-01
9.394482002498311113e-01
1.557407208517027408e+00
2.709348647903557505e-03
1.220691443049439329e+00
1.230124541557472639e+00
3.048573718918570208e-01
1.472105080425623491e+00
1.099510981412897825e+00
6.532504565305337074e-01
1.401612105852944934e+00
7.287568323105710899e-01
8.610555732973794729e-01
1.430579352343196442e+00
3.590500717638168693e-01
1.735893098681287050e+00
1.388732629194159518e+00
2.490951264195129938e-02
1.418866708827132950e+00
1.202898266695158647e+00
2.298267729178053442e-01
1.660876558270004910e+00
9.344181222770229223e-01
6.485130667621401557e-01
1.441621746184882591e+00
4.336087278270768786e-01
9.534923998470373752e-01
1.341104642581104400e+00
5.168952766477436650e-02
1.307237240569574910e+00
1.317534892543042790e+00
2.121520821333670037e-01
1.622535500223015070e+00
1.031626812643292812e+00
4.177763187187641947e-01
1.599250543819178194e+00
8.273080627866996606e-01
7.642432890056787276e-01
1.572806764193875440e+00
4.992938416263194568e-01
1.203592889256998477e+00
1.342028636305958589e+00
6.568601080992098051e-02
1.317141862913931094e+00
1.268933068344065385e+00
4.050457955241887897e-01
1.399663095278862679e+00
7.831166957404189777e-01
1.719551136242879918e+00
1.437424917129309643e+00
6.381620745671666706e-01
1.001347944999491979e+00
1.474066214185803858e+00
2.324598777745375822e-01
1.216719658696877815e+00
1.115755717740650743e+00
1.556775209652702663e-01
1.406315828706095061e+00
1.016086242641441650e+00
4.797905599693045864e-01
1.484064941962895290e+00
8.306085773020214225e-01
8.879805475967718076e-01
1.410419369518026267e+00
3.632463904564616763e-01
1.105994568504474085e+00
1.384285323335734619e+00
9.432796206541738115e-02
1.442076113265299497e+00
1.273045295051255188e+00
3.619255060503259180e-01
1.440128616352547519e+00
7.354316416119071054e-01
6.693806125973893462e-01
1.772514959177601712e+00
4.443895715086775278e-01
1.014338661682457454e+00
1.432217835522384020e+00
1.085327063300851880e-01
1.281555688271778681e+00
1.353538055264035256e+00
2.323227629478339662e-01
1.462808354579888670e+00
8.913404494574277415e-01
5.845435532217776453e-01
1.383773464927538832e+00
6.778024186114137706e-01
7.343533986354096044e-01
1.734433492386072251e+00
3.596284602281457632e-01
1.273669787555071098e+00
1.162232766668647166e+00
8.199122755240342841e-02
1.386865263388997516e+00
1.195985726034406005e+00
3.712574385259824750e-01
1.458121517701062908e+00
8.149835882205217485e-01
7.840661848143739565e-01
1.338515377726456457e+00
6.638047762202964330e-01
1.097736187559025245e+00
1.500861325022670334e+00
1.508952232336013277e-01
1.204743711739460599e+00
1.246604791105796473e+00
4.536419272690121740e-02
1.385489520449242118e+00
7.929448443680796599e-01
6.382062841122749797e-01
1.554443543972977571e+00
7.235127455727590196e-01
7.217597674772914251e-01
1.437112399090168857e+00
1.712280190506092925e+00
1.192876075991334384e+00
1.368237359550898979e+00
5.734253262192793438e-02
1.695822012665925804e+00
1.113211277677793598e+00
1.846113096960686484e-01
1.492381262508299056e+00
9.153960989013326666e-01
7.535062251948824175e-01
1.504039915735603694e+00
1.713687719042050084e+00
8.912609865185415758e-01
1.379078358207741495e+00
4.650448529716408319e-02
1.088008950201385883e+00
1.221568319719128937e+00
2.316773854794422216e-01
1.376113863250742142e+00
1.121228983535769164e+00
1.702624205151632264e+00
1.820720148904291014e+00
7.390443696665123241e-01
7.732736915698029678e-01
1.503892177298202792e+00
3.887929864533595792e-01
1.146641548505668906e+00
1.404495722421314596e+00
6.034931375202083614e-02
1.193883393594094233e+00
1.141139725862801990e+00
3.994760902318824636e-01
1.468610099276609793e+00
9.393015771148027770e-01
1.716916423127283098e+00
1.514827929782421201e+00
1.693959777411511602e+00
1.045809160589155073e+00
1.389772391547083208e+00
9.650567510474271360e-02
1.684970072831165844e+00
1.341106614971284028e+00
2.012943176601670880e-01
1.416366243702809502e+00
1.110225166336561875e+00
5.502046093228033508e-01
1.506182186697294423e+00
7.266612974358447330e-01
8.297538322298452229e-01
1.640254179902980392e+00
3.132975907331381760e-01
1.079508203840102931e+00
1.351786925974016951e+00
2.504302514100232441e-02
1.412391831887916283e+00
1.175324904382928803e+00
3.464515799499921500e-01
1.477932849844269203e+00
7.667800509864532987e-01
6.993106877300938606e-01
1.396099462387676127e+00
1.632643619331469731e+00
1.032752397258377641e+00
1.440820661328768182e+00
9.886333296926197445e-02
1.175071498936756109e+00
1.396261135034715162e+00
2.387612300385115183e-01
1.259200712879976702e+00
1.085465472404975040e+00
5.344588439151739534e-01
1.366286652906093746e+00
9.013900035911069919e-01
7.826671211043149112e-01
1.433926935727300123e+00
4.496525773340139809e-01
1.155756700036779216e+00
1.357345713065291060e+00
2.426842082608790530e-02
1.530659197204841782e+00
1.002439400952747750e+00
3.029638312521188426e-01
1.685192967902164218e+00
9.275648246402427022e-01
4.948133498568756394e-01
1.557543003255128955e+00
4.948245489856634149e-01
9.769338153547934001e-01
1.611587106973423111e+00
2.563400147545498720e-01
1.250708538799167435e+00
1.205853087684954694e+00
1.748887125803126441e+00
1.454275687276633588e+00
1.176614896863562132e+00
5.928969750214605483e-01
1.402614390924341148e+00
7.359249227880546584e-01
9.545435838721694211e-01
1.566882781632993327e+00
2.825674648329947192e-01
1.185506079523146683e+00
1.431283079791488611e+00
4.136409527025131094e-02
1.806262956383357432e+00
1.204693675974373157e+00
3.706929210292029819e-01
1.385358811721300043e+00
7.896799429427554529e-01
6.742441490721592379e-01
1.388826052058572680e+00
6.428199348499187282e-01
9.400011833616754853e-01
1.353498384396075505e+00
1.478165259607938098e-01
1.302093288728715326e+00
1.122032109676809108e+00
1.690288803783127070e-01
1.369772114962101384e+00
8.904988815558014803e-01
4.618076784626505837e-01
1.524496196428681394e+00
1.672469705368679227e+00
7.883952547383298315e-01
1.581172041105842307e+00
2.537801332466986803e-01
1.055338308517959511e+00
1.312937121982459709e+00
1.727315335125536450e-02
1.176459445234860901e+00
1.009014460976399796e+00
5.453289383182636785e-01
1.326342057591337831e+00
8.746771931271202227e-01
7.946552121203680485e-01
1.482706856768088111e+00
6.041426163960651463e-01
1.022783652045933911e+00
1.420729398840555158e+00
2.042485040610108327e-01
1.295467355541993992e+00
1.119020962431247934e+00
1.150054114684853634e-01
1.439215064719207904e+00
1.040412701941080265e+00
5.837421469195851476e-01
1.566552160553364992e+00
1.677276081506967387e+00
8.516922292011747109e-01
1.618983567530826839e+00
3.528871954438883574e-01
1.012570982854328561e+00
1.442648213468223028e+00
1.096987357452192946e-01
1.240245858366061382e+00
1.725445913132463982e+00
2.657359343318491662e-01
1.430048682666270832e+00
1.008134603167994303e+00
7.441609242563465010e-01
1.486585527310116062e+00
5.730441545328787134e-01
9.991335823642780722e-01
1.397851319305216444e+00
8.064766898201215783e-02
1.396917853804148457e+00
1.283669917853258458e+00
3.131934483382063927e-01
1.492030036084792011e+00
9.823223420538701456e-01
6.219640717958888620e-01
1.466670034210440399e+00
6.645644860956421152e-01
1.679866476463630187e+00
1.512943784059114671e+00
3.402473280769971464e-01
1.108580613900647771e+00
1.522585108697925849e+00
5.634266451402940301e-02
1.340110508554534618e+00
1.279104695659232460e+00
5.332158275926409674e-01
1.793352260027244682e+00
9.018827320786956259e-01
6.779547070106189954e-01
1.415531948367218185e+00
5.516995892627709619e-01
1.053044054600299262e+00
1.328802007486081571e+00
2.097614239177394146e-01
1.365177164171853308e+00
1.202218569578367147e+00
1.737916381976894464e-01
1.478158201134562866e+00
9.758950904042027474e-01
5.328819122261173602e-01
1.527173176511605002e+00
7.908575749150050793e-01
8.465285352845822731e-01
1.588922960588820432e+00
1.678035501477531444e+00
1.111536990450751050e+00
1.303625557748798069e+00
7.741915412698330279e-02
1.358440896424343514e+00
1.149552440227653127e+00
2.817687581120638662e-01
1.349871165132948247e+00
9.475010497082486660e-01
8.778588546505941004e-01
1.478540479914594474e+00
5.977538945329579079e-01
1.077813989844063958e+00
1.319676109185064838e+00
1.858126713241861627e-01
1.277706194702448395e+00
1.167043215903698083e+00
2.673287687939953639e-01
1.519857842960087302e+00
1.038429531085133029e+00
4.861393281265225519e-01
1.547765688432596543e+00
6.308082649149968635e-01
8.458142631178519055e-01
1.355079893657738399e+00
4.824136345591948372e-01
1.155506438208624642e+00
1.384377460839299134e+00
2.165150471772257779e-03
1.370257481757367390e+00
1.255575553397718647e+00
4.649414819674845822e-01
1.704192230323349655e+00
9.246001683840121554e-01
7.409500341308574711e-01
1.561369533685546873e+00
6.276703287299070233e-01
1.049069390550903424e+00
1.338726003860812419e+00
2.970536585222182113e-01
1.271863164979022853e+00
1.251604842528795336e+00
1.674987316284982652e+00
1.421777969233696037e+00
1.050919623530800484e+00
5.260146152311417911e-01
1.474450670011911546e+00
6.293574665384625844e-01
8.365670789257700912e-01
1.431178658764354239e+00
2.130134918463349458e-01
1.640328903965178942e+00
1.329051289116269796e+00
1.518638813391788300e-01
1.238606642424575854e+00
1.278263105723393744e+00
4.612973703724091434e-01
1.513482403908270157e+00
8.879624616387200575e-01
8.088514510594417839e-01
1.592095874555275126e+00
5.409134597793290311e-01
1.144380602969708338e+00
1.426205788843743605e+00
2.957278651335908948e-01
1.216187562164996017e+00
1.266222134954495537e+00
1.995832448409398663e-01
1.466640549136987826e+00
1.017592116258928536e+00
5.074876676156199196e-01
1.516805799545893230e+00
7.185121184263948413e-01
1.644016053813696088e+00
1.564138004580482466e+00
1.436214282557091437e-01
1.072175942003916971e+00
1.553802992372243397e+00
3.171170623814333761e-02
1.334900427882768748e+00
1.460207439578555588e+00
5.387001068130776726e-01
1.519097463641221335e+00
9.461660800782057956e-01
8.606809246582232120e-01
1.430416713586024846e+00
6.171864738012411422e-01
1.116655371379039474e+00
1.413168894367285988e+00
2.756928720274590128e-01
1.270155833443999960e+00
1.213546749151772408e+00
1.478406460830155311e-01
1.455659312616536472e+00
9.034932457771147618e-01
5.096498120080994454e-01
1.539473225953222890e+00
8.109562028505016285e-01
8.811921685244340496e-01
1.392179119561272271e+00
3.211923351603898080e-01
1.189523453586202040e+00
1.313167394673428134e+00
1.120289655713047061e-02
1.266421316283877996e+00
1.227051623083980747e+00
3.706426602932915704e-01
1.369570586792154820e+00
9.293390486716232024e-01
7.989149712771743683e-01
1.425064628719888038e+00
5.377041092150556256e-01
1.018341305365310756e+00
1.456246433343354907e+00
2.407398370580728364e-01
1.381199934638114968e+00
1.100820721794109724e+00
2.608491744437810289e-01
1.471668591966857287e+00
9.603843106548453079e-01
5.990758434340054395e-01
1.396027408759713540e+00
4.960537788285754868e-01
8.006227938084181650e-01
1.552147780528769561e+00
3.496569359261283427e-01
1.244633145558083909e+00
1.471604839565366030e+00
2.243690415862859000e-02
1.257842344310785343e+00
1.066882993845618355e+00
3.444617661536137354e-01
1.492017861876252072e+00
7.913055995567175316e-01
7.108646092829907781e-01
1.621751563378253103e+00
6.513211745559438492e-01
1.062110290918329758e+00
1.286477894591689708e+00
2.126094897917344129e-01
1.188537396416898595e+00
1.252101933654058863e+00
2.997788920110289745e-01
1.690396943085930248e+00
1.010483868028921650e+00
5.537830997153835311e-01
1.515556992307448114e+00
1.712385085566850318e+00
1.023292540101376380e+00
1.702539365948506855e+00
2.519685169600061059e-01
1.137508810647882340e+00
1.164858852656088128e+00
5.161356345590383671e-02
1.385220409480621528e+00
1.691500740245256651e+00
5.354916678672205776e-01
1.455220611934238351e+00
8.418431207377741199e-01
6.455543580976654816e-01
1.638357341369274911e+00
4.982804220833054742e-01
1.030810217667722073e+00
1.403398776858566510e+00
2.347127660966903118e-01
1.228294851946656552e+00
1.309884916061771154e+00
2.593066503361439734e-01
1.388339308443055531e+00
1.009794569548693399e+00
6.270817535313970570e-01
1.648394977639749293e+00
7.239900907549726705e-01
8.253038509154418945e-01
1.372363652695765879e+00
4.940866512908934083e-01
1.269241522472289940e+00
1.352407193396262697e+00
1.279338082262085619e-01
1.277967897553287102e+00
1.219271388454556959e+00
4.401343815345154509e-01
1.533642649454008078e+00
8.815246807837573417e-01
8.430172329468385017e-01
1.561468315151903763e+00
5.850437371660153207e-01
1.101769127691828665e+00
1.542375991654936440e+00
8.040735885471980704e-02
1.261648307963759708e+00
1.244679187101848772e+00
2.200462025053064319e-01
1.408474098939793695e+00
1.000469088662570893e+00
5.863968669722365856e-01
1.572851759119981319e+00
7.644510757011139246e-01
1.019430238464863248e+00
1.436406819159804060e+00
3.843170306672140102e-01
1.156455463060158895e+00
1.241618800884454199e+00
1.698395788439970522e+00
1.290742419067641311e+00
1.158278325360824867e+00
5.117186063809568974e-01
1.475563064969938942e+00
1.719542430717094783e+00
7.834542771758430391e-01
1.513454348952717243e+00
6.267741418542315257e-01
9.040945690625123987e-01
1.441008744156700994e+00
9.286804582886629134e-02
1.250998742351844051e+00
1.170163452009371774e+00
7.661166040442655978e-02
1.504751725578767241e+00
9.375553828946400214e-01
5.120644098786338860e-01
1.554780413214451817e+00
6.016481795602902638e-01
8.274784408217230602e-01
1.650819867300078014e+00
1.699860286507888507e-01
1.196576984333053151e+00
1.451526879952906857e+00
2.457746819112123851e-03
1.342413458731542386e+00
1.069063147394473834e+00
4.245247132860516248e-01
1.596573799210326161e+00
9.170226121922561147e-01
8.409720767123810559e-01
1.475785264269309449e+00
5.586643386508705067e-01
1.151585047915778537e+00
1.388172341244826358e+00
4.201620317886750056e-01
1.342178760474943555e+00
1.331519646254055500e+00
2.540092061301751913e-01
1.472097305398513800e+00
1.075360090234639632e+00
5.569220214725721929e-01
1.542094466775426165e+00
7.433380814242152024e-01
8.500828970349664226e-01
1.749658866412681091e+00
3.983268785795261446e-01
1.191164112812021392e+00
1.366958063991293715e+00
1.429857543006932963e-01
1.399089607255061818e+00
1.113631388916289655e+00
4.912909107660569652e-01
1.528817396399175133e+00
8.887232226336320151e-01
6.231981700062128038e-01
1.468768019092047794e+00
6.017344778443064479e-01
9.440797971750392037e-01
1.716082397903204271e+00
7.975595496725315647e-02
1.231938426407777731e+00
1.201031930210813892e+00
2.378374667421209177e-01
1.345765849722714513e+00
9.871549833111796790e-01
6.741567598436764008e-01
1.466446491654676443e+00
7.990374516426034246e-01
8.733660327759786846e-01
1.490364660022703625e+00
4.512054349502516715e-01
1.212730294419177790e+00
1.330493729853194695e+00
2.152319250161011110e-02
1.297731752125198534e+00
1.132496571934802576e+00
3.697101387855613042e-01
1.407610414098895646e+00
8.463230674156019262e-01
5.514685163580334004e-01
1.493937602110607443e+00
4.626506369839042399e-01
9.421881060420672638e-01
1.401645272902029449e+00
2.145751506429144639e-01
1.377271775984796109e+00
1.186172389943916050e+00
3.016013462593817307e-01
1.499043379270896814e+00
1.132905520202313499e+00
5.377711408498410117e-01
1.526353160470748760e+00
7.329356743904936744e-01
8.630543503245311499e-01
1.474493888768296568e+00
3.345693197980462719e-01
1.004392765241197250e+00
1.295708688338781833e+00
2.774802021198852567e-02
1.324387651074196981e+00
1.289472854656612322e+00
4.669003802072851927e-01
1.499900529675107785e+00
1.705982347007667155e+00
6.825877247268110626e-01
1.605326604398527035e+00
5.417745829329693175e-01
1.070733948031318050e+00
1.359167569269011944e+00
1.086383408090795810e-01
1.215326752878393091e+00
1.320347848440659666e+00
8.647275932719478142e-02
1.378917237817138153e+00
8.763260545620665809e-01
4.556097090269319860e-01
1.542283242183967396e+00
6.583792612851123716e-01
8.179384139387129160e-01
1.470782560965769870e+00
3.380860639519729927e-01
1.124755230789312721e+00
1.232276553981052514e+00
2.515586012377248049e-02
1.475719044423748683e+00
1.106895724475125187e+00
2.849324756654572632e-01
1.358319678563589594e+00
8.844901604005539486e-01
7.021681891346448490e-01
1.479009271077015297e+00
4.972867452634600061e-01
1.067036790441241001e+00
1.503676673798161501e+00
1.312299113841559062e-01
1.677688434856127175e+00
1.328534288958543419e+00
3.316276308219354707e-01
1.495125271328642036e+00
1.058197118431196682e+00
6.342206030107966352e-01
1.552513377248189830e+00
8.151809620661086830e-01
1.004993997213168733e+00
1.400482766928951905e+00
4.394836039316810661e-01
1.181610041394682842e+00
1.670162040825895700e+00
7.771947509918451791e-02
1.288823187036951534e+00
1.047400324381598136e+00
2.993719862443803836e-01
1.521186466906512491e+00
1.660868112890553139e+00
6.878012713393585331e-01
1.534844714473451832e+00
5.206704213133181991e-01
1.030786224038025223e+00
1.541327180412317421e+00
1.328338232956217113e-01
1.263165183468014208e+00
1.275917217925449432e+00
3.296151096388540425e-01
1.378481743471662746e+00
1.212879765951281996e+00
5.779097388868933427e-01
1.457496991568475897e+00
8.461728875474091582e-01
9.728489096706256500e-01
1.316907624163930146e+00
3.760772375340301066e-01
1.169746257759929797e+00
1.302343101124800340e+00
2.786391031793459400e-04
1.300450201563166708e+00
1.193191563204648364e+00
3.427018309521754902e-01
1.491211396484140472e+00
8.679150800559025658e-01
7.674511407240772742e-01
1.520086818864657685e+00
5.899221952370736766e-01
1.001339098361428093e+00
1.456385473377500128e+00
9.790649441266015274e-02
1.335294948639136337e+00
1.329858582257579247e+00
3.530574661620208277e-01
1.551143946215746139e+00
1.052735094393817405e+00
5.845499364329803660e-01
1.402980174999945095e+00
7.445493155704190347e-01
9.801573387347716215e-01
1.328499733374095770e+00
4.898839042067158478e-01
9.996932316088061876e-01
1.322309215573640673e+00
2.017495614763300735e-02
1.334236924690126669e+00
1.045416984968024376e+00
4.208492937736922346e-01
1.413899380847052134e+00
8.388266170993348148e-01
7.531224487112491150e-01
1.585168433565424362e+00
4.383077926311608752e-01
1.047186923841119111e+00
1.412693861359858971e+00
3.165325445469217014e-01
1.160604030777501183e+00
1.183979433661118241e+00
2.650138695653220244e-01
1.424903740776149563e+00
1.093598913813602858e+00
5.118789223318376269e-01
1.553698089361677637e+00
7.602637665356457575e-01
6.931870220415600192e-01
1.565472114364200529e+00
4.318038125726598730e-01
1.057963995237364063e+00
1.395459187021335312e+00
7.740961380313427648e-03
1.295179191004133035e+00
1.226005185629102989e+00
4.216798391715602667e-01
1.480156173517535034e+00
8.953621273596773511e-01
8.676832315468026025e-01
1.434266520733550543e+00
5.419928446684907364e-01
9.846843742595869919e-01
1.550636186265913041e+00
1.695307573893990449e+00
1.420676575204678604e+00
1.279591351171671887e+00
2.911703571605150365e-01
1.343651395985805186e+00
1.069068087961758895e+00
6.054576032270182484e-01
1.520397490437832122e+00
7.073853402007035385e-01
9.412594005777904504e-01
1.494284243175940219e+00
3.463283702706309586e-01
1.220890561242376604e+00
1.278838191796560109e+00
5.820320783220025995e-02
1.386083305260561227e+00
1.234800061998901466e+00
4.262839598889445192e-01
1.517731744408728378e+00
8.507928836566315267e-01
6.531123407474160869e-01
1.557954580897636054e+00
4.907760686695554764e-01
1.066017446351176234e+00
1.572745144225012215e+00
2.150736287874045471e-01
1.275732102421701208e+00
1.288355869427637579e+00
2.618491257947823669e-01
1.657425828833730463e+00
1.024870660148162749e+00
4.522233092649544095e-01
1.499053035075221141e+00
8.666122249820752410e-01
1.084465835882894025e+00
1.467843986686937274e+00
4.194968162133725365e-01
1.163002215134080863e+00
1.173091855857566701e+00
2.522838614123149720e-02
1.456530662292671030e+00
1.169340678400949241e+00
3.292115950727372842e-01
1.627826800347947023e+00
7.316834177550228802e-01
1.659046924154812030e+00
1.557515155764730874e+00
5.194887164759564024e-01
9.109175927781050230e-01
1.421106101442655811e+00
1.911486421893488219e-01
1.156930131484081636e+00
1.383446299729746753e+00
2.974668542980428154e-01
1.202528481016170270e+00
1.154982479337923529e+00
5.900524430201976589e-01
1.510110607265651606e+00
7.201331226643450378e-01
8.302990173429877219e-01
1.561999090631987164e+00
2.846402058632693244e-01
1.140231951671341060e+00
1.413495048879559679e+00
1.167106661046628246e-01
1.329509998224946754e+00
1.198111845561725453e+00
2.792213443141353668e-01
1.479960479639376825e+00
8.144870403136734716e-01
7.278167940607827013e-01
1.510570626290905771e+00
4.737784235236736086e-01
9.376493848480857984e-01
1.395351797498277202e+00
2.070893683529737295e-01
1.179893123074250205e+00
1.283515045645076125e+00
2.245710352029207935e-01
1.372703649260566872e+00
1.076805039405698938e+00
5.967753317485964271e-01
1.358674347274099858e+00
7.714164065268386272e-01
8.849177710577391665e-01
1.540262083685597805e+00
2.063106517984439336e-01
1.226771003967338736e+00
1.413975609505925046e+00
1.345307907445475737e-01
1.293239133240630556e+00
1.198284291731528839e+00
1.676659414064820997e+00
1.678223947851473774e+00
1.650204719562563982e+00
5.790593142352297162e-01
1.594797404411104180e+00
1.635434506929816845e+00
9.023476499385033600e-01
1.469994634870612549e+00
1.206842379445959845e-01
1.220293862217092018e+00
1.383855328197619361e+00
1.948388355939841832e-01
1.502267681982716097e+00
1.221395435210032021e+00
5.449200115675025824e-01
1.403258941627939294e+00
8.409558390012231710e-01
1.091789197280240042e+00
1.564276669852893376e+00
4.626599737409369251e-01
1.300160490329848262e+00
1.313283130713887026e+00
4.721317878008725322e-02
1.447116854972967825e+00
1.044874896021154465e+00
1.639692615195072367e+00
1.477195641703304974e+00
8.546088284377205690e-01
6.949276158486406008e-01
1.783448746607509738e+00
5.204339773813723147e-01
8.965259864408303692e-01
1.415993838043819064e+00
5.480112119037917895e-02
1.129864360023784320e+00
1.303397464629070024e+00
3.517945241141983148e-01
1.343250250733837969e+00
1.138527359057262212e+00
6.904256416596536994e-01
1.358769819983827620e+00
9.036661350631740586e-01
9.786692280433139102e-01
1.423093619298743562e+00
3.178690044546402249e-01
1.302141538997569459e+00
1.218045761319354270e+00
1.771407330392730017e+00
1.301495722516099018e+00
1.023118751798940407e+00
3.600492630188378285e-01
1.488075889667372476e+00
9.651236364391120315e-01
8.222375383001735427e-01
1.526343847482924732e+00
1.667774342149140443e+00
9.291876857617569208e-01
1.353204695281325476e+00
1.824275876484290071e-01
1.255987141280928254e+00
1.217480132373394808e+00
1.761508145333717523e-01
1.430924575764886519e+00
1.049379920270274713e+00
6.421608812939153532e-01
1.426644603323045324e+00
7.332928377273443266e-01
8.542749342517185207e-01
1.314259585869418157e+00
3.270410791080350932e-01
1.151629823377561479e+00
1.360628924371128923e+00
2.917006145804084544e-02
1.363259418521989508e+00
1.198153837548730172e+00
2.477650725622845274e-01
1.564614957242497884e+00
7.981642143184642935e-01
7.129793885244081197e-01
1.640872172744184398e+00
6.141283586992521970e-01
1.108121114601515966e+00
1.434735122519910755e+00
3.362340795319974096e-01
1.353821284999304986e+00
1.421635746030076142e+00
1.548134929796954884e-01
1.449227196419017982e+00
9.590435929537076687e-01
4.448047415497126122e-01
1.495772735413090526e+00
6.437747722912270376e-01
8.930616688711415785e-01
1.832635152930297329e+00
3.650935111030993996e-01
1.139748695542958323e+00
1.337652967191303999e+00
9.077384392519729367e-03
1.384771327926686002e+00
1.218683441769756293e+00
3.950169898668338675e-01
1.572626836676323414e+00
8.455722220991126470e-01
6.964059728082947487e-01
1.471986192517124259e+00
5.819881005639817584e-01
9.136796796793380526e-01
1.354841565125916025e+00
1.264231806035371608e-01
1.322513084915272641e+00
1.199043616643267862e+00
2.564201374684589307e-01
1.361143504361278733e+00
1.027358311548382863e+00
5.236902987726679282e-01
1.496459720923845049e+00
7.886009861008588251e-01
9.783430781294779610e-01
1.443649000251368442e+00
4.407852388125035326e-01
1.707153750567687256e+00
1.526337205446278933e+00
5.982399874662280848e-02
1.413854474828707408e+00
1.174151124655655742e+00
3.047674528303766506e-01
1.404173294171468411e+00
8.301424604426702603e-01
6.511209128149486602e-01
1.439201642240285350e+00
6.251630023804611858e-01
1.010757265256017279e+00
1.587790183124391907e+00
1.781013914235419771e-01
1.699856476572922492e+00
1.316702862517201700e+00
1.546954063251991529e-01
1.459218209515845466e+00
1.077750632118937180e+00
5.351722027156230466e-01
1.404715926525489600e+00
7.113399903877632990e-01
8.170360258182717272e-01
1.498081039815512217e+00
4.478740630914846421e-01
1.006819341807591028e+00
1.692237151439053289e+00
9.204551536195913763e-02
1.333571762074562628e+00
1.235410809375959484e+00
5.037052551336438366e-01
1.498413481867421959e+00
9.163072936670682012e-01
6.724342291160769758e-01
1.514803002424067735e+00
6.248482887886603887e-01
9.645566454235177112e-01
1.479739915522663374e+00
4.585876768687766752e-02
1.275594482459996515e+00
1.299777665584005648e+00
1.275153736047975606e-01
1.608066054204649875e+00
1.044972993589360133e+00
5.196763849946632874e-01
1.532726229375728444e+00
6.866797288366222052e-01
8.734230034711023549e-01
1.440036354556097020e+00
3.704440791072801664e-01
1.276006266258726374e+00
1.249343092792078336e+00
1.562257377637121109e-02
1.282805407437073164e+00
1.154234235891522076e+00
3.540890343998800982e-01
1.372247268130146969e+00
7.784290409915746167e-01
6.260015855563334508e-01
1.537095468178957258e+00
5.717193010378451845e-01
1.042837005658631799e+00
1.479516889307658234e+00
1.242302861450160500e-01
1.313524447890145330e+00
1.361691688626721630e+00
3.321177213413955553e-01
1.426169946200481986e+00
1.051715303471809193e+00
5.365273036896708314e-01
1.481073010555173486e+00
5.459050456473210078e-01
8.157690915795461351e-01
1.794305103118302158e+00
2.414843978102905742e-01
1.239216550531446748e+00
1.414535697061616748e+00
1.669748568041191580e-02
1.250061155980842109e+00
1.119757058348031853e+00
4.841149559038244177e-01
1.540436823630662477e+00
9.580605838401634600e-01
7.907945669285014745e-01
1.405917878921252084e+00
6.269700359143103308e-01
1.088466871604572894e+00
1.314304062402021467e+00
8.258851172080919345e-02
1.241163478972011847e+00
1.204068070364482601e+00
3.023935953733998261e-01
1.417428940308814722e+00
1.250047801098230327e+00
4.829752664983550381e-01
1.500353118650978868e+00
7.708077469544635241e-01
9.726340162382126620e-01
1.561819280465777560e+00
1.722416381525357032e+00
1.158810238181386509e+00
1.275836299522321582e+00
