# {'window': 81, 'contam': 0.9099142292150435, 'q': 0.056283808031402725, 'thres': 1.6502124479011606}
8.056950990376068877e-02
1.449943474968831580e+00
1.051951342610208506e+00
3.764383351784682530e-01
1.498336213651489057e+00
7.052846120749858283e-01
7.315141348849841796e-01
1.540228316074298220e+00
5.496552548488772283e-01
8.300651384390393961e-01
1.429536651549139892e+00
9.937269349295960175e-02
1.023700739362023437e+00
1.254368494030837278e+00
1.976931494549428181e-01
1.365184002063871693e+00
1.086361998768119452e+00
5.099035375167236817e-01
2.295249420423062237e+00
7.379638845590146268e-01
1.008202849051579308e+00
1.530763032835875448e+00
3.862793866353801397e-01
1.226510195150908977e+00
1.272549733691471285e+00
4.241385746640938953e-02
1.369240632596347540e+00
1.189354729122732657e+00
2.607843393540097421e-01
1.639934602816917497e+00
7.677271213865399790e-01
5.465644842850657659e-01
1.446265987547711518e+00
5.214259693172957899e-01
9.383766555813094490e-01
1.366301048158371945e+00
1.411623727827594765e-01
1.236485554026640177e+00
1.311329721308799989e+00
3.736588686356192568e-01
1.367620783859220035e+00
1.029615894610363291e+00
4.055886873894065658e-01
1.357137677446687896e+00
7.840282349092835279e-01
9.032919112071798873e-01
1.400635096584361694e+00
4.579888390597950387e-01
1.204171647501374842e+00
1.229041756497994076e+00
4.442558175488307143e-02
1.320249906691068231e+00
1.159936057626222095e+00
3.595544165530114022e-01
1.477751613804441755e+00
8.118613107198312528e-01
6.293483731467524045e-01
1.469703344553752178e+00
6.137035207716684537e-01
9.707226964501143307e-01
1.376457319663398016e+00
1.289143146408672780e-01
1.309555519252542322e+00
1.255763766519108593e+00
2.514479703985784687e-01
1.400268813495567422e+00
9.413626604079365912e-01
6.059918465535710785e-01
1.745715301774078521e+00
5.954764264989854672e-01
9.492326947079081645e-01
1.558744016707750868e+00
3.351201186888294603e-01
1.177435051950882494e+00
1.510662373303532480e+00
9.109313262104308528e-02
1.342441623234430725e+00
1.083698961836479624e+00
4.834455662519940300e-01
1.448588059983944021e+00
7.896970938453506950e-01
7.779456747653363813e-01
1.465667224817706726e+00
6.360916310251587547e-01
1.023942283797430797e+00
1.491164544300231487e+00
3.293475784613545398e-01
1.216294935233099173e+00
1.338210961533882415e+00
1.414587856304088120e-01
1.329773880337347336e+00
9.200699399507510368e-01
6.684921176865535886e-01
1.549124088292617385e+00
7.529253405785686359e-01
1.000507961613990027e+00
1.426137711363751448e+00
4.703129140846268319e-01
1.255539613720109360e+00
1.426446898966604593e+00
5.277232047735094279e-03
1.308501408880571315e+00
1.197983506248112562e+00
3.662627588093292919e-01
1.425462952079674883e+00
1.751931633056195814e+00
6.564200731772996678e-01
1.549388239882987239e+00
5.728257921931989571e-01
1.010295059581087340e+00
1.361300344696299680e+00
2.443635464652250677e-01
1.234169371787463776e+00
1.275640334526199071e+00
3.586247473940143982e-01
1.460495449857383221e+00
1.121648784615148164e+00
5.840988080424246442e-01
1.675885981806570335e+00
7.917233216355371583e-01
8.533341220326982057e-01
1.447592919105967324e+00
2.751541768336323024e-01
1.261747545637573742e+00
1.370592291823726994e+00
1.759235038825368580e-02
1.355657196319508540e+00
1.224011717598211924e+00
4.945557003057657330e-01
1.563129477538556911e+00
9.971402991188569320e-01
1.732503195343225055e+00
1.603899300688466312e+00
5.676612799413056631e-01
8.700050978777221777e-01
1.421110414587905879e+00
6.012126199174325919e-02
1.087114531122169936e+00
1.888677834474295381e+00
1.416101900415239478e-01
1.501349804610141669e+00
1.051862185607278732e+00
5.757356860867531845e-01
1.548881677417597080e+00
7.506852449944296790e-01
8.747889444854575203e-01
1.404997484894901838e+00
3.510475809321276786e-01
1.206842052944337773e+00
1.263586864029303092e+00
6.568788912810187564e-03
1.305714239957689315e+00
1.228438359266228685e+00
5.184444426529143390e-01
1.371295740428318144e+00
8.649451347185487249e-01
7.393593074633748596e-01
1.577932381059688804e+00
4.318535973999362287e-01
9.704203615715494280e-01
1.568366406024982451e+00
1.658330584410610542e-01
1.369301992167269555e+00
1.213493239638381960e+00
3.434564005400577713e-01
1.405246799259862289e+00
1.732216894270236951e+00
6.244159339237848050e-01
1.447067646302407029e+00
6.674821026949524505e-01
8.652604528027825204e-01
1.400591271274884031e+00
3.186556339422081385e-01
1.089160430865147022e+00
1.266919065520459409e+00
6.612465530029064571e-03
2.042932001505683992e+00
1.187422568584469484e+00
4.910766717806559489e-01
1.554207757628948139e+00
7.807097443249979563e-01
8.678496421972483610e-01
2.229645771201846038e+00
5.690104717919189925e-01
1.020235504738915333e+00
1.328655779912198964e+00
8.371776291852343899e-02
1.275081575553588698e+00
1.244223708776232451e+00
2.612084988245489403e-01
1.403193146894688548e+00
1.118820988022762419e+00
5.297898143365583623e-01
1.521861272657318409e+00
5.567617851563116949e-01
8.465328746861856546e-01
1.482335065681654296e+00
3.100784489405172817e-01
1.169929883284009042e+00
1.423385128927014520e+00
6.959025196246415579e-02
1.332169754581154608e+00
1.142251153011736298e+00
1.764828138748804065e+00
1.370457068487068053e+00
8.501618186068367056e-01
9.218183456304644974e-01
1.405094424016329668e+00
4.623633506815907346e-01
1.011163690211537958e+00
1.344595576825271310e+00
9.130777975780889066e-02
1.302217659660330540e+00
1.321900589721269448e+00
2.262201328954275281e-01
2.192992153862481253e+00
1.160115052525732438e+00
6.143762303963167248e-01
1.541338254413953335e+00
6.436213287279410888e-01
8.107553999962041624e-01
1.553690527590900539e+00
3.567466946104936865e-01
1.211114906966212157e+00
1.298986390263251245e+00
5.642948635685815680e-03
1.456333759979766329e+00
1.136030508040928533e+00
3.990505831021052274e-01
1.641961776980743748e+00
8.728809574545955963e-01
7.958163881521269634e-01
1.541435167227266589e+00
5.890792004736122855e-01
9.460193891468182681e-01
1.397505164486695151e+00
2.288254945630735504e-01
1.229576515821315441e+00
1.919667874092000126e+00
8.092584313880231417e-02
1.555472630747452678e+00
1.031835621654096702e+00
4.777589930813789243e-01
1.585701094522264487e+00
7.685031208616766030e-01
1.015867239210666018e+00
1.550951817105036046e+00
1.871184198104349772e-01
1.181151433515298610e+00
1.416840983213833116e+00
9.809980627820008570e-02
1.333839136406707926e+00
1.275963091630319957e+00
2.547929755356124204e-01
1.591352365491817800e+00
9.977798566461001384e-01
8.804157814370399127e-01
1.574033131573876032e+00
5.840522143498204644e-01
9.022759179385422268e-01
1.333686913597850410e+00
1.103858632382142824e-01
1.272072442942290271e+00
1.406863853778407947e+00
1.747549108072486757e+00
1.527510621094813059e+00
9.912127934166123922e-01
6.317536539210681923e-01
1.532897889377614842e+00
7.271091083743106420e-01
8.971451388691586981e-01
1.539121727872275081e+00
3.745425391766057932e-01
1.269126297136539572e+00
1.259539554519344629e+00
6.614831335605668092e-03
1.381714291086083346e+00
1.109550143468394978e+00
3.414629309445779692e-01
1.525166337189542753e+00
8.389445701301018188e-01
7.075463414085373381e-01
1.435705326528810000e+00
6.303171060423485850e-01
9.210232946958794020e-01
2.359468801372399671e+00
2.525778001785744520e-01
1.253832523666195131e+00
1.244274078256047300e+00
1.075057734153050948e-01
1.337963397859736503e+00
9.713482750108787256e-01
1.694843256514930507e+00
1.571527589416339854e+00
6.961121916929829956e-01
7.958009717733298682e-01
1.567174739062609179e+00
3.330770109233049392e-01
1.113674268559985192e+00
1.386330800800120722e+00
1.353450052975259388e-02
1.322779193249988161e+00
1.083913590760922752e+00
5.890856159891940669e-01
1.374914285413718851e+00
8.749538033763409883e-01
7.326336288866863722e-01
1.456722430117068257e+00
6.356307304319054330e-01
1.030592449476822159e+00
1.502035716925654851e+00
2.335479406242458589e-01
1.409573980649694747e+00
1.127735270659211642e+00
2.728048621456286016e-02
1.338095939435870241e+00
1.672286494992226480e+00
4.659561028120347004e-01
1.376753807857183265e+00
6.366639038634138714e-01
8.832011894319838907e-01
2.356496947963229172e+00
3.459074744055909978e-01
1.307732389944086027e+00
1.363410354676458880e+00
1.301413134347995104e-01
1.349261100872229058e+00
1.221116848229680585e+00
3.524622718486731254e-01
1.453280346687525260e+00
7.704984543453585744e-01
7.859969404752589206e-01
1.423114689585594839e+00
5.029015688064567557e-01
1.101607928723019381e+00
1.304391656414221945e+00
4.598079204078429905e-02
1.244667127556112085e+00
1.186160487041059364e+00
1.852886206743153408e-01
2.239610730068595679e+00
1.111606221059182387e+00
4.778931026974752583e-01
1.543355008826112096e+00
6.624804405751612002e-01
8.061492670753752643e-01
1.420834760541508368e+00
5.600250348815101198e-01
9.892807261615006453e-01
1.324310384158477127e+00
2.915033013095800346e-02
1.240543757086711940e+00
1.309230165068512530e+00
3.063845926933584929e-01
1.395858840128761713e+00
9.390080457295192362e-01
7.857117305087879533e-01
1.393179050029574428e+00
6.513824316572544015e-01
9.979139455755253740e-01
1.382084612121351475e+00
3.176058423002178221e-01
1.242021040348270100e+00
1.226476951374909197e+00
7.421965678449202186e-02
2.313550433843806875e+00
1.028232758725563301e+00
6.602882475026736753e-01
1.496998646404606115e+00
6.430148993630764309e-01
8.981768224304480519e-01
1.464853801292556934e+00
4.250155493467168144e-01
1.141756890903499855e+00
1.377954141570385982e+00
3.702198267675034515e-02
1.224319978622683047e+00
1.174087635744371028e+00
4.196059418331007929e-01
2.327342826671304099e+00
9.959381406907655832e-01
7.389140168556092014e-01
1.439321678917908409e+00
7.403874711627433935e-01
9.959560487457826961e-01
1.441694490563081743e+00
2.709172036834543995e-01
1.204419488075461064e+00
1.307469501261721678e+00
1.335938899442860872e-01
1.274125852922493030e+00
1.203302509570104872e+00
5.566507820256016981e-01
1.614652202884644616e+00
6.701385049727659471e-01
9.437417366983692490e-01
1.318286484597229524e+00
3.420956838483296125e-01
1.189912877857558504e+00
1.272941019075546798e+00
9.781735376463088216e-02
1.400733791111653526e+00
1.151551595666312267e+00
2.375974884662177822e-01
1.438902035882104080e+00
9.725098549313792029e-01
7.707189299539396465e-01
1.389645292400941479e+00
4.856563117463800205e-01
1.081332403377614826e+00
1.460660933719595489e+00
2.270451402442169586e-01
1.126125826301634714e+00
1.202902251408192846e+00
1.458773171314519945e-01
1.514460949081193775e+00
1.109998020889658044e+00
5.809248916750483493e-01
1.482697202642622170e+00
7.401289998206842524e-01
8.987400308186720421e-01
1.337471937733535343e+00
3.874226847400348839e-01
1.184383872402223092e+00
1.341839822014512906e+00
1.796039254956971476e-01
1.478697262365581633e+00
1.019913113993403231e+00
2.755445970709821668e-01
1.548690134416102815e+00
9.033756781215143139e-01
6.876697484754901168e-01
1.478686269830537414e+00
5.490074749500071238e-01
9.587540473852204093e-01
1.392095520497693473e+00
1.509157259853969590e-01
1.282485400080427551e+00
2.073511893054091004e+00
4.910820111624393525e-02
1.437346641179091611e+00
1.060365393466933037e+00
6.190721933068301652e-01
1.406602903264809079e+00
8.361881731442947219e-01
8.992507689934388093e-01
1.530020389971737504e+00
2.948926724236540231e-01
9.926330894263952764e-01
1.397174970541183558e+00
1.371536247621284177e-02
1.250366725382825450e+00
1.221219052832640539e+00
3.576909946392637374e-01
1.500309483480407824e+00
8.949594049000366702e-01
8.319238452899710978e-01
1.426365495349179779e+00
5.286402472768534366e-01
9.417321630797876875e-01
1.428579522065787755e+00
1.989935832596397003e-01
1.217835141874704208e+00
1.276030227803269801e+00
2.185044245600114565e-01
1.447589474951762378e+00
9.989271778649700950e-01
5.583554627071595222e-01
1.424014663257608282e+00
6.789696398020208523e-01
1.703107073679064554e+00
1.428908709503809327e+00
3.284575168578419135e-01
1.247753346296734289e+00
1.334566498342197205e+00
1.235017357514229946e-01
1.160438453763476874e+00
1.178766216301069036e+00
2.993011606635620492e-01
1.462269550176591437e+00
9.735889653520773956e-01
7.302767028968162322e-01
1.396791118215189531e+00
7.549318409789854689e-01
1.151191325425234835e+00
1.458056707922486206e+00
1.857062648645771696e-01
1.286596598901962096e+00
1.315162283466670745e+00
1.628860772742261875e-01
1.379682325995281955e+00
9.655800801213190176e-01
3.486308897144256846e-01
1.531819851012398370e+00
7.083550977126309434e-01
9.150734126477872987e-01
1.478811885738877452e+00
2.736567712873047564e-01
1.129982630633473928e+00
1.432012734368649731e+00
9.015950414178598715e-02
1.397082773126048671e+00
1.129409048027064655e+00
3.365619520786358732e-01
1.497062651169953185e+00
8.962616285450835107e-01
7.918265171139606817e-01
1.448668662174422916e+00
6.942566998518857613e-01
9.906297955166066815e-01
1.480899599338999062e+00
1.467334629317292027e-01
1.302132978423279575e+00
1.288890280212967143e+00
2.350011535738449342e-01
1.509517582063059526e+00
9.654066839081247853e-01
5.779914446798142258e-01
1.504290156921475718e+00
6.591167714776642317e-01
8.817370794383110333e-01
2.298819315254084117e+00
4.379030092175494326e-01
1.125190543539724253e+00
1.405897963304626685e+00
6.208967215737534739e-02
1.315984819522314941e+00
1.234541459980738942e+00
3.687482907963491319e-01
1.394983386162174321e+00
9.031687178557872286e-01
7.321620425293896561e-01
1.584484714851059906e+00
5.031845422580654148e-01
1.070615123235508781e+00
1.458740875278658367e+00
1.859347501495054733e-01
1.127166024285868984e+00
1.295115281254488160e+00
2.567371526391178382e-01
1.436753664541116748e+00
1.008441602668608050e+00
5.724940245272952533e-01
1.540469333281843323e+00
7.234876718991918310e-01
8.951310969804292528e-01
1.508567599498849665e+00
5.137948455780084744e-01
1.137467597132124864e+00
1.362537805146175840e+00
3.104231248241259844e-02
1.428674464077591688e+00
1.084277093399227621e+00
4.502710966915542956e-01
1.539481549246766612e+00
8.612450543831641214e-01
7.885385152549188037e-01
1.597457031557543816e+00
6.556333472233832893e-01
1.039858866646490299e+00
1.482676862016815145e+00
1.732129136168451211e+00
1.222498885584158979e+00
1.384816955671136718e+00
1.746959216862545627e+00
1.542370254045140721e+00
1.826393092895226555e+00
4.750647459492445268e-01
1.498482215003509754e+00
6.944724727212360227e-01
1.019470664648316482e+00
1.489784192434942867e+00
3.901237837379926132e-01
1.195143434243713054e+00
1.338485694862902253e+00
7.267410238765872887e-02
1.360216807620988178e+00
1.090906211382140611e+00
4.067884336923062172e-01
1.530799662653802073e+00
9.073106441021545621e-01
7.084758332851393003e-01
1.273712406136883635e+00
5.168957512468013160e-01
9.966569164851090123e-01
1.326202481416282497e+00
2.202303863953401775e-01
1.338839985133627231e+00
1.233248738471769190e+00
1.526348322518498168e-01
1.507465004671050046e+00
9.841561032068761872e-01
7.284627242071950448e-01
1.404567208003396628e+00
7.567335905080165848e-01
8.556087664621717659e-01
1.572372644137922881e+00
3.735485896652047666e-01
1.092641743342256389e+00
1.354284385521476120e+00
1.474637228698965317e-02
1.309763317124309046e+00
1.181340850477308413e+00
3.429455969563452444e-01
1.404145535143850765e+00
9.178164560786249426e-01
7.565626431386793804e-01
1.512142802770195971e+00
5.627737063200894951e-01
1.035634033083005834e+00
1.435328656955595195e+00
1.082812528385425077e-01
1.288680448495071351e+00
1.331293132491836451e+00
1.362183552950867738e-01
1.486168351028391843e+00
1.727087603891198420e+00
5.342340923511329498e-01
1.618606249867286184e+00
8.066881170005765211e-01
7.796460085081892144e-01
1.530408485501062232e+00
2.549686398294286893e-01
1.131334728365513076e+00
1.485136339524433913e+00
8.013159719568482831e-02
1.439857124961260393e+00
1.019286778032596485e+00
3.583998402159770391e-01
1.264915178561856646e+00
8.019880750511098055e-01
7.562365677998512670e-01
1.512032748142779548e+00
4.410943966519805248e-01
1.061283960651479230e+00
1.357728986710134089e+00
2.926361466574824988e-01
1.236154650837945290e+00
1.242319892152358607e+00
1.707623241714488538e+00
1.491750914802395744e+00
1.011116853154067519e+00
5.734961932962646669e-01
1.710295509175808082e+00
6.776221138751253870e-01
9.363860426252250679e-01
1.424112213682509731e+00
3.781439622916321630e-01
1.220940563827310088e+00
1.302699894184818019e+00
9.341094187720580533e-02
1.270894157936217628e+00
1.796357365124540806e+00
3.730077044767082239e-01
1.404670516401591129e+00
9.339970500854886115e-01
8.972392540247972059e-01
1.438186553718890259e+00
5.466397720241126246e-01
1.038791661303250180e+00
1.458137377885167174e+00
1.907088333383497036e-01
1.296650507571343702e+00
1.081041880689090906e+00
2.619380743509547305e-01
1.556338430108334059e+00
1.092828208185770089e+00
5.653017089488024949e-01
1.508222669783159553e+00
6.389227936885942816e-01
8.388304865262645738e-01
1.368933939514958453e+00
4.137025786971226804e-01
1.136833094892507612e+00
1.299179477116407355e+00
4.571661897801782004e-02
1.186989309625322120e+00
1.088861247889482575e+00
4.345498627103868694e-01
1.384574774244417883e+00
9.158024863812013194e-01
8.447493913263701693e-01
1.471316962759584568e+00
5.178789344050361843e-01
1.015638002585832700e+00
1.352005272163555594e+00
1.791922256970118199e-01
1.304763649800675829e+00
1.160469984157917578e+00
1.586038679007895635e-01
1.455097348942139934e+00
1.023589046946800529e+00
4.836408493674376197e-01
1.383357441478866967e+00
6.875609821684756096e-01
8.666678950520361191e-01
1.479621935556606704e+00
3.799480754661410109e-01
1.160685943631192707e+00
1.273824627941768872e+00
1.341444392901073798e-02
1.492493890882805152e+00
1.116397941809716299e+00
4.063887126992715704e-01
1.404604319586199690e+00
9.008042651445059557e-01
1.765568135079308432e+00
1.523440140056209646e+00
6.512926628935026274e-01
1.131793490759203769e+00
1.474116175551513974e+00
6.946641849083146081e-02
1.256099985920050344e+00
1.212579613359906050e+00
1.582085434601398499e-01
1.353809628400896248e+00
1.072785311431478927e+00
6.776291534846931031e-01
1.444848865623483247e+00
6.568421958081901435e-01
8.280854098067759184e-01
1.426216003642840624e+00
3.890872594741443535e-01
1.151902492928159827e+00
1.307378834758993635e+00
2.201895655185005102e-02
1.230724607967495388e+00
1.039618184212116159e+00
3.988983631667852303e-01
1.364766335485428694e+00
7.284618236339156505e-01
6.642940856891197399e-01
1.457211484015750624e+00
5.619641479612714763e-01
1.056825816265064777e+00
1.487747875373242046e+00
1.776319060883966017e-01
1.152831617932231101e+00
1.109314787452738704e+00
2.213120884444476077e-01
1.471116601598720708e+00
1.045091337757818151e+00
5.996080475782282759e-01
1.491995041901859498e+00
6.148276527801118663e-01
8.779254650747040367e-01
1.353588281562417617e+00
3.386370251499228323e-01
1.200570167493352436e+00
1.423733997404382556e+00
1.307982786657011787e-01
1.482729158314830764e+00
1.108026240754693248e+00
4.409517964287134606e-01
1.567649173608293145e+00
8.977559009257576328e-01
7.679593824486538045e-01
1.486931772547213981e+00
4.855751328521137888e-01
9.494661236869520460e-01
2.397830289679167670e+00
1.754780147004753876e-01
1.345680510855896017e+00
1.203929035849651497e+00
1.520181099266231239e-01
1.585726853136637526e+00
7.862858430463547377e-01
6.980665587774083081e-01
1.404920502813484795e+00
5.597964048677416260e-01
8.496344158098954047e-01
1.423385217454728791e+00
3.152061925907355122e-01
1.265886585314240476e+00
1.319677407493868415e+00
8.422204951983340224e-03
1.404429990835312614e+00
1.171294426813881184e+00
4.163979507736813579e-01
1.527838052071236019e+00
8.490366944210362421e-01
4.869685939131132568e-01
1.355363914469582154e+00
4.961893238411600460e-01
1.158033689987913784e+00
1.524407119528978782e+00
1.596370040902538590e-01
1.226443768626417130e+00
1.309881501781035462e+00
3.052024584573320709e-01
1.396936128395988241e+00
1.076081871219627395e+00
5.472488889374567123e-01
1.643368473625582249e+00
7.277906112000075423e-01
9.332121602851926045e-01
1.514743311486010713e+00
2.565854198394692531e-01
1.075087427995243150e+00
1.349811024644560042e+00
5.640225913302639171e-02
1.427664793861344927e+00
1.231644276397965365e+00
4.810342849087720363e-01
1.569175367739228388e+00
7.835432931150255742e-01
1.755156996482103438e+00
1.464703601353819273e+00
5.821035724804139999e-01
1.120870933045724049e+00
1.441937050949506638e+00
1.734665062942639446e+00
1.140881638104302764e+00
1.243742006750249152e+00
1.149326349033253925e-01
1.486972076723275249e+00
1.039006113764392669e+00
6.188233834062478733e-01
2.450961399098832594e+00
9.037982932546781978e-01
9.105272846557609379e-01
2.238706789660282581e+00
4.750329876140719776e-01
1.324422013002848342e+00
1.292683214914746692e+00
5.244390378113420598e-02
1.423946707191218408e+00
1.137989780765733316e+00
4.371016753597289917e-01
1.415198025146041205e+00
8.472314429440308547e-01
7.936912466408592159e-01
1.455646070823030325e+00
6.764132509977701657e-01
9.646937722103331447e-01
1.441015689583142301e+00
1.088270153152367664e-01
1.269604506833784674e+00
1.210681515163716693e+00
1.598404714856819786e-01
1.413793974985596336e+00
1.060795160618647426e+00
6.101328797448183350e-01
1.469921623843217118e+00
8.042880121007927041e-01
8.820124627533111328e-01
1.412668290252488967e+00
3.767719517148847563e-01
1.104142428840556134e+00
1.352567886456391033e+00
6.622600687324345370e-02
1.437860140725983893e+00
1.064447065433821615e+00
1.743318075577132142e-01
1.471330226838714506e+00
7.061291320264510007e-01
6.767663337598281981e-01
1.540972569658389579e+00
1.676815135352320851e+00
8.804002944399225150e-01
2.085497489016045591e+00
1.280790785576321755e-01
1.216497327614774804e+00
1.303561489487722325e+00
2.164075521128232538e-01
1.445129753115011351e+00
1.106638013197706938e+00
5.372806826689049409e-01
1.435620473813878029e+00
9.305148019313536079e-01
7.755492838127832078e-01
1.186316510432392279e+00
5.439154658017497646e-01
1.210448363515645998e+00
1.156185206472147176e+00
1.165105607868247989e-01
1.336390927924171468e+00
1.137722093886333719e+00
3.320616016819234462e-01
1.433507359185154817e+00
9.435069516738332496e-01
1.670620521715446394e+00
1.563430455567316635e+00
5.795054642893163743e-01
9.386094674148591777e-01
1.439405649750238991e+00
7.240541818050870437e-02
1.158815694563688714e+00
1.297862066162347672e+00
2.199326266642140093e-01
1.311540504077195246e+00
1.357801595831906516e+00
5.954344560838802369e-01
1.509535580551022216e+00
7.289413836995122242e-01
8.888877321409803800e-01
1.479779247218431237e+00
4.355761102752936376e-01
1.303612431435918317e+00
1.310484077994238827e+00
1.099728495170276821e-01
1.443297198275377724e+00
1.082641802106832474e+00
2.763848057104787426e-01
2.311467158695839963e+00
8.256315763991289858e-01
6.662093721541535452e-01
1.587570813752978260e+00
5.093483763400461495e-01
1.095287551700603990e+00
1.486553440010888849e+00
2.340964284208839619e-01
1.100870014184201606e+00
1.232087013579831414e+00
1.670050583185826443e-01
1.427585875892364076e+00
1.028802431829134001e+00
5.351717027636321289e-01
1.525180822674297554e+00
7.283429735330236854e-01
9.158429608928079224e-01
1.434917050925875515e+00
4.817440218385076744e-01
1.088484507066624030e+00
1.322491346969893122e+00
3.006720521753138836e-02
1.448968690781555102e+00
1.229697117520829996e+00
4.080033240577135012e-01
1.462914232087488386e+00
8.933384110832331970e-01
6.986589268839165090e-01
1.520796127452418656e+00
4.882262671804997733e-01
1.025693965469724800e+00
1.450259244485248233e+00
1.802640070823272045e-01
1.237059830623309820e+00
1.242245772932541570e+00
1.521048853257779276e-01
1.306658917521482444e+00
9.105437117931067803e-01
6.057225022750575283e-01
1.462445704246199130e+00
6.342395916022004476e-01
9.163911442930243734e-01
1.494498460449023014e+00
3.609765239844421880e-01
1.057974121396412004e+00
1.244127854832100422e+00
1.362403145082170253e-01
1.352238684142895719e+00
9.639414064927404047e-01
4.229487162721076166e-01
1.452174871600961481e+00
8.012990138701389098e-01
7.944383971831286972e-01
1.496826627582629410e+00
5.404754209099201789e-01
9.681045858941080828e-01
1.460695801498809621e+00
1.039066066557709916e-01
1.185922006220427649e+00
1.224083679990327189e+00
2.846278501382065729e-01
1.539672814404187351e+00
1.000179965159637918e+00
6.384192016709198114e-01
1.388563870866410976e+00
6.892575627410076899e-01
8.030158153975678337e-01
1.398214216215077021e+00
3.598514080695171535e-01
1.138585741128030238e+00
1.263439496992577737e+00
8.109378203085955417e-02
2.134997298439622160e+00
1.194230503140025768e+00
3.515681340580808500e-01
1.571844422926869544e+00
8.446298693728701013e-01
6.879102547094232412e-01
2.519301847674351169e+00
6.176494264546992241e-01
1.097383242674309090e+00
1.287145945115863999e+00
1.740956847712596955e-01
1.277224755820803415e+00
1.248584928478074341e+00
1.586278443323266840e-01
1.481789232375424703e+00
1.692884872361439585e+00
1.685331107835394304e+00
1.529215562667081141e+00
7.537380178917214568e-01
9.088970984192313862e-01
1.368954243397139781e+00
1.658344926037790046e+00
1.184396891907031568e+00
1.444668822909939143e+00
2.176937425695632533e-02
1.402993634639682519e+00
1.257154381553809097e+00
4.127495882551439621e-01
1.404595017179696814e+00
9.391452487299156715e-01
8.237516286492317930e-01
1.526863172750353437e+00
6.105292388500500600e-01
1.102432665496177355e+00
1.256234392268890554e+00
2.209396841973661485e-01
1.284829071605700257e+00
1.269095191342803020e+00
2.391418562369732048e-01
1.549867091280324516e+00
9.466268532377212219e-01
5.062234692955298598e-01
1.684714716942556922e+00
6.014886077397194608e-01
7.652480877372889179e-01
1.535123777856354899e+00
1.819402246322777694e-01
1.061161555265138112e+00
1.460545900388530383e+00
1.153470010279729757e-01
1.205496682618302229e+00
1.248014653344581060e+00
4.385009805440087671e-01
1.587492124690884632e+00
9.177625576821853981e-01
8.094508780238998114e-01
1.543362665775545484e+00
6.302428795804263517e-01
1.101895820853917796e+00
1.425834046824263401e+00
2.058212748127794534e-01
1.438241531717808774e+00
1.211846159552818269e+00
3.063205124833140447e-01
1.519808992201807429e+00
9.389496725163027913e-01
5.144160263716753834e-01
1.378328482017189049e+00
5.642835438159505834e-01
7.704471168646032098e-01
1.505449780877774035e+00
1.355927984424536714e-01
1.215796321228081567e+00
1.333492308962298090e+00
6.270833872206636739e-02
1.294002112701598151e+00
1.280353893192033077e+00
4.123323304628254693e-01
1.569615506339165689e+00
1.020597591540211235e+00
8.455683171293649769e-01
1.430722686846027436e+00
6.555048840455057757e-01
1.157384205917867614e+00
1.309272145790741693e+00
3.570716566625127264e-01
1.353463069550248532e+00
1.242896481801354813e+00
1.664387735718075634e+00
2.177748759108892873e+00
9.149376676327020119e-01
5.185316310689402908e-01
1.631712507977948645e+00
6.667980584144301837e-01
1.654680809317872647e+00
1.551674846535839869e+00
2.851783804492875052e-01
1.156512182035478897e+00
1.377209343571510924e+00
1.143248299456654238e-01
1.420673245918208094e+00
1.136633936536417089e+00
3.673712069232882849e-01
1.378418505985234965e+00
8.414948818102787609e-01
7.900126481100806508e-01
1.441312018915862581e+00
6.127680495689357132e-01
1.212170796356529801e+00
2.275761282860728318e+00
1.074252921036035757e-01
1.324771188696931778e+00
1.184691455544936156e+00
1.780280594601250099e-01
1.486024744489852889e+00
8.292216903781174375e-01
1.680117749469566268e+00
1.543559166898294199e+00
5.432580908384032625e-01
7.653469358396647326e-01
1.492552932265902577e+00
4.101416689406297555e-01
1.016992656160808695e+00
1.370330414159282029e+00
7.326261862942989866e-02
1.398461079231007265e+00
1.799447516469445230e+00
5.985909345163488160e-01
1.420353649588748546e+00
7.897644954367946113e-01
8.165121548148590591e-01
1.423381491784884600e+00
6.925773131243796454e-01
1.024459227388015758e+00
1.389064453641659425e+00
3.030902466471425138e-01
1.190767960422489224e+00
1.374747701225842667e+00
1.284195101826267615e-01
1.630345324876805391e+00
1.019178341954265266e+00
1.679000549106300921e+00
1.586879934441325357e+00
5.569439261474952163e-01
6.904328596265886242e-01
1.412721221204412458e+00
4.822441160711084529e-01
1.125149573023195293e+00
1.402433941377216886e+00
4.792778123600857643e-02
1.220764173615167314e+00
1.227086748061530841e+00
5.266515622688073828e-01
1.415810978734261427e+00
7.685830390250593114e-01
1.800803618249023685e+00
1.442408590622948461e+00
5.081756125518708256e-01
1.016909703514794039e+00
1.329202361172399094e+00
1.231524276952181696e-01
1.295795445736758866e+00
1.290569517945913569e+00
1.698568010815080520e-01
1.492498560069979385e+00
1.089747642500528135e+00
5.915385838939810625e-01
1.514851400664213532e+00
7.513323465727685946e-01
9.439946406821327907e-01
2.390718811781325392e+00
3.483988799080179888e-01
1.081561935089594861e+00
2.230397319219903363e+00
2.379884631311942125e-02
1.403914400862305234e+00
1.256401999913907552e+00
3.744534667066543032e-01
1.538628908408779195e+00
9.528261718278321357e-01
7.902135750365405498e-01
1.461515355187825493e+00
4.381022108932626780e-01
1.006840832290245125e+00
1.465191645049304325e+00
2.190007932970136351e-01
1.433481923510443012e+00
1.321198770739038908e+00
2.293734810285396053e-01
1.352678610418109884e+00
1.102414739206413641e+00
6.588492664878704552e-01
1.562382271062262795e+00
7.487498802685518262e-01
8.578042607968868749e-01
1.495909625860867731e+00
2.979208091487752785e-01
1.192735963569065305e+00
1.218923346651416439e+00
1.520860779051031175e-01
1.503352077145343024e+00
1.134841067542209592e+00
3.560237978424213856e-01
1.421155971889420222e+00
8.944989755284589172e-01
7.350143832459129500e-01
1.449986647597472977e+00
4.775637608497354525e-01
9.123110493080162087e-01
1.543276126278455340e+00
2.158904684330435753e-01
1.147871601040737044e+00
1.277176956819732201e+00
2.271270718880961381e-01
1.444893305453599064e+00
1.131290976207523391e+00
4.847263658271443454e-01
1.541693096820869746e+00
6.571928288266937201e-01
9.299541607248048569e-01
2.349951117988202220e+00
4.668395122446539758e-01
1.057931561020076794e+00
1.412467891035764200e+00
1.807601651144963850e-01
1.394762855248403488e+00
1.044228838485361743e+00
3.739671393877090910e-01
1.565868401249286279e+00
8.498666622939146098e-01
1.714002036847867672e+00
1.588597432930018982e+00
4.894856160458659344e-01
9.807025605911926514e-01
1.421789260732023052e+00
1.719986725884715961e-01
1.184485710646052015e+00
1.249218132535347081e+00
2.335350831025127250e-01
1.266830190155421754e+00
1.166697367656142292e+00
5.701367585603457355e-01
1.375089156726677864e+00
8.863412554911380692e-01
9.435661364824952102e-01
1.472327874691500504e+00
4.309235959573056718e-01
1.206466636261714687e+00
1.272951127015888417e+00
2.977007665242169601e-02
1.481966465958765244e+00
9.404017862221127899e-01
4.222944602296699879e-01
1.412537798054533056e+00
9.286145495610882428e-01
7.695764896340594463e-01
1.657583869602223592e+00
5.859499802168043336e-01
8.935848599653676283e-01
1.341253931011709311e+00
1.499578167262871353e-01
1.207894628626156042e+00
1.264738697358680719e+00
2.935437390096490642e-02
1.438878298579201243e+00
9.840710647232859820e-01
5.939466344044709301e-01
1.579391050497266580e+00
7.078491124194122852e-01
8.495658166241528697e-01
1.437398417968672071e+00
4.260881260763921818e-01
1.056614409976400770e+00
1.418678726181962002e+00
2.930652026025858461e-02
1.474333724810936053e+00
1.072799453761793309e+00
1.730033807259165668e+00
1.431933341821061800e+00
7.889906159914348294e-01
5.790472859563008390e-01
1.444617121275985516e+00
5.576644738511843391e-01
8.814417528126446966e-01
1.445910967656397039e+00
3.955188288869658508e-02
1.240638516000077685e+00
1.343000795827926863e+00
3.729189015646030558e-01
1.482749235693347378e+00
1.051997682519422161e+00
5.589437708544593431e-01
1.499352758695873478e+00
6.442229569840314252e-01
1.009644464739063885e+00
1.419970230446187420e+00
3.378685697798771703e-01
1.156088465657473474e+00
1.433008355909550113e+00
1.332682436327547321e-02
1.452649548103855937e+00
1.091406231312961550e+00
3.955725915476603349e-01
1.423776156183302000e+00
8.194657814479620050e-01
8.396510902210059246e-01
1.528131318299600361e+00
4.767240569752616564e-01
9.377988577049544139e-01
1.585052858526017294e+00
1.093945867577413439e-01
1.209198638316964391e+00
1.413951339606748903e+00
2.873467700977012651e-01
1.426756523651313557e+00
1.057608365582967558e+00
6.783734066301532195e-01
1.387164815768948012e+00
6.634518792376999929e-01
8.035706756115348348e-01
1.456867425351460632e+00
4.284486709821123118e-01
1.273779883391295442e+00
1.309097319414949112e+00
9.950857546959077093e-02
1.482923726094840688e+00
1.086147717414667868e+00
1.738122111819775606e+00
1.421752371614763089e+00
8.078267129710552386e-01
7.458490619804544197e-01
1.446237291347690190e+00
3.879567210559854984e-01
1.005804013290039212e+00
1.544426012013044858e+00
2.018216367176047521e-01
1.207609183112881679e+00
1.374224251136783703e+00
2.431574518880725566e-01
1.367765897058399238e+00
1.074592351312366079e+00
4.982241260136427430e-01
1.544599247829639976e+00
7.327554708332858491e-01
1.753590558451308734e+00
2.417831548083338333e+00
3.580640288352395784e-01
1.238957178324346264e+00
1.269739739949856228e+00
1.560100765043863080e-01
1.421265764648921959e+00
1.264329913204638167e+00
3.576232322624904314e-01
1.590540722798448048e+00
8.988362830772590462e-01
6.366056661751463563e-01
1.505054273308733759e+00
6.455911798706012172e-01
1.723655540381475282e+00
1.535818789471920187e+00
2.168899181803727316e-01
1.308529567796222537e+00
1.230384052548270768e+00
2.028243125558337190e-01
1.390675009087333214e+00
9.731854023220412042e-01
5.267526355483427292e-01
1.518326418176111359e+00
8.308301468111475296e-01
8.897029498276627368e-01
1.447739771501257877e+00
5.271585672099998732e-01
1.183838210479923436e+00
1.260289889489085269e+00
1.733353826451337509e+00
1.354628762459553881e+00
1.174491854913686906e+00
1.750237719405003833e+00
1.553630589973089560e+00
9.188214625349790943e-01
1.736732063188253461e+00
1.414365893527442797e+00
4.130214698733902234e-01
9.268123941848435132e-01
1.536948975075149715e+00
1.888879446540471241e-01
1.205909922329920558e+00
1.296535330287885923e+00
2.566405335955706524e-01
1.344339905168278948e+00
1.017698016789846394e+00
6.071054573517518094e-01
1.456973077296791708e+00
7.709147132449108986e-01
8.375391672521618203e-01
1.393188617586085032e+00
4.141745260542407658e-01
1.168482250653747334e+00
1.266349259973698516e+00
2.440333475382119033e-01
1.453203026628257177e+00
1.039234566458374864e+00
3.641767353631173987e-01
1.428788795769807551e+00
8.551209198494393871e-01
5.504054980841109890e-01
1.474814214253520772e+00
6.381921687827861733e-01
9.987925859900306236e-01
1.435234927882905964e+00
1.367259027950284145e-01
1.292155142303165860e+00
1.275362014559676238e+00
1.100957962324766864e-01
2.446129134549082540e+00
1.099827771754200434e+00
5.497200127631612920e-01
1.380467964209356246e+00
1.737261774957951310e+00
1.732658487628633281e+00
1.453961387260304550e+00
3.581231689989741729e-01
1.149469120430869573e+00
2.236281375294982610e+00
5.742626680121735300e-02
2.316973012386332353e+00
1.201952567543356443e+00
4.050457945102469703e-01
1.613180248808733008e+00
9.528862121131496110e-01
7.726927774535493620e-01
1.455673966915131734e+00
5.907054193015028876e-01
1.112258848444630743e+00
1.439397327171466845e+00
2.039050576614368504e-01
1.240583973516974359e+00
1.220529828445382492e+00
1.368980751665803963e-01
1.427787897777444748e+00
1.087976872387975691e+00
5.708764943624426991e-01
1.563616304597960749e+00
7.669588481590777773e-01
9.615041005861223455e-01
1.559895168747407190e+00
5.093483172000393688e-01
1.186140948925691552e+00
1.261483540207683385e+00
1.128190854851372910e-01
1.338370294008405237e+00
1.133780014431078786e+00
3.394350426084890571e-01
1.442900534731303974e+00
1.755767112684699649e+00
7.561849284218276068e-01
1.512899334545739549e+00
6.073818820962383347e-01
1.046559758120843009e+00
1.454488956068900496e+00
2.262049917642428021e-01
1.181533679552340788e+00
1.344963803246216338e+00
1.807021243170226221e-01
2.324348917317512697e+00
9.865194445830020031e-01
5.436723346990666172e-01
1.443874226642363867e+00
7.604560202211119169e-01
1.726735540513914646e+00
1.300968956736421323e+00
1.707543202457535658e+00
1.062314497335244523e+00
1.483565946695059035e+00
4.645993951721005127e-02
1.399373035893077377e+00
1.242307683338956803e+00
4.601712952971458437e-01
1.473260167553896549e+00
8.926087476494090067e-01
6.534825336227455539e-01
1.482246397909064317e+00
1.759680255197144882e+00
1.062460506303420260e+00
1.478710215244338544e+00
9.789389486033844845e-02
1.248433867606273839e+00
1.163061221116379773e+00
1.500893076442097462e-01
1.453817279729904266e+00
1.011544474180998465e+00
4.819476889307641732e-01
1.569671351697614181e+00
6.393898775011365165e-01
8.075855216522491720e-01
1.623013129178390912e+00
4.108882355308359768e-01
1.121600390888068288e+00
1.360401111546958086e+00
4.197631066321025339e-03
1.314076993207163202e+00
1.105078756428001796e+00
3.915185694701493468e-01
1.448045230778956860e+00
1.729028766001560191e+00
6.163323338809536533e-01
1.472366074508724365e+00
5.756516545771467319e-01
9.716721754977755143e-01
1.554352135215505637e+00
4.793035056403222721e-02
1.265887212157551733e+00
1.361902351149846480e+00
1.582315316164382701e-01
1.417926179881811688e+00
1.062277597644039062e+00
7.038775851216405588e-01
2.315340166048652115e+00
7.713193479967667132e-01
9.225623417601194198e-01
1.460503979384693229e+00
3.698666007322809479e-01
1.165758344115174427e+00
1.249415248904886866e+00
5.832766763710527103e-02
1.384969879695434392e+00
1.202613196413989005e+00
3.249308084599438762e-01
1.542307553995317715e+00
7.903530588723428618e-01
6.588512704750881799e-01
1.455801017484189552e+00
3.604927781144506294e-01
1.047951926856404814e+00
1.517961809477380353e+00
1.863841400746822363e-01
1.171726268459963638e+00
1.251422240133320818e+00
2.846776223020169305e-01
1.350920652163040359e+00
9.745604417163860056e-01
4.808914171311903241e-01
1.394489259129696457e+00
8.144884325167773831e-01
8.052356955239152736e-01
1.326286096001197956e+00
3.999884744673691261e-01
1.245246952996675427e+00
1.411399484114836511e+00
6.696565775755942973e-02
1.533212753247185756e+00
1.094919632463404957e+00
2.856891454727232271e-01
1.538033542603557846e+00
7.844875468440639654e-01
5.579783028620582952e-01
1.542564322125047127e+00
4.691428603953727849e-01
9.462462234320444532e-01
1.386981075897508742e+00
1.631873214380150094e-01
1.133966261522323382e+00
1.365881098799707649e+00
1.491120287192873040e-01
1.386909606096483172e+00
1.037984175928793995e+00
5.509020003714814040e-01
1.465144803986332178e+00
6.077211308271833756e-01
1.731930063673770004e+00
1.342060893928205267e+00
2.412944263902336850e-01
1.162340536624808962e+00
1.367515916269441245e+00
5.603216443082735532e-02
1.231288133217387060e+00
9.997739695087983769e-01
4.727512335889763606e-01
1.454282626925869071e+00
8.803861274243733881e-01
9.615556857805737101e-01
1.512053949606085634e+00
5.202081326251721816e-01
9.449000345103180099e-01
1.541664900364053015e+00
9.259529360515247887e-02
1.308821376282813809e+00
1.279088999337151256e+00
1.127876186077496901e-01
1.439297981704962481e+00
9.002552876133729232e-01
5.047064513140862019e-01
1.498348507836689825e+00
6.401995264078562675e-01
8.924530260954802730e-01
1.501350099643932845e+00
2.763102148468191133e-01
1.083325738735415156e+00
1.372007981314263603e+00
4.338678717776672106e-02
1.385637857918578186e+00
1.331076570100934831e+00
4.514365736379991612e-01
1.517262534508553751e+00
7.405681705074170784e-01
9.093971682329338169e-01
1.412180572293468606e+00
5.954039885306096069e-01
1.223656541166908474e+00
1.378186262690400232e+00
2.027347185845840283e-01
1.245736351361439453e+00
1.284108821257750721e+00
1.584765482777835965e-01
1.317279874852825827e+00
1.114181491041792871e+00
5.307113740628168763e-01
2.466291391071157246e+00
7.751793437209582027e-01
8.079672212875557147e-01
1.377683110204795502e+00
3.846828702963162039e-01
1.107617818896955653e+00
1.354398306761719573e+00
1.047064447504720136e-01
1.303336685915950754e+00
1.249243626935340190e+00
3.555957075502692022e-01
1.519370252807086707e+00
7.924909106722948238e-01
7.169495326938987168e-01
1.460255684087301331e+00
4.927234121390053345e-01
1.144694435258661436e+00
1.462408948951973597e+00
2.256198050434565505e-01
1.227721288623354612e+00
1.255014377265179171e+00
2.627690521655797196e-01
1.417392855336498503e+00
1.011553662648865481e+00
5.960802470205930348e-01
1.461535407099680217e+00
8.668448523944959350e-01
1.726251376090101930e+00
1.613112357671849129e+00
3.761162227946673875e-01
1.077575460028692644e+00
1.391630185822736454e+00
2.808148227440565234e-02
1.343512338848043441e+00
1.198502664788499539e+00
3.529744113396057204e-01
1.637411390674051503e+00
7.642758113777302631e-01
7.196114721199443620e-01
1.389787073484285207e+00
4.385641073242113608e-01
1.029684859653415829e+00
1.362235586541450605e+00
3.314611334914036589e-01
1.249977258763299570e+00
1.252658412773655083e+00
1.408549341987307413e-01
1.534345139816510883e+00
1.008672937766932565e+00
5.519325874139437982e-01
1.624402233222489444e+00
6.876250170050235422e-01
9.642142418310670759e-01
1.338004753987939166e+00
3.381512650256554009e-01
1.132809043256721937e+00
2.513791164848339310e+00
1.029417867879928727e-01
1.463677731978979546e+00
1.038660367777311855e+00
1.731215691336558171e+00
1.457139154703388728e+00
9.162807622778375016e-01
8.002018813413167564e-01
1.501746557211171895e+00
5.148343495087032151e-01
1.013533329287295448e+00
1.470998099346820798e+00
2.054300491420117669e-02
1.158653817919014894e+00
1.366947086956203039e+00
1.046077708286210495e-01
1.401353498657444518e+00
9.429713157032684201e-01
4.030644173586499512e-01
1.448003695264926893e+00
7.237927004635112960e-01
1.067090115587761012e+00
1.413424519914860733e+00
3.714093850131879315e-01
1.252678953046156174e+00
1.372675422004093759e+00
5.840319050426490133e-02
1.366875753122857029e+00
1.106123407150971794e+00
2.191499393922569372e-01
2.318428543750254534e+00
7.830770758499818740e-01
7.119476026912757716e-01
1.571263434752373733e+00
5.007277187238926563e-01
9.689987615069065585e-01
1.539077271455171481e+00
1.924287862310175290e-01
1.173073031446873804e+00
1.416583797066105932e+00
1.594308662085301420e-01
1.393366021042708569e+00
9.216780723199839986e-01
6.268129107630739938e-01
1.488611370900487119e+00
6.701200606624641010e-01
7.950103081272757999e-01
1.369813802887753562e+00
4.822393963733087596e-01
1.096063183189389445e+00
1.223188440938420607e+00
2.421491980015931522e-02
1.347247481120595003e+00
1.073777660705281578e+00
3.958100572580886545e-01
1.597501403136630138e+00
7.859421241310041717e-01
8.335947411397612861e-01
1.382638125170399634e+00
4.574204395255940803e-01
1.107929576434414809e+00
1.408557508816740800e+00
2.494048084043200553e-01
1.335935997474156034e+00
1.358110463266388068e+00
2.515432308349664359e-01
1.341995199954987061e+00
1.056958928872726799e+00
6.651401063044657391e-01
1.516358421272697932e+00
6.587893481471147616e-01
9.990458473483015966e-01
1.401349074776398140e+00
4.714430527879903132e-01
1.232581405929851881e+00
1.468381998592817261e+00
3.727634971692707355e-02
1.349818107324276095e+00
1.205654090001701872e+00
4.130739304561031888e-01
1.490595640033332225e+00
9.470232969491040320e-01
6.325413102698923540e-01
1.524875014689657693e+00
5.482445947319894985e-01
1.033292407463512808e+00
1.458269664358726070e+00
3.146621929728146694e-01
1.276874525379036340e+00
1.174975091291623253e+00
1.368959787622404112e-01
1.284125641387328987e+00
9.849855837746013254e-01
6.586985873800764724e-01
1.513708727342347293e+00
6.843772531729634956e-01
8.120141259629427566e-01
1.480939736734429468e+00
3.996641247657567453e-01
1.241881684153409937e+00
1.335813659288462185e+00
8.439495979969957595e-05
1.336617231278521611e+00
1.918321759121974335e+00
4.569630238128266631e-01
1.405151838610821491e+00
8.992852691567821966e-01
5.874181829242525188e-01
1.572308093981993338e+00
5.764074407222818941e-01
1.007372232335817408e+00
1.434438931126352568e+00
2.091425293764477555e-01
1.410616780289370098e+00
1.268324008028946182e+00
2.323151192921311392e-01
1.389134910300880987e+00
1.089527673468144053e+00
4.907218278572779147e-01
1.491924969496012832e+00
7.465142124728720852e-01
8.974122302714888644e-01
1.512855800843717624e+00
4.907921550852327175e-01
1.233427517710195209e+00
1.324073885069048107e+00
2.019326949347437922e-02
1.486680482282784821e+00
1.253052470605704238e+00
2.949471322241403182e-01
1.404810283540034899e+00
7.605498518698572408e-01
5.421953187070056579e-01
1.595295328891744857e+00
4.891687254306488208e-01
1.045858571429228334e+00
2.389499750154256308e+00
1.359636394856455766e-01
1.334483107414202063e+00
1.231639464500634773e+00
2.879434383926550711e-01
1.626878883070754345e+00
8.750529234084939434e-01
5.524908508045960343e-01
1.449652361181331006e+00
1.699579799599954866e+00
8.459080634451779934e-01
1.638229974213013751e+00
3.132403741565005784e-01
1.984362887622901361e+00
1.466928497311877022e+00
8.702238694865416235e-03
1.460614083409843778e+00
1.191039147331756087e+00
3.146429551481443876e-01
1.526598738838492286e+00
9.000920252261912502e-01
7.637840581325834322e-01
1.362133767218541847e+00
6.234247589542842860e-01
1.005239508103257684e+00
2.382830739441890167e+00
3.936632014687925230e-01
1.280699610587534787e+00
1.203046265013823612e+00
1.345344314948203335e-01
1.503115098439395059e+00
9.795113090372674636e-01
6.441303027040689022e-01
1.511805708514152746e+00
6.541472316257291864e-01
8.134451587608465539e-01
1.528703775591870873e+00
3.404123493406639445e-01
1.171803503801130519e+00
1.289858987854034078e+00
1.124608588877970550e-01
1.195895290212146911e+00
1.194550083263617113e+00
4.805962844467928652e-01
2.302339148522345447e+00
8.825701776450495251e-01
8.580239403969036616e-01
1.508483339021691627e+00
6.354189025173548888e-01
1.118651266256301735e+00
1.440300739553207920e+00
2.357086796370275461e-01
1.369831202759421274e+00
1.150464647913446603e+00
2.085965803421788445e-01
1.584607349591076186e+00
1.050246996833597457e+00
6.099674041766277588e-01
1.574223162702089063e+00
6.628174175484400354e-01
8.600856693229308458e-01
1.460182438640849067e+00
1.273712682763927240e-01
1.118550015250265428e+00
1.492128605441230604e+00
7.618252849050526077e-02
1.312456882930105095e+00
1.264960385235200935e+00
4.048827288537180102e-01
1.387457214377721293e+00
9.577158861017642799e-01
7.413947133251865829e-01
1.567577108999404389e+00
7.200279102494954175e-01
1.077619608489307490e+00
2.081868469573511682e+00
3.138807930529271539e-01
1.235690621960438218e+00
1.890073109403411333e+00
7.924817669348120652e-02
1.434222617061540195e+00
1.004217346833431224e+00
3.840625230334611673e-01
1.606816379938582839e+00
6.664115243081790707e-01
9.117747999686356408e-01
1.569471076361339312e+00
2.797131350436503627e-01
1.110499860408507677e+00
1.566983790921649078e+00
4.156523124927899437e-02
1.367141498879583805e+00
1.164098983900071937e+00
5.013741378818316052e-01
1.396426308516459436e+00
8.162425269606149447e-01
8.025721900262834385e-01
1.545014826370932015e+00
5.907822490554528461e-01
1.092569791884817176e+00
1.406040756673656578e+00
2.277604018568655242e-01
1.286264063678221214e+00
1.159103733376331880e+00
4.578283947356001637e-03
1.421920330292085977e+00
9.943956247484374567e-01
5.196391718792046088e-01
1.621295967422051953e+00
6.631540849915901203e-01
8.243318032312181298e-01
1.443358360910611093e+00
3.434387630390003388e-01
1.096433118412263319e+00
2.424654615147999071e+00
6.001693659032060479e-02
1.360695794842078366e+00
1.764941836941979370e+00
3.666514502258351738e-01
1.399815776743958962e+00
8.926894301539729515e-01
8.022868876613439282e-01
1.463069232015395515e+00
4.640707276163930639e-01
9.961623150751062195e-01
1.367524212530476735e+00
2.367253949426586235e-01
1.294506673698131882e+00
1.245095002320240729e+00
3.001649744083326188e-01
1.512718376383713981e+00
9.919218102638831525e-01
1.722735668721265601e+00
1.617108333602953030e+00
6.835586038867471625e-01
7.977754943556664147e-01
1.418464298112411148e+00
4.635758540019195850e-01
2.006089639766664767e+00
1.385275180266696493e+00
8.459422686866958918e-02
2.242201313064381196e+00
1.080458003962826208e+00
6.128893568908190259e-01
1.394191366865684900e+00
9.189623124266087517e-01
7.416183775301617986e-01
1.472255389446692098e+00
5.023900848548534803e-01
9.280137250542618288e-01
1.320084275791464368e+00
6.191310982149449138e-02
1.338926118155486344e+00
1.352459706371765380e+00
2.991935871698698235e-01
1.426128569738249308e+00
9.790997826524684422e-01
6.568190928446262511e-01
1.507074725263697124e+00
6.028782548915431194e-01
8.820544835008274909e-01
1.485859840512339991e+00
3.250362325698759047e-01
1.193487705900512674e+00
1.422494266300925014e+00
5.714829912390390065e-03
1.427708672044566196e+00
1.156452069113858894e+00
3.769257930511811794e-01
1.413620470377540350e+00
9.773136209685883147e-01
8.432483865846639448e-01
1.518207833018110797e+00
1.761636252376163503e+00
9.971233847860965227e-01
1.450088011121059672e+00
3.942900314516070703e-01
1.244861411934132134e+00
1.304873784002606563e+00
2.316419413016029827e-01
1.506792104564196100e+00
1.027124037641881982e+00
5.146649677299961478e-01
1.462239329193582460e+00
5.812047480820540235e-01
8.563788481259186902e-01
1.465679661859555116e+00
3.638876862792451705e-01
1.326284144011841137e+00
2.354669794735424926e+00
8.859530856816968947e-03
1.554956107701184198e+00
1.241739095690553185e+00
3.189708965088233761e-01
1.401859547356411051e+00
7.742985595532176912e-01
6.841360128272696572e-01
1.416547368443640043e+00
6.692456726430922043e-01
1.125763714212589583e+00
1.425835115702948963e+00
5.615375160978316321e-02
1.313063823871106983e+00
1.303624700391247559e+00
3.032222643015192731e-01
1.487142252038807566e+00
9.094688083954008961e-01
5.192997705988917634e-01
1.518241936849161533e+00
7.109771889525658972e-01
9.316419680743756038e-01
1.489780201522065362e+00
4.059495048380498683e-01
1.142119586201320702e+00
1.385468176756343928e+00
