# {'model_name': 'RandomForestModel', 'window': 665, 'n_steps': 1, 'lags': 19, 'model_params': {'n_estimators': 317, 'max_features': 'auto', 'max_depth': 1989}}
1.937983963015699196e-03
2.221741886921119180e-03
3.593898345995411026e-03
1.920356453405186459e-03
2.018612736031072386e-03
2.363258590833611228e-03
1.214353209038260273e-03
4.324988235810678372e-04
8.480147608447147212e-03
6.125729166746890497e-03
2.652985252416473205e-03
2.973618520547172128e-03
5.465881305538045076e-04
4.993720056506750771e-03
1.132255190930520072e-03
6.014417962696971820e-04
1.224137913165418423e-03
5.420407098174484517e-03
6.087660107890885408e-03
1.086097339914424142e-03
1.087869778980593560e-03
3.096473517854136936e-03
1.621007073188809877e-03
2.852138872214290966e-03
2.364116042194303047e-03
2.109462083890234485e-03
1.180334704155419634e-03
2.812136563968975489e-04
3.392659198222472416e-03
1.432729491300008262e-03
2.820683531580658876e-03
8.486013518710991410e-03
1.258566470270283677e-03
1.531511709705134228e-03
4.698591759246230348e-03
5.074663775200341509e-04
5.355743697201043041e-03
6.298221400953617211e-03
1.223106430814094314e-03
1.032113632898225275e-02
8.672708851117788553e-04
1.797006486060112596e-03
5.606569091228280621e-03
2.791051808685912627e-03
1.595943419950240222e-03
4.505426913781872961e-03
6.613462502342480620e-03
6.146125286841053192e-03
7.810239765311262350e-03
7.104504888742063651e-04
5.839062813516676664e-03
2.813920261167945913e-03
3.415498729759963714e-03
6.213890030180996282e-03
4.012814079549509305e-04
8.515400653381632878e-04
5.972537144501521844e-03
1.909051219747825989e-04
3.825221151959656840e-03
1.115531951471071537e-03
2.995456054759704223e-03
3.327626817233919621e-03
6.866426874034825545e-04
4.283537624010236300e-04
1.117465868357225833e-02
1.432730196402220990e-03
1.040538195931950405e-02
9.421555777829881961e-04
1.281270469400963563e-04
4.132614714866145178e-03
3.180910548201132393e-03
7.826309098806327746e-03
8.382156820327280045e-03
1.006461111152956445e-02
6.996377033390066558e-03
1.158787813096417985e-03
5.187424763520076532e-03
5.707887444961201595e-05
1.564430137538042054e-03
7.751963868125599788e-04
1.270620604794880926e-03
3.230859992631951449e-03
8.961488771890291360e-04
6.373604577422531392e-03
1.101356951596188516e-03
2.744754406179938933e-03
7.500080092096128581e-03
2.949677807295714160e-05
9.774906026076557453e-04
9.469835540097615301e-03
6.216131174225925093e-03
6.384201794392696527e-03
6.495643113313742667e-03
7.672021817709762104e-03
2.506187661589165394e-03
4.205422070500230980e-03
4.667391160309120046e-03
9.381269054834495691e-04
5.769517707523874606e-03
2.235543276609353036e-03
8.279787065102905963e-03
3.726732279600075692e-03
7.810269808543601755e-03
5.790965414197435379e-04
3.464889451156305533e-03
8.719130081333181792e-03
3.483028629976847590e-03
4.531246254496745784e-03
6.150163122532137372e-03
7.761810856286688320e-03
1.593643934568733656e-03
4.436023415827272665e-03
8.676393551029226714e-03
8.828425633042868981e-04
5.756080150604248047e-03
7.113449769065249839e-03
1.698722974735611402e-04
1.562403955670199629e-03
1.594450571559269392e-04
1.659374507819721956e-04
3.145474740759435228e-03
2.443951199107563532e-04
8.638164598482878098e-04
1.028185706785422759e-02
5.264558438623001546e-03
7.353277330518881438e-03
1.150160792874238558e-02
4.193447929827565090e-03
1.079363147919110144e-02
2.043731205094878600e-03
7.493382184663444079e-04
5.908792703309684313e-04
6.577762707550838250e-03
7.407498848551186121e-04
4.086310179075569593e-04
7.260263154183266288e-03
2.875722357151277997e-03
8.381227589556117241e-03
8.061097247367421392e-03
2.527603967708735855e-03
6.021933600729556524e-03
2.295821999149738613e-03
1.380344576640102350e-03
9.067032239412631256e-05
7.562561836152448258e-03
8.618107729529977945e-04
7.749129545049360246e-03
1.597239674077821636e-03
2.127307728638005990e-03
1.717118434725495302e-03
2.304431955897079387e-03
2.567513037931290487e-03
1.392850552447588708e-03
3.871716065361685555e-03
1.893360155990064797e-03
5.607999837736743487e-04
4.545347077613393072e-03
2.384653320823937328e-03
4.015234272562728801e-03
4.311017809606187967e-04
1.619250428413487874e-04
3.695249181440707353e-04
6.135893921010993068e-06
1.969994712703260209e-03
1.420180222213462962e-03
3.794704701998274921e-03
2.726284393376743331e-03
1.236643888972932537e-03
1.218954471383537630e-03
1.378810274112129974e-03
2.620232829160129562e-03
2.212069435074515145e-03
2.567707129081331363e-03
2.058025696300147533e-04
7.404528816791738910e-03
3.991315793539812473e-03
5.249964513989263670e-03
1.235425002191342658e-03
2.412632389775598574e-03
7.500049631678357143e-03
3.119441566031055935e-03
8.921273499257198480e-05
6.061119706096712578e-03
1.985080516676840379e-04
2.849691015688882167e-04
3.329383226975290988e-03
1.868172069829338033e-03
1.072543699658617955e-03
6.608633494903620731e-03
8.138025549684041460e-03
8.740934804787020562e-03
5.385389839437093595e-03
7.231660210747836715e-03
6.583900481744509037e-03
3.735085955177575023e-03
2.352752614096509376e-03
4.589731102862260048e-04
3.077911230667917941e-03
5.207868146031441325e-03
2.121602111622364339e-03
5.341676319435190168e-03
4.198430605491257350e-03
4.218954463674443045e-03
3.801930049428428604e-03
1.900102531872394085e-05
1.712840367754930870e-03
4.825902756080274747e-04
6.023117044370585038e-04
3.043398825152004994e-04
2.688506518252642419e-03
4.967808582429233955e-04
4.833806776191912347e-03
3.581938859698152733e-03
2.882075410818071837e-03
2.923013636554450123e-03
2.962527273675241712e-03
3.021769343114488748e-04
1.896625355309114469e-03
7.048422135765244900e-03
3.703473741041747591e-03
4.487108204172987613e-03
2.524459622917869794e-03
1.481719409065669624e-03
1.642489610739310962e-02
3.453603490293971623e-03
1.246636715785190419e-03
8.635309357372361605e-03
4.222524607971261945e-03
2.869909729115216468e-03
5.924430837390554094e-03
1.105171968508217306e-02
4.175477975550512255e-03
2.286732290821491542e-03
7.357055174439464107e-03
3.350749188793189504e-03
5.981369161455418748e-03
7.395914676437631563e-03
3.486666769635382579e-04
1.352312474596761849e-02
1.393984338086484698e-02
4.950562298109861814e-03
1.105865243857595548e-02
2.156786362079388120e-03
1.457836349679886290e-03
3.809876434434422698e-03
3.369420860844130061e-03
1.454704943515405802e-04
2.613218424824093056e-03
8.059978861162386821e-04
1.188050008346608344e-02
3.698884124635481996e-03
7.297199231216522364e-04
2.957146814568933912e-03
5.333449938319523298e-04
4.240042403669375126e-03
8.503668691833721205e-03
4.234379210306671304e-03
9.214872629484505140e-03
1.673995508380543562e-03
1.283478285612038583e-03
9.638871304244234217e-03
8.424643462388692328e-03
9.416375626524864373e-03
4.713725404408397601e-03
6.008199524804247460e-03
9.174085377894769522e-03
2.289391842550392298e-04
1.108528706553602028e-02
4.455104423246147860e-03
3.041464823653639016e-03
5.067918954963612777e-03
4.638505094811007368e-03
8.782011101298170530e-04
2.802630328229582801e-03
2.894437275474337490e-03
9.594723065192711786e-03
3.757904380653931398e-03
4.299049121724296540e-03
3.449291084843153499e-03
5.982396730489170089e-03
2.539363005183870037e-03
1.048120809278274557e-02
3.110001139836615636e-04
1.141276833386828393e-03
4.000249721274440340e-03
6.433608592120609870e-03
7.056293803434643408e-03
5.907819286129822878e-03
1.527155799444512851e-03
5.141170995092592122e-03
3.269298971639411633e-03
8.512964760091223937e-04
3.890593533260267023e-03
3.620812193452338512e-03
9.023877724488094110e-03
7.057534031311374356e-03
1.307509298956399668e-03
3.230589045335019449e-03
1.015759887003420125e-03
1.192289092563303399e-02
5.861181283974892242e-03
4.887069437405910932e-04
1.815964276858317294e-03
8.306358514897915768e-05
1.573910077663626117e-02
4.582980641807288258e-03
8.052015060129980029e-03
1.030479564275654791e-02
6.674707876018870500e-03
8.227819994044982543e-03
1.283080607934694584e-03
4.173970842963115047e-03
4.387959602879409893e-03
7.051369557245501518e-04
1.746982054003365370e-04
1.487521531077951042e-03
5.520015390889476681e-03
8.060420913275134769e-03
9.432209402981950319e-05
6.203610062223141597e-04
3.792689049657571587e-03
1.882060751177916380e-03
1.628395416759187420e-03
1.913663716722358021e-03
7.881849628141646136e-03
6.021699976845873437e-03
5.122135396259441809e-03
1.963736036974528254e-03
8.935866295727290520e-04
6.844083217416252474e-03
5.103821258063578892e-03
2.730198369041203499e-03
3.553860571106126631e-03
3.579647195075974508e-03
3.920476237306069756e-03
1.559751078909488164e-03
7.896903091424656296e-03
2.594220807499714176e-03
7.223141870287830280e-04
4.551225186146423685e-03
1.004887012653171707e-02
2.001212410370267758e-03
2.378992289774783941e-03
3.867388617729172751e-03
1.210728278295269966e-04
7.388238745156872067e-03
1.674005849880422225e-04
1.130447214710006421e-04
1.996946447655467693e-04
1.437702577573030105e-04
1.081415625400705682e-03
1.874944201027184398e-03
9.875259000796110520e-04
3.034943097773412646e-03
1.209218748360385565e-03
3.129243380639579186e-04
1.034998320254609805e-03
5.586707864650042321e-03
5.269367142054559583e-03
4.560109709715626236e-03
6.577095868835702852e-03
6.067834488977019713e-03
1.986107145574178556e-03
5.917074035394820353e-03
1.689082111469952796e-03
4.761468865893986324e-03
3.193913762125688560e-03
9.185067768728572002e-04
1.209435355776111720e-03
1.260795944872716845e-03
2.698019711001059528e-03
1.900896853076927684e-03
2.568252173131946314e-03
4.701622935123633829e-03
1.090311994687981345e-03
9.420556412886860187e-05
6.061016949193337444e-03
9.412219283708722628e-04
3.935633397628840457e-03
1.135853327787261779e-03
2.600163033331992501e-03
2.854934579190393507e-03
1.761624607189968272e-03
8.484803680741809240e-04
5.542010303927522030e-03
1.694551495723548018e-03
2.149850106577769204e-03
4.394557855858793882e-04
1.877424210215972167e-03
3.348636702408175347e-03
9.236910530257297358e-03
2.173626507494391680e-04
3.822901553536067754e-03
2.782666015700208106e-03
1.055004574617005031e-03
4.244968835675752561e-03
8.741033260566549723e-04
4.741881912345008443e-03
2.666089084434192236e-04
1.609836491735575775e-02
3.270375051709004111e-03
1.241183967244362252e-02
7.005358343996834214e-03
8.326325342294174647e-03
2.821605899356510738e-03
4.575704268476588066e-04
1.916333186889662699e-03
1.423735253818392277e-03
8.275136962674012331e-03
7.586089218452551908e-03
9.693246252529263973e-03
7.556560287716285185e-03
3.551098450501277703e-03
1.337470306959065436e-02
8.784733736176608687e-03
8.576247218279431372e-03
6.621891955847947209e-03
4.093593227374459076e-03
2.083671788687957438e-02
4.141064096324420518e-03
5.938393272435948944e-03
8.710377035832883585e-03
8.032259692905108217e-03
5.326744697823460051e-03
2.980687452791563885e-03
1.418120477477691210e-04
1.894538710922044622e-03
6.561683555507125121e-04
3.027928740444219002e-03
5.559041673076636769e-03
1.671163817685838993e-04
7.544062303067811115e-03
1.260043939205379715e-02
1.200613558104357548e-02
3.900766372680664062e-03
4.787014109855158850e-03
9.812250122286370058e-04
1.700677160961017176e-02
8.623856099246096640e-03
4.334227331805329264e-03
7.519867517970735271e-03
4.522478730896617449e-03
1.097215011668883911e-02
3.687753098244206384e-03
7.706905201030456176e-03
7.122269564246552775e-03
9.822460379134256847e-03
8.233877574607806338e-03
9.001395867826111896e-03
1.861976599467662918e-02
1.861857465389027411e-02
2.116316632141446163e-02
1.443062670975447936e-02
1.610543675227116278e-02
1.072151277343558196e-02
1.280927507659290754e-03
1.044585388917651514e-02
5.064975200015364720e-04
3.549953364423430457e-03
1.097522605480827362e-02
7.006787915335044303e-03
3.638600325358565257e-04
1.744839276425091956e-02
6.199322852426525365e-03
1.232981117741949184e-03
8.512031204692904751e-03
1.022088226835804470e-03
3.567169705399941826e-03
1.836823364161577210e-03
2.878427505493164062e-03
8.616925037997491543e-04
6.208584323666443971e-03
3.166285223012987871e-04
3.132718594668348899e-04
1.228557024092191696e-04
8.039011940219609187e-05
8.365529474775867946e-03
4.251523912893073742e-03
2.102355381667808665e-03
1.004655757913075487e-02
4.729926492137437322e-03
7.391835988884043473e-03
3.880422668126048968e-03
3.427127652363859411e-03
1.311557902146542887e-03
1.228076050334148128e-03
1.832953010823867857e-03
5.221630120499920480e-05
6.070458644572118700e-03
7.229208476159820762e-03
7.870965763597470577e-03
4.971167454583813594e-04
2.814585196106944576e-03
2.569546364835362251e-03
1.310338733324090121e-03
2.030881327409472803e-03
3.613870508663297176e-03
9.601603171050521190e-04
6.832317504973040023e-03
1.894861271704795236e-03
1.896770782651213683e-03
4.588894757562633764e-03
7.383280748072484911e-03
1.776889107580836846e-03
4.720065307918019926e-03
3.802043500382823460e-03
4.267858688011549884e-03
1.377715297302128938e-04
3.683425932652584223e-03
1.846738418194049380e-03
3.775869728262881697e-03
1.293384784403661669e-03
4.036681885222881405e-03
1.214649022941716172e-03
4.520874576237676745e-03
3.659120493506806682e-03
2.476694268007006983e-03
4.382963624286362325e-03
1.908041513304592485e-03
9.898656926320581473e-03
1.711998076092957621e-03
6.065688298703686421e-04
2.319591278533428280e-03
1.533445405659250582e-03
7.114707577491774515e-03
8.440900488230762555e-04
4.805073377085800068e-03
1.093076418626937052e-03
2.155677753292062349e-03
2.695812787919527054e-04
4.256711115220357389e-03
1.012356358371713227e-03
5.477607391234068368e-03
2.851807873707840058e-03
6.998246447521061508e-03
3.389770441250855582e-03
1.777888472523969643e-03
5.007458033997935765e-03
7.240261659261171268e-03
6.815460202069800744e-04
5.456748303930836208e-03
2.379054009726377927e-03
1.938987323538365892e-03
1.133695338802753749e-03
2.243761760579304765e-03
3.911259422542917585e-03
1.119961544918335328e-03
5.505432371837593042e-04
7.468794986652649293e-03
5.773470040751543797e-03
1.928892985503388724e-03
1.760715048771926972e-03
4.441620564611170607e-03
2.890202102224903591e-03
4.487398624044097728e-03
2.391945206404483271e-03
4.272851470141003638e-03
2.054586395480284544e-03
6.036164139159472253e-03
5.117227719973319044e-03
5.353710111759418799e-04
2.290389162696873648e-03
1.762974243434134447e-05
1.344162512464858183e-03
4.166738350496676513e-03
1.103954642353022209e-04
3.344842735149136659e-03
1.404551348475627237e-03
3.975405866039283254e-03
9.695501639639392266e-05
2.162618803489099739e-03
6.180039198616649188e-04
1.666455297534022439e-03
1.976470066357857713e-03
5.946861844427581145e-03
7.104926504641298490e-03
4.539810567624202875e-04
2.318123737438240739e-03
1.642538028936657568e-03
3.009774237401098562e-03
2.182770332421417325e-03
9.520230985214275798e-03
2.327479116548125671e-04
9.894450709270752320e-04
3.695115823098921171e-03
1.389970068675860926e-03
1.983471567322397933e-03
7.301561463894545856e-03
4.033124221236195073e-03
1.724680327466587837e-03
3.836482105194938264e-03
4.477070239064073753e-03
6.947245695613557537e-03
1.859584723361284997e-03
1.532759482176127008e-03
6.934843228818543537e-03
1.038311276150050144e-02
3.572080037571256916e-03
6.569512634999385980e-03
4.113434805102955671e-03
3.970491209240756270e-03
4.007200337358796105e-03
7.873675800648127776e-04
2.607223739383712768e-04
2.603099737257585922e-03
2.025351163340682881e-03
2.361344802266795995e-03
3.875163451354191047e-03
5.624589483820274793e-04
6.266713142395019531e-03
6.116157450510528726e-03
7.136114764288770118e-03
1.897783685557818956e-03
5.652361111686099449e-03
9.254845158911395586e-04
2.585671113492615802e-03
9.858301761398458041e-04
3.446173592696832877e-03
3.170858986370150845e-03
3.031956848661976345e-03
1.800737922500017518e-03
4.037836748718826030e-03
4.321307978043420484e-03
4.874425543595517496e-03
8.074270813999140373e-04
5.897359893148990118e-03
3.071275231213976831e-03
4.654094999896996043e-03
3.858463245235421724e-03
6.705917394500549022e-05
2.573441255731889754e-03
2.870802247562087572e-04
5.931831496747141941e-03
4.113036375316125870e-04
3.920476331319755481e-03
6.069743670875760166e-03
3.230610856498450367e-03
2.610972251049781256e-03
6.722230264441075853e-03
1.047314943199273429e-02
3.732286981227628253e-03
5.835885317167610609e-03
1.089245739043342986e-03
3.862719430531846854e-04
1.044751153759349016e-03
6.779970242774102651e-03
6.041269009045668881e-03
4.625339425324614950e-03
3.039774646518389467e-03
1.293992770583063390e-03
1.638464183085330816e-03
6.078465691876311361e-03
1.182867027231571111e-02
1.669334312342696247e-02
6.640524330199348846e-03
6.111499921004459601e-03
8.720986756616588842e-03
3.649579143674586135e-03
1.308648321154742833e-02
1.016099031791328766e-02
3.609310941365240222e-03
1.513298941711538337e-03
1.035483242585455432e-02
3.353693977891480937e-03
3.659094357716163870e-03
1.940573427579361798e-03
1.661352930760917612e-03
1.011539614915069052e-03
3.004228279041565308e-04
3.517058933570960111e-03
3.349353180322756085e-03
4.546046727087194039e-03
3.429309050743512000e-03
7.623479193317184155e-04
8.493860155249999266e-03
1.193385959047610356e-03
9.162407192145893831e-04
1.981191642653201690e-04
9.745826668543511317e-04
1.214495498675249863e-03
2.181573903146993842e-03
5.144548340924037788e-05
2.476366818515263191e-03
1.550253163376813514e-03
5.295444362171053410e-03
2.722156818732834882e-03
1.494062247712535374e-03
1.251465984699495770e-03
4.247076879916489300e-03
2.648231734988792940e-03
3.895527650881247528e-03
2.821297769666830657e-03
6.432977008519191742e-05
8.946465392969948915e-04
4.035701417020420845e-03
3.077080385165964493e-04
7.270167490661116894e-04
3.538650810154475579e-03
2.165239786123984711e-03
1.489742227157198062e-03
2.059596993193635317e-03
2.222916164232729974e-03
2.273279127638416774e-03
2.057521783215027211e-03
1.383272302263538478e-03
1.659948414056450217e-03
1.613253768686373490e-04
2.137287652078934119e-04
4.645833128634313525e-03
1.301097569029407985e-03
7.148160825392324558e-04
3.561668309503551733e-03
7.102182375895854660e-03
1.676774927494267819e-03
2.311134893059341167e-03
1.515835899659756514e-04
3.358766107529109757e-03
2.520604793581682213e-03
2.418862955427314443e-03
8.225235559210786196e-04
2.121778175657867971e-03
2.350613568859516445e-03
1.921679742328763485e-03
1.514828261516831809e-03
4.704279713450165712e-03
3.255939446037137142e-04
4.139284324194733578e-03
1.841082205343694267e-03
1.942363893760110094e-03
8.162167052553279123e-03
1.095710586674208953e-03
4.263810507882659362e-03
4.854712811554265373e-03
1.797235327000115679e-03
3.157500518421271773e-03
6.200521220732183036e-03
2.998073300352607773e-03
3.429510075399169744e-03
1.911272949976880464e-03
1.362222320273887011e-05
5.607314078777750344e-03
4.183260835589668047e-03
1.096229373891646763e-02
2.891238026720491239e-03
2.818951107068021211e-03
4.587474188029953825e-03
5.826681511541267899e-03
9.073576281781452202e-03
6.502612438111649018e-03
9.993197284756394350e-04
4.255828139157702417e-03
5.932544049592425317e-03
5.726718975448456816e-03
6.041653668772347524e-03
4.164144948744789160e-03
4.154187124016869848e-04
8.991473501295508403e-03
9.273917957764318820e-03
6.435965513957406237e-03
5.302368301886489776e-03
3.796716993351462177e-03
2.202148646210266847e-03
1.317167883791769967e-03
3.674241975654940484e-03
1.437430502112369002e-03
3.633308015787262146e-03
2.728044610670332659e-03
5.002826828309769880e-03
3.414622710706305408e-03
4.651078948463172047e-03
8.307463081101140734e-03
3.624932058978180827e-03
8.653501606890046105e-03
4.586331099741824957e-04
5.709336759164185260e-03
5.385430077272990168e-03
2.467478111339294067e-03
2.470213156017253553e-03
2.556076373211646491e-03
5.620465669722185531e-03
3.318086219510796298e-03
2.010491180119089449e-03
4.950210687113876240e-03
6.014599409013277054e-04
1.233623418898210922e-03
3.302157865337718157e-03
5.999843968954032825e-03
7.476585896609377890e-03
4.269727020985714105e-03
1.496393973895004947e-03
3.706445641322053675e-03
2.157844015476473309e-03
1.012072014131781827e-03
1.174370573146066299e-03
2.522836912317583113e-03
4.261729281031412242e-03
3.350045214692176643e-03
1.656304210518433351e-03
5.127911499998139000e-03
3.906792270648384857e-03
8.107920174342808650e-04
1.491129586372874627e-04
1.358063815143917274e-03
4.079362571427491702e-03
2.745574393106964273e-03
6.292742509571569443e-04
1.682298228567691289e-03
3.300861605334381998e-03
1.386085519279212086e-02
8.839342684399786876e-03
5.983060466754341888e-03
1.203311542607254925e-02
7.009209894607515423e-03
4.016604333269890859e-03
7.915019424931890590e-03
1.104702144767211180e-03
2.420064590706760832e-03
8.579072328020020954e-03
1.062684893984144896e-02
6.285733981087338051e-03
2.478872375909491055e-03
3.403017855593049035e-03
3.788397233192852820e-03
2.880786213589003886e-03
1.033118376596475763e-03
6.296336744862018886e-03
3.652349819520284147e-03
3.026318662926463787e-04
1.059469458432604760e-03
2.456482276558258349e-05
4.752224928197046339e-03
5.524416545212074148e-03
1.047801604782366836e-02
1.495286869325762602e-04
1.145902962338685160e-03
9.289402408930780286e-03
4.009896460391737527e-03
5.907985220196143583e-03
3.133456977760018525e-03
1.744038487082599787e-04
5.123300695268895311e-03
7.084230143189040874e-03
8.447005733706602904e-04
3.951951626347427471e-03
2.659897981005909795e-03
4.635814048514375063e-03
6.428446491433814636e-04
2.714513604197221763e-03
7.964845335445946972e-03
5.062279923105095225e-03
2.454634532567445682e-03
2.511362172075648491e-03
1.117698683723689079e-03
4.682214572226561788e-03
9.822799392303349642e-04
1.610078364140621332e-03
8.924617470250917339e-03
5.848740271589381035e-03
2.202048474682083423e-04
8.636071854961624439e-04
7.401033530852196840e-04
2.014236777362787834e-03
4.586772023691398914e-04
4.254476693150377464e-03
2.037430599284850707e-04
7.173710440988578796e-05
1.804247498512268066e-03
1.184358205705032807e-03
2.253017920048838718e-03
1.547644002956594100e-04
3.695298162544574661e-03
3.737263781039112942e-03
1.108343715923443273e-03
2.766263832805287981e-03
3.169680619465431448e-03
3.497260602114693473e-03
4.203312028469574635e-05
1.709525940546102740e-03
8.645739230071697312e-03
3.586926059768014152e-03
1.775065854144775024e-03
8.653189387607396199e-04
1.312464193590795469e-03
5.506824713776281577e-04
6.462458650396463167e-03
2.339610165978112111e-04
1.423829831535494694e-03
1.341555772895686172e-03
2.641972636198780533e-03
1.254327383703235377e-03
9.129108502661797964e-04
1.346349951220598973e-03
2.538620062430940738e-03
2.306352372425102271e-04
8.142166662291394630e-03
6.968369619327341447e-04
3.625359679998288454e-03
2.262329853107494793e-03
6.445536431077897310e-03
1.591590911808049569e-04
2.182288923850195239e-03
5.995180657609455732e-04
5.606603030150619782e-04
3.583973091483491635e-03
6.533719035165169720e-03
9.247215811386474971e-03
7.291808536376107042e-03
5.835679991388176280e-03
1.403517174984006410e-03
4.724407515691281256e-03
1.551861102084689525e-04
5.106549522008056730e-03
6.138667793304034004e-04
3.318915055471265141e-03
4.067714517048855172e-03
5.365513970235165353e-03
6.426981582720571462e-03
1.893451078927105291e-03
7.211043643368532374e-03
2.238596774849228865e-03
1.746571790250693590e-03
2.675853058554771013e-03
7.761534456198898591e-04
9.451162446090476121e-03
2.936006265131269055e-03
5.052387369546908896e-03
7.704419557266643098e-03
1.933826972019480131e-03
1.880342826065063699e-03
8.684317189509679208e-03
4.005498953504424420e-03
2.359326308951775752e-05
7.580714329654111849e-03
2.084292400898621334e-03
7.069961834781174348e-03
7.198811376508490456e-03
6.131712570551450803e-03
1.316784308159762995e-03
4.751529979404978121e-03
6.431241234770346260e-03
2.908646308285189885e-03
4.188280376350106415e-03
2.145649600856336381e-03
3.006611430682593067e-03
3.204956227672584035e-03
2.497328380680952087e-03
6.217198793068257068e-03
2.004465658205889511e-03
2.069637602436058543e-03
3.712555211424772850e-04
1.841913638430781042e-03
1.149222301759955656e-03
2.314296054539699554e-04
3.267255867311913420e-05
1.081579679194311083e-03
4.032965526219789432e-03
5.225823128637285819e-04
6.168524173532086152e-04
3.792399487660857993e-03
2.321535292484022683e-03
3.779484082471640249e-03
2.719903029854031651e-03
1.728482990986934809e-03
1.615574307246125940e-03
3.609628707452516849e-03
5.009802358008075274e-04
7.595645516452753654e-04
7.860478166525908250e-04
2.623266226109421950e-04
3.436000189194543530e-03
2.845429471614591144e-03
1.660587471742358545e-03
6.469713588618364319e-03
2.386625068796943694e-03
4.982060250423692160e-03
8.618963253610445463e-04
3.180985195027519197e-03
2.003895183466997132e-03
3.555150062127809818e-03
1.799769394029149261e-03
3.379677748454490427e-03
1.002014209795454303e-02
5.474715766846549592e-03
1.753080342470236808e-03
2.760965929422432019e-03
1.964915061974936705e-04
3.397507058333193442e-03
5.658079020984807528e-04
2.047385139044122226e-03
2.612724289157042357e-03
5.985197208657200285e-03
3.083641972827622091e-03
2.231689845725970400e-03
8.573378110157570120e-03
6.930984721198796272e-03
2.440325093194140038e-03
6.572187322923417341e-03
7.016711618622051283e-03
4.808227722576940977e-04
5.310545396353560932e-03
8.536481612864355029e-03
8.857833098163681029e-05
9.822440260216502850e-04
6.723798787932055987e-04
3.279480084259822625e-03
3.386590383030241291e-03
1.416002350274697674e-02
1.142542482550590321e-02
4.265170556137620750e-03
1.063926926922698080e-03
1.723295318591389069e-04
2.051096515324590808e-03
7.198250632180769326e-03
1.600416676855231923e-03
3.771470736253890177e-03
2.838697531245881756e-03
1.799614271530969312e-03
8.938062454247885924e-04
1.663893743268363146e-04
1.857462553571831432e-03
9.989050284545109015e-04
3.307082017513507388e-03
6.061956615478092392e-03
1.209072322123416754e-03
9.769092222869368847e-04
4.082411433620203312e-04
1.117711563591694546e-03
1.186174549138885315e-03
6.232058870303536224e-03
6.682959264758814300e-05
1.366031376721366097e-03
2.841178269040345317e-03
3.076715236206561954e-03
2.691392266788161791e-04
1.484338229386983343e-03
1.799140912877250642e-03
2.811163193795984672e-03
3.081593227687307035e-03
8.969698982659868314e-04
1.366824381735021188e-03
1.121882760562353809e-03
1.325992379654861164e-03
4.556567887026408137e-03
3.239930428165005427e-03
7.299803408914451452e-04
1.047077239123783698e-03
2.291446557556420238e-03
7.392366225787150302e-03
1.401246111099652136e-03
2.060776770302918948e-03
2.557351668174334680e-03
2.838970687863207054e-03
1.836814526879837484e-03
3.145079084375307366e-03
1.387178004728123470e-03
1.646930392984330416e-03
2.114537104447172799e-03
2.141635030602051515e-03
3.326375918809548748e-03
5.397486808924267798e-03
7.772301367780787285e-04
5.425171944245188449e-03
3.087728698546954309e-03
1.030739643596290112e-04
9.028141618903084975e-04
9.047500906683714206e-05
1.711930386275511973e-03
7.632284980467196611e-04
7.503989273065225785e-04
2.108106242745461101e-03
4.515069657319736862e-03
2.797753464912400290e-03
1.202169182924817115e-03
6.924426259490606972e-03
4.677821879131155436e-04
3.078834961641477297e-03
9.336799900238473837e-04
3.665620549244130721e-04
8.126077027726941182e-04
1.326235193371397281e-03
4.210798921833278086e-03
5.136777643901663248e-04
3.541655415428168752e-03
5.825189197853214429e-04
1.063050014739538862e-03
1.560564766922983848e-04
5.131426293767213376e-03
4.224910274477036709e-03
1.781057178598097201e-03
5.776379128171818533e-03
8.925484487498983044e-04
1.857999171650373538e-03
2.455816765782964373e-03
1.781606171221389312e-03
4.122091298599389608e-05
4.980901579375522636e-03
4.540326537958078168e-03
2.377199461501479372e-03
6.132953421268551308e-03
9.109189069891610036e-04
5.259926686480592695e-03
2.778631320652150821e-03
2.355814203384921229e-03
5.218135898092567809e-03
2.288955954206101789e-03
2.611807368296178988e-03
4.569879994501452325e-03
3.359672869041513410e-03
1.141486427385347835e-02
5.840511070064946519e-03
3.424250271042067473e-03
4.498842809854630698e-03
5.650024872849046531e-03
1.974637294041237112e-03
1.484765803400067696e-04
4.973158475352401631e-03
1.095405136373128752e-03
6.886133354168988419e-03
6.192589407839621529e-03
1.955455974073427861e-03
2.142300365098992465e-03
4.139186267973160582e-03
4.239385248358651381e-03
2.959999000236468447e-03
3.781113526798551838e-03
4.544247212094121302e-03
2.767376531185750110e-03
1.174329771228443953e-03
3.791257786074364589e-04
1.038591944456879190e-03
5.268365050715928533e-03
1.774093142067223461e-03
8.441520038087180211e-04
3.809970636097004260e-03
1.871404587658442864e-03
2.829403907342653568e-03
1.474144706966717955e-03
7.393654588645159897e-03
3.615474663322237880e-03
1.025452222733869156e-03
2.776718666124833312e-03
2.086533544943480756e-03
1.016709706760710041e-03
4.026998856843100327e-05
1.155637416177746069e-03
5.751642518991184616e-03
9.451265966853306111e-05
2.004050870046958366e-03
1.891895235524909680e-03
2.334275644284344864e-03
3.990220910743191851e-03
2.277062518363459631e-03
2.009856023999057051e-03
1.774877967894661346e-03
2.378901472603112133e-03
8.756777841586460553e-04
1.214043951184962111e-03
2.557302311015807739e-03
1.128314214549985817e-02
6.482196907139359254e-04
4.981295543514674407e-04
5.860160389909219170e-03
7.056165004754255676e-03
2.107076088336712338e-03
5.290830737032736764e-03
5.173767778775539838e-04
3.253462186747491103e-04
3.951158809361032809e-03
3.442098477661414968e-03
8.204617146813864004e-03
1.181444723147295761e-03
4.884576383825334212e-03
4.547825371053360044e-03
5.136746901442945656e-03
1.080149919828743421e-03
2.890560529209440510e-03
4.209071303767908390e-04
3.534582229066718373e-03
6.197336532340336213e-04
3.648337317566086035e-04
3.163517461590159563e-04
1.685610987034513730e-03
2.221943640182466595e-03
7.012534028724148882e-03
1.971004043091750813e-03
4.640516986606224581e-03
3.291643286353007625e-03
3.856160851307077753e-03
1.036182732236123893e-02
8.128165822675947894e-03
1.523502241549790082e-03
2.375014948920117774e-03
2.939890329770100674e-03
7.921410283834307009e-05
2.084254936464968733e-03
3.025341767241895852e-03
6.844890042434381705e-03
2.284383172116433158e-03
1.646573705252063480e-03
6.414349146822151404e-04
3.158211614055217442e-03
1.348109839466482551e-03
1.692017264170619928e-03
7.360833676455513785e-03
2.477653019059722350e-03
1.875591860960701407e-03
3.639900721962130437e-03
6.471633535078402666e-04
3.672008728755393747e-03
2.131161253535185374e-04
5.246020077906976553e-04
2.954645111733822382e-03
2.300120208541700517e-03
7.835102006087946158e-04
2.328857732496025790e-03
2.130254021954436361e-03
2.988903116352692457e-04
9.890845521391411488e-04
3.878878494166237978e-04
1.185084178996764770e-04
4.250739745161158378e-03
2.730407925434219507e-04
2.700323233092993824e-03
5.811902062750007314e-03
1.213303029725221194e-03
6.562093407949803892e-03
6.225629935879828381e-06
4.210473141083581616e-03
2.174147813102045301e-03
2.000701822316985901e-03
4.663124398478185606e-03
2.672311118348535963e-03
2.215488522962827389e-03
4.156065194012625863e-03
3.824500913499645494e-03
5.786390240636041238e-04
5.966671821822866484e-03
1.603246957345705326e-04
1.874384631870007478e-04
5.655324233443198567e-03
4.446056880033355529e-03
2.682020705581100728e-03
2.289405944594369302e-05
2.523743955870905165e-03
5.735560123476701744e-03
3.737842199930258014e-03
4.383212337358527444e-03
5.455795287709869212e-03
3.196315575473313020e-03
8.138514091539927886e-04
6.850962336130972385e-04
1.221985071427428293e-03
4.110055273451637681e-03
3.897332195603883664e-03
2.407108900674886920e-03
1.299146786097091222e-03
7.456793017943941226e-04
5.378493422213415087e-03
1.232126134239161508e-03
1.603344355471880700e-03
3.548179797193601326e-03
4.476835298989470524e-03
2.539943985946549465e-03
3.064512454372850248e-03
9.745153648432064442e-04
1.126114608079473167e-03
9.401471527405030892e-04
1.066038989071214915e-02
1.215027991905565097e-04
9.414922469515904502e-03
6.712831251252715514e-03
2.212378258114738871e-03
5.463049344553938536e-03
2.974942044504810812e-03
1.063904147418891916e-02
4.301225584388140843e-04
6.773777482355428092e-03
3.530778184721146407e-03
2.823900924966163406e-03
7.386534507107286873e-03
9.687066172199672309e-03
3.597228943549496405e-03
3.255986405847954845e-03
1.344176779034006453e-03
1.093113342482215922e-03
5.975826305545856032e-03
4.960247159756320245e-03
2.699980130331014472e-03
1.435022248830686298e-03
9.300283829120625789e-04
5.681356138987514459e-03
1.028246778042918308e-03
3.353800213299340527e-03
3.026227375686363352e-03
1.015153273423008429e-02
3.847962674282334739e-03
6.013241852119710629e-04
7.298958602387828343e-03
1.258750067148262097e-03
1.605786735703107482e-03
1.887718397736160014e-03
5.586394376183134725e-03
3.819332137845465880e-04
1.191152759150160279e-05
2.247458000664503963e-03
2.454513254977919168e-03
4.341455664169657780e-05
4.918602550819439756e-03
1.646039049708170054e-03
4.874422911213760479e-03
2.253438584059908045e-03
4.113134337524471107e-03
6.240231569633158948e-03
2.225684442730413437e-04
4.302914210298491859e-03
2.688710057773047168e-03
1.965856326491266515e-03
3.724116068157146131e-03
2.647056940602188213e-03
2.645081150042916107e-03
4.249663195023400952e-03
4.236446006064875647e-03
2.309574501747624353e-03
8.471903552768389467e-03
3.755210513948226136e-03
1.074568518328766764e-03
2.946392970882394380e-03
3.322487185806077825e-03
5.751660193554775091e-04
7.487734785591726450e-04
3.826640757852439734e-04
2.650950421294151482e-03
1.595682526236430476e-03
6.053537976447032065e-06
3.281911464895759245e-03
2.855109491558538437e-04
3.413603508886087212e-03
3.166236335922834044e-03
8.571129492028650709e-03
5.822117396333648109e-03
1.572656330626198695e-04
1.203493308569725251e-02
1.167472604697405991e-03
1.639516195664270093e-03
2.198625062166281730e-03
3.244826470263695306e-03
6.536654869464642026e-03
2.009950789743419897e-03
6.112203801091897759e-03
2.895780354268184809e-03
5.476820168058949001e-03
1.007027430489193520e-03
3.822781498123761779e-03
9.097005478591158045e-03
1.878344016120248039e-03
2.109132730622409468e-03
1.495467845573805743e-03
9.953996360489991702e-04
1.888457532936815841e-03
5.560561497504612483e-04
3.845016474979534582e-03
6.578814156047940731e-03
3.390324698637703360e-03
4.427478046447330673e-03
1.991518100353251164e-04
1.172556109984956851e-03
3.684467791758849753e-03
3.323055122176954423e-03
1.207393238597087581e-03
5.626826350245195396e-03
6.951169636723375511e-03
3.295803013660170144e-03
1.386356654603404515e-03
3.233862224061301305e-05
2.497463572288527445e-03
3.331685103828585515e-03
2.407956856658399758e-03
5.739492760847786368e-03
3.864359028331598722e-04
4.722105309790225469e-03
6.136817134893002290e-04
6.345072755302161305e-03
1.061466026005319918e-03
1.419783108617955758e-03
1.105121821635135504e-04
4.243889911693721206e-03
2.748054096751384456e-03
4.915146609585918647e-04
2.964355310055011294e-03
3.080670859911482928e-03
9.368918483565469302e-04
1.573739273691032725e-03
4.288577224929979170e-03
3.648131991786540684e-03
4.058182991641567927e-03
6.108306747881764309e-03
3.090172065921381606e-03
3.025463890954149804e-03
1.384430973311701063e-03
2.314869819755427383e-03
8.310093676630048165e-04
3.501218670174166547e-03
3.280747952145335322e-03
2.489673602468212010e-03
5.332622618329230235e-04
2.599152480766198092e-03
3.249373721775583590e-03
6.724431405684183627e-03
4.146524408262242112e-03
2.572166383830537528e-03
4.434657162672328568e-03
1.098677609997211757e-03
1.697696110803614822e-03
4.761935079511420144e-03
4.215884001849190543e-03
4.443671096010542998e-03
4.266081548263606082e-03
1.340582543743140675e-03
4.069064317817561172e-03
1.752713031197200566e-03
5.760583215707493210e-03
2.350673690579285768e-03
2.971757708663813613e-03
2.804683727044787744e-03
5.392293119656166311e-03
4.919259236061984675e-03
2.822525493730132506e-03
1.685829004654804120e-04
2.726270009290543417e-03
7.684519426303659806e-04
1.687151588476043518e-03
3.127519758153785023e-03
1.066458338066594846e-03
1.580822590021707663e-04
2.272457401459149207e-03
9.773025283301983723e-04
1.965558256260602210e-03
8.973963441157029042e-05
6.703098959727246675e-03
4.568094099733771563e-04
8.472837860275944655e-04
9.345735896272994170e-04
2.309930084819666884e-03
2.900701262973454098e-03
1.952432965630607198e-03
5.796771954850815645e-03
2.371797167728381672e-03
6.442729853775225335e-03
1.592965508673091501e-03
7.173393497519747752e-04
1.854095314203371703e-03
8.603377990448135559e-03
3.807246426490579205e-03
6.444054376627747494e-03
1.018683228065914853e-02
5.861793054203062736e-04
3.823367062051219456e-03
5.480266519901508260e-03
1.847543033891674291e-03
6.714093290292877381e-04
2.272328132710610404e-03
6.228511641830303258e-03
2.807629879340745038e-03
6.864535413705963318e-03
5.565934846829934113e-03
9.893418956630262162e-03
9.041239974626580356e-03
3.469307057865023136e-03
1.588773041117452767e-02
8.508606475986502105e-03
1.013070250911296544e-02
5.940055809562472255e-03
2.455907289162007068e-03
6.900638623944632677e-03
1.296956832476547916e-03
4.297537382468852307e-03
4.119786554330762129e-04
1.902387721305354162e-03
6.813778110107082675e-03
4.077981887179560339e-03
2.434895993783325885e-03
3.479656924960772280e-03
1.292177367285596290e-03
1.007165818560418202e-03
3.779256381447049229e-03
1.702177223723011501e-03
2.108653825164230611e-03
4.638439473293565207e-03
5.840548017423619065e-03
1.532087190670217147e-03
7.485450630308365660e-03
5.450375260614870321e-03
2.458313286116453611e-03
1.523224863720240574e-02
2.457249427819663268e-04
6.330845483846103683e-03
1.588477321227688144e-03
6.819418364142793010e-03
6.425188918971147523e-03
2.819040032215336389e-03
8.377601107588339424e-03
4.801115591067217636e-03
4.613381831051754922e-03
2.866086523615196668e-04
1.151872602546999413e-02
8.037991516221532073e-03
7.988608974011546238e-03
3.237778079998587799e-03
3.507587435869763404e-03
2.996476666784486653e-03
8.956652710490398128e-03
2.506936010126081804e-03
8.356694355372007443e-03
4.336654387814053990e-03
8.300322087405276328e-03
4.092232285989982898e-03
8.076683955989816255e-03
1.360266723843406300e-02
3.616102862435965903e-05
3.912222122168351746e-03
5.345148619041117932e-03
4.106280367457193492e-03
1.161013510701036644e-02
5.391461240004336020e-03
1.115104753512285995e-03
1.268745051573505478e-02
7.573236238317182512e-03
4.698944392640402867e-04
6.614386471288091762e-03
7.805719172540914741e-03
4.274004077309712102e-03
3.725490359477778846e-03
2.339202146800500870e-04
5.175869829647128384e-03
4.617639426553243887e-03
5.311265822840804951e-03
8.916686573991250420e-03
5.282070358468948790e-03
6.654626375493188917e-03
2.241403146497122911e-03
3.339688296573717352e-03
4.731193701927649542e-03
1.611137615769475673e-03
3.671344898476536223e-03
2.030023829041938122e-03
1.580873498405188649e-03
1.231026010182323382e-03
1.512600138360409296e-03
3.234965380057908124e-03
2.621004352058142750e-03
8.047877426026195380e-05
1.024678584529037373e-03
4.992360102265391841e-03
4.565536317765128693e-03
6.524551930111588405e-04
9.117542287152669012e-03
3.050998652394998345e-03
9.690167776041369585e-04
1.285505680255710770e-02
4.798911911455983059e-03
2.667382688552433212e-03
7.839502502315076615e-03
5.476750127900664733e-03
1.517201917780708342e-03
1.911392347293705551e-03
1.632427097495059432e-03
3.002919891279209885e-03
3.642331350488969832e-03
3.436101723920670370e-03
1.003482740385974736e-05
4.731114636460309608e-03
1.900100839626883698e-03
5.113316165159920157e-03
1.133300716568641509e-03
3.723140206622899129e-04
7.242673485060968641e-03
5.569395770785912081e-03
7.205307953741246774e-03
5.528581819323474811e-04
1.487834878524385562e-03
4.182411105098760018e-03
1.837143762630610855e-03
2.330804848899026283e-05
1.171041644334014364e-03
1.380917401719861104e-04
2.660679892410588998e-03
5.011026415538966106e-04
4.781524089608746308e-04
3.118977561734070925e-03
4.370040792019969089e-03
4.468405002299169482e-03
2.731777657093703571e-03
2.676408326588219921e-03
3.827696860024598635e-03
6.019480549950717574e-03
1.205013020181505690e-02
9.411197355493894356e-05
1.125628310799209331e-03
2.851818732282712654e-03
1.735472340689103721e-03
6.020676450398443347e-03
1.333267765842388597e-03
4.272120091065256808e-03
9.361860973977897959e-03
4.928947623219770424e-03
5.457995911878066320e-04
8.012964052356852385e-04
3.112411931486147587e-03
2.048248419250220387e-03
3.578545872345323398e-03
5.053184526951914890e-03
1.918431900277128843e-04
1.282367937572359562e-03
2.217296193638806923e-03
1.878497046815114091e-03
8.390488731748330098e-04
5.598993096441878814e-04
4.550674501277676698e-03
5.263988904020383552e-03
4.828036865601459393e-04
2.456474825974899745e-03
5.206741110571552755e-03
2.022361553241772136e-03
2.272106613082469639e-03
3.349350336410275575e-03
5.818729285938101237e-04
1.052397165200683049e-03
2.782575269038745081e-03
5.208856781668463887e-03
4.880159670246630998e-05
7.524639802870311533e-03
4.601996356756524187e-04
6.563783784864080095e-03
8.038572720266666527e-03
1.372921450375005903e-02
1.461715211251560231e-03
1.273051214518983176e-02
3.800787454711906932e-03
6.681145741736504995e-04
5.236488881547374241e-03
8.339072157531879359e-03
6.183197915742066897e-03
9.016456476145351395e-03
1.172950694613650313e-02
1.197031525783376349e-03
1.393485003465355643e-02
3.217680221100360782e-03
4.071780747795683553e-03
7.937370790668141218e-03
6.725586927275539750e-03
2.969625056354008308e-03
6.454764104415922077e-03
1.567316356141379430e-04
1.687684269733646936e-03
4.320725281531823114e-03
1.773393492593422494e-03
2.204808150932269228e-03
2.156460322791931006e-04
6.564031452034546632e-03
1.913715800276327705e-03
1.746169400139940819e-03
1.329572794941280556e-03
2.186386367123982488e-03
1.033559958641516729e-03
5.544879083001497122e-04
4.449968458350106459e-03
7.224124876858639688e-03
5.228626615241260822e-04
6.564157994387587181e-04
7.633473594858108946e-03
5.822332875585756184e-03
4.950004797252605115e-03
4.644910807865221258e-03
2.335799041230601780e-03
1.088402812789324159e-03
3.161065962036357924e-03
2.959829963720128632e-03
4.050135988542313825e-03
1.097842157827155773e-03
4.601576914922689276e-03
3.516188931389496730e-04
2.294082746896797254e-03
2.402482160634433761e-03
2.766631003057962168e-03
5.856091291746468031e-03
2.698025680866855680e-03
1.593844935721011602e-03
1.151725508813261634e-03
3.298733700713096795e-03
6.536971507388300573e-03
2.627422568925896762e-03
3.090849998245492891e-03
7.501963373238385024e-03
1.250134281555514981e-03
1.708912097317183409e-02
2.078722328041626710e-04
5.767960089614332375e-03
9.870760260320188273e-03
3.319780345218736883e-03
9.349091007882504023e-03
6.538496220525491509e-03
4.125370588212384781e-03
3.133318401661311370e-04
1.088922990233365251e-02
6.616186644376687020e-03
4.620924921065805435e-03
2.849226494316847713e-03
2.506889567390202522e-03
4.159379926765738311e-03
2.735300489028535953e-03
2.010196917440587594e-03
5.995015428645333877e-04
1.148290664239637326e-02
3.457513799426659151e-03
8.939996314725195958e-04
5.211999645744591625e-03
1.234222285755315340e-04
4.859124072342624334e-03
6.664154469402827630e-03
3.244747968878303190e-03
1.036933083263480437e-02
9.348699347077882305e-03
2.699328897881603240e-05
1.449712913495160294e-03
6.541814525796774138e-03
5.053839848996710682e-03
5.018184613730936050e-05
3.543139914232829035e-03
1.392355852698701213e-03
2.902429374610493440e-04
2.737294518233124307e-03
8.307339077116004944e-04
2.915505261075257426e-03
2.103961322585889970e-03
3.537243943109114053e-03
1.181592324554725515e-03
4.643735919465041828e-03
3.442748205894907709e-03
4.760423293249105292e-03
1.220304977254560441e-03
4.119738983431098234e-03
3.313134803380857196e-03
8.250476810084395041e-05
4.023470525109651419e-04
3.187722588187114070e-03
6.995544918704132975e-03
4.215985066506888757e-04
7.259081402787637138e-03
9.520075486661450093e-04
1.011618022286941976e-03
1.345708261152933627e-03
1.612555059348763642e-03
1.081010520646241702e-03
4.758425597512772054e-03
3.651689279718706160e-03
4.092972925408555618e-04
1.428449849601054478e-03
9.501104475195809584e-04
2.740784116347871890e-03
1.023995105400465899e-03
3.371130592815241300e-04
1.484488980251164048e-03
1.330139979203032174e-03
9.889853677539084398e-04
3.093859938792992148e-03
5.232116871451725215e-03
3.725044452805637007e-03
4.921149803260888023e-03
2.423030720900276602e-03
3.757560337755594393e-03
5.262546452814098608e-03
1.828606713457442412e-03
1.831586945696211943e-03
5.766457046620099280e-03
9.867206732933342384e-04
4.035394039439865743e-03
1.027466323849535179e-03
7.996757041768831620e-04
1.922241849854178231e-03
4.000496413053389322e-03
4.855322066917772128e-03
3.981397919098295102e-03
2.861398110630380964e-03
1.631801154711259860e-03
1.262580276663760603e-03
2.107514144870398232e-03
3.936207773933553256e-04
9.633545032247003981e-03
4.387674342006542272e-03
7.817884113886369724e-04
4.898793125754280497e-03
3.394929439487492928e-04
4.327227335058927982e-03
1.952223456244406297e-04
2.307707790508636836e-03
3.396047496645460129e-05
2.675640376208335280e-03
1.941563626193104630e-03
8.995379512242343556e-03
5.026161882215496313e-03
4.320103428341243168e-03
3.631510992155445594e-04
1.859281388367009513e-03
3.886670931844693477e-04
7.425488240147271046e-04
2.079516637494505105e-03
2.075596750722698280e-03
5.042596076753266821e-04
5.403047210128526789e-03
7.921056087460805195e-03
8.405679325670101232e-03
5.998876098578659333e-04
4.327772373233680636e-03
7.393856682705951533e-03
1.040407514628552410e-02
2.390681404608657745e-03
1.806966983933511184e-04
4.251827764962246015e-04
7.554365257359446639e-03
4.761555123404370704e-03
8.073237322106352476e-03
1.478500734744536693e-04
4.378089205323731914e-03
1.519455424618620931e-03
5.005036242752780584e-03
3.947628691369442500e-03
4.091419820153707754e-03
3.647273083214552791e-03
1.600841618486503748e-04
3.725544323304519345e-03
5.849269098287868118e-03
5.184631430388275675e-03
2.937784706380508482e-03
2.491584711646455119e-03
3.850632661524633349e-03
5.111495215057937358e-03
5.279736752013652890e-03
4.616870865084776732e-03
2.155025862744963661e-03
2.331773189340080599e-03
2.347286191272446310e-03
5.493931025736698004e-03
1.149976479142278407e-03
4.368202543408861160e-04
4.327719707970412166e-03
1.134219793867186077e-03
1.787318416198391269e-03
2.643480849942925204e-03
3.307116144463106977e-03
2.052993428443894430e-03
7.098624006806830700e-03
2.400425330321476203e-03
3.293007894269339708e-03
1.399301015992282515e-03
1.434422441837557294e-03
3.142803437326202598e-03
3.089997106546116257e-03
3.936322141520953721e-03
3.508741547256666315e-03
6.677890801655372854e-03
8.770305463568273119e-03
6.233693297353126717e-03
6.921072675602712998e-03
1.272954963359218539e-03
3.293837658614351405e-03
3.680309474656251467e-03
4.956134862328154256e-03
2.533992758309011606e-04
2.070582063416148699e-03
3.453655197793392695e-03
2.438467383760745122e-04
5.780153282057276520e-03
3.903352123701964160e-05
4.905404916697109208e-03
9.247092982571980535e-03
9.714476129610072341e-03
4.646637462291103304e-03
8.836097145682453302e-04
4.376253871135604712e-04
8.710453562932318761e-04
7.023038830290817547e-03
4.896747107009380429e-03
3.887207444157880776e-03
3.594400472821501769e-03
3.723683229380214676e-03
1.725391258576680631e-03
1.765042073342826257e-04
1.941692471880251958e-03
6.601963133466004496e-03
3.813294676200063016e-03
6.607894735757458005e-03
1.056075096130371094e-03
4.038792209294317370e-03
3.241968925819016523e-03
1.928970640766136668e-03
8.977373315708914170e-04
2.531179870340738436e-03
1.291972981642408591e-04
5.462550026385182278e-03
9.353893224373077686e-04
1.937480472991914837e-03
1.475295715903657268e-03
1.114158600286740963e-03
1.398247875249725158e-03
4.961215359179371731e-03
3.732879079102691122e-03
4.364131658987302487e-03
5.497620308813067069e-04
5.180640175515560664e-04
7.380072250727232053e-04
1.093879577113265888e-03
6.861146974262766207e-03
1.027957968155301938e-03
4.758479373312141103e-03
1.473408298161504870e-03
1.624350104046157206e-03
9.902607567302545988e-04
4.592427037867830020e-03
2.403474944623118503e-03
1.291643557864430303e-03
3.168861384647503332e-03
1.343511256507445850e-05
4.156573008663622115e-03
1.201173672540689630e-03
3.047017174940269690e-04
3.692728017782948013e-03
9.914048556649845967e-04
1.186200825949945692e-03
3.165711974872031931e-03
1.084101924008762374e-03
2.055394818730155171e-03
2.819014178465584219e-03
1.511217009758092367e-04
1.117568145791059120e-03
7.264776748813761564e-04
5.599156915201408680e-04
4.103514533313673551e-03
2.215655961247259276e-03
2.860761967367175806e-03
2.668241597124448861e-03
3.746587818353325217e-03
4.314568704611165817e-04
2.059156210264534437e-04
5.133347462404402872e-03
1.982537118794425179e-03
2.837444799555499664e-04
3.192911952828003663e-03
8.412956392351372825e-03
2.765504860727574510e-03
1.633538855739191664e-03
2.840966127272276376e-03
8.298253599401395064e-04
1.251846669412193247e-03
8.743118835548568946e-04
4.019581181018139215e-05
1.701754138860797627e-03
1.306893697672464882e-03
1.803827046031825088e-03
3.072543545664302433e-03
1.380939494924210420e-04
2.879621220123876335e-03
1.068846777974613582e-03
1.257037185720094596e-03
1.284860380064423158e-04
1.350125703337812233e-03
8.053360959332830915e-03
1.884082678928741816e-03
2.964736676366597212e-04
2.360304423875234092e-03
3.074911243814024142e-03
8.121510327144379482e-03
4.484014121421880938e-03
2.619885072723170116e-03
3.169152638889671803e-04
2.231501583421266477e-03
6.492208571934172945e-03
3.239414234548709803e-03
4.284590259429406356e-03
4.596104522232719036e-04
2.633655249884452043e-03
1.364439578979550344e-03
1.036502783148540718e-02
7.415739714009363104e-03
2.904413667895275331e-03
2.802149396336840390e-03
2.333476255157203652e-03
1.172021200934759977e-02
7.886948583982533734e-03
2.227268737009270583e-03
1.679935501388951646e-03
1.917817521170511741e-04
2.106191655062733536e-03
6.207319370203578934e-03
7.777675187174148963e-04
2.151227006776834649e-03
9.991946844648491588e-03
1.733569128656242686e-03
2.536586688520026112e-03
6.077784093020399681e-04
2.148687933521686855e-03
1.869243966292122305e-03
6.673854232210452153e-03
3.567797152401852578e-03
2.876580701641429094e-03
8.662498147705699481e-03
1.067417277146542887e-03
8.339541379585591052e-03
6.014845724737649668e-03
7.880046540630347707e-03
3.082235152789269961e-04
6.538913453039141288e-04
5.031467424206126360e-03
4.435266230008449995e-04
2.062226695592750403e-04
6.458642166871753076e-03
9.375652680261303829e-04
2.944138523908179650e-04
3.162969550123739815e-03
2.570992012505324276e-03
2.010728094479996564e-03
1.049948415545620684e-03
1.316142947139775643e-03
9.868558649008818406e-04
3.081035350775529480e-03
2.268245167536653284e-03
4.773825313014512517e-03
3.422226627542435118e-03
7.143585275776409560e-03
2.293110645907869838e-03
5.756308415710731374e-03
3.867610019840261870e-03
4.318623512701291745e-04
2.729862082267775492e-03
2.202083447754188406e-03
8.098017530110301898e-03
1.073531547931438901e-03
6.772795122128583145e-03
3.266229238419904313e-03
2.233034428738012167e-04
9.807937528808818861e-03
2.482386041514850206e-03
4.239448237494336524e-03
1.216480784611784216e-03
9.963258959893583899e-03
3.831072372592947417e-03
1.204669851609940778e-03
2.759614201374271936e-03
3.920620172181754626e-03
2.761398580172103046e-03
1.085102652149616542e-02
3.341190258411175229e-03
5.120017739124516076e-03
5.008696099561116277e-03
1.041844628210719659e-03
1.787136875868622354e-03
2.720106193319860033e-03
1.233698629806490032e-03
9.260574349845840381e-04
5.523824729378179477e-04
3.008604425737138044e-03
2.726273581808658086e-03
8.218748148307419843e-03
7.562777597445391464e-03
4.199507484676734403e-03
6.643474666102100468e-03
6.364276920583333830e-03
2.583203443593418136e-03
3.253738586834753477e-04
1.714789246911152532e-03
2.114947567978864296e-03
2.813567686532181256e-03
1.960112845484029975e-03
6.839934583718065841e-03
4.914436618612405550e-03
1.597166813510464412e-03
4.828061403160222032e-03
6.533061104241899564e-04
4.592200935074952639e-03
1.679853874050118989e-03
1.861839076321980535e-03
2.598789964188552570e-03
8.756284270000636027e-04
7.870202936960946083e-04
3.372531960063152034e-03
6.689507314459386400e-03
8.084451362537659058e-03
1.589944121965447543e-03
3.347204122633451462e-04
1.403633164306528069e-03
7.238787149405234711e-03
2.371583169191060492e-03
1.896902307726988646e-03
7.266341323732217194e-03
2.244053578903226764e-03
3.925373877636806341e-04
4.727793604793584237e-03
7.920519504637346664e-03
9.819012053005338192e-04
4.082023533360817913e-03
5.723876813984812850e-03
2.970371947679600888e-03
7.749837749763954786e-04
7.480304605953336239e-03
3.313857110140816520e-03
5.609358334766889609e-04
1.527644952389051181e-04
2.702838379877975372e-03
2.184941236529069908e-03
4.807249745735986401e-03
2.953405447939094763e-05
5.520141698208524961e-03
4.928495135593236043e-04
3.080656052763919295e-03
5.782435792101664473e-03
5.885195750919558488e-04
6.782433258998271652e-03
2.810109065910254555e-03
8.109359053031228726e-04
1.242073082397404660e-03
3.953179726465277932e-03
5.539159951525901571e-03
5.856772420534200885e-03
4.783128714335838083e-03
5.230216902889300856e-03
7.879221664994218166e-05
7.163434092554765709e-03
6.256318031237328992e-03
1.233977521255563703e-03
4.022682291288104395e-03
2.034592821206951396e-03
7.631137285510819490e-03
2.210280520118748648e-03
3.300834059339216586e-03
4.981396420144890147e-03
4.460562173312393464e-03
2.864098111725749130e-03
2.072660798906195145e-04
1.801985671467526418e-04
9.447196586651052108e-04
2.131811216802628750e-03
1.290743753361023316e-04
6.275983685950753399e-03
5.183506557241979174e-03
4.491725425332881994e-03
2.078624377585359950e-03
2.216777179613473037e-03
3.828988924669540772e-03
5.092600002085750921e-03
5.911563114742002245e-03
5.491422224872255509e-05
1.142312549877241845e-02
1.392771434097633820e-03
1.794432380974111951e-04
1.665986404528002618e-03
3.576355113733074853e-03
4.426799614675788058e-03
2.293561291454904866e-03
9.356140914117475060e-05
4.697144023445360556e-03
1.203725050564867505e-03
4.498038994741835120e-03
8.163745147807752178e-04
7.507483747402905749e-03
5.962475205915584997e-03
2.236861277265883574e-03
7.489040211924230528e-03
7.198428458971922739e-03
1.008374269828304914e-04
8.045477304924913975e-03
3.115499903350971156e-03
1.181477646722400854e-02
2.404302358627319336e-03
5.509120338722750532e-03
1.405345810700675546e-03
5.485258267880988026e-03
2.145027700658830305e-03
5.173522215160319959e-03
1.523118665918143932e-04
3.412152878493501795e-03
3.609464371618020806e-03
3.641994217592814387e-03
6.460759729993048595e-03
4.916853709175716958e-03
2.903155159875048241e-03
9.532062413188602257e-03
3.521298196413558124e-03
1.475142755719027754e-03
2.201449231770458148e-03
3.090456833222732236e-03
2.479699319845485306e-03
3.381913204674513729e-03
4.072348026071037630e-03
4.309622459231166047e-03
6.304349432983968882e-04
2.138281658244811645e-03
8.344524290283539258e-04
9.833773603951101450e-04
1.195379424170361915e-03
2.755385844113278360e-03
7.976649687493231333e-03
8.104206447721695739e-03
3.554157278139458143e-04
9.724148064381710199e-04
3.051764581481708483e-03
2.731838624936200333e-03
8.524607408686435406e-04
1.575958841606661665e-03
1.401684449674256427e-03
5.893647670745849609e-03
2.282129853305780998e-03
2.613948158661227872e-03
8.304405851695118024e-03
1.094310272379250826e-02
3.543914680601334410e-03
7.247162166078013890e-03
4.274630772205245677e-05
1.376367348601770235e-02
3.165918569835612928e-03
8.672951523813754449e-04
8.074027318683674181e-03
4.867763361344201734e-03
2.194870345600063999e-03
2.845435488485481557e-05
6.148895630701090020e-03
9.361266713788785054e-04
9.960713070649829248e-03
6.388890254385160006e-04
9.385355451505650315e-03
1.103409833336232992e-04
1.336002199431751691e-03
1.621031140679463078e-03
6.720646792781836965e-03
4.921977640326480330e-03
7.432250382396310417e-03
1.438663866993761253e-03
5.862131855841057337e-04
5.023003470634446188e-03
6.350980854184840041e-03
6.934049941764164338e-04
7.941603566569865880e-03
5.144785725355927042e-03
2.307164086152335702e-03
4.869837866220583233e-03
4.227816212440504984e-03
4.491807910546041782e-04
3.502122423250209060e-03
3.809177725097034894e-04
5.605891581965560810e-03
2.580291841308424150e-03
1.801921460154676247e-03
3.495432130921904967e-03
5.305444498543476772e-03
4.129040410466022770e-03
2.010386636956407180e-04
9.543990675207059127e-04
5.615975202446110703e-03
4.670910560746310836e-03
4.724174643916667637e-03
1.640634205815172386e-03
5.156139093994704936e-03
5.977427357755082937e-04
4.332561504201581926e-03
3.205960293297505093e-03
1.866190027363268111e-03
1.391603273548147612e-03
7.712886160480270092e-04
1.325085336101539113e-03
2.636976704612492561e-03
1.849645037756364463e-03
5.642027602962895738e-03
5.989587081343672459e-04
5.993443990731484039e-03
2.504521645958102116e-03
3.537827673770643777e-03
3.750625750995939534e-03
4.558591436512604567e-04
4.851508873870313820e-03
1.054649938732291070e-02
2.683886265153007100e-03
4.061114994885428597e-03
4.495728044103752818e-03
4.666551195484619496e-03
2.854028334753344609e-05
3.119099027350885622e-03
4.461283845480307209e-03
2.190474174000117680e-03
6.723818812836596104e-03
1.236446883400160734e-03
2.353468245888390431e-04
2.665716672921314423e-04
1.458479026890696639e-03
6.268882648049839412e-03
7.538210236311682078e-04
3.502972917601876457e-03
2.111124127445185295e-04
1.216310619931854076e-03
3.750099509672422116e-03
1.138763801908637685e-03
6.426022161820699186e-03
6.437470437224368514e-03
2.220980094434332752e-03
2.953010731691074753e-03
1.736915826045376532e-03
1.469225114452354930e-03
2.666165258982194919e-03
1.209150635481631708e-03
1.392793298143693570e-03
3.164986119097337736e-03
1.515180530608270515e-03
1.293552410715215206e-05
3.790062872769395241e-04
1.459246084141052613e-03
5.758086260560929537e-04
1.193205476371278495e-03
5.141711502985243931e-03
5.247060808849512981e-05
1.593470009343678218e-05
3.642317624498236928e-03
1.429123363284323656e-04
5.194334213383944299e-03
3.037779477398479255e-03
1.796020377039533877e-03
4.569345644501857095e-03
8.970702895512716601e-03
2.965072375554766992e-03
1.725605351127687537e-04
3.821978527664762759e-03
1.102275417806219959e-03
1.910409317219669001e-03
1.625011290191477609e-03
7.356927368778160004e-03
8.104111505701713791e-04
1.403639351578916949e-03
7.899144476379502122e-04
1.079119600896204234e-03
7.306561576149627618e-03
8.681543241916021836e-03
1.100338362627412830e-02
3.887034764613328530e-04
7.168590552423276252e-03
1.228891477599886040e-03
3.336397161243093157e-03
2.115280376247807848e-03
1.114135143884725787e-03
2.799713461180963758e-03
2.964937442484716357e-03
6.018753401488552424e-03
6.595379828654601706e-03
4.320024973962610648e-03
2.611173346215633906e-03
2.982356570872590762e-03
3.815895375393174582e-03
4.931571731807693482e-04
6.218921310894076626e-03
8.357563417416669083e-03
5.030684102596882923e-03
4.712595360512272791e-03
1.127528279361689201e-03
6.346592203675727184e-03
1.545032492195397289e-03
5.620287419869640644e-04
1.427118710538910484e-03
2.102202797537700008e-03
3.032758032861959663e-03
8.749402847951892603e-03
3.600409354321265631e-03
3.947747430590786699e-03
5.715360024750038015e-03
1.613904813110633718e-03
6.896864728597185135e-04
2.858305955158790823e-03
5.359860248745906830e-04
3.463605224898191892e-04
8.153076615619370138e-03
7.734971655656064371e-03
5.747186836760120876e-03
2.235752174906902034e-03
3.623379705832152631e-03
1.547537579521418571e-03
3.889033282968856753e-03
5.260281570326319489e-03
6.377605233658711903e-03
1.079944029968027408e-04
4.135894850602062078e-04
5.300681109684068915e-03
9.074060698789354618e-04
1.675252470684340800e-03
2.085833519415158932e-04
2.468615676326502140e-04
3.583114982027346684e-03
1.149516564438390898e-02
6.342804394309786709e-03
4.404102590181868671e-03
6.737903089553354263e-03
6.633791449694226294e-03
2.553526159340679946e-03
2.309123048270911305e-03
4.941014837391399794e-03
3.897395419773630465e-03
6.487877775065875596e-03
3.468585315186900608e-03
2.146337498625694451e-03
8.758214369933847721e-04
1.829597664180226957e-03
6.692710547041014202e-03
3.522719118497219526e-04
7.505038935303742775e-04
5.598602422780429855e-03
1.650603975783537791e-04
5.264440451510699059e-03
3.924075267292326252e-03
6.599929242480095937e-04
2.658718203896626164e-03
2.638589038457761493e-03
7.475321977296445208e-03
2.702425895053151006e-03
1.698374842243610683e-03
2.148753178984608159e-03
4.634898637747519867e-03
2.491708245563217794e-03
1.227637758766442211e-03
3.736933511138351705e-03
1.868898654209694143e-03
5.549393335727459409e-03
1.042618360429181656e-03
2.513516494528356127e-03
8.232872756873677034e-04
5.912875715490262252e-04
1.345135906141270432e-03
7.574587402283672333e-04
8.340352905285564056e-04
3.555093653946628240e-03
5.129842728094358151e-03
2.961386641493368721e-03
3.313614931016339860e-03
4.022896383839069667e-03
2.755520941707223503e-03
2.761274482173503575e-03
1.189147542327739782e-03
4.610065029998666741e-03
2.027114483084124785e-04
5.534046831945360623e-05
3.624402104116020151e-03
3.654147360226955854e-04
7.291095866013286297e-05
1.427396802872182846e-04
1.012196770225792797e-03
1.279681168896151799e-03
7.937173550061071836e-04
9.899245639704568056e-04
2.193273241963833442e-04
5.034652042087972568e-04
9.919580789018445088e-04
1.562060053792446723e-04
2.583071354435806377e-03
6.976769737640498015e-04
1.167182666646171540e-03
1.413939362068683536e-03
1.199289874323522520e-03
7.897518598694863723e-04
1.421141229593414490e-03
6.156332955375432014e-04
8.451774575356785224e-04
3.156553401555961536e-04
1.818407127157750658e-03
1.024865060574614573e-03
2.158760319372843295e-03
1.884140426804126189e-04
1.595370494980929976e-03
2.207434703875049697e-03
8.325347859024501140e-04
1.211997462371910972e-03
1.372350503217545370e-03
1.225657690586717807e-03
3.902833168439034939e-04
1.202339911686445273e-04
2.134189949802800523e-03
2.441744229018938395e-04
1.518081838400214822e-03
1.764602418577621012e-03
2.985991796108450336e-03
3.825847047736585793e-03
3.577719445484295324e-03
3.439532422492924679e-03
2.028520151455701082e-03
1.175157702307597085e-03
2.447004526947571534e-04
9.175783029114037426e-03
1.106810330028407119e-03
3.285033070138582145e-03
3.480765063679919225e-04
7.317969499138252121e-03
1.849696392704630599e-03
9.378973523901087961e-03
1.612648978970399050e-03
5.137003746694568385e-03
4.539997983806137727e-03
6.592382438927416044e-03
3.234067326558495714e-03
2.133387660942620556e-03
3.513287282798566169e-03
1.854377390364370104e-03
4.282876085313719328e-03
1.345780863182780007e-03
1.562469142374553477e-03
6.060892122589076059e-03
9.892619911240491115e-04
5.429526514811468252e-03
4.064151729318996042e-03
5.447971555242778208e-03
7.920333710190602394e-04
3.096025689778264534e-03
5.067664242646298389e-03
1.503858832812829394e-03
7.471439378682748211e-03
3.740254190253908262e-03
4.297893600132940417e-03
1.419473991785130673e-03
4.587336951625831105e-03
8.136917363958051652e-03
6.192641491393535702e-03
7.606843198511514803e-03
4.300125201793902896e-03
1.015023402987219603e-02
6.105397495937636698e-03
3.919288563051459562e-03
7.708908819625825970e-03
4.078887614542003881e-03
1.408802410029497132e-03
2.235709868771085240e-03
6.870238186809096703e-04
5.705257131474295029e-03
1.126341488835191917e-02
1.453729194797548363e-02
1.903592976109869106e-03
1.636617379233706870e-03
4.994782739633496504e-04
3.654515329595597883e-03
4.279421142975192716e-03
1.292502278409157768e-03
6.083565931591650155e-05
5.323280483390258055e-03
3.080623571052876208e-03
2.700840449107566599e-03
3.144250119146096978e-03
4.868535589344080705e-04
6.490755908497014559e-04
2.696912559425057587e-03
1.077706317420212834e-03
9.455936564255917887e-03
6.581637009460683529e-04
2.580844077402111303e-03
9.438829279096339064e-03
1.097404618368491569e-03
2.286137466551041442e-03
2.113259177102255748e-04
3.743828283123362688e-03
4.220507122364436370e-04
2.999379243760480485e-03
5.708204834995234123e-03
8.880537203057703444e-03
3.731165962640448086e-03
1.259487322076258131e-03
1.319994873804963831e-03
1.433756825299670190e-03
1.245543407717430995e-04
1.007157545360515272e-03
1.503892125391481649e-03
7.950902737277498744e-03
4.291154420714260453e-03
1.047446148628727869e-03
6.976829530312866900e-03
3.995729733716757437e-03
4.696116650518167290e-03
1.425566282182089139e-02
2.842037271626018935e-03
1.157304653986002130e-03
1.378113539060921156e-03
9.369132082545084117e-03
1.043981370113633567e-03
8.138284698270270567e-04
4.054029657261648545e-03
2.282149784196385589e-03
4.750652080078632267e-03
7.391983778318733656e-04
4.422451137368277330e-03
1.071097882764193709e-02
1.952152146901975360e-03
1.872869226082651828e-03
3.180065271606191679e-03
5.483616507767852255e-03
2.761841384394336796e-03
5.427364671267920215e-03
4.071410710127176813e-03
3.232851389454727276e-03
6.554773553312798207e-04
4.532573633013459169e-03
2.656395879077622091e-03
1.292207451648874628e-03
5.804208362892249173e-03
2.527420171051730780e-03
2.540022416821774431e-03
2.430239122372723770e-03
5.932436192449541679e-04
2.217079374692287885e-04
4.188378526585323502e-03
3.904637948195621711e-03
4.476291148068411996e-03
5.772435702736056218e-03
1.255871698683369564e-02
3.221646562359681276e-03
2.387319077452654259e-03
9.023187194336868000e-03
3.144579542924186288e-03
4.659784141023082249e-03
4.139807698102404565e-03
1.147219999355464370e-03
4.273653030395507812e-04
4.537937580975093255e-04
1.339315615993930120e-03
2.836938536129540722e-03
2.588314964944271601e-03
7.795149031497583536e-04
1.163805884893787113e-03
1.635041146624327535e-03
2.208663274061051229e-03
2.954458964735950932e-03
1.346152099525044221e-04
7.873520678149947827e-04
2.785069145238738830e-03
1.683097720522219731e-03
4.924121621279309302e-03
9.674612467973409125e-03
2.263569493399064658e-03
2.577969422475789862e-03
2.869032346863864547e-03
5.245215509216138994e-03
3.851833591702047421e-04
3.078974383862620456e-03
1.408881851551302411e-03
7.686487601758495991e-04
8.343365572228422788e-03
9.103586574082112026e-03
4.615523367650115061e-03
3.480941339246146349e-04
9.603974194932751729e-04
1.586607813083035223e-03
1.035478682924140248e-03
5.329741852516639566e-03
4.065907151917180773e-03
2.439940342391699879e-03
3.527056249534282761e-03
5.624940624748553386e-04
5.596632837121029436e-03
1.026297828376487864e-03
2.084723641443714248e-03
3.770902846889911952e-03
2.907426669394586050e-04
2.235267346589714377e-03
7.912084131211916116e-05
5.265898744014535504e-03
4.326549332224483013e-04
4.599248996292382152e-03
1.801394795769850621e-04
8.031108683968224415e-04
5.780563651575282291e-03
2.068552614574559190e-03
4.249416573754619120e-03
2.724105180814062610e-03
2.657937185621406240e-03
5.554865023315147532e-03
5.123978392558847794e-04
4.969028550367626806e-03
8.838500110696922984e-03
1.458855433983011207e-03
6.039418303628030227e-04
1.065946480829263465e-03
1.799598077682290631e-03
2.690262751718422440e-03
2.119465675263748627e-03
1.561013200211597285e-03
1.256378455681009254e-03
2.195182118318053655e-03
2.937406595291028322e-03
2.219595250083070126e-03
2.761722374883736342e-03
1.185996311038071960e-03
7.578152728381595815e-03
2.125350917081353375e-03
1.374317632770682973e-03
1.001252854472084453e-03
1.009062959662747339e-02
3.634489861196521510e-03
2.789058801879740201e-04
3.068938851356506348e-03
7.255736961725767209e-03
8.177354132715475288e-03
7.010535862919664574e-03
9.047626320872026451e-03
7.250375082064108856e-03
1.273252779753047959e-02
8.635101164176983701e-03
6.507806973502505699e-03
1.522099351281247515e-02
1.460037791766577442e-02
2.636359881151406626e-03
1.490836132212014498e-02
1.033164593699598122e-02
2.525451995596950105e-03
3.031818648618123113e-03
8.768251265637294622e-04
2.566736579317385747e-03
2.616982166699477474e-03
1.614893084444846139e-03
9.845064641549328144e-04
7.396606992847942763e-03
2.520931255930225490e-03
3.148571925960519380e-03
1.990280692885759706e-03
2.615194215383476184e-03
7.252598410525168404e-03
3.481522531539438248e-03
2.587645211806433032e-03
6.651441381556710830e-03
7.017361628896434667e-03
4.543965359215529354e-03
5.824901140074612016e-03
3.314494146533619734e-03
8.351299288897107154e-03
3.854255006892404190e-03
4.154418169135976058e-03
3.691633605054533973e-03
7.969313427476865108e-03
7.504416377010381112e-03
1.260511826265497959e-02
1.305875924859511983e-02
1.690821899600580824e-02
1.467774512263875231e-02
1.474324498642887171e-02
1.839425605178257594e-02
1.600039099293171230e-02
1.640672977038359903e-02
9.996010866074933610e-03
7.080429171914204289e-03
5.626061737349363767e-04
3.728583032024390675e-03
5.412687074498823137e-03
9.155198226591720889e-03
4.313027445074113508e-03
1.319059212501116907e-02
6.194338813565125612e-03
8.723579934718839191e-03
1.406375109585300542e-02
5.516374524835554460e-03
1.138349700049268165e-02
1.884448979555197745e-03
5.050795499458637927e-03
9.762052293831646743e-03
3.288803792522720926e-05
1.354767509063381503e-03
5.073324362938391729e-03
9.298358617896962386e-03
5.402709783439707536e-03
8.146572940357144077e-03
8.787710771951728894e-03
9.357698708302608637e-03
2.988222081578451039e-03
7.975272951817991007e-03
1.577730114903730385e-02
2.367020029374833356e-03
1.356512966216172345e-02
1.764270334213691171e-02
9.297379935953475893e-03
7.180839306924591270e-03
8.664364694420889634e-03
6.532465621876037964e-03
3.758608542782315709e-03
1.450623962029295999e-02
5.864179284790660418e-03
4.713187646414596088e-03
2.495512037247182846e-03
6.326636305367117075e-04
1.119765009413797863e-03
3.859926755495957096e-03
8.599825367942570686e-03
3.839030720834080146e-03
1.789528864791334328e-03
7.949390057885696859e-03
7.729368631019806202e-04
6.342891450936083420e-03
2.246546068402355267e-04
5.116082140323885419e-03
9.323514410373934247e-03
5.510707194872843662e-03
4.878090571153792521e-03
4.399252896805316837e-03
4.805324863560167525e-03
3.093309018890044726e-04
2.783400591239715283e-04
1.470261943829154205e-03
3.338668436658143168e-03
8.519064364748141216e-05
5.083392001100917046e-03
2.336217119866756953e-03
4.204380211393909939e-03
7.620894006374112628e-03
4.710139066262941654e-03
7.714404480690384425e-04
2.350801267082369694e-03
3.607178712116798636e-03
4.452767808360569290e-06
2.571141306157986861e-04
1.148001948365651170e-02
2.639276090104503147e-03
8.552363148247033031e-03
3.810649508557473197e-03
5.388378250862135843e-03
2.134341546789708666e-03
8.526679469207931739e-04
5.308773239328268279e-03
1.632898763903323225e-03
4.031313001545466790e-03
2.621226130223808237e-03
1.971474158275005051e-03
3.696704277480811207e-03
2.385166259218085560e-03
2.685466681369097497e-03
2.770573934922082593e-03
3.505317288618359228e-03
6.208347832366872820e-03
5.572426300319593961e-03
5.043694649585039880e-03
6.236110622950541416e-03
3.713595942367864389e-04
4.036047998286940164e-03
8.346039790084192056e-04
1.767677275540335824e-03
2.045987908396440513e-03
5.835343986655638915e-03
2.684019952542388010e-03
2.031020561603341656e-03
3.956715673302246827e-04
1.679072479720378208e-03
3.693537757223724904e-03
3.635685902664276270e-05
2.825186831718062841e-04
7.388930426975151566e-03
1.864131551811754051e-03
3.244470417123487826e-03
4.471928891887425039e-03
4.907093213559698963e-03
7.534675793692546808e-05
1.100417167794437434e-03
3.963608941069160507e-03
3.645399932041534785e-03
1.748583811314735614e-04
1.812998193671672142e-04
3.140112014975077193e-03
1.749043114929918485e-03
2.487045733334511399e-03
1.165150832208555753e-03
2.458628408070248628e-03
3.471560599958109505e-03
2.113145726148263348e-03
4.659184298774793342e-03
6.350808444929426089e-03
9.881860990817586954e-04
5.821145318848100492e-03
7.696119956789711225e-03
6.637012309832525381e-03
5.714327226207835397e-03
2.904188275713273648e-03
6.589459649019802079e-03
1.887783596192238456e-03
3.134211014121868200e-03
6.127307608676635375e-03
8.408272586034326590e-03
7.559846628351518660e-03
1.206120764043427940e-02
6.302813720251876362e-03
1.836733769167098185e-03
1.175222994777308516e-02
4.530689129693676875e-04
1.286308960959736680e-02
1.537047838939098465e-02
8.178406709376195849e-03
2.856413272653068880e-03
7.928625078231332779e-03
5.411129832643801763e-03
5.546833626479341639e-03
2.338213123357357759e-04
1.322115257335387817e-03
3.495496342234782894e-03
6.060489344672070899e-03
6.387829216496831997e-03
2.399599326521784093e-03
1.502945596111304738e-03
1.059199131625687684e-02
2.390498242543670493e-03
2.125387124082611656e-03
6.796903790735608908e-04
1.082599351082680350e-03
8.531928438493485700e-03
6.490616580289265691e-03
8.943435145477351966e-03
1.854611308040654549e-03
1.184838427354062418e-03
3.411546678573129654e-03
1.897437527352718867e-03
1.050922660045439105e-02
9.692222914103876263e-05
3.159399288309883147e-03
4.329952155754046572e-03
3.442180645578662990e-03
1.064651019941798005e-03
1.346500702084751921e-03
2.514236168906558433e-03
7.048651623049462245e-04
1.407880512321768585e-03
4.333160089017518146e-03
5.393059471804240168e-03
1.309914355774433048e-03
5.501635067094334808e-03
3.727220586421720050e-03
5.797133460781922487e-03
6.686655316819112294e-03
2.169248997601069817e-03
6.454906065005205917e-03
6.548025818653324670e-03
6.287870158908526186e-03
4.496448047529688630e-03
1.109572427129945638e-03
3.840680566119858419e-03
6.491374142162387173e-03
1.507709831093384523e-04
1.253103984267145421e-03
3.616991855368678621e-03
3.435395869546886694e-03
5.740478211773147876e-04
5.733324902290837244e-03
4.695570807351723275e-03
1.710762924952424768e-03
9.034382714082023202e-03
2.096904471093563593e-03
5.018913971512828365e-03
5.768112673744441032e-03
2.171568407997370720e-03
1.976509387560831943e-03
1.504139945334048711e-03
3.350651978694274558e-03
2.540184684356294742e-03
2.882338096666769989e-03
4.827527217684479677e-03
1.604327362042523575e-03
3.287746327156504389e-03
7.474282656558306481e-03
9.157783601559943421e-05
6.703222399630393014e-03
8.546843513705382200e-04
3.739546150063111085e-03
1.210331070686354593e-03
5.565008154426842601e-03
9.037739094875596457e-03
5.202622349705976479e-03
1.304978169853365788e-03
1.573131475538835922e-03
2.596873026164903120e-03
3.784625970226718206e-03
5.568553972695511334e-03
2.784999387121345205e-03
2.988444517839583536e-03
3.349486773698506781e-03
1.932324671218843548e-03
2.845094689059357584e-03
8.123168245851020153e-04
9.756100196567640825e-03
4.404561376721849442e-04
3.893444966818759845e-04
1.668595177142018215e-03
4.716875989354385457e-03
1.426472272782697281e-03
3.276912759907213424e-03
4.184519360870220250e-03
2.419816300695987188e-03
4.582188012848154024e-03
3.057424672394504217e-03
2.046186089139645503e-04
7.184362467907212668e-03
5.051735447784311273e-03
5.451206529178076465e-03
1.018694522629037813e-03
4.331251236166511198e-03
1.286925577590913861e-03
1.115420357285984432e-03
2.889229860215669632e-04
1.742450502768666531e-03
4.918041430437225525e-03
1.334751630055031058e-03
5.515637081880409021e-04
1.183690614880827940e-03
5.567627092265270417e-04
5.094561338048614330e-03
5.229885457818050920e-03
4.957342796521241324e-03
3.529502061263234403e-03
7.562002266995049293e-04
3.297944315224426992e-03
5.167925771478731889e-04
4.454985590011117935e-04
1.643594460156438952e-03
2.454971477436340699e-04
2.703440114150662543e-03
2.649248539461329655e-03
2.908530953554699927e-03
1.916625757322709678e-03
1.405110635591982904e-03
4.645113125208433225e-04
7.429511201118454977e-03
3.165573774828150944e-03
3.150288802968220780e-03
4.855207440792944085e-03
2.145110620685175551e-03
3.154571124055760567e-04
6.374912424606485328e-03
3.269439522024214506e-03
7.766947291250880792e-04
3.283330483203436567e-03
5.105360261273311773e-03
1.309823162548170994e-03
3.289133098787311305e-03
3.699392197824044604e-03
8.940910362294773872e-04
1.602635880468022966e-03
5.448929683455158712e-03
6.442986193703550968e-03
4.658598911122940889e-04
7.307789620446855650e-03
9.659379814701496425e-03
9.869831452610361433e-03
8.687811083974150694e-04
9.819788558626023345e-03
3.400071926579484316e-04
4.488448580074758110e-03
3.634849292951804201e-03
1.465945790759772688e-02
4.185602444955610624e-04
3.390046194994694728e-05
1.151392329190431552e-02
2.936424810897661497e-03
4.732604212001334520e-04
5.497704568533490210e-03
1.754287971119025680e-03
3.158184538128161467e-04
4.573285861722314882e-03
5.960487134825165345e-03
1.125622246919755209e-03
2.461526014075288149e-03
6.584000982320648010e-03
2.193235354468636711e-03
2.841295598057180793e-03
3.645937807552457333e-03
6.054400081514366150e-04
2.211059587611030608e-03
7.276049923821581444e-03
1.613082193801851361e-03
1.092964918455452406e-03
3.345575806470324487e-03
5.570763481152152252e-03
5.516018213157725114e-03
1.008241522575392679e-03
3.670749228082970106e-04
4.228478162446647204e-03
8.247353677117708060e-04
7.171303691921870893e-05
7.417469934710152479e-03
4.734152875112029868e-03
4.625904447272732867e-03
3.482017795370162538e-03
5.558601313208955119e-03
3.070877741564004282e-03
1.249974646402862710e-03
5.120327232011834262e-03
2.023479163834718264e-03
1.168646835002284945e-03
4.549435824625858160e-03
7.497280930119032405e-03
6.830361363263648400e-04
4.608916371402704826e-03
2.089960529977230586e-03
4.957320374269214014e-03
3.072919529695239405e-03
1.994616977799901214e-03
2.977904837214273570e-03
4.752296002505373984e-03
7.495738730445622444e-03
1.836245932413604898e-03
1.852815647606642635e-03
4.109728975627002789e-03
1.631849590536171846e-02
4.658803390779731046e-03
4.189729314497236956e-03
2.976721769627488356e-04
1.160125495507513538e-02
4.445848592824375167e-03
3.796059438482823900e-03
1.576205721412926586e-03
1.992289952299497457e-04
2.381487787709968273e-03
3.800060094719004411e-03
1.420943142863895226e-03
5.129199110747162393e-03
9.503272429626230533e-04
9.304062425150083637e-03
4.690943832277139069e-03
3.887634454089405889e-03
1.722620300690091977e-03
1.724121416404822416e-03
5.118536178245924884e-03
2.783124755233623571e-03
5.450715966028862880e-04
9.200365291408940660e-03
3.709364858711539092e-03
2.781205372855422020e-04
2.478930194295181355e-03
3.330915038141923912e-03
4.119228677418707019e-03
2.088295830537101327e-03
1.899715289708558963e-03
1.268846097428721897e-03
2.565905592795070245e-03
5.699546179184777905e-03
7.469779403427800890e-03
2.041995337332846994e-03
2.454625319231185099e-03
4.256317010061239081e-03
3.025306512128678182e-03
1.209663385848491757e-03
4.236104924596084675e-03
1.382459601393271065e-03
3.393668481604383835e-04
8.254992002944439022e-03
3.531223591946019980e-04
8.810708105376097166e-03
5.493847165574050617e-03
3.325172027202838443e-03
5.144996973994397926e-03
1.828187459650854052e-03
6.644233450152525755e-03
1.731329253795377277e-03
2.430825579429640726e-03
2.225815027670163815e-03
1.199695966221159260e-03
1.282033672092064425e-03
1.084478307597502855e-04
8.884176658907061430e-04
1.572220530419693452e-03
3.347711796264168926e-03
3.959584781424108080e-03
4.124026804316310857e-03
1.761403745657252884e-03
4.478353854233535492e-03
3.896257854786588926e-04
3.280767365961057003e-03
3.474993002527515529e-03
3.540366747025819327e-03
8.769899794731916831e-04
3.419020386524390664e-03
7.747328995906244131e-04
8.505295127724243898e-04
1.904086171640589908e-03
9.501304724238990307e-04
6.104491486534358025e-04
3.848743363509793403e-03
5.384512363172111460e-03
5.898129159719794901e-03
5.815249277214135093e-03
7.426896446886877001e-03
1.746601627828192616e-03
2.281268218338294851e-03
6.820260162233166001e-03
8.446576984522835563e-03
4.678742554661607933e-03
1.788755743661524233e-03
1.822831878902780867e-03
3.295416805646406155e-03
9.111136644608580637e-03
1.719487625341686865e-03
1.698430568825931575e-03
1.851645083833508565e-04
6.106303552347772112e-03
6.318538816945412639e-03
2.932582297347691158e-03
1.152881970540961531e-03
3.353204166851586621e-03
3.988322211364844772e-03
1.363072391564162933e-03
1.184804699962446750e-03
3.066439310834986887e-03
1.453324071240352788e-03
2.974312940512549575e-03
3.673199129405460561e-03
1.142707288453255476e-02
2.734825966956108689e-03
6.114235717791488556e-03
4.002319208172969156e-03
5.894132452056236038e-03
5.780052687467458761e-03
6.148360992784755730e-03
7.578348652797564644e-04
1.989310924610125653e-03
1.541939143925807887e-03
4.399714444996080664e-04
1.375254423413366928e-02
1.148104684115960200e-02
1.307084836206791334e-03
4.140579327133010051e-03
1.068986063435297534e-02
4.480956547911210675e-03
1.206912656023816435e-02
8.753997085348640822e-03
5.325456940545479287e-03
1.023865576278218392e-03
6.782647320701027521e-03
3.385215480620901163e-04
1.091126143368260915e-02
7.449970542444409038e-03
1.049487325671338844e-03
1.519371799490049080e-03
3.858211946788259183e-03
3.057293335345989682e-03
2.034329089456443640e-04
9.266293199280406512e-04
1.644582778497438724e-03
1.574365592529325397e-03
9.256681245208286946e-04
2.738666365199260433e-03
1.025428907352243790e-03
7.914269572176779732e-03
8.802778713334902250e-04
4.663247039265461247e-03
3.272521947084494620e-03
4.720329298205983015e-03
1.880519021573157090e-04
6.638608708366633415e-03
1.706309122994076333e-03
4.972496619359945136e-03
3.551816150593078980e-03
4.176161078624507361e-03
1.431321684118302962e-03
6.651409228893512271e-03
1.087007086359781383e-03
2.950675103942645983e-03
2.119788236046415975e-03
6.583041197117944776e-03
4.347960467594225165e-03
2.814087393908093482e-03
9.314607746591097026e-05
3.015645294911495355e-04
1.192855910171819467e-03
4.304308432509840188e-03
2.819136866259674967e-03
1.778091541976167811e-03
2.765411270153617096e-03
7.625605029638604648e-03
3.064026779932893518e-03
1.168251131611286464e-02
1.154865564231943864e-03
7.116752468073084259e-03
4.917527034831725707e-03
3.315475648886012650e-03
3.862365939263701087e-03
1.349095102364361587e-03
5.173868749419940904e-03
1.497936286384748961e-02
1.016943010998072605e-02
2.758455953387750625e-04
1.094263622813396175e-03
2.636730106847173793e-03
2.442361992616381983e-03
1.972091310783907758e-03
4.298513244003099310e-03
9.635242565949275750e-03
2.648656300565765953e-03
6.403432283491605759e-04
2.532111733493769279e-03
2.029096290512288903e-05
4.680488199841681407e-03
7.576965007120017859e-04
1.953749344552002665e-03
2.920352792138203313e-03
6.643434804320724751e-03
1.768031706945394355e-03
4.982755575270170212e-04
1.246026167734171075e-03
3.551383687870723893e-03
1.822532821528943803e-03
6.562162084910450055e-04
1.828731422544638274e-03
3.958475608554945513e-03
3.785617908092508976e-04
4.083385226854363559e-03
