# {'contam': 0.9536272002496927, 'q': 0.04647721635722144, 'nb_class': 6, 'thres': array([1.61639265, 1.61639265, 1.61639265, ..., 1.62908411, 1.62939021,
#        1.62939021])}
9.358916293088155314e-01
1.638997310383744632e-01
1.304911164430731185e+00
1.337246440197843222e+00
7.361977291058582340e-01
4.498263349017548318e-01
1.391843312227658780e+00
1.441283916990552472e+00
6.384031353196477632e-01
4.823527349783369722e-01
1.470004816016878157e+00
1.361420743684267354e+00
4.716294793839576061e-01
6.453948835927552086e-01
1.342357521496800210e+00
1.257917609662547065e+00
5.573253141518393905e-01
8.917919809105409046e-01
1.425335642587066021e+00
1.313752070497858027e+00
1.269752987147323986e-01
9.284840888461048936e-01
1.513180501746439921e+00
1.268994715518474203e+00
4.876417704009054083e-02
9.184319759864212340e-01
1.434101736333623700e+00
1.052802381497401241e+00
1.923030751718875914e-02
1.196475789216473906e+00
1.506018291056223424e+00
1.015174890507363648e+00
1.522644513277177369e-01
1.121121948424312897e+00
1.583495805795084976e+00
9.202830433576999480e-01
3.139689460098771256e-01
1.297815320467134104e+00
1.487494605237903000e+00
7.520660474569677012e-01
3.167311695326499588e-01
1.361669059717987906e+00
1.493953206185270943e+00
6.308765609985678147e-01
7.192826788733430732e-01
1.427706850532405092e+00
1.351752545350585200e+00
3.179730640364863969e-01
7.320241218547275386e-01
1.456387350366793232e+00
1.362419521415934476e+00
3.274096874978555394e-01
8.582762969961084121e-01
1.541311427612449547e+00
1.150834362800315258e+00
2.173192625730475114e-01
9.089692236179713891e-01
1.487811764111239832e+00
1.037982444848371655e+00
5.677018967700733082e-02
1.103611754847309667e+00
1.463895785724899534e+00
9.419990085520139056e-01
1.338636076466661606e-01
1.209183731605515844e+00
1.470677112086395066e+00
8.019904185907233973e-01
1.719073530719557319e-01
1.129797256093886260e+00
1.483303112981609440e+00
8.654606058384971545e-01
4.321009949153495344e-01
1.386323197281263964e+00
1.416554682131392795e+00
6.963875354370677728e-01
4.804031562735862626e-01
1.453301302672080242e+00
1.265450909739604946e+00
4.986622652101612707e-01
6.902574086137026610e-01
1.474526902729659028e+00
1.188541582975331634e+00
4.252410874869677615e-01
6.564152619648766507e-01
1.485941121117002384e+00
1.307630388999578175e+00
3.126637094429621233e-01
9.242717559585994502e-01
1.475191656704594401e+00
1.062096901615595002e+00
8.858778840225139950e-02
9.721602453482565132e-01
1.549017671142068675e+00
1.135604302961939371e+00
3.636230273458727902e-02
1.085364777325032559e+00
1.499592489307510546e+00
9.412011187939037793e-01
2.206490378696071841e-01
1.258767139865338169e+00
1.484440284014656664e+00
8.263180797312731363e-01
4.517816120094522714e-01
1.349556294601462092e+00
1.520024186184663728e+00
6.677300592442274585e-01
4.147705959878862370e-01
1.467844237192176937e+00
1.504442178499799887e+00
5.763127874634216274e-01
5.814625948860638882e-01
1.322855899260258372e+00
1.391378000965723727e+00
2.701152751784994255e-01
6.969458356454587555e-01
1.535476945322827635e+00
1.281388920795977215e+00
3.190725615229663137e-01
8.942916372135035763e-01
1.512431938328268499e+00
1.306767468934610488e+00
5.027074684797968457e-02
9.953303227080187998e-01
1.600975339698132549e+00
1.102708465366237345e+00
5.097187996776802316e-02
1.153510557349525012e+00
1.517059194655951515e+00
9.832343447032931838e-01
8.168204136349375977e-02
1.204561782574964157e+00
1.533559336392441796e+00
1.007653207351105973e+00
3.623435866025866425e-01
1.355944497382256086e+00
1.574872127788905285e+00
6.974392194047314142e-01
4.883154869828267297e-01
1.353780938096635023e+00
1.526717518268160267e+00
7.752474837948911679e-01
6.197094046051057070e-01
1.364094195411472477e+00
1.340522072511644014e+00
5.140238846388351934e-01
6.898750678118191759e-01
1.622960579058135622e+00
1.358868632621735406e+00
3.455370009795037944e-01
8.386642520648808219e-01
1.377437404149647548e+00
1.448856090866269097e+00
3.959440529371938688e-01
8.167613186970391626e-01
1.459348082637396127e+00
1.190204670623337568e+00
1.381932074521326909e-02
1.094379600932383845e+00
1.421262743581268584e+00
1.127449502440933671e+00
7.024206286958425971e-02
1.081190404335606203e+00
1.502549720771032771e+00
1.035253377134776942e+00
2.437869887627397703e-01
1.153819170430905983e+00
1.489489064767508308e+00
8.948074047251857177e-01
4.073564679872115901e-01
1.550315769627603091e+00
1.497763209918390848e+00
7.670947424347891452e-01
4.707390659618410078e-01
1.370250969578645561e+00
1.457909425436047846e+00
5.058013825403486763e-01
7.565282950985601218e-01
1.441231648825491263e+00
1.336216073628064160e+00
4.418504925300998920e-01
7.689052973581607109e-01
1.553829413224522060e+00
1.235243397620234385e+00
2.786535213508573583e-01
8.410016228273746730e-01
1.467743388767250634e+00
1.216044915416407246e+00
1.721621059448807112e-01
9.271918664064110471e-01
1.439340177712043589e+00
1.089801910223090475e+00
2.844764583915548178e-02
1.238913223524565010e+00
1.499417515606353835e+00
9.914140413350968073e-01
6.801552769970960199e-02
1.186918713400653136e+00
1.511796932748130873e+00
7.499823458559538025e-01
2.245216914993989621e-01
1.428168789124089066e+00
1.410813923820107618e+00
7.902473526677293858e-01
4.923458545690551635e-01
1.367564966716042774e+00
1.471341761754334065e+00
6.670390639691212709e-01
6.452338993157286096e-01
1.376002006095886632e+00
1.408492291637411409e+00
4.993534783649283271e-01
6.262745742124838921e-01
1.482253089251827971e+00
1.394558555136906852e+00
3.387437858187103412e-01
9.077541984530101971e-01
1.655286382138343226e+00
1.232577523799247787e+00
1.885550244515896146e-01
9.125165129246205487e-01
1.583198253529737975e+00
1.238709963070887099e+00
1.404717776767600568e-01
1.111391587290845973e+00
1.503574136385920079e+00
1.111647579659638341e+00
1.395762997030155182e-02
1.231553733723685262e+00
1.576983865006616359e+00
7.530129500265595466e-01
2.538234414628058322e-01
1.326528558052038287e+00
1.498654188937515785e+00
7.433002890191686696e-01
2.823842622731300711e-01
1.448888279988435057e+00
1.552651983094888832e+00
7.642978719663189313e-01
3.079648306630052845e-01
1.480593821521638320e+00
1.261224361283787010e+00
5.151943255533345534e-01
7.131834183568820373e-01
1.416068395489969545e+00
1.382665273720738552e+00
4.259690381225224587e-01
7.430561094738949990e-01
1.442993491843261200e+00
1.262512687662255884e+00
3.306254847340264758e-01
8.224619069160881146e-01
1.498574821929937073e+00
1.002398106100977238e+00
1.852298368225163139e-01
1.023112789173133752e+00
1.446514531896643474e+00
1.004492032481049346e+00
7.570216271829777188e-02
1.115793228550393090e+00
1.554453338458842149e+00
1.096446210342939764e+00
9.436917266887380473e-02
1.241776902549985850e+00
1.569918907293818444e+00
8.651452276842127587e-01
1.646089831900000855e-01
1.209632829237668350e+00
1.474504138240913198e+00
6.696711748322582425e-01
3.920336229765815084e-01
1.267418236600823533e+00
1.497005938649113022e+00
5.723482213983294153e-01
7.517339825898561312e-01
1.468552390994907419e+00
1.389891741635181699e+00
5.586563716750823083e-01
6.429225799819919818e-01
1.466165952848306642e+00
1.287979378153309096e+00
2.678582110496087187e-01
8.916724685901556979e-01
1.548267605742678743e+00
1.226508185674936913e+00
1.997691780328229860e-01
9.223603127770263477e-01
1.490117930236203758e+00
1.203450477649951056e+00
6.959678126251275798e-02
9.778198473272117219e-01
1.560845034254801034e+00
1.043954550352493849e+00
1.166637255378964316e-01
1.089878591863549184e+00
1.392906755793153817e+00
9.048625283477104153e-01
6.190993997728168330e-02
1.389544079564457579e+00
1.721794593322200528e+00
7.315966581854300710e-01
3.840213283252169041e-01
1.342930003023171448e+00
1.477244205706256031e+00
7.029664458248157111e-01
4.282450223260121369e-01
1.265855785699118607e+00
1.394564472391633503e+00
5.330056125414914803e-01
6.861875353172617320e-01
1.443478021343294282e+00
1.452230621699845070e+00
4.193018084382403865e-01
9.258354203400309679e-01
1.521432678414246675e+00
1.194924570463728575e+00
2.532004901356034732e-01
9.849746055570228753e-01
1.607412019131446268e+00
1.095865904548680492e+00
1.303229409224057611e-01
9.994100320263199499e-01
1.518433486971056734e+00
9.879004992770380467e-01
2.099451485385894073e-02
1.036664480538097344e+00
1.509972403613772718e+00
1.020840428562873381e+00
1.914911335670314574e-01
1.319512736931603092e+00
1.401741920092452576e+00
8.641316392402724755e-01
2.690773116421454891e-01
1.347779685656971038e+00
1.474104154473553363e+00
7.209992403357797786e-01
4.122258682352673564e-01
1.377662283467886439e+00
1.469967204146840789e+00
5.351023833073697000e-01
5.927395365171777009e-01
1.485832153818266166e+00
1.359698220268217295e+00
4.835761044774272155e-01
7.576911175726338543e-01
1.360483846490303739e+00
1.411930841212934773e+00
3.252675153048767420e-01
9.796028092114907881e-01
1.381983465673140898e+00
1.371410070404558423e+00
1.568646437532267846e-01
8.968301268208814792e-01
1.481415249138686274e+00
1.004993566892558921e+00
2.230062701418063578e-02
1.049156712925626289e+00
1.513122770388467764e+00
9.516691210907977094e-01
3.806325589084385425e-02
1.229335309715624103e+00
1.599017834577307173e+00
9.286951756052381768e-01
4.534687616777932639e-01
1.166185653293589253e+00
1.414438981087660085e+00
8.325452014117699084e-01
3.463421660613154596e-01
1.376798607661828822e+00
1.501652607243487925e+00
6.943265540180851847e-01
4.723630122985945090e-01
1.475509679821352060e+00
1.450132488613026238e+00
5.046042002691110140e-01
6.522060633578674604e-01
1.495106595697275775e+00
1.353373381219211469e+00
5.365534885774623231e-01
7.390802226438274447e-01
1.426818960717233020e+00
1.151638352635460771e+00
2.913662329867552359e-01
8.924147978919608759e-01
1.424735088010868234e+00
1.169610979041801668e+00
9.173567709789243185e-02
1.126927204167550878e+00
1.571308694430267217e+00
1.071996091814375607e+00
8.852415691272691456e-02
9.211859375654829485e-01
1.592768610691942754e+00
9.694398855378354440e-01
2.232466650749816706e-01
1.110465629709112667e+00
1.709899351101483944e+00
9.660224866546293088e-01
4.087545574756331068e-01
1.448271218694818563e+00
1.550474613007073454e+00
7.468682096366705547e-01
3.756715523876166807e-01
1.305961088671911741e+00
1.503092740496070334e+00
5.561204320135616497e-01
6.141099045234532650e-01
1.455414276572822851e+00
1.417668883913918876e+00
4.675695938063952894e-01
7.183729204804357726e-01
1.491618420488061592e+00
1.239450371893886960e+00
2.600803533642782606e-01
8.598925940928021650e-01
1.522857858679692367e+00
1.236960508444596263e+00
2.661473818458793827e-01
1.017196631274653873e+00
1.500403469796313560e+00
1.120260508295487067e+00
9.267179149581053488e-02
9.698614964909565428e-01
1.572342007922865825e+00
9.866048160137272927e-01
1.959529963874294678e-01
1.232003641796128202e+00
1.574769072960856109e+00
8.634133814404229001e-01
2.049542171120896095e-01
1.244909126259794441e+00
1.438375389187045439e+00
7.628297448326948338e-01
4.637034303274524816e-01
1.143100694466282707e+00
1.388150981397655137e+00
7.881961192047908238e-01
5.141364802429887471e-01
1.353662266781141987e+00
1.414294888045094289e+00
5.433296173960053821e-01
7.726069552939474061e-01
1.567497625391342853e+00
1.251721009139245000e+00
4.353072051651687424e-01
7.633754946369468719e-01
1.601499997057259206e+00
1.276946540800315777e+00
2.548400618782702964e-01
9.164523349352039494e-01
1.696612080640483189e+00
1.194650348983437915e+00
7.221910017145892480e-02
8.836692417203484418e-01
1.428881615873331734e+00
1.061083491234160237e+00
1.357638446123858415e-02
1.104416696205047232e+00
1.509789222004408238e+00
1.016500097300493177e+00
3.329028809616724205e-01
1.299264522849032710e+00
1.623681677478776564e+00
9.451157548383239959e-01
3.817566172630997845e-01
1.390469547229572722e+00
1.520902374731696982e+00
7.145283637943855570e-01
3.646774125575575343e-01
1.437742140603175400e+00
1.560017760141107601e+00
5.602356315531445974e-01
5.803282128942701679e-01
1.478810654200703567e+00
1.330669183020791069e+00
4.484766286471864039e-01
6.176237309095244932e-01
1.644760611593196753e+00
1.346479999068065814e+00
2.644877731477058846e-01
8.312704899695737559e-01
1.474614628836375729e+00
1.189216949239439769e+00
9.389122124787352419e-02
9.433619638654012762e-01
1.521929738096015505e+00
1.203177987643591518e+00
2.308142716575170561e-02
1.097450252369666313e+00
1.608135026276761970e+00
8.988902352903466175e-01
1.692465764512191551e-01
1.001009876445568381e+00
1.449735669634683921e+00
9.627165324895095022e-01
1.990633800353570071e-01
1.297264198184345130e+00
1.569599522010231452e+00
6.767652002113954124e-01
4.390127201809646551e-01
1.472297533754937771e+00
1.515906669070316237e+00
6.811193413605732827e-01
6.656517997271549358e-01
1.358704442443399385e+00
1.400634939353460728e+00
6.814630997292319137e-01
6.563181435387477336e-01
1.493490671898832556e+00
1.406548722283511577e+00
3.629285539518654069e-01
8.385479118686159916e-01
1.623162371669023551e+00
1.244464141334740148e+00
3.571593557155380294e-01
1.122855571257091789e+00
1.554869129534757199e+00
1.260604286288877995e+00
1.023787951192704077e-01
1.135924126076343299e+00
1.541035929277529748e+00
1.193701435090313234e+00
1.177413466349745835e-01
1.251007789695824490e+00
1.477398570228845243e+00
1.023280836656076831e+00
1.175298371914269419e-01
1.296964789409722263e+00
1.559898348941451962e+00
9.400066643322517734e-01
2.004586746906634465e-01
1.437704089982723366e+00
1.365543206817648070e+00
7.394059661269573036e-01
6.057645281868269116e-01
1.411781631557990968e+00
1.456173522940156451e+00
6.341922086180650231e-01
7.043206068086670379e-01
1.415199331279455741e+00
1.366665485199072272e+00
4.040266469508492775e-01
7.424688322697915455e-01
1.314115037206875725e+00
1.347265809288750837e+00
3.492943043495907451e-01
1.018230915764615441e+00
1.426349960782032467e+00
1.272766015309269472e+00
1.294978039559220584e-01
9.459219984937683456e-01
1.517937868297721815e+00
1.105831323069603300e+00
3.723068182145522487e-02
1.231385556979532669e+00
1.623165820647918922e+00
1.084265441696828924e+00
2.874525336068316506e-01
1.058479250857180309e+00
1.578046269771654186e+00
8.678691971119956161e-01
2.538275883195351135e-01
1.182900879600521593e+00
1.552673733440972148e+00
8.263218041057724950e-01
4.001361658745957728e-01
1.337260531455531920e+00
1.539132772978413222e+00
6.074645430134544277e-01
5.825095419091895765e-01
1.437787360264022762e+00
1.302368538272984377e+00
5.166379863614666279e-01
6.163319761448861067e-01
1.444827298928683001e+00
1.389772687745494339e+00
3.970416102049155738e-01
8.106147722483026952e-01
1.437541023613110980e+00
1.213348057094593813e+00
7.649467586978217493e-02
7.389802648271895924e-01
1.577479391685064236e+00
1.180197467281933532e+00
1.491264829052556251e-01
7.820972791284709347e-01
1.481733031477884266e+00
1.077569559417061118e+00
5.836854907278908600e-02
1.165298938958418518e+00
1.586513575911574936e+00
1.040667297751681319e+00
1.137212393640342767e-01
1.440373641920488446e+00
1.643815438108083393e+00
7.800357916793323465e-01
2.790216666037370064e-01
1.198973926988234684e+00
1.540690592182956342e+00
7.965436077076997190e-01
3.945919372596578545e-01
1.520864882824761954e+00
1.533249429929523622e+00
6.260419324303264643e-01
5.232424953442473825e-01
1.418251005279768551e+00
1.325291073886181614e+00
5.692429675947427992e-01
8.040182224197810479e-01
1.463361807686461180e+00
1.394815470208509822e+00
3.995268169074422393e-01
8.697095983200698877e-01
1.525369063633681410e+00
1.286165001580963585e+00
3.131849760616528533e-01
8.140187580048654503e-01
1.584916918861723367e+00
1.139348289402323022e+00
2.607376993677906069e-02
1.121847467060563597e+00
1.465697731683816452e+00
1.087939768970033416e+00
4.896030793383463961e-03
1.064999009246973216e+00
1.515460896065390139e+00
9.174382882472589262e-01
2.256069364201236660e-01
1.427530394561320248e+00
1.391785850177060357e+00
7.636599962108682194e-01
4.123663713987433810e-01
1.354597539754934576e+00
1.394366015642993784e+00
5.782833501396446030e-01
5.101601744420747320e-01
1.344503501796683764e+00
1.477887377799316893e+00
4.401644175255318703e-01
7.977916460146534661e-01
1.500834175890693567e+00
1.384592916141845542e+00
3.865648759530651568e-01
7.870685067842480009e-01
1.589344248968634910e+00
1.180389585153950316e+00
2.952311033732634149e-01
9.950470557601420740e-01
1.388866897952345303e+00
1.158438939229396114e+00
8.709438581727280138e-02
1.024507663310737060e+00
1.513107284090335902e+00
1.098749566458632865e+00
1.035531005763150048e-01
1.119062091152045246e+00
1.422343269087914308e+00
8.533104686776538106e-01
2.802535584704970439e-01
1.360779129191561854e+00
1.514188103568898880e+00
9.274498188469790794e-01
2.748339700502074323e-01
1.109446688186017660e+00
1.579073143824470504e+00
6.860770976561126888e-01
5.700413664740278108e-01
1.461859611786432200e+00
1.263934737832822286e+00
4.898991739048544902e-01
6.196968905034888619e-01
1.420603723312578559e+00
1.324192598833696666e+00
4.683494177716615026e-01
7.806605480636851224e-01
1.670459263812508421e+00
1.305575586454266412e+00
1.984186350018579126e-01
8.071069074024255219e-01
1.422770106017987146e+00
1.248763205446578706e+00
1.779282753601668376e-01
1.047271265976599031e+00
1.490634011186699137e+00
1.072037414751109363e+00
4.634439246329298545e-02
1.198646612691047997e+00
1.634539322133527151e+00
1.116451428632136311e+00
1.778426887724056660e-01
1.226066416458155395e+00
1.492781468250792276e+00
8.399203003551649616e-01
1.888649733488722282e-01
1.229024284747352702e+00
1.617719445911954379e+00
6.929080413905563951e-01
4.838491306259908309e-01
1.230847576769617424e+00
1.454019315704719206e+00
7.630355016166822102e-01
5.680720021478633530e-01
1.459784972453348040e+00
1.390334850229975050e+00
4.812382253067095106e-01
5.520145322321432513e-01
1.449949040984214843e+00
1.167655924467230655e+00
3.932936967083611179e-01
7.260774335940464175e-01
1.560261983126452590e+00
1.320095749231160909e+00
1.900219874439758594e-01
8.687988514750117908e-01
1.383975221700492586e+00
1.220618476241376316e+00
1.051469490292051695e-01
1.154736766493896116e+00
1.643083622830480817e+00
9.901348996610714881e-01
1.139890562189773415e-01
1.243267826044640811e+00
1.490981218837636346e+00
9.333842245883708921e-01
1.713580680676896895e-01
1.296521440920733292e+00
1.516215587078969085e+00
8.110071714752642436e-01
2.271656136610201993e-01
1.247281752319140180e+00
1.529549918279263787e+00
6.575076259914168775e-01
3.087309443828487043e-01
1.240253905433623238e+00
1.321107131647196065e+00
6.358052707160919415e-01
5.453063392763011219e-01
1.377700182567917153e+00
1.384928950463917063e+00
3.983461478732848171e-01
8.261385638231799611e-01
1.417103631698439781e+00
1.340462897283300370e+00
2.616365640150153937e-01
8.044485901772576719e-01
1.436720168612033888e+00
1.297749134856999831e+00
1.891980249202492026e-01
1.020656122983380376e+00
1.457787990521748789e+00
1.069097461390530412e+00
1.885366255732911014e-02
1.032122275145311185e+00
1.424379603264995797e+00
1.000979444799581675e+00
1.816374779721946497e-01
1.171794126378020939e+00
1.468915562618257065e+00
7.860209428997285697e-01
2.992722315943494582e-01
1.143048324348786782e+00
1.511359009234095607e+00
8.015304487632800567e-01
3.264729171029624455e-01
1.484544950633206239e+00
1.429609750765464149e+00
5.256937543712459915e-01
6.262039097255126530e-01
1.443229559231705483e+00
1.434277112951484412e+00
5.670187358754995577e-01
7.108541183024631449e-01
1.389002433921932234e+00
1.340835957278076584e+00
4.528168666779636142e-01
8.017770980555118943e-01
1.533910173335264249e+00
1.297930657740727467e+00
2.362883430778866534e-01
9.438383844906728104e-01
1.579407523708330263e+00
1.196250494247387497e+00
8.093177715356066060e-04
1.047363314682834945e+00
1.546108774076568659e+00
1.122693871245666219e+00
2.016908374244908569e-02
1.104183299502058846e+00
1.534479611015176381e+00
8.607451906753785797e-01
5.771319993260215497e-02
1.175569064086079196e+00
1.471525763275520093e+00
8.032830699766182470e-01
3.347400140224016662e-01
1.299419535298855344e+00
1.517444932658659429e+00
6.615587348592504302e-01
4.012639306090086122e-01
1.336422766804180373e+00
1.355810413159241445e+00
7.285030373869784137e-01
6.416016966855067061e-01
1.354991945193297243e+00
1.387598556934130034e+00
5.653115674022661796e-01
7.600196572023097952e-01
1.479473848668855451e+00
1.190862974069161861e+00
3.384644760609070158e-01
8.889685669799008982e-01
1.526470248738364566e+00
1.217787701017731594e+00
2.304834659460610613e-01
1.077907653465880244e+00
1.474899263276073569e+00
1.178405515469295839e+00
2.928213825617027519e-02
1.066658446695329054e+00
1.569369684318371982e+00
9.680864700061080352e-01
1.040444750227609710e-01
1.075293663250008747e+00
1.630048359135375380e+00
8.697199473694134930e-01
3.142126740682874009e-01
1.351015407854485595e+00
1.530876905992239578e+00
7.589539572856023320e-01
4.332915856874062777e-01
1.398298410142633674e+00
1.460594669062492912e+00
5.553843664062768637e-01
5.692088727233974854e-01
1.346376957503442551e+00
1.400085245000551648e+00
4.920863454108841406e-01
6.666215783430441411e-01
1.593545239221263676e+00
1.241411306163213712e+00
3.721968238021508557e-01
8.095240316699943151e-01
1.405835033143824742e+00
1.196837844637402393e+00
1.814997965791977363e-01
9.140701376918265453e-01
1.538810931216068045e+00
1.113864915767028618e+00
7.497371486759492332e-02
1.056456978104740596e+00
1.531283927306134052e+00
1.071763600753232515e+00
1.825368029062895692e-01
1.112544853705125236e+00
1.551227653563087117e+00
9.196900432382409951e-01
3.029223807028812443e-01
1.160241265382739639e+00
1.562024288684457307e+00
7.276154184806308267e-01
3.615239104202997433e-01
1.243334125007313107e+00
1.385966091864909933e+00
6.844955475927488875e-01
4.823181591693917469e-01
1.423008530108652803e+00
1.353979912807616648e+00
6.832400546842747335e-01
7.298531454165722021e-01
1.500410988508689369e+00
1.233433828448984304e+00
3.389346061201659044e-01
8.052621247607195665e-01
1.639069580314540087e+00
1.365447547046703125e+00
4.027833619410789434e-01
5.908514772932438319e-01
1.443423069825236382e+00
1.202917559754970833e+00
3.523799815913393196e-01
9.593263021011290137e-01
1.444719452360055056e+00
1.076502988230853441e+00
3.589237030692661590e-02
1.082581440234123837e+00
1.437962896282406700e+00
1.026840724933253179e+00
7.685529189040202214e-02
1.263823564835026891e+00
1.626090492418904354e+00
9.234853331266501542e-01
3.973268669382619134e-01
1.295342650972536536e+00
1.390657966444700966e+00
7.904014728948660640e-01
4.942237556988393621e-01
1.315206606025709934e+00
1.500956598102885842e+00
5.769364171965523092e-01
5.295791496187827185e-01
1.345257239082077616e+00
1.361841304161063970e+00
3.943283896155174162e-01
7.157076254586121067e-01
1.524435524425799215e+00
1.431097656332170009e+00
2.810290766533634077e-01
7.621484239976722419e-01
1.470512717960175131e+00
1.380142837460249572e+00
2.762193680827331188e-01
9.503431873313912259e-01
1.658640140139769015e+00
1.003850810221685430e+00
1.978224674234688868e-02
1.156601206187880537e+00
1.537815966642995580e+00
1.195342671113543309e+00
5.508348595126387470e-02
1.103909305352258174e+00
1.433421624246783210e+00
8.388011539356569068e-01
2.257151588967340750e-01
1.216321661847545643e+00
1.557356909040917614e+00
9.219963768767556189e-01
4.624407084987500749e-01
1.497493388298223316e+00
1.488106071307961242e+00
6.021552484114225390e-01
4.810055383596724687e-01
1.378608344764520099e+00
1.459581793597809929e+00
5.560359212910702675e-01
5.709048460592061058e-01
1.435423021917091146e+00
1.355433966247778343e+00
4.628768862131832917e-01
7.556905454997013827e-01
1.620257696321230734e+00
1.109227263706646038e+00
3.198679864637249959e-01
9.271998434937518407e-01
1.549867264415385026e+00
1.169649345796842654e+00
2.408312269819528062e-01
1.113735382268608243e+00
1.448046684021224273e+00
1.056694477251299391e+00
1.143408638670245260e-02
1.032398926867646560e+00
1.679054540489056668e+00
1.017093013750258734e+00
2.240745213648479839e-01
1.147436221581900284e+00
1.429826417248903470e+00
8.219067046887762462e-01
2.581303902647903437e-01
1.353099339278109436e+00
1.453283636297860060e+00
7.934869177205920998e-01
5.319847183347538033e-01
1.341916528682518983e+00
1.511609861569790603e+00
5.095006523859226810e-01
7.046115069039774470e-01
1.429703291466658976e+00
1.281918211952998155e+00
5.398777111950103791e-01
8.122808394491826123e-01
1.362805740154882983e+00
1.252775117542160865e+00
3.862648501521832034e-01
8.122164383836667501e-01
1.400296657017647384e+00
1.227346645972438033e+00
1.391268253157189050e-01
8.039755473533648500e-01
1.505344384367824251e+00
1.195432997525705865e+00
8.486967574789480717e-02
1.102712738784425772e+00
1.568491789039154316e+00
9.670180459659326599e-01
2.377294908697477893e-01
1.170402910191485901e+00
1.585148205913029074e+00
9.584249565374053370e-01
3.098447139316775623e-01
1.409208608655231121e+00
1.558038105759427916e+00
8.946538525191702895e-01
4.463506811760717397e-01
1.461605565454662914e+00
1.501783684427779653e+00
5.673851486164531721e-01
6.096577361145075757e-01
1.298933151472577263e+00
1.430829026617836286e+00
5.833241024501323313e-01
7.167619007490491079e-01
1.604654544092575685e+00
1.349442840349533324e+00
4.714943931616294437e-01
8.315996673324699273e-01
1.466600518908500295e+00
1.378104522280566790e+00
2.290015836957155493e-01
8.698831903800036125e-01
1.472318527625851248e+00
1.252599978396627289e+00
2.508101346001225668e-02
9.798881680541319250e-01
1.705415855217173426e+00
1.091100481630305152e+00
1.679915385541562445e-02
1.174419741184771881e+00
1.556069495240739897e+00
1.033960786386579400e+00
2.028531433599510825e-01
1.281812418189582914e+00
1.450782356857968525e+00
8.927467895970202516e-01
3.662246794281822093e-01
1.317757911787380776e+00
1.585825047184470149e+00
8.525804173970268351e-01
6.107277259801268121e-01
1.416648122625276507e+00
1.391911516146709937e+00
4.779357363755462607e-01
5.355443444602785430e-01
1.428015422047707483e+00
1.392714256709231657e+00
4.438871504895399722e-01
7.598534136379915260e-01
1.307387486539412169e+00
1.281529329521663652e+00
3.170337982079077799e-01
7.695726710873855847e-01
1.506945225112035880e+00
1.261688264249085423e+00
8.128257406320821277e-02
1.075476465647613011e+00
1.564334081070675175e+00
1.156226306192302156e+00
1.510989159424424438e-02
9.947455125287456568e-01
1.434169985551874582e+00
1.168786635508217930e+00
3.077838931295149086e-02
1.149438363492696569e+00
1.473479823435361880e+00
9.983234703831833645e-01
1.586883204274756320e-01
1.389255777464128983e+00
1.400805022162596725e+00
9.954718740136591082e-01
4.314043087277051325e-01
1.255655118231540968e+00
1.445678174765795410e+00
6.670385138305571227e-01
6.803682502743487737e-01
1.349917614157455148e+00
1.402352458913218580e+00
6.206170448278998109e-01
5.768375774296327085e-01
1.337975400805725856e+00
1.227215648336857257e+00
4.852614135959986696e-01
7.670791248030551790e-01
1.523099204648980187e+00
1.197356296410920562e+00
1.763960722432651451e-01
8.592015975860504140e-01
1.555456372803495135e+00
1.112145480839839662e+00
1.108870893132733459e-01
9.707554158533344690e-01
1.505988335496037722e+00
1.146088197442321821e+00
4.649269267400980843e-02
1.135126647296500924e+00
1.586925993757451137e+00
9.301783202985021148e-01
2.775765539265264148e-01
1.274604858110657712e+00
1.559822092623031953e+00
9.148840376806356423e-01
2.673185631202641410e-01
1.290404306119387279e+00
1.479356865463091975e+00
7.573819764051168413e-01
4.982678097721113253e-01
1.384843671225983730e+00
1.418097042800980256e+00
5.991095891668027917e-01
5.571052875513595737e-01
1.343812356376636874e+00
1.444165993584013208e+00
4.997344931318263295e-01
6.513677495514553772e-01
1.496772522697270791e+00
1.330493011228109923e+00
5.340647248595121743e-01
8.181846269669201810e-01
1.454623395916135431e+00
1.338010780575805470e+00
1.164561086637223020e-01
1.051204631900328312e+00
1.513502710267294216e+00
1.191793217621446077e+00
6.486202641011951098e-02
9.480284587160546783e-01
1.523890107649765957e+00
1.018651921704951446e+00
1.050990778342242027e-01
1.187939009658241396e+00
1.599246473257249113e+00
9.544592488492866789e-01
4.398322315310981279e-01
1.229578945416717195e+00
1.493275052101649125e+00
8.284881800554758646e-01
4.514427694892956255e-01
1.274782338807160409e+00
1.380550450203850588e+00
5.688486211361919453e-01
5.445607435567938470e-01
1.614814756563609732e+00
1.525872760373445214e+00
4.623284846776636869e-01
6.536733339820357536e-01
1.443162829727821839e+00
1.254903203357613517e+00
4.942490747961854058e-01
9.734057187693189173e-01
1.388316334685104403e+00
1.271748089137820115e+00
2.943491650017318606e-01
8.576989130934060679e-01
1.528362002967293964e+00
1.206550216717746871e+00
3.111993439607139283e-03
1.180575437429748575e+00
1.598975776856842890e+00
1.172332380022826692e+00
3.597576684215945259e-02
1.105118719039372310e+00
1.588295298369044595e+00
8.455902225998291888e-01
2.849390497757400831e-01
1.271569181729031328e+00
1.614520299729367059e+00
8.392254588863922171e-01
3.210520478105985953e-01
1.354543362761064795e+00
1.527987867065278005e+00
7.321502022282769806e-01
5.831577275937973592e-01
1.521680089683150383e+00
1.492082860511976472e+00
6.092837766268260902e-01
5.150051783867191091e-01
1.496250597821155326e+00
1.525137133534257172e+00
6.102147344186351630e-01
7.575404723413626806e-01
1.471332454522542132e+00
1.392759941524698508e+00
2.938655845881223971e-01
8.858499782915451037e-01
1.558000073372461269e+00
1.127607729229100464e+00
1.420144642476877384e-01
9.350956596587454150e-01
1.464767066463648515e+00
1.057934661372770702e+00
3.703536846555118695e-02
1.020654777320691542e+00
1.586268973235964941e+00
1.059012686173884443e+00
2.180027893115873694e-01
1.154612242332345051e+00
1.539424311076063479e+00
1.031952604896542836e+00
2.467672780074030014e-01
1.235112508068734627e+00
1.569026094255426385e+00
7.761525022249584627e-01
3.008578516928935853e-01
1.279233886129902631e+00
1.474060649754916241e+00
5.058836755148369280e-01
5.075468412880558278e-01
1.509872551173554678e+00
1.315105130690563007e+00
5.729315641502559231e-01
7.987440070880592602e-01
1.559387940376451898e+00
1.308456174622564472e+00
4.155990451076476688e-01
7.976266021207001344e-01
1.513147965032013875e+00
1.434845367534808958e+00
1.688796664024244665e-01
9.872157870829432191e-01
1.469407347813047160e+00
1.116694205221470115e+00
1.540211693305194862e-01
1.096368496580740981e+00
1.478443443051913775e+00
9.556988175017729903e-01
1.176066800679976543e-01
1.121503080713773137e+00
1.626588523246963014e+00
9.216810361842568966e-01
1.756078008494180720e-01
1.313162343696657519e+00
1.685204718898832388e+00
1.046948877085586593e+00
2.480660351637190009e-01
1.363855223712535203e+00
1.492991381226531189e+00
6.121250370749110603e-01
5.744288126409936579e-01
1.452222178549291698e+00
1.368415284205300342e+00
3.648931792320827538e-01
7.509092477028199708e-01
1.361700805332329178e+00
1.348331878238778980e+00
4.814890926033331686e-01
8.195459018991295697e-01
1.495268396639430675e+00
1.256901312752006783e+00
2.082918195598371658e-01
8.091225789268524649e-01
1.478682634034254928e+00
1.225687259261500017e+00
6.518708072070888981e-02
9.575606156201450503e-01
1.493458138362703691e+00
1.129560557484524663e+00
2.113104444229588208e-02
1.029631313983580876e+00
1.546829122233912557e+00
9.814979986570179227e-01
1.147544427692569757e-01
1.132631404644812045e+00
1.441519449958376553e+00
1.000487648661118500e+00
2.500067557227768633e-01
1.258033177999418717e+00
1.516811525420863171e+00
8.709657451629653213e-01
5.662933464990806964e-01
1.455603144036098584e+00
1.403381773781162689e+00
8.048429645378420982e-01
5.585648089822637941e-01
1.493171485557837075e+00
1.380310478314445977e+00
4.963241090054238969e-01
6.455693827541052476e-01
1.489872464764276483e+00
1.271049753862830478e+00
3.270610521542534621e-01
8.439452027325328176e-01
1.476541967131575817e+00
1.201408777201009803e+00
2.698334368154198804e-01
9.444109804119058538e-01
1.453999964942034984e+00
1.173902697935530925e+00
2.066917249065141071e-01
9.691026401336032547e-01
1.621625945987650752e+00
9.742167205681263598e-01
7.705726912345414042e-03
1.234358942962675787e+00
1.516802230663336193e+00
9.654455193789055478e-01
1.412942530589323398e-01
1.263626315618829432e+00
1.510289562926712348e+00
9.312437938748568955e-01
4.123679860588286283e-01
1.375340091611035875e+00
1.504306750499144307e+00
7.596596636477188635e-01
3.303282481465719123e-01
1.364113912888912816e+00
1.364726988444033839e+00
5.406979768636528405e-01
6.448995897862764837e-01
1.455064446018797808e+00
1.269826822020177159e+00
3.470360419578932265e-01
7.973065628467805865e-01
1.521334424840051547e+00
1.309153264710563036e+00
2.001232016758179300e-01
9.207052646996468637e-01
1.471397281039156457e+00
1.350848940741445015e+00
1.305195675759539264e-01
9.600437004778910044e-01
1.576412228047368025e+00
1.086609602418099563e+00
7.697235989538267487e-02
1.100980267869267726e+00
1.603994406118228522e+00
1.036647167507196876e+00
2.503318547940930339e-01
1.162219981396127366e+00
1.498412327493412244e+00
9.113286977692038882e-01
2.104103594592583448e-01
1.252322962985259913e+00
1.476453510422351290e+00
7.963359798880925711e-01
4.343998146899507584e-01
1.375846390562437405e+00
1.265232949137918395e+00
7.873321606250461846e-01
6.354572541698613186e-01
1.427092107391812581e+00
1.361580962996359778e+00
5.678856301958893349e-01
6.426176583065320580e-01
1.384826967222517302e+00
1.274960295474023786e+00
4.917816060848273496e-01
7.688422285015820146e-01
1.511023060499754767e+00
1.270154624086196948e+00
2.377587593324074489e-01
8.035323186551670549e-01
1.609249411552393205e+00
1.116662918776845759e+00
2.082731493750782925e-01
1.078709184714992997e+00
1.580548001023838411e+00
1.015791244204225396e+00
8.651454644264212901e-02
1.189775457648126755e+00
1.450560054577548330e+00
1.090164289406462039e+00
3.025646439010057365e-01
1.295605016947705357e+00
1.578284366325032551e+00
8.674049677576314288e-01
4.669585072287836813e-01
1.379690491645999773e+00
1.413983511217995703e+00
7.359126823120756278e-01
3.962718201782410299e-01
1.501734251956265309e+00
1.285430953920574160e+00
5.340345388702528728e-01
6.529118218349130309e-01
1.368606386156916432e+00
1.468898537400495696e+00
2.658510895036136912e-01
7.541538598640470381e-01
1.360380921867218706e+00
1.304680542519007780e+00
1.999446349587435667e-01
8.881241306722882367e-01
1.534985295388732851e+00
1.120290048480146350e+00
1.337594757617955876e-01
8.883058043590810193e-01
1.434146090068475932e+00
1.057110991386223775e+00
6.873881610690188437e-02
1.206791547116872865e+00
1.498670205480819195e+00
1.043845786814070475e+00
8.821170815482048955e-02
1.223438616670140755e+00
1.406961618205227138e+00
8.426469799195969168e-01
2.280227132902492015e-01
1.298630547406607993e+00
1.513682085919558551e+00
6.716575188972274679e-01
3.529789512743153890e-01
1.376191077211691427e+00
1.571402334141206669e+00
6.685653536354281279e-01
6.823191540866090365e-01
1.400768414520502381e+00
1.428599600493484223e+00
5.308027693564459915e-01
6.825050713673588287e-01
1.474824442878726938e+00
1.296593605776142244e+00
2.782091670374907677e-01
8.395946332785324540e-01
1.518660309340267744e+00
1.351878257651347059e+00
2.511526944889194146e-01
9.605143901154812314e-01
1.392710349291329086e+00
1.100448112829434333e+00
7.274232023160651095e-02
8.366810501078009166e-01
1.632292294053495629e+00
1.038215391422532052e+00
4.621818605159630500e-03
1.239365375617232701e+00
1.509533006206948524e+00
9.730055420797061316e-01
4.259515692150440958e-02
1.378394270036509717e+00
1.559070457457542247e+00
8.889481995861108210e-01
3.584616078413714879e-01
1.417010719463988710e+00
1.513253162957712394e+00
7.416429983473932230e-01
5.967184594209387072e-01
1.347367946056075239e+00
1.369317457988958875e+00
6.668517055023360784e-01
6.771026866788644183e-01
1.539698666160351337e+00
1.255168047899083650e+00
3.628644586597274402e-01
7.555808733608649908e-01
1.625703480406949453e+00
1.239235666284840720e+00
2.966092960620727581e-01
8.373274683264076979e-01
1.358502401494395828e+00
1.274280962385595295e+00
1.878294263581122836e-01
9.587234343435769857e-01
1.564354950694090807e+00
1.082889446174222892e+00
6.087815853995871829e-02
1.141257854628942470e+00
1.696103393510952406e+00
8.989882534276790738e-01
2.522426085097138060e-01
1.155817872294222060e+00
1.497566928085353855e+00
7.818409799905386981e-01
2.906542744995474492e-01
1.362504099681912662e+00
1.448327159043822698e+00
7.609983792278862680e-01
3.347489079404329937e-01
1.374659005215961294e+00
1.481123210014168912e+00
6.373524183239094310e-01
3.955130462715381046e-01
1.418446301103997609e+00
1.300720508689752197e+00
4.967972012876986088e-01
7.875613366011544603e-01
1.549810715455038235e+00
1.268695028496586552e+00
2.832527728496562203e-01
9.640302846602197828e-01
1.380248928287994170e+00
1.297512007716935978e+00
3.332559575042094435e-01
8.637758793996528350e-01
1.444937514782435928e+00
1.122909091493048184e+00
1.844970662824145166e-02
1.110046068667735142e+00
1.542851657617737127e+00
1.128115482012746140e+00
1.869539336791657125e-01
1.160127145337151777e+00
1.647938627221653407e+00
9.859438896955116105e-01
2.299725874537217885e-01
1.155875535635807028e+00
1.547102113960273639e+00
6.746205828759045398e-01
3.947302695304807374e-01
1.211681272205137549e+00
1.316936754831467660e+00
6.870424274590162250e-01
3.855952536134242270e-01
1.366715552066705586e+00
1.427208404965167432e+00
7.072160771204064611e-01
5.074880166076112253e-01
1.399122512930843110e+00
1.355533224608539422e+00
4.447861409102670804e-01
6.366528965583668764e-01
1.487100736008343471e+00
1.277521831857066026e+00
4.897671529675838853e-01
8.544101639012734450e-01
1.501510016371451428e+00
1.051801663130962794e+00
2.344677996574541790e-01
1.066915970446928208e+00
1.494528270369448242e+00
1.181849137209295630e+00
5.615701512866021899e-02
1.111705656490720839e+00
1.491114376873072800e+00
9.624415784282260855e-01
1.200210327606582167e-01
1.251692605415485104e+00
1.466901264397147742e+00
8.928355460493285767e-01
1.522926958685888676e+00
1.297537780232206561e+00
4.308170266714000385e-01
3.258951229069162459e-01
1.107949435102050906e+00
1.390903111027006034e+00
1.349206643562648633e+00
9.469991867834992583e-01
1.291015397227789907e-01
7.074765000969843731e-01
1.304651405461552560e+00
1.458962632222179590e+00
1.149201993230193342e+00
6.268118393027239943e-01
3.107347917615799204e-01
9.940410431254871337e-01
1.380427625453769735e+00
1.244209968460356253e+00
8.219367196463065461e-01
4.248772303511943321e-02
8.224557667383454174e-01
1.530903274774731759e+00
1.619598157361161306e+00
1.163365275149752964e+00
4.477100994773648424e-01
4.693503491634974933e-01
1.178920266514238424e+00
1.404110620268685050e+00
1.296855973769511117e+00
8.294498035599530139e-01
1.388017924474404391e-02
8.604844828029838411e-01
1.397458002032626823e+00
1.541837957881666110e+00
1.021314949049913157e+00
3.312708981440906086e-01
5.648516364444922111e-01
1.157964085474477267e+00
1.602488848727782633e+00
1.397900161099915994e+00
7.409610345002330956e-01
1.134202256873157177e-01
7.700828312058893843e-01
1.485615526258948993e+00
1.454306112389344596e+00
1.021639738458042235e+00
2.094138499456631719e-01
7.283013822520759684e-01
1.202801891697726555e+00
1.610875022740975160e+00
1.379065171157189074e+00
6.729772823607911292e-01
2.199876979647262254e-01
1.062393962563547678e+00
1.664666947642011730e+00
1.440562654280400645e+00
8.572757862905020509e-01
2.362009231494399120e-01
5.993516884678167234e-01
1.313521670882930481e+00
1.569076899917807966e+00
1.187113163208175282e+00
7.135114314500938804e-01
3.197679799237469478e-01
1.080993842469196276e+00
1.549897263821240934e+00
1.456902612576415068e+00
8.750692895444873720e-01
1.271487370067339584e-01
7.618230478752250345e-01
1.415721970656239392e+00
1.524125601776004535e+00
1.105260747345258032e+00
5.225567369284620511e-01
4.723016128835155758e-01
1.133439374121506527e+00
1.644368828839114061e+00
1.260425605967052443e+00
9.608411134996778236e-01
4.909524181758551098e-02
7.061939310971839801e-01
1.300833163382182578e+00
1.512791223528477502e+00
9.934607684996575871e-01
2.528417907921390873e-01
4.369096561087825181e-01
1.141866765711341491e+00
1.388201189103716260e+00
1.487289339458986115e+00
8.505660479255888751e-01
2.028950554790602545e-02
9.148400895518172815e-01
1.445790253276625581e+00
1.564941443345514216e+00
1.193704581733468162e+00
2.903568413218898803e-01
3.864121041578288951e-01
1.217931310256991972e+00
1.585243011377144740e+00
1.188615218952443264e+00
8.796384151821298181e-01
3.790738941975049237e-01
1.303548033158795860e+00
1.480502534787217161e+00
8.417040204067579579e-01
4.058663973250188350e-01
1.273169790881401475e+00
1.458886324609149909e+00
5.519583908605731892e-01
6.372934998964594477e-01
1.207548178498713431e+00
1.324841913922232939e+00
4.786426023829046805e-01
7.640874290541384006e-01
1.470718004894919773e+00
1.269894650766989930e+00
1.073578406500275695e-01
8.816289928056180170e-01
1.521507093031236879e+00
1.094071809758417890e+00
1.411668290566981121e-01
1.067543044802199859e+00
1.544221888403815468e+00
1.036345771530176041e+00
1.539340778351112049e-01
1.167420828434988289e+00
1.449195331087980598e+00
8.587240052664804058e-01
1.538656589476916636e-01
1.255540854591600919e+00
1.502086419207450119e+00
8.031286141465349138e-01
2.392371322379756859e-01
1.181224756010899046e+00
1.470751274010695830e+00
6.723815819940320848e-01
4.151811157123188600e-01
1.258300476992767480e+00
1.445608230581876485e+00
5.916395443472288740e-01
5.032968138506621614e-01
1.470683352775087771e+00
1.375928441180421347e+00
4.190228003424092407e-01
5.903682738307232114e-01
1.421361719904944865e+00
1.238694412671266898e+00
3.644933531838819851e-01
9.424819407353022260e-01
1.532500321897094508e+00
1.258705037151502726e+00
1.752776682815105624e-01
9.247276964740143157e-01
1.552174242048232067e+00
1.249592567887206185e+00
9.334500870346965073e-02
1.217419812922924338e+00
1.627350608612941008e+00
9.643727217867889001e-01
2.130434801424456182e-01
1.215528958173456742e+00
1.464407040072462474e+00
9.359277983180506189e-01
3.277449937966659954e-01
1.269778374903885343e+00
1.456861247118306446e+00
8.457061348493324360e-01
3.620748831204803619e-01
1.380870750443840000e+00
1.486140638742269537e+00
8.075581407951016866e-01
4.391479950018979950e-01
1.406234908774222081e+00
1.521232859316314912e+00
5.467659608225949874e-01
7.265866303858493636e-01
1.419996427587936871e+00
1.322516301256162707e+00
3.706201925794974095e-01
7.248701772529418941e-01
1.539331338258201232e+00
1.258161139766217129e+00
3.111751921630573903e-01
9.294183941929263781e-01
1.608442465686754641e+00
1.136066805646409605e+00
1.095174505444432983e-01
9.420587380435865299e-01
1.415827318160657322e+00
1.094198082086396351e+00
8.608954357810377767e-02
1.219453847078240338e+00
1.524997422287714510e+00
1.024466151917011736e+00
1.399518733256285563e-01
1.282011854208629176e+00
1.493886305568378647e+00
7.594943743039300754e-01
3.042913742364496965e-01
1.330897100594526261e+00
1.561174915168371369e+00
7.515568550775296730e-01
3.712896882779964658e-01
1.295277212683049406e+00
1.458475918159381379e+00
6.073196881784180823e-01
5.645057899772268906e-01
1.510464087773465414e+00
1.290038568639171546e+00
4.643783716264361372e-01
6.779448316364748983e-01
1.510245354942137297e+00
1.253464872214046899e+00
2.469045843125017570e-01
8.334914871807000969e-01
1.464410218100407945e+00
1.216892251171599826e+00
2.464697315199471661e-01
9.328527519365754639e-01
1.486826802338590214e+00
1.016863107548878320e+00
1.742856849091171945e-01
1.097028206973845732e+00
1.538101822116091144e+00
1.086640801937696521e+00
8.613997190001507209e-02
1.181067670187532892e+00
1.523877876528306308e+00
9.968525253382956031e-01
3.966478085835571932e-01
1.277419911724590573e+00
1.535617653205733069e+00
6.515337016831264094e-01
3.595677580396066664e-01
1.205275578188837127e+00
1.525343896891114603e+00
6.665712780114049218e-01
4.255389093009943613e-01
1.346176022096128744e+00
1.385233561371129074e+00
6.465357228261956468e-01
7.369544399257536016e-01
1.502022161561806124e+00
1.287981882646387799e+00
4.274099912566407533e-01
6.959245820807371530e-01
1.508440807083726520e+00
1.225044632178402093e+00
2.239753508931874859e-01
8.301940297132983648e-01
1.504426098500022180e+00
1.255712906351130087e+00
1.127243085271014411e-01
1.049958729622935794e+00
1.646345260511403064e+00
1.146545760298857353e+00
1.136839853277543250e-01
1.250942129243389767e+00
1.581900456618800854e+00
9.901852739605770948e-01
7.223623043491426976e-02
1.300383201956461399e+00
1.509283033680521413e+00
7.082301044038358251e-01
2.573691316855514222e-01
1.214029042098514033e+00
1.623556966161047832e+00
6.786037615471740558e-01
4.777674086342590387e-01
1.249832559526304676e+00
1.419859615771748240e+00
6.003062171853508211e-01
6.183838473873242148e-01
1.356366043088466311e+00
1.435828627585455930e+00
4.212437699083824150e-01
8.227818863352638346e-01
1.502610232577608729e+00
1.302520288651869418e+00
3.073544341893747478e-01
7.880667476066719468e-01
1.466845290074687336e+00
1.281431616197832524e+00
2.332468127322025464e-01
9.229497530544665818e-01
1.476562678174209831e+00
1.084182505797376406e+00
8.803253803329577631e-02
1.068385586875328919e+00
1.486466958111817060e+00
9.086098059635751012e-01
1.982125337026229839e-01
1.155475806534531191e+00
1.423035254218117052e+00
9.660536448446609414e-01
2.307507529013360092e-01
1.448246396594564889e+00
1.386739423147626882e+00
7.185904332482488943e-01
4.198340674850066789e-01
1.263457659994778215e+00
1.443069107534057371e+00
5.889189586436006651e-01
6.870690985940368645e-01
1.455057767316066064e+00
1.411730737763800425e+00
4.537067334030655541e-01
8.006174605238385311e-01
1.386220388635095890e+00
1.172933711439118953e+00
3.873670492200688709e-01
9.140117390655023710e-01
1.507972294855432382e+00
1.238681000114894459e+00
1.690338699413649337e-01
8.932455299521118164e-01
1.507528124259655211e+00
1.288190299226456892e+00
1.723802839515204133e-01
1.046503583391925840e+00
1.633145646160706566e+00
1.161293107400648061e+00
1.021445134020928375e-02
1.381286832815952659e+00
1.719624921847517918e+00
7.610825209936528113e-01
8.145897504474429451e-02
1.170671251565287507e+00
1.471455366064591486e+00
8.705477190855144265e-01
3.138731682580074289e-01
1.337944821399712492e+00
1.556257478489838642e+00
6.234960313115113228e-01
4.186400267964132116e-01
1.459272646956503161e+00
1.384062410692274314e+00
5.116954355643715813e-01
5.241158637082744542e-01
1.424172570451166520e+00
1.546618731335514418e+00
3.974456951815619199e-01
8.075353211884254145e-01
1.573304701788070803e+00
1.213254156878164292e+00
2.275273834739983680e-01
8.128611306869301112e-01
1.397089826726042761e+00
1.165437824325193938e+00
1.222656751135872688e-02
8.186382954167522596e-01
1.341849107506983385e+00
1.169447196652031007e+00
2.296612840719146897e-01
1.128311804223274706e+00
1.424736925251915753e+00
9.124232171632031818e-01
1.411264000990724299e-01
1.173221331665119882e+00
1.439663150260592550e+00
1.048657664214589946e+00
3.957783944077339910e-01
1.259489635168615562e+00
1.592421798587594362e+00
8.548986073000092167e-01
4.476423826646367399e-01
1.271665030614904879e+00
1.304187311336459265e+00
5.979884662751857594e-01
5.094446895473520032e-01
1.370656439684667882e+00
1.604832163944134082e+00
3.967465251551794414e-01
6.267269401134574203e-01
1.471550059550646550e+00
1.259597579759855757e+00
4.003531495279953889e-01
8.301503672428904856e-01
1.622015538372940657e+00
1.239548602189811666e+00
2.542696326414046193e-01
8.897536502459341134e-01
1.598725210911741135e+00
1.156934583003728312e+00
9.697990402773495888e-02
1.104520311167013880e+00
1.517925256172378168e+00
1.071664067527408282e+00
1.548266218280533180e-01
1.043665989406167505e+00
1.671719017650652672e+00
1.009895506949363364e+00
2.282468393526548012e-01
1.326629014400159789e+00
1.499814506572101802e+00
8.329503670222229150e-01
3.342805611073390581e-01
1.377780811826669005e+00
1.548463305419667257e+00
6.727566097016337565e-01
6.989125752070876052e-01
1.458776736680593489e+00
1.437060821516988440e+00
4.774460184727872258e-01
5.862489214320094622e-01
1.376438766811419301e+00
1.335567616900760202e+00
4.583112116288626248e-01
7.769609676942672571e-01
1.417792920419062908e+00
1.182983853826275800e+00
3.112898799332647348e-01
6.948737486951565012e-01
1.446686135715664623e+00
1.183997118480234034e+00
2.014866756010650073e-01
9.591181113867368602e-01
1.458175024941328779e+00
1.120340262763790840e+00
1.259406007595713362e-01
1.046007743533597933e+00
1.565648111473605608e+00
1.049693545846296594e+00
1.987833728910346279e-02
1.118513467683831752e+00
1.460233350197118085e+00
9.828544922734686606e-01
4.285535463013352975e-01
1.288581703197493100e+00
1.471473411551543764e+00
8.451836157742311784e-01
4.354697668762251284e-01
1.357388557641915794e+00
1.396166833395838580e+00
7.513839566655599045e-01
5.010006092031136227e-01
1.433936385781602096e+00
1.505342078164110475e+00
5.236374710882336636e-01
6.706909638499449766e-01
1.543685859045823117e+00
1.309940197700394826e+00
4.304882631778863544e-01
8.175975017615155771e-01
1.433639548652617890e+00
1.248508783684297185e+00
2.233139172523267435e-01
9.229171055151719205e-01
1.564969513510789723e+00
1.171070631711163657e+00
3.923966573149829939e-02
1.130769033165210269e+00
1.456333614102342189e+00
9.539038072203122054e-01
1.641454041545692966e-01
1.223572510413907910e+00
1.572605496514221546e+00
1.100285515463688801e+00
3.816568890149953375e-01
1.317895414518292618e+00
1.427914393054294351e+00
6.912525690735863426e-01
2.356961059680464099e-01
1.449947832465274811e+00
1.561190723749414921e+00
6.335204134304298629e-01
6.745156882393739117e-01
1.386921354304417875e+00
1.477251434372414352e+00
5.862585798371363621e-01
5.098221882720775922e-01
1.449780389355016741e+00
1.224324194606158489e+00
4.281156678461340848e-01
8.806461384705640549e-01
1.452832755707510248e+00
1.426151308748306201e+00
2.966539563753765596e-01
8.106730702570184022e-01
1.488074749334924451e+00
1.191425962385249671e+00
1.974231722566288372e-01
1.001030121710427379e+00
1.561084765877452041e+00
1.024771631971356678e+00
