# {'contam': 0.9134600630651375, 'q': 0.04662918292836309, 'nb_class': 13, 'thres': array([1.88161786, 1.88161786, 1.88161786, ..., 1.86899991, 1.87468327,
#        1.87468327])}
3.239573286243820072e-02
1.266084950925159713e+00
1.035531369916161459e+00
3.671748413555035451e-01
1.355409429348800598e+00
9.740479629644538395e-01
6.239641467041432410e-01
1.445109411963364510e+00
6.377344936707676215e-01
1.005915003728105050e+00
1.422126457219313078e+00
2.756380240632274048e-01
1.288671082443474392e+00
1.379659053489084464e+00
2.814471304304539956e-01
1.422246734688769054e+00
1.724519854633086657e+00
5.398069827889573347e-01
1.563770881396905343e+00
7.352083164110262414e-01
7.923499616313675054e-01
1.477340275575500517e+00
3.063924689988225536e-01
1.239339079893089224e+00
1.435183601239037099e+00
6.327931551554909217e-02
1.314270618286620174e+00
1.130341054980702697e+00
4.357888490809194160e-01
1.446870383941915472e+00
8.280587173648751298e-01
6.427868466008531678e-01
1.499948351339014163e+00
5.456014710637728804e-01
1.036341107218352819e+00
1.340099831567373112e+00
2.096200810659519242e-01
1.176757466369810823e+00
1.218777285362904639e+00
1.462169537716010437e-01
1.498295712234693156e+00
1.120296048928492993e+00
6.221519263098850283e-01
1.943246441911142153e+00
8.166736729833464770e-01
1.043910712340195168e+00
1.299232202148643545e+00
3.969407208100036444e-01
1.182712388694452610e+00
1.395269502771905534e+00
9.628109459752884347e-02
1.347621344266924481e+00
1.097586719979163794e+00
4.768766557339471635e-01
1.629581926589216190e+00
8.949894773164948081e-01
6.318611353813626819e-01
1.620226918194852983e+00
6.340150127292323301e-01
1.054869784828735835e+00
1.552262319154215087e+00
2.217214114881016843e-02
1.300763444333079111e+00
1.309596189429388602e+00
1.544438464761683227e-01
1.980177354681881052e+00
1.003772847045047989e+00
4.539181063493484269e-01
1.413807182850144173e+00
6.478454816692728047e-01
9.363390461993609248e-01
1.418410518072059423e+00
4.984840690455709100e-01
1.178829888793452074e+00
1.270115435931863601e+00
7.234085379707295982e-02
1.301735544900250119e+00
1.111132608968814939e+00
3.772280563065985581e-01
1.496792635445034492e+00
9.889766411200042739e-01
7.336679912683352622e-01
1.664887345229816518e+00
6.982367511407728822e-01
1.027253684045372539e+00
1.393957714800156955e+00
2.444532222448778380e-01
1.287264140063274720e+00
1.220301066515750765e+00
2.220194804087453067e-01
1.897827145979572805e+00
9.779325376733293274e-01
4.718583784173634443e-01
1.559312102219178042e+00
7.559766043534976721e-01
8.155185442805999996e-01
1.447553907468836831e+00
1.716069122590631713e+00
1.152028193436422487e+00
1.322715272963310928e+00
7.376841223596627972e-02
1.165428025898014752e+00
1.205497323086547112e+00
2.554056562953297971e-01
1.403627502468646648e+00
8.748476356874810289e-01
7.110308363302806356e-01
1.372325494859073292e+00
5.282490398431823886e-01
8.858221323888704202e-01
1.235515558919462631e+00
2.064102811264626747e-01
1.865143078768495055e+00
1.311953254049367246e+00
2.125613151664874079e-01
1.372116480534408378e+00
1.072482148451223471e+00
5.929724663008838492e-01
1.461535148950875662e+00
6.992974640889573212e-01
8.387775389635845347e-01
1.499804630886173662e+00
1.697402565550436115e+00
1.195390458748428975e+00
1.452066176605897319e+00
1.011249147680538946e-01
1.316464909916174930e+00
1.143470661655275444e+00
5.115512281816162465e-01
1.333216125872145552e+00
9.369640029078127874e-01
6.747400003689689729e-01
1.429133093213313055e+00
1.733720931096726092e+00
9.091215581317566574e-01
1.388703328485515032e+00
1.609963683645650734e-01
1.302995321804497619e+00
1.103601118744809817e+00
2.103243645905615578e-01
1.356711524637734589e+00
1.087818044299974307e+00
4.038229400882263342e-01
1.602603251082214353e+00
6.990760598078600285e-01
8.825111114215161701e-01
1.561520775497339919e+00
4.567107551279949162e-01
1.199171292286783208e+00
1.201528352942827560e+00
3.191906687642305507e-03
1.392735673362375914e+00
1.706349887050625069e+00
3.294390646674005829e-01
1.327923568346516037e+00
1.691721499850097565e+00
7.037813429342771876e-01
1.576644975418840522e+00
5.288441493760173140e-01
9.618131962089715437e-01
1.496160770430265519e+00
7.772575860266534020e-02
1.280898003824450182e+00
1.282956015066319511e+00
2.312498322778064608e-01
1.407288803875476946e+00
8.951644868009542844e-01
6.571651855907119089e-01
1.423725293353881094e+00
8.793860154508882365e-01
8.866698978610968451e-01
1.457537224103540474e+00
4.232878615960488089e-01
1.321332523317665153e+00
1.321589029205359145e+00
4.825683087442980690e-03
1.435423413868117226e+00
1.036472090559902748e+00
3.371941237822492221e-01
1.533876117933220540e+00
7.783663496984388752e-01
7.384772130329528839e-01
1.384566052215981502e+00
4.763860704905461541e-01
9.162146301426672412e-01
1.517449323992452692e+00
1.811351550228322560e-01
1.193565359779513502e+00
1.248764493798988795e+00
2.567461128940264348e-01
1.360589319769025973e+00
1.004979118491235779e+00
5.199137767375036079e-01
1.409023081487483786e+00
8.348091090331688502e-01
1.025893879014924570e+00
1.480480660917355973e+00
3.863366942973768814e-01
1.219265054910080970e+00
1.321923209722109860e+00
5.692061670068154777e-02
1.483939686861496243e+00
1.212605323154143377e+00
3.099907500228914481e-01
1.480786627716058845e+00
9.414614864955811457e-01
7.061372936226126829e-01
1.945443148547464141e+00
1.735616179073910414e+00
1.141335158463804289e+00
1.384969537381568028e+00
1.025886433336657133e-01
1.241371172649232246e+00
1.360887644257806395e+00
3.046151860140033918e-01
1.369722629313545381e+00
1.067449962360849103e+00
4.641622816173867627e-01
1.490925640139385555e+00
7.633925889772567031e-01
9.584976253902559584e-01
1.463174413740337076e+00
1.698117239234445908e+00
1.222498325460390944e+00
1.236161679302460126e+00
8.054226016557242129e-02
1.328863857616732869e+00
1.135223406674346958e+00
4.961834871916095957e-01
1.367331963909035997e+00
7.490126537766993442e-01
7.340109164738410907e-01
1.630354805385704653e+00
6.352349133734005449e-01
1.007462783066677581e+00
1.486359600272445514e+00
2.131318382877447348e-01
1.403655405143502621e+00
1.241851720835916106e+00
1.388967924830239453e-01
1.883359875246868764e+00
9.006105832746115203e-01
7.189842275177830144e-01
1.547126555733519648e+00
6.958484195800729299e-01
8.544556146045794165e-01
1.335042238964069927e+00
1.676175311319638483e+00
1.211753218346674821e+00
1.409086254968177743e+00
5.687510016818685815e-02
1.185429495207880990e+00
1.182774324434438862e+00
3.949424614204039008e-01
1.328574489681580317e+00
8.893155684849302078e-01
8.389285279630925851e-01
1.354850410063013655e+00
6.108543680901175055e-01
1.054267719312943274e+00
1.339737449508313194e+00
3.476864586640803223e-01
1.348822963659275453e+00
1.271622096281136871e+00
1.642602626377962283e+00
1.652605458845647357e+00
9.496300485448703199e-01
4.609772842838392171e-01
1.615062809281434086e+00
1.618800472162595261e+00
7.026325530471289049e-01
2.090376407070497322e+00
1.613842105732902876e+00
1.010273845177511509e+00
1.488534130940194711e+00
1.420200637152237710e-01
1.275633167627855835e+00
1.156767182619461876e+00
1.792884673866258494e+00
1.387504288112580531e+00
8.793835521622838103e-01
6.680008351411136358e-01
1.594067957133511459e+00
5.929402263559612196e-01
1.145396091358626078e+00
1.286251509172948726e+00
2.947968958014160479e-01
1.301587585031009908e+00
1.241438051009309484e+00
8.286488389265872501e-02
1.453257913542706836e+00
9.807238431223304076e-01
5.405787920932890733e-01
1.484082686863448242e+00
6.502157091552106527e-01
7.997347225862246889e-01
1.536372570282161343e+00
3.707865806491933425e-01
1.054601365938409252e+00
1.496664051664631456e+00
4.602179069031116232e-02
1.306776276472091380e+00
1.280941890648000570e+00
4.247887905018836729e-01
1.427808986200754804e+00
7.765903186155950211e-01
6.898749977370856046e-01
1.278075128025885521e+00
6.505642538219097437e-01
9.886763222805042828e-01
1.487271419216770640e+00
9.127404119431133112e-02
1.449718139233155956e+00
1.270871688562957846e+00
1.095184025613326201e-01
1.474744950255375109e+00
1.028249994429672132e+00
4.726090057581690540e-01
2.060622951178894713e+00
6.977630557042191484e-01
7.450056449620825472e-01
1.477842840167755023e+00
3.002256540576332955e-01
1.346913671421132497e+00
1.249272537438833819e+00
1.740870184747764560e+00
1.465242007456764473e+00
1.196429557948599953e+00
4.223817088329807623e-01
1.366598047943449856e+00
8.817892363193867711e-01
7.079827213561321608e-01
1.632774442702685569e+00
1.729923240234208404e+00
9.827655513816719868e-01
1.460256726856348664e+00
2.352489630100560725e-01
1.727151073464605169e+00
1.712271982736748299e+00
1.976342556220196112e-01
1.461569720650503612e+00
1.111632056664010770e+00
6.892787248684409951e-01
1.492222980550911515e+00
7.009308317929989762e-01
8.605700989985736182e-01
1.444632580131834709e+00
4.428046791178424924e-01
1.219604160491513989e+00
1.315537260337117376e+00
9.628650498956528581e-02
1.358789723823859541e+00
1.171321272160307903e+00
3.667606075107066599e-01
1.350050158098315078e+00
8.766401616538910258e-01
8.324536694382963509e-01
1.510201746998143024e+00
5.323958534725466984e-01
1.718810135750699297e+00
1.420044695184811356e+00
2.420295878328096173e-01
1.120099377595686674e+00
1.345261703481178905e+00
2.746630592250767777e-01
1.402337425458588971e+00
1.088328960224760333e+00
1.705143175298546199e+00
1.922525929994653326e+00
8.313494410668376133e-01
7.294387251378793291e-01
1.476353048205496732e+00
3.533808882947341856e-01
1.026648480711767730e+00
1.366178839703683146e+00
6.799898626807247826e-02
1.523794754768400983e+00
1.113816021623073027e+00
2.456666190071422617e-01
1.584338893759129396e+00
8.911610594644882033e-01
7.440762109874115016e-01
1.445773351731388434e+00
5.653394625742805824e-01
1.018970533929282274e+00
1.558720403102492824e+00
1.518884530005331079e-01
1.175037571917556534e+00
1.163006298153764329e+00
2.673643710246041416e-01
1.456632380316768671e+00
1.058424952718496348e+00
5.882245968809968195e-01
1.351793075292082369e+00
7.462363283362826172e-01
9.086370994377294119e-01
1.515721953572526814e+00
2.743593131632092730e-01
1.181363430199403819e+00
1.342667387150056957e+00
1.140110002385344434e-01
1.389886217186963702e+00
1.172206447973212384e+00
1.735135442261443117e+00
1.604293122075539202e+00
8.929780546850776268e-01
8.485653804660976407e-01
1.409101124739546185e+00
4.606570305430986445e-01
8.830582286691049942e-01
1.368508839205344385e+00
3.976912771701423543e-01
1.236680270139045579e+00
1.724882223938752235e+00
1.457544534763093036e-01
1.349000572523309627e+00
9.369161011943061279e-01
4.927913840493492459e-01
1.621129271661973403e+00
6.520813276008365911e-01
8.273162977479787683e-01
1.373415091856933223e+00
3.658541248297048076e-01
1.290086812734554833e+00
1.281165568413944689e+00
1.432171758822080032e-01
1.365167540560688897e+00
1.101621023567758595e+00
2.819901245281096758e-01
1.474280945906110363e+00
8.180198942745700030e-01
7.545358143612280744e-01
1.456302014337650830e+00
6.074854388605525068e-01
1.052034418355847434e+00
1.467334098216529714e+00
1.099109031929727948e-01
1.301215789844968329e+00
1.358112628303207892e+00
3.522843871124339832e-01
1.291911446884808967e+00
1.050480823128692176e+00
6.494084739340791890e-01
1.533805063369549471e+00
8.262981951516407131e-01
8.711249019065709920e-01
1.535094709027892357e+00
3.279291491045231433e-01
1.167037504263112258e+00
1.428741586673981434e+00
6.051405743118005998e-02
1.515581246825772999e+00
1.185230209923809008e+00
3.879149289872794171e-01
1.408451635295068671e+00
9.021339927255553892e-01
7.567173407390878070e-01
1.472627141697233411e+00
6.598110045956904202e-01
9.160634851103578447e-01
1.464696364782335003e+00
3.142723121925027341e-01
1.299419299249058746e+00
1.807747971137946275e+00
2.211976318327166513e-01
1.459989947147953604e+00
9.471422398647928453e-01
6.553122627087167862e-01
1.598278700547106856e+00
6.682541354485599383e-01
8.690686108201762794e-01
1.462059818007936274e+00
3.788368490010146639e-01
1.183567354983270592e+00
1.215230841976506548e+00
1.681523605371760599e+00
1.243247541613889284e+00
1.280013877791171151e+00
3.884458839502585858e-01
1.478599216867313659e+00
1.765456833480015808e+00
7.824544973127433023e-01
1.524169389155555887e+00
7.102089946074106042e-01
1.026390124591979536e+00
1.883072958271861719e+00
1.793133901904029326e-01
1.216566146087127986e+00
1.651472152959197359e+00
1.644360587626298331e+00
1.459154304903587107e+00
9.021916583700736458e-01
3.832117506409091767e-01
1.469662264079776737e+00
5.083838532361253382e-01
8.367909239217579120e-01
1.628401703063815376e+00
2.743101655557529939e-01
1.052507092755366358e+00
1.381190158363390319e+00
6.596269792716998037e-02
1.211791586094059126e+00
1.274262484813726726e+00
4.856854341576606893e-01
1.321957074043446756e+00
9.292869452530008179e-01
8.041539288921695228e-01
1.229429990955514640e+00
6.172750827949358143e-01
1.201227415806815246e+00
1.447958898530509408e+00
3.838060659906144534e-01
1.325196005203308269e+00
1.185343501962275337e+00
8.932268760170034017e-02
1.467533901556702380e+00
1.036456745119280320e+00
3.825166244268140558e-01
1.476176077702742617e+00
6.349548240187856685e-01
8.521765606005742288e-01
1.582832969491176467e+00
2.235316555963699492e-01
1.024585119575920800e+00
1.466570511736871918e+00
3.539857664311095442e-02
1.349425243506962913e+00
1.074986543167755881e+00
4.087975956373064435e-01
1.418495393171802288e+00
8.053369405206735054e-01
6.652804665954236141e-01
1.468517437708106721e+00
6.637206574566096862e-01
1.008807870905851445e+00
1.394462704477088755e+00
2.792137616602818895e-01
1.192102103059136553e+00
1.042455211448087393e+00
6.730309016932614630e-02
1.756352508015481373e+00
1.131738925458172673e+00
4.958641528293256662e-01
1.479665813592189405e+00
6.506088105958263146e-01
9.152445457171786147e-01
1.523677818625789326e+00
4.377696421054227405e-01
1.207789492791434327e+00
1.248328022523182090e+00
7.997626603497083597e-02
1.391982739842552164e+00
1.256498124669642946e+00
4.210782604482610214e-01
1.413334060490353927e+00
8.336927791422031886e-01
7.244228006106149254e-01
1.636591649777985324e+00
5.758291968663133975e-01
1.023587899956967640e+00
1.323702940796702698e+00
4.047387967552553562e-02
1.178002053047138231e+00
1.260485008027013576e+00
1.261737665478412929e-01
1.368380692000650045e+00
1.122203909609013062e+00
4.757040442044745410e-01
1.528796139368912455e+00
7.239190220931361885e-01
9.273094620389662479e-01
1.369021893588037164e+00
2.660859730876526941e-01
1.031509676223742122e+00
1.360947309010915429e+00
2.379707584109939239e-03
1.479703712042180985e+00
1.696336826721951185e+00
3.093116740559437861e-01
1.918672159626747309e+00
7.291060716422608223e-01
7.837367976688019988e-01
1.560399002429352588e+00
5.788999307082991486e-01
1.021858959783316090e+00
1.426236736996239873e+00
1.528263390046849801e-01
1.108637902235168227e+00
1.273830963308948405e+00
1.114768158501769080e-01
1.458974431170054542e+00
1.098567559368472057e+00
5.775175938673992038e-01
1.448281434909045595e+00
7.696466126171848110e-01
9.694812160565825510e-01
1.483327645786490123e+00
4.098555459780620636e-01
1.123454200141402293e+00
1.519513983210033725e+00
1.270694717105899374e-01
1.394354666099156592e+00
1.146981015753177680e+00
2.497001157185623765e-01
1.410182904212182731e+00
8.424439356249522337e-01
7.201706859806341621e-01
1.310740208000856555e+00
6.923397197920121426e-01
1.067062900877841836e+00
1.364696007893088314e+00
1.884184506288392735e-01
1.311646877236091857e+00
1.298147462877513370e+00
1.713973627822103774e-01
1.372354408520349178e+00
1.056729486266464679e+00
5.932523468553224655e-01
1.422488554991330645e+00
7.858424823092892142e-01
9.543468844540601292e-01
1.442936060001602572e+00
3.813102466713584882e-01
1.121986427667773123e+00
1.301212481893937900e+00
6.769730195608147927e-02
1.399123488728691189e+00
1.113546159682940795e+00
3.802476361768570290e-01
1.474489180746392014e+00
7.394719477562620158e-01
7.061458421522960327e-01
1.480376900593834755e+00
5.648690365412648573e-01
1.098612448256678586e+00
1.372627142323114002e+00
1.568403550458006834e-01
1.265359780900879416e+00
1.210004894066394110e+00
1.411280467767626612e-01
1.463354671914868232e+00
8.906290861239171130e-01
5.030837748436811641e-01
1.521423327538972803e+00
7.419620075312753915e-01
9.029761227794943501e-01
1.238410414962781925e+00
1.714425074506502833e+00
1.086114195349370037e+00
1.306397791521255014e+00
7.816510960728580495e-03
1.310565499337128292e+00
1.179909066823818353e+00
4.276442270711562355e-01
1.355956680573864981e+00
9.523231283314428364e-01
5.196379144010402351e-01
1.556170252349235117e+00
5.386722373060542912e-01
1.016586301549713189e+00
1.413495662105099582e+00
2.384224026312268263e-01
1.280350025775710998e+00
1.194552213553932818e+00
1.452647501844273603e-01
1.550563428811184918e+00
1.091392270689634625e+00
5.611904830674164790e-01
1.595551928082863391e+00
7.078812017009189494e-01
9.678577777209320665e-01
1.592449633862784486e+00
4.445019388213882761e-01
1.102964859241837958e+00
1.377804156662222779e+00
5.260664274286128844e-02
1.415808746362537507e+00
1.073306327298094720e+00
4.532559802610544031e-01
1.362949106413059441e+00
9.979945907957130657e-01
7.575445359468955253e-01
1.433868254067284242e+00
4.440493537773574917e-01
9.851494223389074545e-01
1.379653179783788319e+00
3.101000535490279764e-01
1.207092701612809238e+00
1.774785649087893713e+00
1.589681507529102922e-01
1.427250196766243429e+00
8.106353357769126022e-01
6.146931434948573747e-01
1.534144612393631313e+00
7.101830293027956431e-01
8.033015153472775616e-01
1.478120832811144592e+00
2.298096011891853918e-01
1.163952903145765383e+00
1.419866542756490713e+00
9.565784126685937527e-02
1.844816982117464033e+00
1.160308483377645805e+00
5.067738686187320818e-01
1.830836767966748324e+00
9.456808932906598519e-01
7.787222925788136463e-01
1.483065405861546449e+00
5.122300918013156235e-01
1.017618730079117073e+00
1.453621023680533808e+00
1.744326738534888621e+00
1.108435545930899213e+00
1.301584115478873649e+00
1.566256703459647792e-01
1.383301656032543958e+00
8.800426378951921036e-01
5.445135684692350431e-01
1.669426077873884307e+00
6.260989899155353644e-01
8.300252047860516846e-01
1.418811916852814381e+00
2.512853522296116249e-01
1.061120226965410307e+00
1.375129775316271674e+00
7.198827680480014701e-02
1.228579743670092927e+00
1.189556641814493387e+00
4.865585832419317414e-01
1.643365667005403985e+00
9.142974929677604168e-01
9.739801791348227100e-01
1.334151377727352594e+00
4.267410846115839429e-01
8.962386425379271770e-01
1.602171874669743756e+00
2.254929319434661322e-02
1.098135407691277932e+00
1.278803745551878812e+00
2.988248258970322424e-01
1.447293535404822862e+00
1.057933521839655722e+00
6.091011982107039646e-01
1.418962623905926090e+00
7.053042473194788275e-01
1.020203194712510975e+00
1.477209954739921338e+00
3.213645197796800579e-01
1.185887346356025551e+00
1.453394023734080776e+00
3.484053074815033485e-02
1.347462908279988270e+00
1.075857712802728905e+00
4.524030286333111661e-01
1.432538791846249326e+00
8.715292835656320847e-01
6.151600604140636808e-01
1.419521240147398222e+00
4.823188190457934343e-01
1.674911254673900896e+00
1.408341138748747889e+00
6.736014751819496826e-02
1.172956180912719804e+00
1.322488701633439456e+00
2.322075315318631872e-01
1.452771257000323279e+00
9.420939730943013179e-01
5.840881507845248066e-01
1.481636248869772743e+00
7.038739963494300422e-01
8.806572417498012006e-01
1.430365009330803350e+00
3.325650065765652919e-01
1.128054021210898705e+00
1.380169928595501361e+00
7.812824793770301035e-02
1.338340873416041354e+00
1.692335710707693730e+00
4.381329823798413847e-01
1.445690862285657463e+00
9.142637016314331122e-01
6.590697428499144861e-01
1.524024133543101955e+00
4.991339297807572684e-01
9.885573836423389160e-01
1.419077381550141848e+00
3.155235791683200786e-01
1.152866993438006471e+00
1.335570938061924506e+00
3.791508804497716323e-01
1.302979057811969543e+00
1.031125180961185661e+00
5.081957996156325486e-01
1.501494795895271794e+00
7.403873763432287092e-01
1.028157130444547152e+00
1.500609955686883046e+00
3.802193944798381020e-01
1.096396057772446309e+00
1.380143920280941350e+00
4.310116152160761716e-02
1.368993114089022134e+00
9.539200141314141401e-01
2.707563479092318648e-01
1.740468214146830617e+00
7.898169880345247140e-01
6.609450836012611408e-01
1.652515359128694961e+00
5.823732310781222221e-01
9.467428722644380956e-01
1.564336438833490384e+00
1.132938061773180322e-01
1.292077251029473128e+00
1.714446239251180559e+00
3.828704014648691700e-01
1.490551184834577381e+00
1.038249193714797070e+00
5.769817801804293378e-01
1.383744591534757262e+00
6.775746117501747490e-01
8.449465517828779193e-01
1.369333120226317924e+00
4.571192980477451484e-01
1.113012790869980284e+00
1.462363230898382715e+00
8.279923539218300710e-02
1.378676599231977606e+00
1.164314170946068039e+00
3.591013305754094387e-01
1.377681250280000880e+00
9.230721185130761341e-01
6.626438127789515686e-01
1.590456781322115321e+00
5.966818065292861517e-01
1.066383569318876345e+00
1.333474651283943935e+00
2.115447017957890197e-01
1.287998736196739991e+00
1.154752613700257946e+00
2.391735044211854289e-01
1.498061846899120697e+00
1.130018432620478075e+00
6.710640617572244393e-01
1.433191333999874084e+00
5.069687405181891870e-01
8.125391513908737373e-01
1.445521842872750096e+00
3.815444553007737438e-01
1.088345874016893644e+00
1.401700326636758698e+00
7.477048478668145426e-02
1.349773820345893105e+00
1.291924927740214502e+00
3.359107670528038714e-01
1.447792814457774524e+00
9.001562382236536486e-01
8.760698714023665845e-01
1.576591829498044994e+00
5.175876089253245160e-01
1.155603165238208163e+00
1.385157573229909733e+00
1.245453756447720411e-01
1.490765109000299793e+00
1.334113420047809973e+00
1.593058875308513839e-02
1.590034284673141229e+00
9.844112797353342659e-01
5.718241669564322338e-01
1.558086753248295819e+00
6.612671605985638301e-01
7.860785793665137078e-01
1.455673432821523061e+00
4.123134428851080169e-01
1.022026551604021449e+00
1.351869401341823318e+00
1.698909075925764123e+00
1.341861843367187612e+00
1.664382399727999839e+00
3.031448292553352020e-01
1.410454218713029562e+00
1.651816695344116015e+00
6.549122534865454703e-01
1.645635876359764271e+00
3.524905124046937566e-01
9.466250018328555837e-01
1.632912803345182962e+00
7.579581891915089520e-02
1.177056765848920605e+00
1.320466947818471182e+00
2.172862727647806858e-01
1.231795263148933284e+00
1.169317139264346439e+00
6.570571713791063528e-01
1.421514625834752188e+00
8.797454808803775173e-01
1.769629545027452844e+00
1.993695758253448469e+00
5.134570045901316604e-01
1.298363915027102911e+00
1.329472829558250746e+00
1.548941142539705940e-02
1.400707811455685237e+00
1.099687537513241553e+00
2.939051936481025251e-01
1.663246765513314518e+00
8.730919616468828526e-01
7.290664026430924149e-01
1.502092357373368436e+00
4.128659659080056166e-01
9.065873390891112660e-01
1.531777157099335707e+00
1.421106686152119325e-01
1.190925845118869120e+00
1.339892889671962628e+00
2.078927616896801278e-01
1.311310793929818086e+00
1.083475913890047826e+00
6.030991683771886880e-01
2.165420918904297665e+00
8.371929662616164336e-01
9.802422099166452352e-01
1.373299972521902612e+00
4.131099289299461352e-01
1.145587816279915350e+00
1.909240293219317319e+00
1.866436123880412246e-01
1.323543582879000979e+00
1.133841198326672295e+00
3.131800648081920491e-01
1.382056137292535070e+00
8.378836915506623351e-01
8.644331507816201965e-01
1.566438291116108550e+00
5.540234008341647920e-01
9.445790074382633961e-01
1.488729704116828367e+00
1.665159579859378236e-01
1.339881896223492186e+00
1.316000309936375290e+00
1.901664927780994385e-01
1.443151178332779727e+00
1.145055569646034499e+00
5.645813422985235253e-01
1.490196891918439182e+00
8.253623545391621796e-01
8.805812287884775547e-01
1.610893818980336789e+00
4.140291518034147633e-01
1.261702040740882325e+00
1.346727515999596392e+00
8.576159898648419433e-02
1.505779730037419162e+00
1.054480741265009458e+00
4.012540003443626491e-01
1.513939380295640680e+00
8.088925469515402256e-01
7.084255020046298368e-01
1.510096388280548041e+00
5.192438401951716687e-01
1.011028275386898212e+00
1.411372702613934216e+00
1.592736694712195700e-01
1.376274981024731225e+00
1.238780175668903860e+00
1.447288792844903249e-01
1.486400340183148705e+00
1.060865194340420592e+00
6.633669817094494103e-01
1.428833008439866159e+00
6.492831455120617878e-01
8.247564817303123519e-01
1.467689340384125796e+00
2.675846194464840955e-01
1.132733595416904659e+00
1.458837714894154702e+00
6.105664681316080172e-02
1.328770966376739304e+00
1.706571985358344534e+00
5.070478109898945984e-01
1.389652612243153618e+00
9.803026278383621950e-01
6.130464802677846325e-01
1.572695686271162963e+00
5.289360765062663949e-01
8.774738458436773803e-01
1.439028500581204462e+00
2.001086178701653451e-01
1.182605889680777844e+00
1.265720154341114068e+00
1.313086202496421273e-01
1.362675132119918642e+00
1.722605803914651679e+00
5.872125966802023145e-01
1.520604659418259175e+00
7.208253816909684364e-01
7.590405890455000915e-01
1.430459147131827313e+00
4.210497025841612451e-01
1.172187655058175793e+00
1.291368041642783515e+00
7.740065827233090501e-02
1.411289350120462194e+00
1.208513723478699342e+00
3.680988879010039239e-01
1.546326928020046454e+00
1.699101002819218387e+00
6.749988942442914919e-01
1.949997211384687068e+00
5.404062666639944945e-01
1.050159960861779318e+00
1.445430223312906381e+00
1.970794140875378742e-04
1.221854917347324543e+00
1.332762683229727241e+00
2.332347596430861814e-01
1.446324414012319481e+00
9.704099566044456227e-01
5.058865282022174670e-01
1.497636359312477738e+00
7.008796576590620164e-01
8.561506062441609499e-01
1.501752681388139887e+00
4.182776068534874159e-01
9.926415313518589523e-01
1.432962233072654801e+00
3.672033126464788189e-02
1.332382917299287595e+00
1.044170937779919539e+00
1.709502738070420857e+00
1.588337795213327297e+00
7.745082489648429380e-01
7.017267862282163815e-01
1.465245831172258262e+00
5.511148276709757488e-01
9.238484633887404929e-01
1.401193828583032541e+00
1.687954952117373564e+00
1.042856307701039542e+00
1.349665537455725373e+00
2.223063786831091793e-01
1.522192115218102604e+00
1.073358765487486544e+00
6.145481938817519696e-01
1.264338273721424599e+00
8.326635746356749745e-01
8.853107842689088569e-01
1.453123206303588821e+00
3.559177440666395076e-01
1.114403987695822940e+00
1.296930589633014330e+00
2.376055101976116968e-01
1.466034211743498794e+00
1.211326598750019690e+00
3.480054585063518946e-01
1.492402280255459956e+00
8.042905002562483752e-01
6.515097957537009377e-01
1.578709468077742040e+00
5.601047395304674659e-01
9.287684737840150584e-01
1.507282115480812035e+00
2.945265628777959943e-02
1.220452638092920150e+00
1.763750418670265274e+00
1.936372767191413269e-01
1.573968819198604985e+00
1.090118782793076058e+00
5.566827168797775505e-01
1.499129911692942185e+00
8.245535180880081416e-01
8.486597821097204841e-01
1.453657895586041304e+00
4.741780845701707992e-01
1.099006392006009580e+00
1.711286716697520749e+00
5.557032143126439117e-02
1.421004340497426188e+00
1.091414893226824612e+00
3.202414320302576778e-01
1.537576314656185383e+00
8.781655540145838490e-01
7.072865389237039668e-01
1.570609513815695690e+00
5.573301642975128090e-01
1.045025155027264008e+00
1.437328659604094838e+00
1.263006841665055280e-01
1.197985970324177085e+00
1.234004099902499041e+00
8.247924382220125916e-02
1.451014209554083667e+00
1.716194494700019169e+00
6.009438954957393442e-01
1.372324214404835985e+00
6.643297977946369670e-01
9.636144582995206376e-01
1.554950464819434552e+00
3.756418818481018773e-01
1.162021792601374504e+00
1.379823083265304451e+00
9.593483584579806656e-02
1.406913969599846270e+00
1.129368796612471026e+00
1.712381685715411939e+00
1.486758475433479054e+00
8.673651431279724155e-01
6.617604617231890307e-01
1.584346313694763975e+00
5.911472200378389275e-01
1.687959479153337883e+00
1.402356541858156946e+00
2.835543414755040820e-02
1.141045572397143326e+00
1.422133440171383656e+00
2.623908286797769218e-01
1.374128993277153654e+00
8.145092290891124964e-01
7.421100803699870463e-01
1.611776751314464518e+00
7.278488273901644323e-01
1.037042654271745024e+00
1.501861703992290575e+00
4.877581842756504305e-01
1.228503333437635403e+00
1.311783895493519259e+00
6.689238848797002257e-02
1.490094389119877016e+00
1.093963974311906506e+00
4.374816077694979599e-01
1.401985946959937390e+00
8.636986590938834363e-01
6.074748852668570009e-01
1.518343684330407894e+00
4.833717276598133994e-01
1.043076617485979796e+00
1.465074965052697964e+00
2.537869447068062945e-01
1.322802613080025669e+00
1.424253305842549278e+00
3.190057379407250648e-01
1.344995036271981581e+00
1.122837378771757599e+00
1.734435253167777802e+00
1.484528973388724360e+00
6.944010959152839835e-01
8.433235161824361725e-01
1.452522463460327540e+00
4.611278184848258688e-01
1.201813748078338628e+00
1.372648443242867611e+00
5.147796790352848761e-02
1.237971723693827686e+00
1.183808282344716023e+00
2.907461465318467719e-01
1.477702892463956585e+00
1.724394838520861617e+00
7.036977347551680584e-01
1.516053024607271205e+00
6.470373643143310094e-01
1.705883988868513557e+00
1.320352002563473404e+00
2.054289551982629303e-01
1.209154089995343684e+00
1.399388759699474072e+00
2.329989377427269526e-01
1.469067967796339191e+00
1.034970702994029157e+00
6.169960861699395060e-01
1.971326086450242210e+00
1.716845478965210559e+00
1.039745128346858394e+00
1.470173239101075113e+00
3.953841703293153875e-01
1.282191196476488715e+00
1.303199733007828209e+00
7.187319987770404706e-02
1.237911702652803703e+00
1.066615368843345513e+00
3.842647495626344001e-01
1.356168277275863643e+00
1.723929214639215335e+00
5.003142790101663406e-01
1.582026992628885687e+00
4.976919016197041690e-01
9.538436906209477595e-01
1.433868421386800263e+00
1.280019174747269173e-01
1.295638910223346763e+00
1.350574167959379901e+00
1.745945062566623684e-01
1.478276931695512220e+00
1.130899804437632383e+00
6.149895271768044402e-01
1.443442690413576424e+00
7.758659622606968176e-01
1.078188578135349296e+00
1.474163899968941482e+00
3.770382489345650567e-01
1.248711717855906844e+00
1.583513940050344182e+00
4.812602857883891555e-03
1.438678421350913395e+00
1.232877107657815108e+00
3.096698325335338065e-01
1.483514452018109386e+00
8.130264567429672518e-01
7.433754919032344866e-01
1.466807404633909462e+00
1.713363834756715276e+00
1.215441860726782286e+00
1.924921445738561943e+00
1.559069511930714913e-01
1.244738589611175561e+00
1.213864510375225247e+00
2.133340991810511178e-01
1.453721144007662280e+00
1.036518235419555012e+00
4.428634624459844571e-01
1.551958880952092779e+00
7.201710384597334036e-01
8.680241746194210517e-01
1.395096041127174225e+00
4.620126389403538814e-01
1.247471736815463750e+00
1.434857812204574534e+00
1.366574582984590447e-01
1.205032750307139189e+00
1.072713548622675761e+00
3.222433128399057600e-01
1.423852924620342852e+00
7.232052414994213363e-01
8.196686883587930295e-01
1.559716124851300956e+00
5.625699168789198845e-01
1.020414224206457110e+00
1.376153498263911645e+00
1.305894278990179236e-01
1.248718145699868609e+00
1.714762915693380574e+00
1.383115546540683582e-01
1.517337295283661458e+00
1.067344001913620666e+00
6.413428664316941363e-01
1.429437586650740277e+00
1.710577708184136680e+00
9.701428058251173603e-01
1.557753925485391600e+00
3.961516525498047225e-01
1.693793119266695069e+00
1.346146775757001368e+00
3.913382254505221036e-02
1.286713586889051797e+00
1.283597400311746517e+00
3.537720345321374582e-01
1.386558366913792861e+00
9.115399083810665770e-01
7.396348367207898900e-01
1.517365701578042181e+00
5.416242695500989024e-01
9.997925223631312086e-01
1.340158970342080869e+00
2.872887869222065516e-01
1.749800194377965745e+00
1.223151244063203746e+00
3.135477716743910737e-01
1.471264416785424523e+00
1.066678993186157109e+00
6.182521461604335578e-01
1.430856194706369822e+00
6.758633028491851658e-01
8.787387519885031528e-01
1.433802098417434001e+00
3.643095735100173593e-01
1.080400516737842986e+00
1.422074859697137095e+00
1.525346960692837081e-02
1.394920527001364041e+00
1.052357153182008842e+00
3.745723267626975828e-01
1.468839763797273212e+00
8.926011723851194901e-01
6.261441772514059201e-01
1.359031551109607383e+00
5.414500842444289752e-01
1.045978022064766533e+00
1.402348903150749893e+00
2.076155397288813043e-01
1.254462139105137597e+00
1.225589633184755112e+00
2.403507290835319443e-01
1.585392976803381870e+00
1.080731572568549570e+00
5.083003052418828549e-01
1.552033039543532222e+00
8.058719197959633984e-01
7.755902454402336943e-01
1.548521028129286714e+00
3.642916331236599192e-01
1.203663193558397904e+00
1.326047833642231222e+00
1.728979522325345686e+00
1.280794002070813731e+00
1.144891025966163323e+00
2.593872250417480485e-01
1.520331257376568379e+00
8.794700493092302285e-01
6.529414381503125808e-01
1.517451501552012250e+00
5.291297300708848184e-01
1.107603424593717634e+00
1.536944147139862382e+00
2.567932406778771770e-01
1.175600645657348231e+00
1.107443181462804294e+00
2.849938292179615140e-01
1.346249916126799562e+00
9.316696432303885889e-01
5.101917279846732711e-01
1.485191194631382050e+00
7.237514840293048923e-01
9.564903020000302680e-01
1.631522108226396206e+00
3.233834357951760885e-01
1.188985411193547614e+00
1.354050284921301417e+00
1.293971523223121783e-02
1.362045661816377207e+00
9.916522580486709648e-01
3.368975599890486894e-01
1.499256591351442847e+00
8.925030945238291435e-01
6.337640279163618828e-01
1.576757938444901752e+00
3.973565230466691300e-01
1.082626174757951754e+00
1.568729074745484287e+00
1.088225155255709148e-01
1.333275355145139507e+00
1.257185138554723247e+00
1.841391960294515295e-01
1.289960374697992851e+00
1.124225637599980399e+00
7.211685416764570533e-01
1.524037989374158686e+00
8.365541407779157890e-01
1.067634138547801426e+00
1.602807418031582332e+00
4.299519280255258424e-01
1.119370949392324510e+00
1.335999961380748058e+00
1.553309197983631651e-01
1.328193501391496278e+00
1.216370209055195550e+00
1.879299844444019540e-01
1.442409143457749954e+00
8.738638288781551688e-01
7.405371646925066331e-01
1.585595808624617353e+00
6.145011491569892792e-01
1.060038926406126070e+00
1.444109984348389775e+00
2.353460042449289913e-01
1.303793499075814655e+00
1.693917832275001478e+00
1.794950403572150577e-01
1.460144854161743444e+00
1.041802242536559175e+00
5.477621701474656435e-01
1.424349759389421877e+00
6.799701101900778033e-01
8.004236705139274877e-01
1.418808962981651378e+00
3.084193785061010717e-01
1.168820983431924088e+00
1.313144558851353727e+00
7.049584580394857580e-02
1.264786263969032820e+00
1.182112803007407065e+00
3.956713056073830614e-01
1.922497218105894579e+00
1.043435566398285719e+00
7.410010456912538013e-01
1.375061304638239834e+00
5.544539281065867797e-01
1.016541217583036616e+00
1.513876976523046203e+00
2.051320646529233849e-01
1.358379876440730660e+00
1.288448611561084034e+00
3.561846491489741862e-01
1.365601265589124980e+00
1.089759843136204776e+00
4.101057973122146372e-01
1.428922634231362343e+00
6.614190334850350572e-01
8.502213323743773588e-01
1.312414709909491828e+00
3.469334249511997759e-01
1.212890690470482813e+00
1.329584710843842554e+00
2.223786521408327443e-02
1.318738808412832419e+00
1.249803630137472865e+00
2.922840850617296482e-01
1.360305367253322517e+00
8.377568510916604261e-01
6.675221356246575644e-01
1.490417544154155838e+00
5.203504535996036351e-01
1.093082356204346794e+00
1.345311675269007745e+00
1.978856330373252592e-01
1.284025411290597551e+00
1.319459556958024082e+00
1.955568059628251254e-01
1.439191216397307072e+00
9.930900909337478932e-01
5.593528338940054745e-01
1.521326134888670412e+00
6.891777601919674145e-01
8.818021876091545197e-01
1.491763950307831488e+00
2.968549602118522590e-01
1.670769100213058689e+00
1.491043452618879384e+00
3.667141174078976384e-02
1.231533376093963517e+00
1.210780726829296716e+00
2.339509001828413981e-01
1.245924420093128537e+00
9.760559332767020368e-01
8.389456017167108426e-01
1.453842619820646442e+00
6.086170542716560217e-01
1.072386459134939019e+00
1.515333521260778582e+00
2.482922851301169742e-01
1.320688199282451514e+00
1.153995151759525939e+00
2.625955590790206573e-01
1.387390742518742393e+00
1.029445008179466159e+00
5.416702482504111016e-01
1.504267115151670886e+00
5.496285320526749230e-01
7.960222697910807055e-01
1.503935701819941517e+00
3.076660726409490287e-01
1.211497481361067052e+00
1.274600019693505004e+00
5.952640860437112547e-02
1.307698037404357194e+00
1.721751548706061286e+00
2.442393065047894773e-01
1.569557494684112875e+00
8.380904369809474286e-01
7.455981118541576969e-01
1.491453115949423536e+00
5.215975070182344853e-01
1.035971326020805217e+00
1.446232143910365586e+00
2.142275074914727073e-01
1.186613942752691830e+00
1.702065094628024911e+00
2.046915477973418329e-01
1.511326768452949665e+00
9.548590381652243275e-01
4.434766635347807684e-01
1.349803712506212561e+00
7.651715810926515982e-01
8.919851003818864976e-01
1.422993513223023143e+00
3.801245679023337321e-01
1.158149279812934029e+00
1.250144907841773678e+00
2.699090605270858256e-02
1.821305549626980547e+00
1.130103165804025922e+00
4.587698832014206474e-01
1.429599300636265058e+00
8.634055688252882943e-01
7.275712007920472901e-01
1.468780738398199004e+00
6.036361104670002753e-01
1.070309639381167077e+00
1.364185251865783099e+00
2.359531391090223529e-01
1.280019615543361633e+00
1.256156767628571869e+00
1.810392752064494126e-01
1.425058773575372806e+00
1.008693408489687249e+00
5.044804710397265968e-01
1.458837001613350948e+00
7.577349005248797953e-01
8.195013583480903474e-01
1.796499112791209329e+00
3.651289577944476505e-01
1.172888762064608681e+00
1.379537671255921083e+00
4.343012414270609745e-02
1.256966081270741942e+00
1.236107723741258324e+00
3.479865734496238039e-01
1.413392553658701534e+00
9.158107701246677168e-01
7.154031683989645618e-01
1.564095942199170475e+00
5.138386170634017258e-01
1.000257544033562151e+00
1.470549092965331539e+00
2.204535295599688860e-01
1.351478695549393372e+00
1.240700029525320547e+00
1.838958200639092821e-01
1.237713010325492968e+00
9.674813123227101741e-01
6.701995484360883104e-01
1.525012568298057980e+00
7.263950215248523579e-01
9.416352867929979054e-01
1.519452313994203996e+00
3.100582865327214943e-01
1.144583344739079189e+00
1.364303698003382248e+00
8.158814112427635601e-02
1.346296970042554442e+00
1.145362703502236013e+00
4.410050378898358603e-01
1.525734765196451681e+00
9.804462332348697906e-01
7.624826974252004730e-01
1.546647048626457410e+00
4.299829970648247346e-01
1.027838353245570824e+00
1.409439519478270508e+00
1.339706563380365090e-01
1.275108834462576057e+00
1.217035370358724444e+00
2.034178918982010864e-01
1.444808782849680062e+00
1.096988080366439133e+00
4.171923226173351873e-01
1.478782475193940904e+00
8.220831503532045614e-01
8.756374226345253753e-01
1.914306357054593510e+00
3.466532167883870641e-01
1.104654064731184659e+00
1.344371175831839516e+00
8.192412495557173380e-02
1.397552304319624961e+00
1.182151241131219166e+00
3.351223346662663416e-01
1.443828263194156802e+00
7.948868989349359149e-01
7.285467547030001212e-01
1.475917150320305238e+00
4.971119225955711873e-01
1.120308432070152627e+00
1.376590658583321192e+00
2.044750261144501757e-01
1.320194789617132880e+00
1.275136357812759691e+00
6.841076355923739194e-02
1.296316974611953610e+00
1.022965014647111648e+00
4.738348031242303193e-01
1.457155346510262461e+00
7.703846059528828283e-01
9.948505078210341246e-01
1.450706420093791804e+00
4.256242096061558233e-01
1.056568762558750096e+00
1.500715224846643103e+00
3.777284691206793388e-02
1.743153438412014644e+00
1.065873322967843428e+00
3.817296944452888141e-01
1.565367074568626338e+00
1.699537159074754777e+00
7.644513321578177978e-01
1.419281813193024266e+00
5.582857861771144403e-01
9.595381314977557974e-01
1.367924777898186894e+00
8.709150797018794243e-02
1.259241051380190823e+00
1.414616338421371244e+00
2.077607190756940170e-01
1.444236636689597120e+00
1.023395584142634540e+00
5.574122002455210723e-01
1.377614347556477714e+00
7.697260730750316027e-01
9.903470422246352101e-01
1.436662928911673021e+00
3.853597707525433513e-01
1.065860795100015634e+00
1.395487649111334605e+00
3.921762589329867710e-02
1.433937385644951101e+00
1.084255783912819293e+00
2.633778142260762567e-01
1.565640750844927487e+00
8.380310416209022506e-01
7.879694712426942305e-01
1.522958179787029520e+00
4.561655627620971876e-01
9.943203548052703677e-01
1.477890171909589156e+00
2.404809941592587763e-01
1.212315314440482350e+00
1.218629204945898659e+00
2.800799711215099519e-01
1.611256551901507184e+00
1.713936242239408880e+00
6.301547204580493222e-01
2.136912981764235830e+00
6.412489705810884288e-01
9.784168292622305030e-01
1.469693650767629478e+00
3.051890734507232139e-01
1.133227622326025585e+00
1.380147868691087298e+00
3.747645002276062121e-02
1.274539659914722733e+00
1.135232295418670212e+00
4.421735787585940880e-01
1.583670692398096325e+00
8.953888785150186935e-01
6.878055335677244475e-01
1.572616377002954202e+00
4.535812556024322317e-01
1.143084416164435568e+00
1.409309001953707563e+00
2.274359789038217505e-01
1.393058830480338184e+00
1.304736579600408675e+00
9.268862402960505176e-02
1.392375917927013651e+00
9.070857627890388519e-01
5.472946593186527320e-01
1.538194739322673366e+00
5.613057128123942752e-01
8.664489621900123284e-01
1.481473046600090715e+00
4.542682653923965086e-01
1.236872995245807072e+00
1.377653541936032955e+00
3.186948254293672789e-02
1.387724794126206529e+00
1.159674940952174271e+00
4.604970833240752404e-01
1.532776608553752640e+00
8.798248908267757296e-01
6.765355471544657329e-01
1.712575065698241694e+00
5.582406588825714611e-01
9.137224170155728853e-01
1.386539921448591839e+00
2.166723444767100215e-01
1.348138862967266816e+00
1.309434760845900492e+00
1.984969271432434346e-01
1.504516814436722916e+00
1.112963264599969193e+00
5.647236154938501951e-01
1.480243251771012236e+00
7.243354409266042904e-01
9.040198551767472113e-01
1.564812501155991908e+00
3.835961813125568498e-01
1.096268407486758800e+00
1.227009836584157965e+00
6.825255989349948704e-02
1.403347166084361275e+00
1.151083015795617781e+00
2.291395142198880963e-01
1.357484300146113432e+00
7.835843259815387096e-01
6.623714530904892817e-01
1.406399327892581930e+00
5.096434423587133944e-01
1.074371684541568284e+00
1.369256739712740867e+00
2.169964527823541323e-01
1.704523699935216241e+00
1.167879171170008945e+00
2.550801096493678366e-01
1.325953278196905449e+00
1.046325216231809963e+00
5.418038387141576040e-01
1.431476440242473336e+00
7.948841236458346060e-01
9.358332148937740236e-01
1.480557855659852429e+00
2.166788724493248497e-01
1.184619207217182613e+00
1.388800972252650867e+00
2.432354540760012576e-02
1.415133111539121469e+00
1.197157657080315296e+00
3.540717757858983794e-01
1.480200902356352044e+00
9.755482916572377761e-01
8.387895327308004800e-01
1.546652766445886007e+00
5.404973088944612369e-01
1.697713087850872826e+00
1.321753439840132716e+00
1.036980682780449248e-01
1.155554447839900023e+00
1.410833156006967792e+00
9.639072555146954713e-02
2.071185203584043233e+00
1.004545543335645608e+00
5.419093255317841695e-01
1.304852138224742442e+00
8.749078074415956863e-01
1.052373679531953821e+00
1.313111975906172901e+00
1.730848532022219111e+00
1.226877449050740587e+00
1.532813123418885093e+00
2.023484668078258386e-03
1.419417774286533929e+00
1.149909357856375047e+00
3.642426255069624030e-01
1.423497302574130874e+00
6.090223837810969654e-01
6.488109083620445805e-01
1.509723981506919666e+00
5.126101126698604515e-01
1.078037144261714264e+00
1.432138905568946186e+00
1.271733315510487627e-01
1.169545996380290553e+00
1.270989918117549022e+00
2.247996191941354915e-01
1.335353700733434845e+00
1.064767070498440438e+00
4.284103817376542223e-01
1.726128925202752962e+00
7.871141859673059793e-01
8.381584702577794532e-01
1.588657726243932977e+00
4.858539071665077813e-01
1.237883569825645180e+00
1.309829536144850204e+00
4.474186618990073222e-02
1.352505500608676803e+00
1.221473629960576401e+00
3.463716636846705943e-01
1.403456024175762540e+00
1.092946034989967563e+00
7.759326144504812284e-01
1.399480460528763182e+00
5.737421882249821303e-01
9.847520906307438704e-01
1.356300289210632393e+00
1.883700181177523358e-01
1.283731919167958146e+00
1.220113273316313585e+00
1.013824528385214585e-01
1.413292383810627273e+00
9.569610629296111393e-01
6.431816015689286736e-01
1.978968141436618922e+00
8.713392361912893902e-01
9.559143602141998430e-01
1.433038230150283532e+00
3.365982648554988743e-01
1.035627222581257723e+00
1.569064541208635921e+00
1.703017612337220266e+00
1.375370533804188611e+00
1.220323335606812165e+00
1.743934663947503072e+00
1.363859157328719318e+00
8.260320453923282180e-01
8.377893203398625310e-01
1.517855261896092545e+00
5.021087243485693463e-01
1.069246068545781858e+00
1.915564182111062719e+00
1.803611695666940962e-01
1.367865258066720324e+00
1.278471681196094334e+00
1.993850949132008332e-01
1.423392317255272044e+00
1.073735973491391382e+00
5.196339099869297096e-01
1.625471169368396751e+00
8.175453936690982859e-01
8.520004545371213656e-01
1.461338665760107736e+00
3.437385463992797541e-01
1.260720514089141986e+00
1.378762326934464877e+00
6.209266670902944402e-02
1.247257811214533163e+00
1.141460977538226063e+00
3.498170089606820743e-01
1.433254487596979487e+00
8.940517557894519518e-01
1.715612205586910743e+00
1.623886675638157140e+00
5.835140248971755206e-01
1.037120779543807991e+00
1.462532775359998594e+00
9.203094764914983295e-02
1.226430592006345410e+00
1.210334521987056267e+00
9.093223405774433776e-02
1.369624417184224230e+00
1.048037309647668502e+00
5.513658699666974528e-01
1.311723831577726429e+00
7.788082775720328588e-01
8.500228772912263864e-01
1.523472262876264693e+00
3.410722251104582603e-01
1.239590626411716912e+00
1.243423394439826968e+00
4.432279033537916968e-02
1.465786966124194457e+00
1.037721751400694448e+00
4.112076388056850051e-01
1.516953804900144309e+00
9.165569728975504482e-01
6.174518077545623207e-01
1.872397218049533185e+00
4.848796746288215331e-01
1.043045152294036715e+00
1.313259450235670478e+00
1.598353491170291518e-01
1.388643222140902633e+00
1.248976346465892506e+00
2.137100260842616714e-02
1.364259118580469998e+00
1.109080020213568218e+00
5.049418003025682999e-01
1.379593148021659443e+00
1.704091093761948006e+00
9.255440677368008684e-01
1.494909581125050790e+00
2.358954048033297113e-01
1.687045392163835755e+00
1.235392121632786777e+00
5.026094753713913899e-02
1.338807271666184517e+00
1.140648901314537556e+00
3.681273026763863254e-01
1.449745200603270501e+00
1.032308109872876578e+00
5.753238103803561820e-01
1.611190921812627685e+00
5.926766011970788783e-01
9.212283476749885125e-01
1.233831579823766900e+00
1.698958703807102733e-01
1.265068897410484672e+00
1.190815304254469131e+00
1.591547431011059721e-01
1.440200677318515199e+00
1.042018320589191749e+00
3.982174068970217307e-01
1.590240480973168946e+00
5.623777708078330217e-01
8.392705190086562350e-01
1.527777082050491009e+00
3.480927083407240885e-01
1.069827129079820693e+00
1.366684371588651636e+00
2.857743863200106968e-02
1.288191803675330593e+00
1.243259702213064033e+00
4.004878261125310868e-01
1.279208523190920266e+00
9.109628211440607970e-01
1.757670996550627418e+00
1.494002692924669029e+00
5.202735520013048731e-01
1.728277780327307722e+00
1.365425459540213771e+00
1.719753741783785206e-01
1.118370896225410860e+00
1.692431107910201016e+00
7.566569603941000755e-02
1.397043474815351960e+00
9.218992898529165814e-01
6.162250030183813454e-01
1.458750932282441903e+00
6.161905262853563103e-01
8.385674977898730509e-01
1.474634484509109500e+00
4.573989449901999516e-01
1.047109580998598632e+00
1.350370586226761871e+00
7.376296276796756590e-02
1.507430108422846304e+00
1.112435372331689099e+00
2.644151577975089595e-01
1.523676218847520802e+00
8.249148204217060520e-01
6.045051450410544591e-01
1.433549238100310541e+00
4.980236097760510905e-01
9.910627566939317346e-01
1.496731289187194447e+00
2.211451777525666185e-01
1.242245042800970589e+00
1.222275682690872722e+00
1.378944990516998426e-01
1.320788786360982847e+00
1.040132445147202045e+00
1.728301052603046895e+00
1.558018099089163888e+00
6.830025003716502230e-01
8.834067380910262113e-01
1.561774967861101482e+00
4.190128257741518314e-01
1.149435904534491515e+00
1.313653327660185610e+00
7.316965879910861115e-02
1.461093025390250766e+00
1.018081446828600134e+00
3.553148471698091004e-01
1.487056546913230415e+00
8.627151698327971685e-01
6.848278979422384172e-01
1.441785987626583276e+00
4.545377923232077344e-01
1.082714482773812215e+00
1.244866460634582950e+00
2.297862135308453846e-01
1.213673049654508729e+00
1.150548072675196876e+00
1.370248339895515921e-01
1.509610226914654074e+00
9.982084009048320938e-01
6.257643993590298326e-01
1.544606417456541925e+00
7.064836723422283082e-01
9.881571721627391280e-01
1.470894511744908373e+00
3.687757060143270760e-01
9.410084976740774598e-01
1.429082091291204781e+00
1.319880791761284533e-01
1.369793781080539175e+00
1.255269306812986541e+00
3.815784431957759404e-01
1.451499117650308035e+00
9.412237146388846565e-01
7.340086168390866916e-01
1.499073031025866198e+00
4.814056216907329211e-01
1.091978984531001728e+00
1.457504105173422326e+00
2.446455377971850920e-01
1.489778338537712354e+00
1.238385599489230104e+00
1.465377362928800831e-01
1.597114135524763112e+00
9.281602606265100253e-01
6.881725809533520977e-01
1.563563852680809552e+00
7.421607225420610021e-01
7.631387750834630612e-01
1.502944998205576033e+00
4.331714991764832323e-01
1.192870897619026094e+00
1.328220529671022776e+00
4.628135848453249213e-02
1.532260961859476023e+00
1.129562410873106160e+00
5.132983086975871911e-01
1.571011844331540841e+00
9.684028410494830430e-01
5.561660928066977094e-01
1.362561869875735132e+00
5.623762370366327534e-01
9.881411510988694635e-01
1.438208453936826947e+00
2.974185501289638434e-01
1.226463258898119024e+00
1.255956035666284887e+00
1.748949708311771656e-01
1.393991744677578692e+00
1.003174145594113220e+00
4.176184364795900716e-01
1.601069811097542539e+00
7.077885935327024036e-01
9.020363438695855329e-01
1.390584989335367228e+00
4.542193973732802648e-01
1.707157394423614249e+00
1.537693721684949777e+00
