# {'thres': 0.0022929184431837186}
-4.023849009339275362e-03
-3.143565270896547803e-02
-8.969404532465308222e-03
-2.593599240049615506e-02
-1.411324813463665784e-02
-1.238569387485677353e-02
-3.159160877686495450e-02
-2.693720872307769909e-02
-1.244140208646837831e-02
-3.593970372455984608e-02
-7.391484315861895915e-03
-1.315690759971399615e-03
-3.220746354311720960e-02
-4.620660592512981779e-03
-3.978460107477654883e-02
-3.324528626377776241e-03
-2.849888391602950488e-02
-1.378986493322409412e-02
-5.126561088608089234e-02
-3.565609160931210164e-02
-2.000673425239096748e-02
-1.475706359473449858e-02
-1.813261672923460743e-02
-3.108625161107797519e-02
-2.538920901159313903e-02
-5.242009278413117812e-02
-1.357456298554660101e-02
-1.967554617369460246e-02
-2.086783289329285918e-02
-3.561147362410782558e-02
-3.051212917804974056e-02
-1.100849119908930973e-02
-1.894976311446550099e-02
-1.222292107167144426e-02
-3.468901640512067619e-02
-5.045714744535911844e-02
-2.604662292558768133e-02
-5.404915632416296134e-03
-7.316607397131913437e-03
2.014718812904159329e-03
-4.564697195011746533e-02
1.421912140216508025e-02
-2.713300844022592528e-02
-1.304365975805099609e-02
-1.393047753728282601e-02
-3.141584304241257231e-02
-3.712493296254854025e-02
-2.821326899765963514e-02
-2.059923520951623122e-02
-6.701515039725602918e-03
-2.701558532614733998e-02
2.793177100557753256e-02
-5.642217890143957915e-02
-1.113606118092158592e-02
-5.951959806391848851e-03
-2.526805088491479445e-02
-3.214078647912471665e-02
-5.807891881793092459e-03
-3.870198353103732058e-02
5.089873256845178773e-03
-2.390345131010551682e-03
4.618289256718477453e-03
-4.895852337047240654e-02
1.379403095712008476e-01
-2.450632681489106623e-02
-3.954249936817838540e-02
-1.198316362716678185e-02
-2.514436291517518907e-02
-3.719690023996879980e-02
-2.322976637670148836e-02
-9.643827544690064535e-03
3.207910541528913306e-03
-2.069641743099459585e-02
1.925952308752232334e-02
-5.464522391476789309e-02
-1.470147995648829475e-02
-2.288551270474692423e-02
-2.056451296204719892e-02
-3.906977987080906267e-02
-2.398075803372812231e-02
4.481294652147971291e-03
-5.228385243336353128e-03
-1.669478177117811324e-02
-3.021700197372462204e-02
3.500158072671055720e-02
-3.565595494721807146e-02
-1.937394145736404116e-02
-2.751685730378283790e-02
-1.028351445831687805e-02
-4.920688637876291516e-02
-3.051677008475156549e-02
-2.612291866307436816e-02
-1.304365975805099609e-02
-2.639286955762643050e-02
-2.303928208164141012e-02
-7.375098103480359768e-04
-2.552093965106916329e-02
-1.216387716023381582e-02
-1.128870908550450025e-02
-2.387282230505693992e-02
7.051225442710495894e-02
-2.337103670471807337e-02
-1.100849119908930973e-02
-2.718586788358756667e-02
-1.416690536827247549e-03
-4.395514426949037601e-02
-5.563983368099040261e-02
-3.175712314234629963e-02
-4.372286804566138940e-03
1.911345927713026249e-03
-1.640939168626509570e-03
-5.941413690576879958e-03
-3.532149161319314556e-02
-2.358765101270443587e-02
-2.579580433548511742e-02
-1.781282560526598058e-02
-3.201306964934802490e-02
1.421912140216508025e-02
-2.987633295483049789e-02
-1.659038838768922552e-02
6.723436050702136235e-03
-2.404162874803406069e-02
7.961326580718908197e-03
-4.740669177188311378e-02
-1.093058496275245428e-02
-3.705519130693396557e-02
-1.827903511539175074e-02
-3.139415492944758190e-02
9.538272677311232517e-02
-3.073578794740006170e-02
-6.953560182664020317e-03
-1.156818952381577503e-02
-3.214078647912471665e-02
-4.172417841258929672e-02
-2.761752011556584119e-02
-2.131512241561273058e-03
-3.618022951615662564e-02
-1.249747412146429149e-02
-5.602503642571704523e-02
-4.350903770518277369e-03
-2.834379344848736437e-02
-8.696130909037314005e-03
-1.152626094024211678e-02
-3.424684048599951902e-02
1.428830202683454287e-01
-4.767691385788974667e-02
-2.331634022479234236e-02
-3.276409438622573944e-02
-3.282569477786245749e-02
8.492071406426937585e-03
-5.164961481740393268e-02
-2.445264294383298065e-03
-2.307444791088020253e-02
-1.829004489567520597e-02
-3.925427871558356818e-02
-3.647569394514937891e-03
-3.537684012337910522e-02
-1.552741210549934969e-03
-9.349295464545548384e-03
5.032642931932840291e-03
-4.635328311321779138e-02
1.333023827496893077e-03
-3.038439153247762814e-02
-1.967514203415132723e-02
-1.036623475963838192e-02
-2.788430438318922899e-02
9.862007225487945394e-02
-2.917209536799103553e-02
-1.434530950639711921e-02
6.766484279443041316e-03
-2.711123592585085174e-02
1.194810666726719983e-02
-5.068554646223250026e-02
-2.259370927552162289e-02
-4.249958976806605948e-02
-2.409319296669920618e-02
4.136805535481569152e-03
9.283621511242579061e-02
-3.267366338000426973e-02
-3.155109422800395080e-03
-9.172095959937398568e-03
-2.917086819429515199e-02
3.434860805271333639e-03
-3.899758968426136896e-02
-3.274399639774300264e-02
-2.161210246999445417e-02
-1.453571073654247314e-02
-5.379476945130856613e-03
-3.335675198079463000e-02
-2.570256695225481280e-02
-1.366767600849005948e-02
2.370011604483024392e-03
-3.529649122530270633e-02
8.900169989222717071e-03
-3.148580313001253517e-02
-9.247977262141438004e-03
-2.445896080485709945e-02
-2.583247412579159352e-02
1.333023827496893077e-03
-3.523049060454924719e-02
2.728854469446373443e-03
-1.550439533230074662e-02
-1.801554164584839857e-02
-3.437361803504934699e-02
-3.961824433785787747e-04
-2.588480521188685213e-02
-3.134922576460530408e-03
-1.868165140404942637e-02
-1.335600705148043410e-02
-2.288617380520685529e-02
-3.198282913873107258e-02
-3.070247824450855756e-02
-3.016326209139419401e-02
-1.920081891852032374e-02
-3.175308465316500905e-02
2.682609097458421576e-02
-2.955318006289286981e-02
-9.518601208411636705e-03
-1.034220165442523154e-02
-2.644575202656462842e-02
7.975619867522265594e-03
-5.024385274451814709e-03
-1.489004366800661394e-03
-2.684553511086984479e-02
-2.845367323280445504e-03
-2.693720872307769909e-02
-4.191275404253125281e-03
-3.250073443302209375e-02
-3.407053170297102973e-03
-5.536016642893604178e-03
-3.189505540685105833e-02
-4.161039828126644746e-02
-4.506533632455417271e-02
-3.031437280551479985e-02
-1.557857580818788890e-02
-9.377790697213672644e-03
-4.767691385788974667e-02
-3.134690688950847459e-02
-3.133871022029216524e-02
5.363724458096186254e-04
-2.358203955053705947e-02
-2.149154217088844465e-02
-2.491115834556645314e-02
-3.952956819959591028e-02
-2.162877413092123557e-02
-2.811586181866665424e-02
-1.457230941031617544e-02
-2.743361367388330585e-02
-5.329392847010205880e-02
-3.049624952555940460e-02
-1.625267814380015885e-02
-6.840828817548660901e-03
-2.914417000201308117e-02
-3.112143979771248015e-02
-3.345838820829749594e-02
-2.086783289329285918e-02
-2.754146301115589779e-02
-1.039854907131831929e-02
-5.512786816888265440e-02
9.009567286118258522e-02
-2.195300759549800862e-02
-1.249640898883785933e-02
-1.677522249114427044e-02
-2.298544736151164614e-02
4.391405715790830389e-02
-5.598161985507837946e-02
-1.941998758858742846e-02
-1.259237916309352556e-02
-2.928527202777886362e-02
-1.493881723000167749e-02
6.221944500607268225e-02
-1.019756970501795035e-02
-2.754146301115589779e-02
4.261311366570152970e-04
-3.398816789849540276e-02
-6.014948069547720877e-03
-2.650304717114848607e-02
-2.637631253146366372e-02
-6.245267957985634055e-03
-1.220079220785086349e-02
-4.378940795336649927e-02
-2.822065855353028674e-02
-2.501495757795035857e-02
-1.700809627092680909e-02
-1.217592216075380485e-02
-3.681852728599144253e-02
-3.704416196563653507e-02
-3.051212917804974056e-02
-1.763032227088434656e-02
-1.296294163063760330e-03
-2.477111710351687091e-02
1.421912140216508025e-02
-2.421394930559883640e-02
-5.766941865320784899e-03
-3.664314246773309192e-02
-1.912622871758928866e-02
-2.058475422935912569e-02
-4.332444653782396848e-02
-3.807277189186841770e-02
-6.481863097812734509e-03
-7.012356456393975535e-03
-2.186992729641812350e-02
-6.658496636644750666e-03
-3.442330974893936801e-02
-2.615890908174045570e-03
-3.886535024680642936e-02
-9.545132889520524522e-03
-4.033141795367611859e-02
-2.322109822485307618e-02
-2.581134391100148306e-02
-4.430025097370893228e-03
-1.435355723805531447e-02
-2.572532919392489514e-02
4.438310680570622946e-02
-3.774220095482777593e-02
-1.057404295281760831e-02
-1.518726536411174610e-02
-2.828154763803125693e-02
-3.162358807311188569e-02
7.634739091752051898e-02
1.105512675401709721e-03
-5.951959806391848851e-03
-7.450194160549816758e-03
-3.913866604228799506e-02
7.195731471882360619e-02
-2.761752011556584119e-02
-6.360430887273893497e-03
-9.733749018433046629e-03
-3.081457721479113898e-02
-4.378940795336649927e-02
-4.007702990999395531e-02
-3.031437280551479985e-02
-3.370276202302346924e-02
-1.885162457793010393e-02
-4.948418681045035905e-02
6.976036278382957700e-02
-4.575774499500812054e-02
-2.318741804456569966e-02
-3.029051833744356159e-03
-3.195326224455385944e-02
1.042239899727218644e-01
-4.259701244600178072e-02
-1.057990549023990479e-02
-2.684553511086984479e-02
-1.491943826563502107e-02
-2.480220946769606805e-02
-2.437834892960266675e-02
-3.910212558793935145e-02
-1.464883668465344346e-02
-3.288213113501026186e-03
-3.035498675515929667e-02
-4.384229522614147001e-02
-3.474020106370034888e-02
-2.019630961815632730e-02
-2.136611923360010046e-02
-1.575608136769801604e-02
-2.759224078962307924e-02
-4.421633151573151066e-02
-2.247176651264481961e-02
-1.536072085406736676e-02
-9.474157888533230043e-03
-2.640393624182935106e-02
1.712390386334752268e-01
-4.737225499133368434e-02
-2.115933241483125560e-02
-2.221892107004541650e-02
-3.265721239622393357e-02
-2.347295634451362911e-02
6.221944500607268225e-02
-2.383280097935014386e-02
4.736745023371513597e-04
-5.344451035057762311e-03
-3.227226229775331801e-02
-4.271431689593879755e-02
-2.382648580283430739e-02
-1.360167418887148205e-02
-6.941239536495835694e-03
-1.362761111645649503e-02
-5.045714744535911844e-02
-2.094444012528551280e-02
-3.083354837945978533e-02
-3.428600764084649422e-02
-1.194965658784774565e-02
-2.747781178427954885e-02
-3.786333788760548602e-02
-2.600672136038728599e-02
-1.941998758858742846e-02
2.847250895979369645e-03
-3.107155297727087762e-02
2.841353241770905314e-02
-1.198569616397138216e-02
4.001292393634225952e-03
-2.684553511086984479e-02
-1.092467263734120397e-02
-2.401258666275396525e-02
-4.546930555026307275e-03
-2.348387934908957586e-02
-3.586234099411833576e-03
-2.723633463010910472e-02
-1.382323831943133019e-02
-2.398075803372812231e-02
-4.213577772000787203e-02
-2.544564943710003746e-02
-3.451130610837410684e-02
-1.702891600557776552e-02
-3.201306964934802490e-02
-3.401731508667338311e-02
-2.775470393114598533e-02
-8.017380326416523317e-03
-1.296294163063760330e-03
-2.655665635109638600e-02
8.334462301074641033e-02
-3.735789829406932494e-02
-1.195668602421662285e-02
-2.798504655365174898e-02
-2.358765101270443587e-02
-2.439081807918963563e-03
-4.599691457247867543e-02
-3.609365839062639303e-02
-1.191885524352898074e-02
-9.078837672452988450e-03
-2.962538432155570334e-02
-5.660286495417388153e-03
-3.302141198652314147e-02
-2.310109778445790241e-02
-2.361901540855460002e-02
-1.209741321129642611e-02
-5.557326309652121932e-02
5.845339494671586422e-03
-2.772253400296176284e-02
-3.045354787539600316e-02
-1.045810607010144722e-02
-2.413751435493405317e-02
-2.670615711491775013e-02
-3.051212917804974056e-02
-1.290690250348758283e-02
-1.303026640105542366e-02
-3.031437280551479985e-02
-3.528951682761599651e-02
7.865134795946171486e-02
-1.107066457621819211e-02
-3.709970716175647887e-02
-6.788044804835635659e-03
-3.239919728109258434e-02
4.820496608773128244e-02
-3.608444686186657036e-02
-4.662116703542107388e-03
-3.882124108667522888e-02
-1.640939168626509570e-03
-3.867308074164332865e-02
-2.615941415150035976e-02
-2.599354984130453072e-02
-2.286098530626490266e-02
-1.678459402662357824e-02
-2.278566464024145422e-02
6.038797661114703175e-03
-2.647794219369692392e-02
-9.643827544690064535e-03
-1.188822198577865752e-02
-3.284373214792624118e-02
1.254431121020305184e-02
-3.772090759855895037e-02
-1.403662218246271021e-02
-3.589116214359905355e-02
-1.573019729521429877e-02
-2.878423911734406815e-02
-2.161273009254716104e-02
-3.021700197372462204e-02
-4.235866118263320601e-03
-1.159211669671622591e-02
-3.161362082877311463e-02
4.898794784299520533e-02
7.665700084729443198e-03
-3.288883783995172339e-02
-3.666412427269910568e-02
-2.259370927552162289e-02
-5.295922423170090765e-02
7.010607298498638951e-02
-2.759224078962307924e-02
1.657725818028255027e-03
-2.161191540122187060e-02
-2.901467616991182386e-02
4.589971028033490441e-03
-4.690955414603092954e-02
-1.001852555907611908e-02
-3.363610345922896094e-02
-3.134922576460530408e-03
-2.606766442703378761e-02
-3.523049060454924719e-02
-3.303018292085813101e-02
-9.078837672452988450e-03
-9.517890854887633978e-03
-2.562883486110467679e-02
-4.054494456080159903e-02
-2.480220946769606805e-02
-6.168589880253261271e-03
-3.468214611356090771e-02
2.927278730846971655e-03
-4.015152150237222273e-02
-4.039839878126399997e-02
-2.294505754470932413e-02
-2.643321908282425525e-02
-1.287476894542127770e-02
-2.521877212986056715e-02
7.807380495505000795e-03
-2.786749309230984739e-02
-1.399628604793545783e-02
-2.420731410248000426e-02
-2.881649719816159472e-02
8.544911361204277078e-03
-3.770994504201036213e-02
-1.364569545179816767e-02
-6.941239536495835694e-03
-2.169147753856681682e-03
-2.709344857929474326e-02
1.119879102726135667e-01
-3.646768594011062792e-02
-1.387502468247603371e-02
-6.941239536495835694e-03
-3.104770776579096614e-02
-3.860767689704053263e-02
-2.611957206437887091e-02
-2.446235556361009422e-02
-2.182536628441689164e-02
-1.217592216075380485e-02
-2.575003531070252372e-02
1.475137928893222039e-02
-4.637759823330994680e-02
-1.435355723805531447e-02
2.858463343526795875e-03
-2.713300844022592528e-02
-2.513920833602856231e-02
-3.930679301106970724e-02
-1.658551915044426117e-02
-2.670022441503572264e-02
-2.599007276466358540e-02
-2.178841836863598669e-02
-1.561819441684153542e-02
-3.682954279712868928e-02
-1.975937044324638237e-03
-5.735040922277279130e-03
-3.482914674798937016e-02
-5.279078500663225704e-03
5.845339494671586422e-03
-2.578733656817266962e-04
-2.950988635385964898e-02
-1.084232629771009204e-02
3.111281154403167104e-02
1.361349945145006179e-01
-2.775470393114598533e-02
-8.656210307070422161e-03
-9.449211285474823363e-03
-2.485899065832131161e-02
1.797631719310366361e-02
-2.283347185224193776e-02
-1.324529130819374068e-02
-2.076019271700813018e-02
-2.477661079292614588e-02
-2.789128487349712415e-02
-4.209060171254236371e-02
-2.974567450172882488e-02
-7.290229593180597156e-03
-4.293691647752062579e-04
-3.096961439729734034e-02
-5.379476945130856613e-03
-2.878423911734406815e-02
4.261311366570152970e-04
-7.555129886107514459e-03
3.177285105162130918e-03
2.283493570265360262e-04
8.900169989222717071e-03
-3.319185412952246894e-02
-1.037241830688861999e-02
-1.690664276933251386e-02
-3.105706581604245065e-02
2.490925100271235149e-02
-2.413751435493405317e-02
-2.225026845982180923e-02
-1.812918440580524315e-02
-2.531065554155653707e-02
1.421912140216508025e-02
-2.788430438318922899e-02
-1.231535308567044407e-02
-3.475164790948653826e-02
-2.235519601069624329e-02
-2.463904095011981710e-02
4.664217752430699360e-02
-2.916411744805524897e-02
3.621088900173319303e-03
-6.313848177050052080e-03
-6.253185576612030339e-03
2.306236951314366568e-02
-3.343033338734641147e-02
-2.131512241561273058e-03
-3.437691060335146265e-02
-5.964831690883798387e-03
-3.411174181576764886e-02
9.108887452213831892e-03
-2.346440090444756876e-02
-1.760051806990992063e-02
-2.025758129648336237e-02
-2.552093965106916329e-02
-3.446472974013103929e-02
-3.636905521391115004e-02
-2.061584830630613929e-02
-1.197935302288977155e-02
-2.666642068407709676e-02
-2.709624956389322659e-02
-4.620660592512981779e-03
-3.682954279712868928e-02
3.621088900173319303e-03
-1.352669360576175261e-02
-3.807277189186841770e-02
-2.992123787474820773e-03
-4.318595766451743811e-02
-1.118156490197330655e-02
-1.550439533230074662e-02
-1.489004366800661394e-03
-5.592350783911076428e-02
-2.332113777107736041e-03
-2.292176696922965107e-02
1.872045255565391031e-04
-2.653418935455253980e-02
-4.537053835530091561e-02
-2.214012644891538706e-02
-3.970584382764125175e-02
-2.260183383507474719e-02
-1.635390294908978248e-02
-2.440536400292836472e-02
7.355929354346146809e-03
3.157139951589482685e-02
-1.183585746554016715e-02
-7.290229593180597156e-03
-3.324528626377776241e-03
-2.401258666275396525e-02
-3.757742138634867501e-02
-2.382648580283430739e-02
-1.451471547078697633e-03
-2.751685730378283790e-02
-2.953943586913432284e-02
-3.811264046108131520e-02
-2.332113777107736041e-03
-3.055901922980508445e-02
-3.370276202302346924e-02
-1.029300360880380794e-02
-2.447570290572320673e-02
2.045281900405782061e-02
-3.141584304241257231e-02
-8.888048584318464229e-03
-2.071917177738846760e-02
-2.353968133889594583e-02
1.475137928893222039e-02
-4.100180858544794082e-02
-4.798489999097266256e-03
-3.508663332365818954e-02
-2.811203608662582454e-02
-1.195668602421662285e-02
-2.744368273436126326e-02
-3.343033338734641147e-02
-3.487806755075034681e-02
-3.335675198079463000e-02
-4.382876194923396307e-02
-2.830768955369911133e-02
-3.352669745278297198e-02
2.419881429901626912e-02
-2.409385697917043601e-03
7.665700084729443198e-03
-5.068554646223250026e-02
-2.332113777107736041e-03
-8.036521580874311788e-03
1.401469419043688269e-02
6.436942479407214979e-02
-4.440865082076372872e-02
-2.668816757068925849e-02
-3.769375717868994613e-02
-3.710518350739028248e-02
-4.040841346220414021e-02
-2.779142889220620471e-02
-3.432366969808497981e-02
-1.972347437435406636e-02
-2.989366325935760571e-02
-3.012790912890667139e-02
-2.629522527656991127e-02
-2.690800883343946737e-02
-1.324235453548805452e-02
-3.763238735645879629e-03
-9.655461391579689412e-03
-4.236802867248812277e-03
2.847250895979369645e-03
-1.487282381265631059e-02
-1.041511856329591090e-02
-3.589116214359905355e-02
-3.751515897171719960e-02
-3.954249936817838540e-02
-1.253292020713692168e-02
-1.337520995232699406e-02
-1.227147532992445278e-02
-2.422100673885829725e-02
-1.073559212813435249e-02
-6.758715018253091955e-03
-1.065499289952298589e-02
-1.102277340757729096e-02
-3.298027738114656104e-02
-9.199665129035028421e-03
-3.127882183097407953e-02
-3.587025597315601777e-02
-2.401449117160781022e-02
-3.107433392414776785e-02
-3.051212917804974056e-02
-2.566498639498937528e-02
-3.636905521391115004e-02
-3.335675198079463000e-02
-5.253204382608006595e-02
-3.545660434703956643e-02
6.951848885249500842e-02
-2.224232103283974027e-02
5.498569804527897453e-03
1.973720886518715023e-02
6.221944500607268225e-02
-1.953932031128813307e-03
-5.239225593911667200e-02
-2.667790850817464143e-02
-5.189985272665759153e-02
-3.593970372455984608e-02
-3.487806755075034681e-02
-3.910212558793935145e-02
-3.235787567462705683e-02
-3.134558717135782491e-02
-2.713300844022592528e-02
-5.605408146239110323e-03
-2.440536400292836472e-02
-9.111844238616551017e-03
-2.433280995508191324e-02
-2.474902777290399758e-02
-6.840828817548660901e-03
-9.643827544690064535e-03
3.201480667837319771e-03
-4.023849009339275362e-03
-2.760616235604085311e-02
-1.271244822832562349e-02
-3.058347974049102636e-02
-3.727343669675442506e-02
-2.907117848203455424e-02
-2.754146301115589779e-02
2.486835185279590021e-03
-3.932806217062156939e-03
-2.131887079032612764e-02
-1.100398080819742219e-02
-1.674736098957496644e-02
-3.192873150714775621e-02
-1.220079220785086349e-02
-2.409319296669920618e-02
-3.482914674798937016e-02
-2.322976637670148836e-02
-3.070191261184551657e-02
-2.316221323635236917e-02
-2.650304717114848607e-02
-2.980998018183167453e-02
-2.401258666275396525e-02
-8.004923535898100795e-03
1.421912140216508025e-02
-3.991760679025108116e-02
1.963129080919823188e-02
-4.670846586745158735e-02
1.364672529590826855e-02
-3.832458763514723366e-02
-3.501145209073397435e-02
-3.551552138859703778e-02
-8.896284748458604952e-03
1.261978313813660879e-02
-8.543573306936447231e-03
-5.200442034538699243e-02
-2.730873367323105594e-02
-3.710518350739028248e-02
-3.544402098003285317e-02
-2.263945720236726356e-02
-3.347881837975086317e-02
-2.954528191726246700e-02
-1.493990079525941983e-02
-2.277898756412866099e-02
-1.810788988313138947e-02
-1.275590268991244614e-02
-1.296847529138522859e-02
-2.894960549892133805e-03
-4.000484114367819366e-03
-5.296478897710676925e-03
-1.243223746713817413e-03
-2.078847832470254176e-02
-1.835171803124868717e-02
-2.054651005898289196e-02
-3.886289952162635952e-02
-1.423412031376225517e-02
-1.202626032959608349e-02
2.850298923676719554e-04
-1.527103776296179216e-02
-1.974872850095488186e-02
-1.618773673436613159e-02
-6.829651329694375050e-03
-2.433280995508191324e-02
-1.484562932393507229e-02
-2.310478192609055625e-02
-1.208963200438628594e-02
-2.681852359063463531e-02
-2.705871799362880026e-02
-4.100180858544794082e-02
-2.480220946769606805e-02
-4.419532499225736766e-02
-3.589239704249402863e-02
-1.527003246630032063e-02
-3.020878999178699953e-02
-4.448623161210296661e-02
1.108218222197416836e-01
1.260396601905668934e-01
3.857590949749711839e-02
-4.692990404232899593e-02
-4.780158610792506479e-03
-3.828016744779483282e-02
1.339563512055530481e-02
-2.725218305628573923e-02
-2.697763999697311288e-02
-2.849296486478758439e-02
-2.743361367388330585e-02
-6.334309645995461757e-03
-3.602463720897641775e-02
-3.496507808710452858e-02
-2.654945405243835932e-02
-5.477769707196472604e-02
-4.082290257678272694e-02
-1.008037854874022088e-03
3.201480667837319771e-03
-4.001616243386690863e-02
1.042063207376825451e-01
-2.663304040406277995e-02
-2.409319296669920618e-02
-3.954249936817838540e-02
-1.212384743481076388e-02
-3.529649122530270633e-02
-2.579675247266166593e-02
-2.744368273436126326e-02
-9.665769660212930603e-03
-1.225196852903986944e-02
-2.267239967378054111e-02
-2.178841836863598669e-02
-4.805330158919857153e-02
-1.993327650780485349e-02
-1.606265633197467846e-02
-2.086783289329285918e-02
-2.824381712086276863e-02
-4.283512581852910728e-02
2.905351396406907760e-03
-4.610250290374651172e-03
-7.237524307299736392e-04
-3.906977987080906267e-02
-2.230195004757851152e-03
-2.382648580283430739e-02
-1.065499289952298589e-02
-5.878416588361301542e-03
-1.489004366800661394e-03
-2.575003531070252372e-02
-2.611957206437887091e-02
-3.076407042575673989e-02
-9.857514152127100360e-03
-1.394411769876247043e-02
-3.681852728599144253e-02
5.379682190374435180e-03
-2.779702525205240971e-02
-1.211206273202525274e-02
-2.209083741197970241e-02
-2.666642068407709676e-02
8.327629753642318278e-03
-3.112143979771248015e-02
-8.927460456110369869e-03
-3.886535024680642936e-02
-1.341705598635956065e-02
-2.422719628706493378e-02
-1.268622585152701099e-02
-3.203530214697608569e-02
-2.406620932033365357e-03
-1.724300055985628077e-02
-3.368215359610243764e-02
-4.554029179664492721e-02
3.414474074005413584e-03
-2.477735020083793316e-02
-2.186967744688617099e-02
-1.993327650780485349e-02
-3.133871022029216524e-02
1.385101424176238272e-02
-3.156369829799005045e-02
-1.130988832947821265e-02
-2.222234749831353273e-02
-2.422326429276167037e-02
-2.214012644891538706e-02
-3.770994504201036213e-02
-6.228710627195099825e-03
-2.083999959040161443e-02
-2.397184247519001943e-02
-9.674013023016514445e-03
2.488091466846553690e-02
-3.105667038958392911e-02
-9.864620750201780197e-03
-4.691627492640848551e-03
-2.998657256220194078e-02
-4.560635360585624243e-02
-2.796811604699689369e-02
-3.134922576460530408e-03
-3.709970716175647887e-02
-1.309122287323505329e-02
-5.297216416020300578e-02
1.250848813387526182e-01
-3.250722870403183196e-02
2.486835185279590021e-03
-9.643827544690064535e-03
-2.589333556184303387e-02
8.824553202683604880e-03
-3.445081381238168650e-02
-7.239617455999769469e-03
-2.288551270474692423e-02
-2.758397718545690935e-02
-3.392656955399486751e-02
-3.832458763514723366e-02
-4.192287784978476761e-02
-1.391646683408187535e-02
-1.118156490197330655e-02
-3.200653503456407645e-02
-1.244140208646837831e-02
-3.239919728109258434e-02
-6.815996391190459747e-03
-2.517026460931237608e-02
-2.725527883302969467e-02
-5.295922423170090765e-02
-2.597333713564831115e-02
-2.666642068407709676e-02
-1.333277650313124951e-02
-2.190134024111278777e-02
-5.164961481740393268e-02
-2.864703338731944271e-02
-2.681852359063463531e-02
-1.760051806990992063e-02
-1.056092168977995627e-02
-2.593418992441287596e-02
7.961326580718908197e-03
-7.986672103434400150e-03
-6.549340298464545462e-03
-3.330013630432271388e-02
-2.387331870743214512e-02
-2.114071589152466402e-02
-5.301232424067559013e-02
-2.955515479914883059e-02
-1.118451152257482484e-02
-1.452415738392243139e-02
-3.682954279712868928e-02
-4.558897913762627319e-03
-3.369491011224956534e-02
-1.596543068443267988e-02
-3.544692706244673142e-02
-3.052855136972953964e-03
-3.324052034089292063e-02
2.598019265395290489e-02
-2.727378596349416817e-02
-9.016147613315261822e-03
-7.466312930290874839e-03
-3.828016744779483282e-02
-2.143628942878361698e-02
-3.133871022029216524e-02
-7.257221339038388841e-03
-1.812918440580524315e-02
-2.851940070834335650e-02
-2.562883486110467679e-02
-3.958391331757254994e-02
2.905351396406907760e-03
-1.055629425651227749e-02
-9.172095959937398568e-03
-3.294030806310255244e-02
-8.339760209252422563e-03
-3.528951682761599651e-02
-1.507426235410780357e-03
-3.589116214359905355e-02
-1.093058496275245428e-02
-5.258139483850327034e-02
1.339563512055530481e-02
-2.968793386354240393e-02
-2.548080309573108604e-02
-1.376955315999406348e-02
-2.260044168245123331e-02
6.401617394189873522e-03
-3.269448013456033308e-02
-1.265990229529334599e-02
3.801460784579657748e-03
-2.447241138961608886e-02
-3.486854186696769498e-02
-3.710518350739028248e-02
-1.346660160077994828e-02
-4.183161347440705891e-02
-1.345539085991298567e-02
-3.302059575654736623e-02
6.992427260871136863e-02
-2.186992729641812350e-02
-5.735040922277279130e-03
-6.941239536495835694e-03
2.927278730846971655e-03
-7.986672103434400150e-03
-2.422719628706493378e-02
-2.440536400292836472e-02
-2.177632987105060369e-02
-2.198621132405875755e-02
-4.522339563892530112e-02
7.970532052061907180e-02
-2.260044168245123331e-02
6.766484279443041316e-03
-6.758715018253091955e-03
-2.366872587501400726e-02
-3.108813589184539206e-02
-4.632429416640387876e-02
-1.049093196678796414e-02
-2.281503776031301722e-02
-1.083040017291236889e-02
-2.348387934908957586e-02
1.260396601905668934e-01
-3.682954279712868928e-02
5.089873256845178773e-03
-5.302019666606150317e-03
-2.955515479914883059e-02
-4.015152150237222273e-02
-3.685778651293625252e-02
-6.381351733625528766e-03
-2.475767335691592130e-02
-9.166310960160628518e-03
-6.291139328049810686e-03
9.108887452213831892e-03
-2.477111710351687091e-02
-2.128093807293840456e-03
-1.147673910782343043e-02
-3.107837318139455851e-02
-9.007733998518285823e-03
-2.864160234375978664e-02
-1.346255421215503123e-02
-2.054651005898289196e-02
-2.509575334865632446e-02
-2.223126056849233922e-02
7.851668760679897385e-02
-1.070933493589065755e-02
-2.244765188575537085e-02
-1.057333403967775087e-02
-3.045774551908769778e-02
6.992427260871136863e-02
-3.345838820829749594e-02
-7.495603055449384655e-03
-6.553505258867997618e-03
-3.438854361501619827e-02
-5.321113925728737648e-02
1.475137928893222039e-02
-2.750488109103887968e-02
-2.262045179235072645e-02
-1.293388246122539886e-02
-3.112143979771248015e-02
-2.592733694219651053e-02
-2.886010999509380781e-02
-8.017380326416523317e-03
-2.212887106906058499e-02
-2.511285292437503980e-02
-2.377509376502207061e-02
-3.570714655646739510e-02
-4.477109883597729656e-03
-2.445896080485709945e-02
-3.491292199372608707e-03
-2.716453740806834549e-02
-4.807527746029643945e-02
5.032642931932840291e-03
-2.063781495134531241e-03
-6.381351733625528766e-03
-3.803685019245250931e-02
4.820496608773128244e-02
-3.544402098003285317e-02
-2.291146875390015492e-02
-2.760616235604085311e-02
-1.246319392161310269e-02
-5.312712216821957600e-02
-2.178841836863598669e-02
-2.681852359063463531e-02
-1.105638879253378892e-02
-2.566813837468462367e-02
-2.662198141577243327e-02
-2.775314131845496579e-02
-3.636905521391115004e-02
-1.411324813463665784e-02
-2.386546675133471851e-02
-3.405774504631464694e-02
-2.534214332455286822e-02
-5.298090515383524490e-02
-2.914417000201308117e-02
-6.941239536495835694e-03
-1.056617857297115215e-02
-3.535659493249193597e-02
9.283621511242579061e-02
-3.769375717868994613e-02
-4.801524184062655465e-03
-9.724944920477818222e-03
4.481294652147971291e-03
-4.830710958680567435e-02
-4.988089524467387292e-03
-2.778855167263771797e-02
-2.290007490934009571e-02
-1.969373788163319983e-02
-2.849388900810090330e-02
-1.567698618691826251e-02
-3.710518350739028248e-02
-1.368835343550611761e-02
-1.476609401902850838e-02
-2.397461046762516812e-02
7.172712354656107792e-03
-1.888655041378650701e-02
-9.082974742467997409e-03
-3.954249936817838540e-02
-3.037074944790829623e-02
-7.732755380508549159e-03
-4.263278919720309146e-02
-3.152050773551678953e-02
-6.742574422270108947e-03
-1.780602846750811707e-02
3.538168122897866752e-03
-4.362920935174152692e-02
-3.805824552712416819e-02
-3.277389283141302068e-02
-2.360137586265331766e-02
-6.334309645995461757e-03
-3.086083268153894110e-02
4.619071062311186360e-03
-2.297023018157484664e-02
-1.042313147979023746e-02
-2.839550910382182547e-02
-3.168352669011731404e-02
-3.587154231178046881e-02
-2.591227314843658203e-02
-1.324235453548805452e-02
-2.970153712284362424e-02
-2.323421550930959700e-02
-2.890589756543993083e-02
-6.339378148960350678e-03
2.889161802911766053e-03
-1.248862208042988975e-03
-1.836184665071360911e-02
-3.139636872229190079e-02
-2.161273009254716104e-02
-2.570551909450746741e-02
-1.583996025875167302e-02
-4.029676785770341940e-02
-3.409280266811864912e-03
-5.400460690672681530e-02
9.736322756045412419e-04
-3.190343989129551527e-02
7.162092076069104252e-03
-2.260183383507474719e-02
-2.901467616991182386e-02
-2.517812401544583523e-04
-2.759224078962307924e-02
-2.057925011079086985e-02
-1.112623613232222031e-02
-2.987482736835800345e-02
-8.969404532465308222e-03
3.795918154169353187e-03
-1.194699521708142420e-02
-2.286122766734810519e-02
-7.169876292285493058e-03
-3.343033338734641147e-02
2.568808690329960065e-02
-4.360622444058687153e-02
-4.836338934910977549e-03
-5.380189902720711181e-03
-1.027303365372678190e-02
1.141634917552878381e-01
-3.679132710065907697e-02
-2.487518796412069300e-02
-3.437691060335146265e-02
-9.589233286336873441e-03
-3.835855578836816493e-02
-3.679132710065907697e-02
-2.559300999696267898e-02
3.219130577831852413e-03
-2.164347696757584760e-02
-2.687902508056361217e-02
8.544911361204277078e-03
-4.271431689593879755e-02
-1.400289097880014211e-02
-1.954259055422058466e-02
-1.808396961485070342e-02
-2.693720872307769909e-02
-2.483415652156817366e-03
-3.542013797356374782e-02
-4.113487470752685837e-03
-1.332133507043486986e-02
-3.025190157684398695e-02
-1.527003246630032063e-02
-2.480220946769606805e-02
-3.070869791553304529e-02
-3.886535024680642936e-02
-6.150974261074249050e-03
-4.639391393716407741e-02
-4.898177237230871839e-02
-1.972347437435406636e-02
-2.174705624493333822e-02
-8.656210307070422161e-03
-2.917209536799103553e-02
5.017553650820683053e-03
-2.317651821396360390e-02
-2.595247185908089449e-02
-2.221217007977882574e-02
-2.686068443271039108e-02
-2.359197194934881114e-02
-1.099413611249422384e-02
-9.060113147841053483e-03
-5.878416588361301542e-03
-1.056617857297115215e-02
-2.609943980031192989e-02
-3.857344129249423714e-02
-2.777634589221078532e-02
-8.250240946080400484e-03
-1.146975419403317709e-02
-5.180561265266003801e-03
-5.205411681156379977e-02
-2.545547952544813253e-02
-3.038439153247762814e-02
-2.548080309573108604e-02
-1.315928631110663272e-02
-4.737225499133368434e-02
1.447743476588165823e-01
-2.830039890854485485e-02
-1.279170380199867729e-02
-2.598365920886913649e-03
-3.074855867755255101e-02
2.160439473033137769e-02
-3.008058072883312839e-02
-6.226145016485107320e-03
-2.684553511086984479e-02
-1.118156490197330655e-02
-2.708356530235744852e-02
-7.361274482176716205e-03
-3.368215359610243764e-02
-6.481863097812734509e-03
-1.745934727641951234e-02
3.035928729576142793e-03
-3.903457023844586482e-02
-3.449483289711346989e-02
-2.215352527697922458e-02
-2.620598415781250079e-02
-1.551258204167815791e-02
-6.339378148960350678e-03
-1.902686352617710686e-02
-2.928455994151457631e-02
-1.441735535394239598e-02
-1.441735535394239598e-02
-2.700006619485151305e-02
1.100598806716657219e-02
-2.283347185224193776e-02
-9.545132889520524522e-03
-2.253802943752092336e-02
-2.276974905779105551e-02
-3.881818247273371991e-02
-4.856537280859285488e-02
4.279749126337772935e-03
-6.962826805886335180e-03
-1.737368501046165914e-02
-2.671829916392631787e-02
1.453546143505179966e-02
-3.341506240565716990e-02
-1.755601861100042349e-02
-3.882124108667522888e-02
-3.409280266811864912e-03
-4.832917982846035576e-02
-2.391698879145665035e-02
-2.690800883343946737e-02
-8.769278776426414623e-03
-1.291560683905013107e-02
-2.652104222103068842e-02
-2.146058010511564529e-02
-2.813433718368696379e-02
-1.170886336605092559e-02
-1.314727406849813818e-02
-2.363181918006174165e-02
-3.045774551908769778e-02
-5.189985272665759153e-02
-2.472196620381339471e-03
-2.920648316550578105e-02
-1.864896627650214356e-03
-3.446528723756508983e-02
-5.677027161112624398e-03
-3.345838820829749594e-02
-1.156862954185033932e-02
-6.953560182664020317e-03
-3.173362350464653536e-02
-2.781241551971413983e-02
-3.320645887616163749e-02
-1.507426235410780357e-03
-2.957408516382953323e-02
-2.639286955762643050e-02
-3.554764085729367196e-02
-3.611111269262412549e-02
-2.000673425239096748e-02
-7.949181472661659420e-03
-2.315445477123367901e-03
-2.358285412166760686e-02
-3.162358807311188569e-02
-4.352819876521957232e-02
-1.887643021758289574e-02
-1.298306774689061971e-02
-2.767413447858346753e-02
1.298772428120542610e-02
-3.835251786988264078e-02
-3.163545705923331841e-02
-1.975937044324638237e-03
-3.991729422450629450e-03
-2.972131124576460337e-02
-3.991760679025108116e-02
-2.455986361943041096e-02
-1.843441936437839601e-02
-3.755502077509015324e-02
-1.057404295281760831e-02
-5.464522391476789309e-02
7.974377895864082078e-03
-2.440536400292836472e-02
-1.484404676334416529e-02
-2.596093869416082889e-02
-2.521877212986056715e-02
6.212476444578451940e-03
-3.269448013456033308e-02
-1.258390372741358121e-02
-1.298306774689061971e-02
-2.480430021764590265e-02
-4.213577772000787203e-02
-4.504251324489677577e-02
-2.081709346295279595e-02
-2.704870882929344411e-02
-9.287738930074507238e-03
-2.463904095011981710e-02
-1.268622585152701099e-02
-4.062967022075936185e-02
-5.916535625969610024e-03
-2.751685730378283790e-02
-3.209413392574972379e-02
-4.629005509003059071e-02
-2.313011061663983181e-02
-2.864512458809409523e-02
-2.182536628441689164e-02
-1.967651925671276558e-02
-3.352945138543034220e-02
-2.796811604699689369e-02
-2.582125453992822894e-02
-1.235781247491318791e-02
-2.346363846264742925e-02
-2.045012394255663057e-02
-2.597333713564831115e-02
-4.015152150237222273e-02
-9.518601208411636705e-03
-1.624080157740392938e-02
-2.397184247519001943e-02
-3.679132710065907697e-02
-4.504858996503108282e-02
-3.203530214697608569e-02
-1.227322467764468961e-02
-1.516917095125136505e-03
-2.769863485708445872e-02
-5.677027161112624398e-03
-2.752673721014098351e-02
-1.785275473001535218e-02
-4.004762881607193403e-02
-1.674736098957496644e-02
-2.283347185224193776e-02
1.327900527989467339e-02
-2.298544736151164614e-02
-2.212887106906058499e-02
-2.596093869416082889e-02
-2.686507530913695430e-02
1.385101424176238272e-02
-5.266315396764509327e-02
-2.225839851820088366e-02
-1.372953665766163400e-02
-3.251909087907101092e-02
-8.896284748458604952e-03
-1.554600764871727492e-02
-2.972131124576460337e-02
-5.380189902720711181e-03
-1.283451578429350981e-03
-3.906977987080906267e-02
4.179125078116063818e-02
-3.674233978094043618e-02
-1.596543068443267988e-02
-2.583869915497316594e-02
-1.306634277799090249e-02
-2.591227314843658203e-02
-2.393450529385454661e-02
-2.994187668386505408e-02
-7.590439498418644071e-03
-6.087480691371549568e-03
-3.855529661194506685e-02
2.472001892559261282e-02
-3.263659747338526484e-02
-1.861062876577790348e-02
-1.249640898883785933e-02
-2.377747004235297723e-02
1.466390319321309033e-02
-3.105706581604245065e-02
-1.167515179246370050e-02
-3.886535024680642936e-02
-1.864896627650214356e-03
-3.426005837611229010e-02
-5.499746698332358408e-02
-3.334681818642470930e-02
-1.079124721043811519e-02
-1.669478177117811324e-02
-1.392835871330833086e-02
-3.870225684818900946e-02
-2.378212965410053670e-02
-2.670793630656753681e-02
-3.078611219477822569e-02
-1.446120887595858662e-02
-4.554029179664492721e-02
-2.332113777107736041e-03
-2.591858887658859967e-02
2.764470513929584428e-03
-2.798801018513918937e-02
-2.640513191210003274e-02
-2.143628942878361698e-02
-4.191275404253125281e-03
-7.396208179604846222e-03
-3.666412427269910568e-02
-2.450632681489106623e-02
-3.402127564791634917e-03
-6.339378148960350678e-03
-3.181241096191622653e-02
-3.991729422450629450e-03
-1.267359382399324552e-02
-3.220429374355399110e-02
-3.952956819959591028e-02
-3.509560111706855334e-02
-2.133465959193181494e-02
-3.689312823623946969e-02
-7.945873404811787388e-03
-5.642217890143957915e-02
-1.294618677219372405e-02
-2.384452253777435971e-02
-1.576389354848062307e-02
-1.225196852903986944e-02
-2.733145843711792811e-02
-8.543573306936447231e-03
-4.362920935174152692e-02
-1.257856809121449260e-02
-1.093761687326111343e-02
-2.220705528711230947e-02
-2.468119957718761803e-02
-3.778663294624950986e-03
3.249849814402239190e-03
-3.991729422450629450e-03
-1.627019596303636018e-02
-2.586435595037273050e-02
-4.628456017132381861e-02
-3.050881723452120164e-02
-8.294072579619782282e-03
-2.760616235604085311e-02
-2.663593025546162618e-02
-2.649170977202519595e-03
-2.259773818957855340e-02
-3.319185412952246894e-02
-2.002032455587654525e-02
-2.318741804456569966e-02
-3.615077224603130412e-02
1.320908551275404852e-01
-2.623209848937646527e-02
-1.804873351554647787e-02
-2.118744240598990913e-02
-3.217049750947464926e-02
-5.100161856077756184e-03
-3.430625017066746274e-02
6.718022805841661338e-04
-3.993523927380343563e-02
-3.215243571521403387e-02
-3.650461696450169047e-02
7.975314570612934695e-02
-4.062967022075936185e-02
-3.991729422450629450e-03
-6.391322703246382630e-04
-2.899560954954383263e-02
-1.527003246630032063e-02
-2.442893244592103663e-02
-3.274399639774300264e-02
-3.057111623107283682e-02
-1.993327650780485349e-02
-4.575774499500812054e-02
8.824553202683604880e-03
-3.133871022029216524e-02
-1.576389354848062307e-02
-8.869975266625029775e-03
-2.815096119341620184e-02
-2.290307635822841359e-02
-3.774220095482777593e-02
-1.974872850095488186e-02
-1.238569387485677353e-02
-2.573084323416952035e-02
-3.593970372455984608e-02
-2.225855300215207055e-02
-1.271645369534157854e-02
-1.535529632379062370e-02
-4.474696592882132506e-03
-3.294053102761052010e-02
-1.527003246630032063e-02
-3.375095182943488314e-02
-4.372286804566138940e-03
-4.054884837816036258e-02
-5.470694418126864633e-03
-5.258139483850327034e-02
-6.238065940762038686e-03
-3.195326224455385944e-02
-1.340248438446411949e-02
-1.191508302748300885e-02
-2.558661334390632813e-02
8.336654845019442206e-03
-3.352945138543034220e-02
-1.130988832947821265e-02
3.820509783332370901e-03
-2.229604734956214251e-02
-2.708356530235744852e-02
-2.320205709867717569e-02
4.733290797880207457e-03
-4.029676785770341940e-02
-1.673219412954274343e-02
-3.541609803154044389e-02
7.892856148116578208e-02
-3.250073443302209375e-02
-1.341705598635956065e-02
-1.516958168663873341e-02
-3.928013840462024620e-02
-4.842084836577453810e-02
-3.504205112559555246e-02
-2.690800883343946737e-02
-2.871204607181310209e-02
-6.005201252551106705e-03
-5.628133173346949736e-02
-2.094444012528551280e-02
-2.461083003677722036e-02
-2.493566795484536414e-02
-9.638497950470004128e-03
-2.681852359063463531e-02
-2.058475422935912569e-02
-5.266315396764509327e-02
-2.062542360197228142e-02
-3.814425617213551556e-02
-3.489620840903828736e-02
-2.463078566255660906e-02
1.180981334211139711e-01
-3.609365839062639303e-02
-8.650705062789199040e-03
-2.397321341284008867e-03
-3.385393285037963107e-02
5.136360854446797575e-03
-2.935566897633856698e-02
-3.277389283141302068e-02
-1.550439533230074662e-02
-1.001852555907611908e-02
-4.664064195596095974e-02
2.371868498317641905e-02
-2.725225899341210400e-02
-1.404931304489842603e-02
-2.096996339364898265e-02
-2.298263478734896559e-02
1.116895927448925407e-01
-3.256782298880267490e-02
-1.958080970586950631e-02
-1.154086102483631304e-02
-3.002634415859661843e-02
-4.447678790066905696e-02
9.842848228765577190e-03
2.589230761339877951e-03
-3.991729422450629450e-03
-2.526170585796072565e-03
-3.294053102761052010e-02
-4.622033093042243745e-02
-3.128625881709901080e-02
-8.657466328834240166e-03
-2.206404958311036779e-03
-2.631932015539639735e-02
-4.298333623694117200e-02
5.963174654878056202e-03
-2.060548977688136940e-02
-1.093761687326111343e-02
-2.061734948790994171e-02
-3.105706581604245065e-02
-2.850708741098462173e-02
-3.815286543264001518e-02
-1.456691628717166065e-02
-1.958280023216629750e-03
-2.572198154927529679e-02
1.396718536889318685e-02
-3.135288209087871980e-02
-6.421501264732065728e-03
-3.475164790948653826e-02
-2.086783289329285918e-02
-3.606783863453449923e-02
6.436942479407214979e-02
-2.586435595037273050e-02
-1.998453456544813100e-03
-1.315690759971399615e-03
-2.649558209071289916e-02
1.098094315700272050e-01
-3.272399852256402397e-02
-1.990244907363580840e-02
-2.286212943601106939e-02
-1.082689087887034329e-02
-3.134080843562747631e-02
-2.180455503244271842e-02
-2.744368273436126326e-02
-2.801523927684623771e-04
-6.809597099713071700e-03
-1.967340293630825965e-02
-2.796811604699689369e-02
-3.681852728599144253e-02
-2.294926310330169805e-02
-3.423061016548128999e-02
-2.591858887658859967e-02
-2.572657483716267457e-02
3.423751214134562737e-02
3.177285105162130918e-03
-2.826043921510756896e-03
-6.360430887273893497e-03
-2.401258666275396525e-02
-4.636431390711237555e-02
-2.588480521188685213e-02
-1.012904548092474766e-02
-1.884883231588485586e-02
-6.127453843107866227e-03
-5.329392847010205880e-02
-8.543573306936447231e-03
-3.045048494527669014e-02
-1.441029569588270220e-02
-8.017380326416523317e-03
-2.640393624182935106e-02
6.575413726103152001e-03
-2.627681680764515360e-02
-1.112954027855117545e-02
-1.296294163063760330e-03
-3.218272062401422717e-02
6.934142473653759353e-03
-4.903830778587631167e-02
-1.519682599442462312e-02
-3.477721738050387756e-02
-1.583996025875167302e-02
-3.906977987080906267e-02
-7.594807204113984689e-03
-3.356843912288581810e-02
-4.113487470752685837e-03
-4.254637995364074499e-03
-2.861162823629848084e-02
-3.175308465316500905e-02
-3.668461819685620018e-02
-2.881649719816159472e-02
-1.414119685865100617e-02
-1.303391603203996052e-02
-3.770994504201036213e-02
-3.723932051940631593e-02
-2.225877999177972022e-02
-2.488497028438152459e-02
-1.061782866224225685e-02
-2.988059704924883597e-02
5.313894216512404789e-03
-5.258139483850327034e-02
-1.427954550582311022e-02
-2.745365483689199415e-02
-3.282569477786245749e-02
-2.830768955369911133e-02
3.111281154403167104e-02
-3.035498675515929667e-02
-1.267407568844658439e-02
3.517033339232034095e-04
-3.665246245647735268e-02
9.907777859631061723e-02
-3.369491011224956534e-02
-1.583996025875167302e-02
-2.726611404503198610e-02
-6.402071414603360822e-03
-3.554764085729367196e-02
1.364672529590826855e-02
-2.826713460535623668e-02
1.872045255565391031e-04
-2.071136378685700663e-02
-3.133871022029216524e-02
1.970842409091910774e-02
-2.433583342179201914e-02
-1.223867124914168603e-02
-3.262706627739003773e-02
-2.388225005054733785e-02
-6.101008972815291642e-04
-4.570938733403379084e-02
-9.435321355793280240e-03
-2.723633463010910472e-02
-5.957344414632470553e-03
-3.192805191994807501e-02
-5.508354985857222275e-03
-3.356843912288581810e-02
-9.054011353134772122e-03
-3.491963741779846586e-03
-2.691499303870104054e-02
-5.298090515383524490e-02
-4.327700521561733682e-02
-3.031437280551479985e-02
-2.182536628441689164e-02
-1.267044873318212694e-02
-5.464522391476789309e-02
-3.162358807311188569e-02
-1.972347437435406636e-02
-1.010098952532323402e-02
-2.128093807293840456e-03
-1.972347437435406636e-02
-7.375098103480359768e-04
-1.099413611249422384e-02
-1.493990079525941983e-02
-2.129858364892356359e-02
-2.993809261829127877e-02
-2.359197194934870012e-02
-5.164961481740393268e-02
-3.114314684529517763e-02
-5.759749928540558450e-03
-1.053874349521022324e-02
-3.674233978094043618e-02
8.938701717176178452e-02
-3.543997001078480480e-02
-2.169147753856681682e-03
-2.811586181866665424e-02
-1.470147995648829475e-02
-5.237983932522027875e-02
-3.449483289711346989e-02
-2.541639324996625149e-02
-1.389576634027434032e-02
-1.324529130819374068e-02
-2.681852359063463531e-02
-2.709624956389322659e-02
-3.860462229364719500e-02
-1.661964654136338648e-02
-2.330660055179523127e-02
-2.713300844022592528e-02
-2.693720872307769909e-02
1.571394790943048125e-02
-3.011769675127401458e-02
-2.247877739784531759e-02
-7.526738887364992081e-03
-2.709344857929474326e-02
-4.737225499133368434e-02
-3.124727801812499095e-02
-1.634228112103208730e-02
-3.808403665200910115e-02
-6.549340298464545462e-03
-4.537661096540007710e-02
-2.332113777107736041e-03
-2.778855167263771797e-02
-3.336683998364992076e-02
-2.057925011079086985e-02
-3.424684048599951902e-02
1.949667207830740878e-03
-2.681852359063463531e-02
-1.361487904791647274e-02
-2.315445477123367901e-03
-2.229604734956214251e-02
-2.521661837015809482e-02
-4.599691457247867543e-02
-4.477109883597729656e-03
-2.657562112268174737e-02
-2.778311757152596151e-03
-4.131888864888605406e-02
1.335457940350415207e-02
-2.649558209071289916e-02
-1.317030150909137554e-02
-8.612560629899124187e-03
3.396716075161010373e-03
3.500158072671055720e-02
-4.780158610792506479e-03
-3.091135385185195261e-02
-1.298306774689061971e-02
-1.427954550582311022e-02
-3.922294813686011405e-02
-2.864703338731944271e-02
-2.799133896832517454e-02
-8.017380326416523317e-03
-2.097456714449674742e-02
-2.989443674293357223e-02
1.327900527989467339e-02
-2.613713028607556055e-02
-1.040925585853258450e-02
-2.286098530626490266e-02
-1.642566345301310626e-02
-2.676135297545911840e-02
-2.184871171774571685e-03
-3.080012176477736618e-02
-8.359150639132839622e-03
-3.763238735645879629e-03
-3.530694323777305854e-02
1.260396601905668934e-01
-2.606766442703378761e-02
-3.315006624579636130e-02
-5.878416588361301542e-03
-1.268734753868783205e-02
-4.423521895632787082e-02
-2.570551909450746741e-02
-3.393859551328715085e-02
-3.403675636858721765e-02
-8.386357494462037820e-03
-3.275578408481177872e-02
5.720821105743345569e-03
-2.695802122005719337e-02
-1.974872850095488186e-02
-2.156667876069362499e-02
-2.727378596349416817e-02
-2.106930409152785177e-02
-3.613952437707151910e-02
-1.100849119908930973e-02
-2.399680945980309232e-02
-1.099035819654259338e-02
-3.334681818642470930e-02
-4.490291003970914296e-03
-2.894700927850979433e-02
-3.932806217062156939e-03
-2.720137091064378509e-02
-2.145463887997334229e-02
-4.725643899393505709e-02
-2.775314131845496579e-02
-2.661519393668665412e-02
-1.743602496627660869e-02
-1.399066147365946033e-02
-3.352945138543034220e-02
1.797631719310366361e-02
-2.452527046496588703e-02
-2.071917177738846760e-02
-2.212887106906058499e-02
-2.029652050456398626e-02
2.344935383562662956e-02
-3.832458763514723366e-02
-1.256370539396378661e-02
-3.954249936817838540e-02
-2.315386597675250790e-02
-8.543573306936447231e-03
-1.930393585826173375e-02
-3.185767855552101846e-02
-7.169876292285493058e-03
-1.055629425651227749e-02
-3.822834991816359551e-02
9.842848228765577190e-03
-2.634175551984441199e-02
-1.422193254550907504e-02
-2.751685730378283790e-02
-1.100849119908930973e-02
-3.280733564809729108e-02
-3.613836162858669043e-02
-2.515106590798665831e-02
-1.484404676334416529e-02
-1.152626094024211678e-02
-4.333401192403696367e-02
-2.834330610372171044e-02
-2.593599240049615506e-02
-2.075539609905463490e-02
-2.302878506874106446e-02
-1.858679046111322286e-02
2.045281900405782061e-02
-4.382876194923396307e-02
-3.563115311031817001e-03
-9.505894887442911667e-03
-9.054011353134772122e-03
-3.502179223245438511e-02
-5.100267987913853496e-03
-3.128625881709901080e-02
-3.586234099411833576e-03
-1.256201928202915763e-02
-1.183585746554016715e-02
-3.524683349781743136e-02
1.027436770205958361e-02
-3.316530836450309883e-02
-2.982494446448513692e-02
-2.669277077870879644e-02
-5.089548030064056094e-02
1.925952308752232334e-02
-2.250546152695587221e-02
-2.059923520951623122e-02
-1.340248438446411949e-02
-1.967340293630825965e-02
-2.072483153515047860e-02
-3.405567979888307617e-02
-6.150974261074249050e-03
-3.645769664071590865e-02
-1.084126310782851377e-02
-3.173141120911759927e-02
1.080801454549853435e-01
-3.599092956267607724e-02
3.996259475200436562e-03
-4.254637995364074499e-03
-1.371814885080124835e-02
-5.677027161112624398e-03
-2.470588028848341722e-02
-2.460539870296230003e-02
-3.057111623107283682e-02
-2.284437906001557383e-02
-5.334878689942607055e-02
-3.142559914978115820e-02
-2.430345537504319253e-02
-6.880319924557065647e-04
-2.818490856381428156e-02
-2.285802703383055245e-02
-3.712493296254854025e-02
-3.051212917804974056e-02
-8.852323752985058469e-03
-2.268092780533537134e-02
-2.670193491079175807e-02
3.995544065965028757e-03
-4.419532499225736766e-02
-1.271645369534157854e-02
-9.505894887442911667e-03
-1.516917095125136505e-03
-3.247753776895967448e-02
3.271247322587611528e-02
-3.045774551908769778e-02
-3.500574831601288572e-02
-1.133591379638310137e-02
-1.212384743481076388e-02
-2.821326899765963514e-02
7.608644105795203672e-03
-2.579608771175723181e-02
3.219130577831852413e-03
-1.356893381464974180e-02
-3.079370795081654011e-02
-3.613836162858669043e-02
-3.646645214805732671e-02
-7.825635424747567903e-03
-2.062384982355169871e-02
-2.666642068407709676e-02
-2.795922067941214451e-03
-2.617755823381562319e-02
-1.506411383500350087e-02
-2.051531526280225837e-02
-7.723326237107808190e-03
-4.780158610792506479e-03
-4.015152150237222273e-02
-4.082592536184587173e-02
-1.360167418887148205e-02
-1.099664272004108323e-02
2.889161802911766053e-03
-8.053801832555329554e-03
-2.374660407347539692e-02
-3.371555238044765535e-02
-2.209083741197970241e-02
-1.262181899516823247e-02
-5.498783932575085354e-02
1.325389888155568130e-01
-2.345249072638244670e-02
-2.661941012621760194e-02
6.360398653170840078e-03
-2.916080412220789508e-02
-1.329592047315752978e-02
-5.075112253204344670e-02
-1.001852555907611908e-02
-2.954829173626494221e-02
-2.426331942934778496e-02
-2.094444012528551280e-02
-4.809488775170650543e-02
-2.865650163758637348e-02
-8.860416010594174274e-03
-1.874381068150632323e-03
-3.314274477190404244e-02
2.362263569227263105e-02
-2.924294862120280225e-02
-1.367140481335560320e-02
-3.078611219477822569e-02
-1.189158384708466354e-02
-5.165451230123491166e-02
-3.881818247273371991e-02
-2.423683925525899063e-02
-1.523797485366373827e-02
-1.130988832947821265e-02
-3.166407318901276469e-02
1.475137928893222039e-02
-3.524683349781743136e-02
-2.057925011079086985e-02
-2.360712383727925356e-02
-2.987482736835800345e-02
2.008049563564040518e-02
3.195150010330871648e-02
-2.725527883302969467e-02
-3.788811010704884463e-02
-1.108682098132574012e-02
-3.402838249773471047e-02
-2.974220714191688764e-02
-3.313769613632905342e-02
-1.065499289952298589e-02
-2.078847832470254176e-02
-7.877988374534239391e-03
-5.537574548406387631e-02
-2.276807047223405878e-02
-2.871610875734742496e-02
-2.193625911916485816e-02
-1.223867124914168603e-02
-2.518415432808318588e-02
-2.180455503244271842e-02
-3.741770185807519189e-02
-2.305047928140335767e-02
-1.743602496627660869e-02
-2.538662227596866217e-02
1.385101424176238272e-02
-2.719366699081404715e-02
