# {'window': 137, 'n_steps': 2, 'q': 2.4477439631254655e-05, 'contam': 0.9698519006012651, 'thres': 0.7839930411483389}
4.181647300720214844e-02
1.744359731674194336e-02
3.904544562101364136e-02
1.228854060173034668e-02
7.405126094818115234e-02
4.235878586769104004e-02
3.163605928421020508e-03
1.534605026245117188e-02
1.626282930374145508e-03
3.419987857341766357e-02
2.302712202072143555e-02
8.133545517921447754e-02
2.325595170259475708e-02
1.629173755645751953e-03
2.038002014160156250e-02
5.784326791763305664e-02
6.061255931854248047e-03
6.509172916412353516e-02
4.310851544141769409e-02
3.956508636474609375e-02
5.991542339324951172e-02
3.797826915979385376e-02
9.866952896118164062e-04
2.497196197509765625e-03
4.478330165147781372e-02
4.319211840629577637e-02
4.782903194427490234e-02
1.229744255542755127e-01
4.006138443946838379e-02
5.698561668395996094e-03
1.975759863853454590e-02
4.162129759788513184e-02
1.902633905410766602e-02
5.793541669845581055e-03
2.667276561260223389e-02
3.213733434677124023e-02
1.443773508071899414e-02
1.223739981651306152e-02
4.076385498046875000e-02
6.076276302337646484e-02
6.003320217132568359e-03
1.090383529663085938e-02
6.620770692825317383e-02
6.925491988658905029e-02
3.723323345184326172e-03
3.862303495407104492e-02
2.859305590391159058e-02
8.360147476196289062e-04
4.405677318572998047e-02
5.410370230674743652e-02
4.677093029022216797e-02
6.728589534759521484e-03
1.348175108432769775e-03
2.109828591346740723e-02
3.467899560928344727e-02
8.779796957969665527e-02
1.933664083480834961e-02
1.070886850357055664e-02
4.731059074401855469e-03
2.992984652519226074e-02
5.552709102630615234e-02
1.154999434947967529e-01
3.615312278270721436e-03
3.940331935882568359e-02
2.344965934753417969e-02
1.870511844754219055e-02
3.544861078262329102e-02
3.694492578506469727e-02
2.753425016999244690e-02
1.689964532852172852e-02
2.632439136505126953e-02
3.684801235795021057e-02
6.712180376052856445e-02
4.769003391265869141e-02
1.584193110466003418e-02
4.766044020652770996e-02
3.380393981933593750e-02
6.022456288337707520e-02
3.266409039497375488e-02
3.277134895324707031e-02
6.681260466575622559e-02
3.134474158287048340e-02
2.457642555236816406e-02
2.476549148559570312e-02
1.818299293518066406e-03
1.603835821151733398e-02
1.421183347702026367e-02
5.432499945163726807e-02
4.047757387161254883e-02
3.571921586990356445e-02
3.251291066408157349e-02
2.901417016983032227e-02
3.737801313400268555e-02
1.742247585207223892e-02
2.163863182067871094e-02
3.675061464309692383e-02
5.490750074386596680e-02
1.685082912445068359e-03
3.993171453475952148e-02
6.105051934719085693e-02
1.468300819396972656e-02
2.757781744003295898e-02
3.059335052967071533e-02
6.014913320541381836e-03
4.800778627395629883e-02
4.710604250431060791e-02
1.514297723770141602e-02
2.988177537918090820e-02
1.308321952819824219e-05
4.153782129287719727e-02
3.615349531173706055e-02
1.050014495849609375e-01
3.452381491661071777e-02
1.345467567443847656e-02
1.736146211624145508e-02
3.197947889566421509e-02
5.759000778198242188e-02
4.251354932785034180e-02
1.717921532690525055e-02
2.969622611999511719e-03
2.223432064056396484e-03
3.479646891355514526e-02
1.439088582992553711e-02
4.265511035919189453e-02
3.652819246053695679e-02
6.187826395034790039e-03
7.252496480941772461e-02
6.283353269100189209e-02
2.787858247756958008e-03
1.674830913543701172e-02
6.212919950485229492e-03
2.942481637001037598e-02
4.272657632827758789e-02
7.247388362884521484e-02
3.298875689506530762e-02
1.309019327163696289e-02
1.746183633804321289e-02
3.313202410936355591e-02
1.160842180252075195e-02
9.191960096359252930e-02
6.842352449893951416e-04
5.781233310699462891e-03
1.058852672576904297e-02
1.905291341245174408e-02
1.457154750823974609e-03
8.149600028991699219e-02
3.383385017514228821e-02
1.965332031250000000e-02
1.333528757095336914e-02
2.180192247033119202e-02
7.758069038391113281e-02
1.966375112533569336e-02
4.590779542922973633e-03
2.075120806694030762e-02
1.902663707733154297e-02
5.583804845809936523e-02
1.390519738197326660e-02
4.791772365570068359e-02
6.720870733261108398e-03
1.229435205459594727e-02
6.446295976638793945e-02
4.131698608398437500e-02
2.647981047630310059e-03
7.757127285003662109e-03
1.662433147430419922e-02
2.971513941884040833e-02
6.644749641418457031e-02
8.161902427673339844e-03
5.567499436438083649e-02
2.251213788986206055e-02
3.143429756164550781e-03
4.980140924453735352e-02
2.945977449417114258e-02
3.652554750442504883e-02
7.581301033496856689e-03
1.039287447929382324e-02
5.721294879913330078e-02
7.087920606136322021e-02
3.074681758880615234e-02
4.086154699325561523e-02
1.397773623466491699e-02
4.948359727859497070e-02
4.399108886718750000e-02
7.408076524734497070e-02
3.174543380737304688e-03
2.960610389709472656e-02
1.795914769172668457e-02
4.850481450557708740e-02
6.036818027496337891e-02
1.613014936447143555e-02
5.729742348194122314e-02
2.785444259643554688e-02
5.100870132446289062e-02
7.482388615608215332e-02
1.940166950225830078e-02
4.192441701889038086e-02
6.934107095003128052e-02
4.363387823104858398e-02
6.382709741592407227e-02
6.458762288093566895e-02
9.411990642547607422e-03
2.549904584884643555e-02
4.309208691120147705e-02
3.960698843002319336e-03
3.922194242477416992e-02
6.498844921588897705e-02
2.543202042579650879e-02
2.420085668563842773e-02
6.030857563018798828e-03
4.234299063682556152e-02
1.006460189819335938e-02
2.501866221427917480e-02
2.165782451629638672e-02
8.642673492431640625e-03
6.296813488006591797e-03
1.789758726954460144e-02
7.831633090972900391e-03
6.707501411437988281e-02
2.637947350740432739e-02
5.503070354461669922e-02
1.844823360443115234e-02
7.957958430051803589e-02
5.537068843841552734e-02
1.661241054534912109e-03
1.091843843460083008e-02
2.186235785484313965e-02
3.533774614334106445e-02
5.665306746959686279e-02
2.217838168144226074e-02
7.557046413421630859e-02
1.101826131343841553e-02
9.609371423721313477e-03
7.152050733566284180e-02
7.511389255523681641e-02
2.602954208850860596e-02
1.390689611434936523e-02
4.635792970657348633e-02
2.922019362449645996e-02
1.226711273193359375e-02
2.600848674774169922e-02
4.630040377378463745e-03
1.435512304306030273e-02
5.329281091690063477e-02
4.093933105468750000e-02
4.207366704940795898e-02
6.104964017868041992e-02
9.389501065015792847e-03
2.521872520446777344e-04
2.107852697372436523e-02
6.470580399036407471e-02
1.530575752258300781e-02
2.251356840133666992e-02
4.651908576488494873e-02
1.360914111137390137e-02
3.220915794372558594e-03
5.234098434448242188e-02
3.039807081222534180e-03
8.650541305541992188e-03
3.170278668403625488e-02
2.904525399208068848e-02
5.006247758865356445e-02
2.567434310913085938e-02
4.224427044391632080e-03
3.214746713638305664e-02
1.493829488754272461e-02
4.843258857727050781e-02
6.466144323348999023e-02
8.068668842315673828e-02
2.803229726850986481e-02
5.201369524002075195e-02
2.946078777313232422e-02
6.187546998262405396e-02
3.772324323654174805e-02
5.578482151031494141e-02
1.337177306413650513e-02
2.411726117134094238e-02
6.151485443115234375e-02
7.983587682247161865e-02
1.196923851966857910e-02
3.458917140960693359e-02
2.670599520206451416e-02
4.504686594009399414e-02
4.960089921951293945e-02
4.306408762931823730e-02
4.481332004070281982e-02
3.373605012893676758e-02
3.837749361991882324e-02
6.375007331371307373e-03
1.089036464691162109e-01
7.696390151977539062e-02
1.560531556606292725e-02
2.320587635040283203e-03
8.733093738555908203e-03
1.274261809885501862e-02
6.983280181884765625e-04
7.052922248840332031e-02
4.928743839263916016e-02
9.738564491271972656e-03
2.369254827499389648e-02
5.001515895128250122e-02
6.872883439064025879e-02
1.472467184066772461e-02
7.660061120986938477e-03
8.963942527770996094e-03
1.058864593505859375e-02
9.346097707748413086e-02
6.504356861114501953e-04
3.983730077743530273e-02
9.212791919708251953e-03
2.185174822807312012e-02
2.928537130355834961e-02
4.550305008888244629e-02
1.528035849332809448e-02
3.073161840438842773e-02
9.093821048736572266e-03
4.998858273029327393e-02
7.217007875442504883e-02
5.356031656265258789e-02
3.546172007918357849e-02
3.232955932617187500e-04
6.927669048309326172e-03
2.523239143192768097e-02
3.574347496032714844e-02
1.738572120666503906e-02
1.984947547316551208e-02
4.568099975585937500e-04
6.842386722564697266e-02
6.913739442825317383e-02
5.217182636260986328e-02
7.203042507171630859e-03
3.720878064632415771e-02
5.660510063171386719e-02
4.790145158767700195e-02
6.925356388092041016e-02
2.260734140872955322e-02
1.154541969299316406e-02
3.523913025856018066e-02
7.758183777332305908e-02
5.534243583679199219e-02
2.272152900695800781e-02
2.706081047654151917e-02
5.338609218597412109e-03
7.071381807327270508e-02
7.538457959890365601e-02
4.256409406661987305e-02
5.441999435424804688e-02
2.858876436948776245e-02
4.455924034118652344e-03
5.634486675262451172e-02
8.500603586435317993e-02
2.806028723716735840e-02
1.621538400650024414e-02
2.590601891279220581e-02
4.596793651580810547e-02
6.199216842651367188e-02
9.089705348014831543e-02
1.729813218116760254e-02
2.936542034149169922e-02
1.841539144515991211e-02
2.558016777038574219e-02
1.008319854736328125e-02
7.914820313453674316e-02
2.343580126762390137e-04
2.769225835800170898e-02
2.538335323333740234e-02
3.829463571310043335e-02
1.475411653518676758e-02
5.534762144088745117e-02
6.382334232330322266e-02
1.455003023147583008e-02
2.463853359222412109e-02
1.709737256169319153e-02
5.532562732696533203e-02
6.766885519027709961e-02
1.621708273887634277e-02
2.177596092224121094e-02
8.100759983062744141e-02
3.919142484664916992e-02
6.777578592300415039e-02
5.620777606964111328e-03
2.650386095046997070e-02
2.028888463973999023e-02
1.309078931808471680e-02
5.497512221336364746e-02
3.237426280975341797e-04
9.031891822814941406e-04
5.085486173629760742e-02
1.327570527791976929e-02
1.818645000457763672e-02
2.604037523269653320e-02
4.805633425712585449e-02
2.098220586776733398e-02
3.973406553268432617e-02
5.369201675057411194e-02
4.648143053054809570e-02
3.390330076217651367e-02
2.694667875766754150e-02
3.726059198379516602e-02
2.698945999145507812e-02
3.573960065841674805e-02
2.252459526062011719e-04
6.520044803619384766e-02
2.725745737552642822e-02
3.564289212226867676e-02
6.341511011123657227e-02
3.447993099689483643e-02
2.873679995536804199e-02
1.482790708541870117e-02
1.606643199920654297e-03
3.315757215023040771e-02
5.911636352539062500e-02
5.353066325187683105e-02
3.069768846035003662e-02
2.328079938888549805e-02
7.320106029510498047e-03
5.423171818256378174e-02
4.325139522552490234e-02
1.925480365753173828e-02
1.411732286214828491e-03
1.199424266815185547e-02
2.139872312545776367e-02
5.015577375888824463e-02
2.471488714218139648e-02
3.122127056121826172e-02
3.617513924837112427e-02
2.541583776473999023e-02
3.986978530883789062e-02
2.368353307247161865e-03
1.587560772895812988e-02
1.919627189636230469e-02
7.140040397644042969e-03
2.040457725524902344e-02
2.751511335372924805e-02
8.121481537818908691e-02
1.679122447967529297e-02
2.009195089340209961e-02
1.181590557098388672e-02
5.301500856876373291e-02
6.446969509124755859e-02
6.956118345260620117e-02
1.803912222385406494e-02
4.128837585449218750e-02
1.011818647384643555e-02
6.643687933683395386e-02
5.079489946365356445e-02
7.971876859664916992e-02
4.130117595195770264e-03
8.491873741149902344e-04
3.743666410446166992e-02
2.907436341047286987e-02
3.182569146156311035e-02
4.609048366546630859e-03
6.789482384920120239e-02
9.031921625137329102e-03
1.305526494979858398e-02
4.454433917999267578e-02
1.383998990058898926e-02
1.244670152664184570e-02
1.203876733779907227e-02
1.520451903343200684e-02
2.260106801986694336e-02
3.484034538269042969e-02
2.113935351371765137e-02
4.822450876235961914e-02
1.010370254516601562e-02
7.537068426609039307e-02
9.085625410079956055e-02
2.743238210678100586e-02
2.350110560655593872e-02
1.591587066650390625e-02
9.982585906982421875e-04
6.808874011039733887e-02
6.154328584671020508e-02
4.152804613113403320e-02
4.518049210309982300e-02
3.876566886901855469e-02
4.844385385513305664e-02
2.823123335838317871e-02
5.149757862091064453e-02
1.564842462539672852e-02
1.669231057167053223e-02
3.639182448387145996e-02
3.902816772460937500e-02
6.424662470817565918e-02
8.448749780654907227e-03
1.256436109542846680e-02
7.901489734649658203e-03
7.654261589050292969e-02
6.138068437576293945e-02
5.897003412246704102e-02
8.485950529575347900e-03
3.586274385452270508e-02
1.831948757171630859e-02
5.133641883730888367e-02
3.038597106933593750e-02
3.426218032836914062e-02
5.396302789449691772e-03
3.825783729553222656e-02
4.629909992218017578e-03
5.331349372863769531e-02
3.324449062347412109e-03
4.845041036605834961e-02
2.534864842891693115e-02
2.218008041381835938e-02
4.619055986404418945e-02
5.735474824905395508e-02
2.386388182640075684e-02
2.105236053466796875e-04
7.585018873214721680e-03
3.879317641258239746e-02
5.019384622573852539e-02
7.836171984672546387e-02
3.155164420604705811e-02
8.681058883666992188e-03
8.966565132141113281e-03
2.617654576897621155e-02
4.164290428161621094e-02
6.741100549697875977e-02
5.966147407889366150e-02
2.674949169158935547e-02
4.635274410247802734e-03
8.356990292668342590e-03
4.743945598602294922e-02
1.196354627609252930e-02
5.586619675159454346e-02
1.405104994773864746e-02
3.090488910675048828e-02
9.870423376560211182e-02
2.066761255264282227e-03
5.774021148681640625e-03
3.757345676422119141e-02
1.610130071640014648e-03
3.833037614822387695e-02
3.335830569267272949e-02
1.651930809020996094e-02
8.691072463989257812e-03
2.087795734405517578e-02
5.732031166553497314e-02
6.586641073226928711e-02
5.160254240036010742e-02
1.058576628565788269e-02
2.677047252655029297e-02
3.683173656463623047e-02
5.845904350280761719e-02
2.736705541610717773e-02
5.280888080596923828e-02
1.123950816690921783e-02
2.496063709259033203e-02
3.584313392639160156e-02
5.425249785184860229e-02
2.889186143875122070e-02
2.598774433135986328e-02
2.360612899065017700e-02
1.337310671806335449e-02
5.322748422622680664e-02
6.774336099624633789e-02
6.434023380279541016e-04
4.918873310089111328e-03
1.591700315475463867e-02
1.495778560638427734e-02
2.722591161727905273e-02
6.612700223922729492e-02
1.478701829910278320e-02
4.521727561950683594e-03
1.215416193008422852e-02
1.058039516210556030e-01
2.299422025680541992e-02
2.906620502471923828e-03
3.007361292839050293e-02
8.707106113433837891e-03
1.682800054550170898e-02
6.052614748477935791e-02
1.171851158142089844e-02
6.319183111190795898e-02
2.698941528797149658e-02
3.703457117080688477e-02
2.438431978225708008e-02
7.455375790596008301e-02
6.218957901000976562e-02
4.238128662109375000e-03
1.386508345603942871e-03
1.039338111877441406e-02
2.081292867660522461e-02
2.939522266387939453e-02
1.077879965305328369e-02
2.949881553649902344e-02
2.581450343132019043e-02
3.971743583679199219e-02
1.969575881958007812e-03
4.168999195098876953e-02
3.785053640604019165e-02
5.603432655334472656e-03
1.310914754867553711e-02
1.300566270947456360e-02
2.346527576446533203e-02
1.913309097290039062e-04
2.687222510576248169e-02
1.067918539047241211e-02
2.556914091110229492e-02
5.873622745275497437e-02
3.289532661437988281e-02
5.949598550796508789e-02
6.248853355646133423e-02
1.921078562736511230e-02
1.983946561813354492e-02
7.323288917541503906e-02
9.355902671813964844e-03
9.260714054107666016e-03
7.231175899505615234e-03
5.544711649417877197e-02
1.441085338592529297e-02
6.386080384254455566e-02
2.375996857881546021e-02
4.032969474792480469e-03
1.550197601318359375e-03
5.593517422676086426e-02
4.553651809692382812e-02
8.835256099700927734e-02
3.344308584928512573e-02
1.009613275527954102e-02
2.791106700897216797e-03
8.179455250501632690e-02
4.090666770935058594e-04
2.017277479171752930e-02
3.186967968940734863e-02
8.676946163177490234e-03
8.706945180892944336e-02
5.639962852001190186e-02
4.532626271247863770e-02
1.090812683105468750e-02
2.429334819316864014e-02
1.221188902854919434e-02
2.524143457412719727e-02
6.117898225784301758e-02
2.557934820652008057e-02
1.821357011795043945e-02
1.980265974998474121e-02
3.211333602666854858e-02
5.506706237792968750e-02
5.565619468688964844e-02
2.623426169157028198e-02
2.483820915222167969e-02
3.158783912658691406e-02
2.985329553484916687e-02
2.995735406875610352e-02
1.311480998992919922e-02
5.061964690685272217e-02
3.310322761535644531e-03
2.363950014114379883e-02
6.202718615531921387e-02
5.027931928634643555e-02
4.592120647430419922e-02
3.738142549991607666e-02
2.059468626976013184e-02
5.628633499145507812e-02
5.390220880508422852e-02
2.546933293342590332e-02
1.466423273086547852e-02
1.676625013351440430e-02
1.567125320434570312e-02
8.596360683441162109e-03
4.042410850524902344e-02
9.405411779880523682e-03
1.686835289001464844e-02
1.375371217727661133e-02
5.600986629724502563e-02
3.430736064910888672e-02
2.612090110778808594e-02
1.725151389837265015e-02
1.445853710174560547e-02
1.076525449752807617e-02
5.135561525821685791e-02
2.439373731613159180e-02
3.904324769973754883e-02
1.420697569847106934e-02
1.741537451744079590e-02
2.359431982040405273e-02
6.896357238292694092e-02
3.016263246536254883e-02
1.258218288421630859e-02
1.613627374172210693e-02
3.076478838920593262e-02
2.045416831970214844e-02
3.951400518417358398e-02
5.618628859519958496e-02
5.664229393005371094e-03
3.137707710266113281e-03
2.111054956912994385e-02
2.053123712539672852e-02
6.023377180099487305e-02
1.737886667251586914e-02
5.883288383483886719e-02
6.991624832153320312e-03
3.617440164089202881e-02
5.747592449188232422e-02
7.855230569839477539e-02
7.102707400918006897e-03
5.652481317520141602e-02
3.659319877624511719e-02
5.432845652103424072e-02
5.953788757324218750e-03
2.292835712432861328e-02
4.241692274808883667e-02
2.372157573699951172e-02
2.829337120056152344e-02
9.113782644271850586e-02
1.647475361824035645e-02
3.560096025466918945e-02
2.466389536857604980e-02
1.050978899002075195e-04
5.420470237731933594e-02
4.837688803672790527e-02
6.790243089199066162e-02
1.317542791366577148e-02
1.152122020721435547e-02
7.211080193519592285e-02
5.567216873168945312e-02
4.073804616928100586e-02
4.388932883739471436e-02
9.754359722137451172e-03
5.509799718856811523e-02
4.262254759669303894e-02
3.672134876251220703e-02
3.280025720596313477e-02
2.778943628072738647e-02
3.148424625396728516e-02
7.873773574829101562e-02
6.161531805992126465e-02
5.337369441986083984e-02
1.247268915176391602e-02
1.969115436077117920e-02
1.746922731399536133e-02
3.040254116058349609e-02
4.165101051330566406e-02
4.819732904434204102e-02
1.265764236450195312e-02
2.837261557579040527e-02
1.613338291645050049e-02
2.940297126770019531e-04
2.851188182830810547e-02
2.003839239478111267e-02
2.272629737854003906e-02
1.967120170593261719e-02
3.508500009775161743e-02
2.975797653198242188e-02
1.580446958541870117e-02
3.852336853742599487e-02
4.482364654541015625e-02
2.327823638916015625e-02
4.412815719842910767e-02
1.066786050796508789e-02
4.695653915405273438e-04
4.484989494085311890e-02
1.833039522171020508e-02
8.759099245071411133e-02
3.574432432651519775e-02
1.146790385246276855e-02
1.464134454727172852e-02
2.828723192214965820e-02
1.554659008979797363e-02
1.406747102737426758e-02
3.256684541702270508e-02
1.108056306838989258e-02
1.901388168334960938e-03
1.137924194335937500e-02
4.597184062004089355e-02
8.586293458938598633e-02
4.553633928298950195e-02
1.101369224488735199e-02
1.761019229888916016e-02
1.173239946365356445e-02
5.734051018953323364e-02
4.809492826461791992e-02
3.141123056411743164e-02
3.218020498752593994e-02
1.256436109542846680e-03
3.978830575942993164e-02
7.295528054237365723e-02
4.850098490715026855e-02
4.765880107879638672e-02
2.889926731586456299e-02
2.753597497940063477e-02
1.821041107177734375e-03
6.667497754096984863e-02
5.517169833183288574e-03
4.816615581512451172e-02
2.143201231956481934e-02
7.336695492267608643e-02
5.370181798934936523e-02
6.559056043624877930e-02
4.771196469664573669e-02
1.899135112762451172e-02
2.970045804977416992e-02
3.482857719063758850e-02
4.624968767166137695e-02
4.150527715682983398e-02
2.465005405247211456e-02
2.560991048812866211e-02
5.173826217651367188e-02
6.861790269613265991e-02
4.074811935424804688e-03
2.988040447235107422e-03
3.606887906789779663e-02
9.495317935943603516e-04
4.676210880279541016e-02
8.517149090766906738e-02
1.876014471054077148e-02
2.906936407089233398e-02
1.373043656349182129e-02
3.880004584789276123e-02
3.228962421417236328e-02
3.233280777931213379e-02
1.987858116626739502e-02
2.039015293121337891e-03
4.108136892318725586e-02
3.182163089513778687e-02
1.819896697998046875e-02
3.790318965911865234e-02
3.801403567194938660e-03
4.658788442611694336e-02
1.135092973709106445e-02
6.333810091018676758e-02
3.563165664672851562e-02
3.094965219497680664e-02
6.306302547454833984e-02
1.272317767143249512e-02
1.967656612396240234e-02
5.689728260040283203e-02
1.335334777832031250e-02
2.554398775100708008e-02
5.588008463382720947e-02
5.928635597229003906e-03
3.086435794830322266e-02
7.358297705650329590e-02
2.602745592594146729e-02
2.359104156494140625e-02
2.009415626525878906e-02
3.673783689737319946e-02
3.378647565841674805e-02
4.462623596191406250e-02
1.463936269283294678e-02
2.587425708770751953e-02
8.905827999114990234e-03
6.460862606763839722e-02
2.845305204391479492e-02
1.354753971099853516e-03
5.758410505950450897e-02
5.881190299987792969e-04
1.204520463943481445e-02
6.032891571521759033e-02
1.079320907592773438e-02
1.774656772613525391e-02
7.301691919565200806e-02
5.517780780792236328e-03
4.361617565155029297e-02
4.914818704128265381e-02
2.465140819549560547e-02
3.224396705627441406e-02
9.842395782470703125e-03
5.955438315868377686e-02
7.067859172821044922e-03
3.680112957954406738e-02
4.323326051235198975e-02
1.668733358383178711e-02
3.443360328674316406e-03
4.474532604217529297e-02
2.649110555648803711e-02
1.817709207534790039e-02
2.915313839912414551e-02
7.095444202423095703e-02
3.818857669830322266e-02
2.224554494023323059e-02
6.906509399414062500e-03
3.735440969467163086e-02
6.391949951648712158e-02
3.936675190925598145e-02
2.123302221298217773e-02
4.133781790733337402e-02
5.404412746429443359e-03
6.186962127685546875e-03
4.160186648368835449e-02
6.705647706985473633e-02
1.655024290084838867e-02
6.365135312080383301e-02
2.763821184635162354e-02
5.604827404022216797e-02
3.014191985130310059e-02
1.765906810760498047e-03
1.568251848220825195e-02
7.134258747100830078e-02
7.128208875656127930e-03
1.330000162124633789e-02
2.485221624374389648e-02
6.507618352770805359e-02
3.001379966735839844e-02
4.814594984054565430e-02
1.453812792897224426e-02
6.136238574981689453e-03
5.109184980392456055e-02
4.583674669265747070e-02
2.206981182098388672e-02
3.807574510574340820e-02
3.072105348110198975e-02
6.651878356933593750e-05
8.230614662170410156e-02
2.467839419841766357e-02
3.717571496963500977e-02
2.967011928558349609e-02
2.145481109619140625e-02
2.688826620578765869e-02
5.272114276885986328e-02
2.824452519416809082e-02
4.791636765003204346e-02
9.880602359771728516e-03
3.776490688323974609e-03
5.443453043699264526e-02
8.235514163970947266e-02
4.972970485687255859e-02
3.328319080173969269e-02
2.906811237335205078e-02
2.218961715698242188e-03
1.088632196187973022e-01
9.555816650390625000e-04
2.983629703521728516e-03
1.030550897121429443e-02
1.635238528251647949e-02
1.772648096084594727e-02
5.425864458084106445e-02
1.884445548057556152e-02
2.717494964599609375e-03
4.561367630958557129e-02
2.509520947933197021e-02
6.366562843322753906e-02
9.204372763633728027e-02
2.211242914199829102e-03
1.112097501754760742e-02
4.236698150634765625e-04
3.016285598278045654e-03
3.637671470642089844e-03
5.725765228271484375e-02
4.274439439177513123e-02
2.989500761032104492e-02
4.934698343276977539e-02
2.725397795438766479e-02
5.132502317428588867e-02
6.209737062454223633e-02
3.359502181410789490e-03
3.802055120468139648e-02
8.915126323699951172e-03
8.587209880352020264e-02
3.034940361976623535e-02
7.723450660705566406e-03
1.995734870433807373e-03
1.594084501266479492e-02
2.155071496963500977e-02
5.576027929782867432e-02
1.102715730667114258e-03
5.431175231933593750e-04
2.611404657363891602e-02
2.806675434112548828e-02
2.172785997390747070e-02
7.573449611663818359e-02
9.201124310493469238e-03
4.973304271697998047e-02
7.979929447174072266e-03
4.252941906452178955e-02
5.074805021286010742e-02
2.950596809387207031e-02
9.816240519285202026e-03
6.141483783721923828e-03
1.168382167816162109e-02
5.619171634316444397e-02
2.041578292846679688e-03
6.650173664093017578e-02
2.500014752149581909e-02
1.808115839958190918e-02
9.715402126312255859e-02
6.659169495105743408e-02
3.557005524635314941e-02
1.159369945526123047e-03
1.729233562946319580e-02
2.487111091613769531e-02
4.189038276672363281e-02
4.757577180862426758e-02
6.852731108665466309e-03
4.434388875961303711e-02
5.914327502250671387e-02
5.004732310771942139e-02
1.503163576126098633e-02
4.773229360580444336e-02
2.094837650656700134e-02
1.052838563919067383e-02
4.730987548828125000e-02
2.991708181798458099e-02
5.706566572189331055e-02
2.964234352111816406e-02
3.110060095787048340e-02
1.856052875518798828e-02
2.186143398284912109e-02
2.588121220469474792e-02
1.706641912460327148e-02
1.526862382888793945e-02
8.855511248111724854e-02
3.972512483596801758e-02
5.483341217041015625e-02
5.542890727519989014e-02
2.723675966262817383e-02
1.420378684997558594e-04
3.364866971969604492e-02
3.327062726020812988e-02
4.754602909088134766e-02
3.298562765121459961e-02
3.288895636796951294e-02
3.209888935089111328e-02
3.305184841156005859e-02
1.414877548813819885e-02
5.866783857345581055e-02
2.858936786651611328e-02
7.998363673686981201e-02
2.249133586883544922e-02
4.022884368896484375e-02
7.594917714595794678e-02
5.063271522521972656e-02
1.796841621398925781e-03
2.994900196790695190e-02
1.506185531616210938e-02
5.524134635925292969e-02
6.429398059844970703e-02
3.183597326278686523e-02
6.175160408020019531e-03
2.648633718490600586e-02
1.276525855064392090e-02
1.310074329376220703e-02
1.151102781295776367e-02
2.137292921543121338e-02
3.505611419677734375e-02
3.847494721412658691e-02
3.689162433147430420e-02
7.534307241439819336e-02
6.609511375427246094e-02
7.419179379940032959e-02
1.567035913467407227e-02
4.339742660522460938e-02
4.980108886957168579e-02
5.139321088790893555e-02
3.135424852371215820e-02
8.060328662395477295e-03
9.962737560272216797e-03
1.752710342407226562e-02
7.147282361984252930e-02
4.912477731704711914e-02
9.040057659149169922e-03
3.096846491098403931e-02
3.958910703659057617e-03
2.804529666900634766e-02
4.075036942958831787e-02
4.426449537277221680e-03
3.471618890762329102e-02
3.055813908576965332e-02
4.822480678558349609e-02
4.259043931961059570e-02
6.302419304847717285e-02
2.347283065319061279e-02
1.725721359252929688e-02
2.412873506546020508e-02
2.946985140442848206e-02
3.488504886627197266e-02
7.034426927566528320e-02
6.580292619764804840e-02
1.214504241943359375e-02
3.482401371002197266e-03
4.793453589081764221e-02
4.222989082336425781e-02
1.421481370925903320e-02
3.593412786722183228e-02
3.267440199851989746e-02
1.525396108627319336e-02
4.566705226898193359e-02
1.600021123886108398e-02
2.576291561126708984e-03
8.813485503196716309e-03
4.755848646163940430e-02
1.272195577621459961e-02
3.350841999053955078e-02
4.102751612663269043e-03
3.980284929275512695e-02
1.088970899581909180e-02
2.410529553890228271e-02
3.270411491394042969e-02
3.207504749298095703e-02
6.690545380115509033e-02
2.747100591659545898e-02
2.067583799362182617e-02
6.734546273946762085e-02
2.088010311126708984e-03
3.862607479095458984e-02
1.848736405372619629e-02
3.014475107192993164e-02
1.464217901229858398e-02
6.476312130689620972e-02
7.541975378990173340e-02
3.586208820343017578e-02
5.355069041252136230e-02
1.179388165473937988e-02
7.399946451187133789e-02
8.585795760154724121e-02
1.919388771057128906e-02
1.435047388076782227e-02
2.945947647094726562e-02
8.079513907432556152e-03
1.248562335968017578e-02
2.852693200111389160e-02
2.834543585777282715e-03
2.883231639862060547e-02
3.531849384307861328e-02
1.603510975837707520e-02
1.791179180145263672e-03
2.681338787078857422e-02
2.602513879537582397e-03
6.147682666778564453e-03
2.954292297363281250e-02
5.758765339851379395e-02
6.517350673675537109e-03
4.265636205673217773e-02
4.030733555555343628e-02
3.805267810821533203e-02
2.811115980148315430e-02
3.141820430755615234e-02
1.372209191322326660e-02
4.188627004623413086e-02
1.098772883415222168e-02
1.191371679306030273e-02
2.178305387496948242e-02
7.980921864509582520e-02
8.494108915328979492e-03
2.973479032516479492e-02
6.996840238571166992e-03
3.704333305358886719e-02
1.366966962814331055e-02
4.866564273834228516e-02
1.537368074059486389e-02
3.752768039703369141e-03
3.349453210830688477e-02
4.961812868714332581e-02
5.237740278244018555e-02
6.114256381988525391e-02
4.658051580190658569e-02
3.992623090744018555e-02
2.225971221923828125e-02
7.447961717844009399e-02
2.090644836425781250e-02
2.504497766494750977e-02
2.531908452510833740e-02
3.925144672393798828e-03
4.784852266311645508e-02
1.591230928897857666e-02
1.228821277618408203e-02
2.263903617858886719e-02
2.742484211921691895e-02
3.641119599342346191e-02
1.492679119110107422e-03
4.638999700546264648e-02
5.216382443904876709e-03
3.695642948150634766e-02
2.692043781280517578e-02
8.142413198947906494e-02
6.969380378723144531e-02
4.349052906036376953e-03
2.954400889575481415e-02
2.328395843505859375e-03
6.812214851379394531e-04
3.104447573423385620e-02
3.227883577346801758e-02
2.882403135299682617e-02
3.559681773185729980e-02
7.049798965454101562e-03
1.146787405014038086e-02
3.646172583103179932e-02
2.768707275390625000e-02
2.844977378845214844e-02
1.363351941108703613e-03
3.728711605072021484e-02
4.973095655441284180e-02
3.469964861869812012e-02
1.556639373302459717e-02
7.174074649810791016e-03
9.645760059356689453e-03
4.932902753353118896e-03
2.069705724716186523e-02
3.486162424087524414e-02
2.786127850413322449e-02
1.552271842956542969e-02
2.974438667297363281e-02
4.292578995227813721e-02
4.918301105499267578e-02
4.799997806549072266e-02
2.471183054149150848e-02
3.814631700515747070e-02
4.163920879364013672e-03
5.704630166292190552e-02
1.078575849533081055e-02
2.970355749130249023e-02
2.246275544166564941e-04
2.502605319023132324e-02
2.500617504119873047e-02
6.080073118209838867e-02
3.265887498855590820e-03
5.008739233016967773e-02
1.405972242355346680e-02
3.313025832176208496e-02
1.446092128753662109e-02
5.978667736053466797e-02
1.790302246809005737e-02
3.582453727722167969e-02
3.646957874298095703e-02
2.552747726440429688e-03
7.553279399871826172e-02
6.534540653228759766e-02
1.285338774323463440e-02
1.079332828521728516e-02
1.685720682144165039e-02
4.025376960635185242e-02
3.462028503417968750e-02
4.234272241592407227e-02
3.757110983133316040e-02
2.637273073196411133e-02
8.116298913955688477e-02
6.131790578365325928e-02
4.508376121520996094e-03
1.874399185180664062e-02
3.777743875980377197e-02
1.442930102348327637e-02
2.022713422775268555e-02
6.263166666030883789e-02
5.815881490707397461e-02
1.441758871078491211e-02
6.344020366668701172e-04
4.372771084308624268e-02
4.734843969345092773e-02
6.159842014312744141e-02
2.212262153625488281e-02
3.140807151794433594e-02
3.091120719909667969e-02
6.272557377815246582e-02
2.684283256530761719e-02
2.471488714218139648e-02
6.472795829176902771e-02
5.939066410064697266e-03
3.529292345046997070e-02
5.177785456180572510e-02
2.952125668525695801e-02
2.900606393814086914e-02
1.062398403882980347e-02
4.673948884010314941e-02
6.059980392456054688e-02
3.239214420318603516e-02
1.003861427307128906e-03
2.941071987152099609e-03
1.807394623756408691e-02
5.825079977512359619e-02
3.631281852722167969e-02
8.814495801925659180e-02
2.289406210184097290e-02
1.515465974807739258e-02
1.341062784194946289e-02
5.511544644832611084e-03
2.327960729598999023e-02
4.995733499526977539e-02
6.428728438913822174e-02
2.664577960968017578e-02
1.975047588348388672e-02
7.031799107789993286e-02
6.229472160339355469e-02
5.593931674957275391e-02
6.974817812442779541e-02
1.234596967697143555e-02
2.140355110168457031e-02
5.422160029411315918e-02
5.463320016860961914e-02
7.015049457550048828e-03
1.747559010982513428e-02
2.151477336883544922e-02
1.684308052062988281e-02
8.632710576057434082e-02
5.051912367343902588e-02
5.835473537445068359e-03
3.945183753967285156e-02
3.642916679382324219e-03
6.137859821319580078e-02
2.293670177459716797e-02
3.874073922634124756e-02
5.889534950256347656e-03
5.078017711639404297e-03
3.228817135095596313e-02
2.789467573165893555e-02
4.379129409790039062e-02
4.234625026583671570e-02
1.852983236312866211e-02
6.218898296356201172e-02
7.338830083608627319e-02
1.496326923370361328e-02
9.125888347625732422e-03
4.070148617029190063e-02
2.352148294448852539e-03
4.579716920852661133e-02
6.600692868232727051e-02
4.853807389736175537e-02
1.940327882766723633e-02
1.061174273490905762e-02
5.381678044795989990e-02
3.163385391235351562e-02
6.041097640991210938e-02
8.035525679588317871e-03
1.776140928268432617e-02
7.926642894744873047e-03
5.765943229198455811e-02
4.491293430328369141e-02
3.240454196929931641e-02
1.905145123600959778e-03
8.387386798858642578e-03
7.415354251861572266e-03
3.968815878033638000e-02
5.515635013580322266e-03
3.034603595733642578e-02
3.944281116127967834e-02
1.601755619049072266e-03
7.053220272064208984e-02
5.365738272666931152e-02
4.895025491714477539e-02
3.416055440902709961e-02
3.060662746429443359e-02
5.646616220474243164e-03
6.347972154617309570e-02
8.037778735160827637e-02
4.395142197608947754e-03
8.061528205871582031e-04
5.983978509902954102e-03
7.478803396224975586e-02
3.908514976501464844e-02
3.910791873931884766e-02
9.999535977840423584e-03
1.207542419433593750e-02
1.551783084869384766e-02
5.750362202525138855e-02
4.194146394729614258e-02
3.799587488174438477e-02
4.660416394472122192e-02
2.514660358428955078e-03
3.239428997039794922e-02
4.430095106363296509e-02
1.737916469573974609e-02
5.912423133850097656e-03
5.573220551013946533e-02
3.090500831604003906e-02
2.665817737579345703e-02
6.102514266967773438e-02
1.918348670005798340e-02
2.499240636825561523e-02
3.424370288848876953e-02
1.451843976974487305e-02
1.874560117721557617e-02
1.013771891593933105e-01
1.479983329772949219e-02
4.893541336059570312e-04
3.171831369400024414e-02
1.390168070793151855e-02
7.195723056793212891e-02
2.264958620071411133e-02
3.683533705770969391e-02
1.039236783981323242e-02
5.567544698715209961e-02
6.504046171903610229e-02
1.280885934829711914e-02
8.766293525695800781e-03
8.223585784435272217e-03
8.606284856796264648e-03
6.242948770523071289e-02
3.068396449089050293e-02
1.756402850151062012e-02
2.337282896041870117e-02
1.082217693328857422e-02
2.911686897277832031e-05
2.058291435241699219e-02
4.004949331283569336e-02
1.675011217594146729e-02
8.552491664886474609e-03
7.756978273391723633e-03
2.212273329496383667e-02
8.063763380050659180e-02
2.994567155838012695e-02
4.081545397639274597e-02
1.317662000656127930e-02
1.477503776550292969e-02
5.888203531503677368e-02
3.118729591369628906e-02
8.104878664016723633e-02
9.207947179675102234e-03
3.022259473800659180e-02
4.195308685302734375e-02
4.729440808296203613e-02
1.671820878982543945e-02
5.233335494995117188e-02
2.386527508497238159e-02
1.403138041496276855e-02
6.668543815612792969e-02
6.451654434204101562e-02
1.543661952018737793e-02
1.775014400482177734e-02
3.497093915939331055e-03
3.395257890224456787e-02
1.624727249145507812e-02
4.787957668304443359e-02
2.935267984867095947e-02
1.632398366928100586e-02
3.853857517242431641e-03
5.802553892135620117e-02
4.342710971832275391e-02
5.809044837951660156e-02
2.327376976609230042e-03
7.700979709625244141e-03
3.520727157592773438e-03
4.472049325704574585e-02
1.011478900909423828e-02
5.011367797851562500e-02
4.766227304935455322e-02
5.902662873268127441e-02
6.239283084869384766e-02
8.200298249721527100e-02
3.587362170219421387e-02
2.017337083816528320e-02
1.630838215351104736e-02
4.443496465682983398e-03
2.937597036361694336e-02
5.159556865692138672e-02
2.923190593719482422e-03
4.876315593719482422e-02
3.638929128646850586e-02
4.105188697576522827e-02
2.037698030471801758e-02
4.989606142044067383e-02
4.884595423936843872e-02
2.542543411254882812e-02
3.117299079895019531e-02
3.512299805879592896e-02
6.803190708160400391e-02
6.827771663665771484e-02
1.660319045186042786e-02
2.038359642028808594e-02
6.012284755706787109e-02
6.778806447982788086e-02
4.556813836097717285e-02
1.961773633956909180e-02
4.697891324758529663e-02
2.695381641387939453e-03
5.724865198135375977e-02
5.653078854084014893e-02
1.627135276794433594e-02
2.629762887954711914e-02
2.249938249588012695e-02
3.456187248229980469e-02
3.602808713912963867e-02
5.229234695434570312e-03
2.634228765964508057e-02
1.597505807876586914e-02
2.170497179031372070e-02
4.172105342149734497e-02
4.977852106094360352e-02
3.825038671493530273e-02
1.329122111201286316e-02
5.878436565399169922e-02
2.700257301330566406e-02
6.147158890962600708e-02
6.203174591064453125e-03
1.432394981384277344e-02
5.016160756349563599e-02
3.783777356147766113e-02
4.345703125000000000e-02
6.508894264698028564e-03
2.354675531387329102e-02
1.095402240753173828e-02
2.440772950649261475e-02
3.091385960578918457e-02
4.911959171295166016e-02
5.841651558876037598e-02
1.179172098636627197e-02
3.210091590881347656e-02
1.086571812629699707e-02
9.861148893833160400e-03
2.422273159027099609e-03
6.435358524322509766e-02
2.808631956577301025e-02
4.522514343261718750e-02
6.435716152191162109e-02
5.215815454721450806e-02
5.367702245712280273e-02
8.874261379241943359e-02
3.982781246304512024e-02
2.972859144210815430e-02
1.342481374740600586e-02
4.546744376420974731e-02
4.660522937774658203e-02
2.102392911911010742e-02
2.812625467777252197e-02
8.524060249328613281e-04
1.630407571792602539e-02
4.685620963573455811e-02
9.625673294067382812e-03
8.760452270507812500e-03
1.225686073303222656e-02
3.180003166198730469e-02
3.281837701797485352e-02
5.836126208305358887e-02
3.116139769554138184e-02
4.243075847625732422e-03
1.367574930191040039e-02
2.956534549593925476e-02
6.362038850784301758e-02
4.629313945770263672e-02
2.240609377622604370e-02
1.826179027557373047e-02
2.380162477493286133e-02
9.392380714416503906e-02
4.100954532623291016e-02
9.171575307846069336e-02
1.832755655050277710e-02
5.100834369659423828e-02
3.949159383773803711e-02
3.436964750289916992e-02
7.183286547660827637e-02
2.071952819824218750e-02
4.150018095970153809e-02
3.248214721679687500e-02
5.121612548828125000e-02
6.219291687011718750e-02
3.175814449787139893e-02
3.931152820587158203e-02
3.048607707023620605e-02
5.855292081832885742e-02
3.739243745803833008e-02
8.465564250946044922e-02
3.674734383821487427e-03
9.388506412506103516e-03
4.600214958190917969e-02
5.240371078252792358e-02
2.184653282165527344e-02
6.621664762496948242e-02
4.083107411861419678e-02
4.129219055175781250e-02
4.970037937164306641e-02
6.183612346649169922e-02
1.939612627029418945e-02
1.915329694747924805e-02
2.235622704029083252e-02
1.489648222923278809e-02
3.816139698028564453e-02
1.088216900825500488e-02
4.013472795486450195e-02
1.690024137496948242e-02
2.992957830429077148e-03
3.047764301300048828e-02
4.971897602081298828e-02
7.023572921752929688e-02
4.362080246210098267e-02
3.251355886459350586e-02
2.533614635467529297e-03
7.954150438308715820e-03
3.704613447189331055e-02
1.223969459533691406e-02
1.561675220727920532e-02
2.201360464096069336e-02
3.142321109771728516e-02
3.729112073779106140e-02
4.127550125122070312e-02
6.210333108901977539e-02
2.356798201799392700e-02
2.432456612586975098e-02
6.552016735076904297e-02
1.096426248550415039e-01
1.895385980606079102e-02
4.806405305862426758e-02
2.061504125595092773e-02
3.593367338180541992e-02
6.910324096679687500e-02
1.569628715515136719e-02
8.318826556205749512e-03
3.899616003036499023e-02
2.664211392402648926e-02
2.566378563642501831e-02
4.639369249343872070e-02
5.202770233154296875e-02
8.130948990583419800e-03
2.167880535125732422e-03
1.645857095718383789e-02
5.572135001420974731e-02
6.090724468231201172e-02
5.882537364959716797e-02
2.578872442245483398e-02
2.267503738403320312e-02
5.228042602539062500e-03
6.015436351299285889e-02
2.016055583953857422e-02
1.095294952392578125e-03
3.521285206079483032e-02
2.746948599815368652e-02
3.436362743377685547e-02
5.477480590343475342e-02
2.105137705802917480e-02
2.491945028305053711e-02
6.693094968795776367e-03
2.565160393714904785e-02
9.616196155548095703e-03
6.016117334365844727e-02
2.976959943771362305e-02
1.355636119842529297e-02
2.330595254898071289e-02
3.882829844951629639e-02
8.101004362106323242e-02
1.197248697280883789e-02
5.346629768610000610e-04
1.659393310546875000e-03
1.452547311782836914e-02
5.953804403543472290e-02
5.614537000656127930e-02
5.776059627532958984e-02
1.413913816213607788e-02
2.973788976669311523e-02
3.373384475708007812e-02
7.774890959262847900e-02
2.035063505172729492e-02
1.337546110153198242e-02
1.442830264568328857e-02
1.664084196090698242e-02
6.516230106353759766e-02
6.335434317588806152e-02
1.988573372364044189e-02
6.124573945999145508e-02
6.066024303436279297e-03
8.028912544250488281e-02
2.411949634552001953e-02
3.533232212066650391e-02
2.850290387868881226e-03
2.737224102020263672e-03
3.808987140655517578e-02
7.183367013931274414e-02
6.888830661773681641e-02
4.033476114273071289e-02
5.078608542680740356e-02
6.507933139801025391e-03
2.951800823211669922e-02
4.165075719356536865e-03
3.553545475006103516e-02
5.552113056182861328e-03
6.010638177394866943e-02
4.910349845886230469e-03
4.362928867340087891e-02
8.967751264572143555e-02
2.924710512161254883e-03
1.818835735321044922e-03
4.117101430892944336e-02
4.342153668403625488e-02
3.379923105239868164e-02
5.429798364639282227e-02
2.731817215681076050e-02
2.082705497741699219e-03
8.471786975860595703e-03
1.714379340410232544e-02
6.912249326705932617e-02
5.482393503189086914e-02
1.787024736404418945e-02
1.262897253036499023e-02
1.313030719757080078e-03
1.217104122042655945e-02
4.780799150466918945e-02
4.108667373657226562e-02
1.938164234161376953e-03
3.008276224136352539e-03
4.077059030532836914e-02
9.291900694370269775e-02
7.769972085952758789e-03
3.892731666564941406e-02
1.767851412296295166e-02
2.301844954490661621e-02
3.996700048446655273e-02
5.399164557456970215e-02
2.147285640239715576e-02
1.711136102676391602e-02
2.272623777389526367e-02
3.478460758924484253e-02
2.760094404220581055e-02
7.387316226959228516e-02
3.893131762742996216e-02
1.308727264404296875e-02
4.984140396118164062e-04
5.113710463047027588e-02
3.341519832611083984e-02
2.066344022750854492e-02
6.030682101845741272e-02
6.762802600860595703e-03
2.845406532287597656e-02
8.470421284437179565e-02
2.345430850982666016e-02
1.264798641204833984e-02
8.433640003204345703e-03
4.594027996063232422e-04
2.983558177947998047e-02
3.388385474681854248e-02
3.550779819488525391e-02
8.091926574707031250e-04
3.594011068344116211e-03
8.263990283012390137e-03
5.155867338180541992e-02
7.292518019676208496e-02
2.461946755647659302e-02
1.008337736129760742e-02
1.000231504440307617e-02
2.872273325920104980e-02
4.287987947463989258e-02
6.195616722106933594e-02
1.126988977193832397e-02
4.321873188018798828e-03
3.341072797775268555e-02
5.605630576610565186e-02
4.549419879913330078e-02
6.953257322311401367e-02
5.383280664682388306e-02
1.193669438362121582e-02
3.569638729095458984e-02
3.201645612716674805e-02
7.697075605392456055e-03
2.637964487075805664e-02
7.509171962738037109e-03
2.984192967414855957e-02
2.332448959350585938e-02
9.494873881340026855e-02
3.172798454761505127e-02
1.444405317306518555e-02
7.536709308624267578e-03
4.871332645416259766e-02
4.421931505203247070e-02
5.636823177337646484e-02
5.366794764995574951e-03
3.060656785964965820e-02
5.680620670318603516e-03
7.266473770141601562e-02
3.448909521102905273e-02
1.474869251251220703e-02
5.963114649057388306e-02
5.576739609241485596e-01
8.541692867875099182e-01
8.279391750693321228e-02
1.798170804977416992e-02
1.537413001060485840e-01
8.411314487457275391e-01
5.888647735118865967e-01
3.147995471954345703e-02
7.541395723819732666e-01
7.108263969421386719e-01
4.546290636062622070e-02
6.405807435512542725e-01
8.248701989650726318e-01
1.976490020751953125e-02
6.516377627849578857e-01
7.227213829755783081e-01
6.769531667232513428e-01
6.114501431584358215e-01
2.462536096572875977e-02
8.245235425420105457e-01
5.692155808210372925e-01
4.012956470251083374e-02
6.931827162625268102e-01
6.870779767632484436e-01
8.768185274675488472e-02
5.638168752193450928e-01
7.504153028130531311e-01
1.647704355418682098e-01
9.390175342559814453e-03
1.789346933364868164e-01
7.782867848873138428e-01
5.644336938858032227e-01
1.387813091278076172e-01
6.707372069358825684e-01
6.946073770523071289e-01
6.870448589324951172e-02
6.541580855846405029e-01
7.585606724023818970e-01
1.094737648963928223e-01
6.099925041198730469e-01
6.472974717617034912e-01
6.525691449642181396e-01
5.557504370808601379e-01
8.815929293632507324e-02
7.064486485905945301e-01
5.996443480253219604e-01
1.195879504084587097e-01
6.674573515774682164e-01
6.105466857552528381e-01
1.680541713722050190e-01
5.377443730831146240e-01
7.266352549195289612e-01
2.338253818452358246e-01
9.125828742980957031e-03
2.990281581878662109e-01
7.323682904243469238e-01
4.933431744575500488e-01
2.342624664306640625e-01
6.299953460693359375e-01
6.393968462944030762e-01
2.139683365821838379e-01
5.955309271812438965e-01
6.893003880977630615e-01
1.608277559280395508e-01
6.068600416183471680e-01
5.800020098686218262e-01
5.447757542133331299e-01
5.829824879765510559e-01
1.579887568950653076e-01
7.167082172818481922e-01
4.995474070310592651e-01
2.156240567564964294e-01
6.238352154614403844e-01
5.770042315125465393e-01
2.610753108747303486e-01
5.331486165523529053e-01
6.026482358574867249e-01
3.192550502717494965e-01
1.252156496047973633e-02
3.408245444297790527e-01
6.369041800498962402e-01
5.410464107990264893e-01
3.001896739006042480e-01
5.756527483463287354e-01
6.006905138492584229e-01
2.403557896614074707e-01
5.900191366672515869e-01
6.456712484359741211e-01
2.594254612922668457e-01
5.692840218544006348e-01
5.085494518280029297e-01
5.132611691951751709e-01
5.092177763581275940e-01
2.865420877933502197e-01
5.821194392628967762e-01
5.220857113599777222e-01
2.959365770220756531e-01
5.536483024479821324e-01
5.288530960679054260e-01
3.378844191320240498e-01
9.713989496231079102e-02
2.447818517684936523e-01
2.273481339216232300e-01
1.798167824745178223e-02
2.889879345893859863e-01
2.165648341178894043e-01
9.292188286781311035e-02
3.145015239715576172e-01
2.097915261983871460e-01
1.982396841049194336e-01
3.170806169509887695e-01
1.500049531459808350e-01
2.042161226272583008e-01
3.092709183692932129e-01
4.755482077598571777e-02
3.065284714102745056e-01
3.072994947433471680e-01
8.650040626525878906e-02
2.158121466636657715e-01
2.332082390785217285e-01
1.360723376274108887e-01
2.737363129854202271e-01
1.384652256965637207e-01
2.517789602279663086e-01
3.135119229555130005e-01
8.113098144531250000e-02
2.385271191596984863e-01
2.608926519751548767e-01
1.056665182113647461e-02
3.333853483200073242e-01
2.875901311635971069e-01
6.242418289184570312e-02
3.491421937942504883e-01
1.679423451423645020e-01
9.890905022621154785e-02
3.049834966659545898e-01
8.695861697196960449e-02
2.525947690010070801e-01
3.401867747306823730e-01
8.703228831291198730e-02
1.799231469631195068e-01
2.087758779525756836e-01
1.619589328765869141e-01
3.496928811073303223e-01
2.208490967750549316e-01
1.612865328788757324e-01
2.951240092515945435e-01
1.403739452362060547e-01
1.590040326118469238e-01
2.165054008364677429e-01
3.135424852371215820e-02
2.968711853027343750e-01
2.920783534646034241e-01
4.192805290222167969e-02
2.359486222267150879e-01
1.417867541313171387e-01
1.441935002803802490e-01
2.258269786834716797e-01
1.459857076406478882e-01
1.385504007339477539e-01
2.845562100410461426e-01
1.278937757015228271e-01
1.065447628498077393e-01
1.890954971313476562e-01
3.945454955101013184e-02
2.042464166879653931e-01
2.578504681587219238e-01
1.311695575714111328e-02
1.766165979206562042e-01
1.723470687866210938e-01
9.497767686843872070e-02
1.913954559713602066e-01
1.129809617996215820e-01
1.592229008674621582e-01
2.631829753518104553e-01
8.774608373641967773e-02
1.460648775100708008e-01
1.470874249935150146e-01
2.876281738281250000e-03
1.825121641159057617e-01
1.630035340785980225e-01
3.700312972068786621e-02
1.551934480667114258e-01
9.753844141960144043e-02
5.703935027122497559e-02
8.770138025283813477e-02
1.042154431343078613e-02
1.117078214883804321e-01
1.984239220619201660e-01
4.133799672126770020e-02
2.970623970031738281e-02
1.266821026802062988e-01
5.315789580345153809e-02
1.628063451498746872e-01
1.454356908798217773e-01
1.293504238128662109e-02
1.006143540143966675e-01
9.714251756668090820e-02
8.855307102203369141e-02
6.532204896211624146e-02
1.291322708129882812e-02
1.000386476516723633e-01
1.509888842701911926e-01
5.311173200607299805e-02
2.376341819763183594e-02
6.360951066017150879e-02
3.232166171073913574e-02
4.053354263305664062e-02
6.198346614837646484e-03
1.761284470558166504e-02
1.345614790916442871e-01
2.351450920104980469e-02
3.219632804393768311e-02
4.423785209655761719e-02
7.198640704154968262e-02
2.567231655120849609e-03
1.080439686775207520e-01
2.582824230194091797e-02
4.018603265285491943e-02
2.221655845642089844e-02
7.171404361724853516e-02
2.495467290282249451e-02
2.626138925552368164e-02
8.725225925445556641e-03
3.156410902738571167e-02
3.316891193389892578e-02
9.064286947250366211e-02
3.939583897590637207e-03
2.468824386596679688e-04
2.852857112884521484e-02
5.369278788566589355e-02
1.315084099769592285e-02
6.136476993560791016e-03
2.274426817893981934e-02
8.002132177352905273e-03
1.375830173492431641e-02
5.130648612976074219e-03
2.380493283271789551e-02
2.396893501281738281e-02
7.932275533676147461e-03
1.044407486915588379e-02
2.048867940902709961e-02
6.106078624725341797e-03
5.571786314249038696e-02
3.728777170181274414e-02
9.030163288116455078e-03
7.310415804386138916e-02
3.843033313751220703e-02
4.773074388504028320e-02
4.011842422187328339e-02
1.012223958969116211e-02
1.659643650054931641e-02
6.919012963771820068e-02
