# {'window': 132, 'contam': 0.9959045191145045, 'q': 0.0008494886931604315, 'thres': 1.6633686306558022}
8.418781428177468662e-02
1.370147045931136676e+00
1.200708589822717887e+00
4.004268472575081561e-01
1.312841852422945488e+00
9.958623506189953067e-01
7.239823000736984593e-01
1.434818281290978215e+00
6.783524204359343557e-01
1.073473034384096136e+00
1.327934698196593599e+00
2.089446604420691078e-01
1.278288564840068808e+00
1.185825397457164643e+00
1.699092094127875874e-01
1.292534720225473110e+00
9.594014976058338195e-01
5.017601594854383951e-01
1.417933868108451456e+00
7.527673075835910055e-01
8.774818674831369458e-01
1.536300412247518121e+00
3.170334964942027045e-01
1.217945896405216111e+00
1.465190822085990163e+00
7.375111579504974035e-02
1.256856007782463092e+00
1.256025640199441629e+00
3.717179579536297185e-01
1.498123926852895416e+00
9.459902365639127897e-01
7.796532502732805847e-01
1.486303565931298865e+00
6.197535942781358109e-01
1.275096723348824845e+00
1.460178410587777753e+00
3.438145094059623652e-01
1.309346480952020775e+00
1.163275119422354953e+00
1.145120549225670942e-01
1.463291209339820709e+00
1.024777556803572853e+00
5.198906662226173703e-01
1.462640559072952096e+00
8.121636427999330277e-01
8.870532877428851659e-01
1.476856558730764268e+00
4.245538274892745600e-01
1.094340568610034037e+00
1.419533876992397081e+00
6.555604164041503590e-02
1.426043915818687724e+00
1.261503489862948024e+00
3.474387809045173525e-01
1.455770999084507356e+00
7.732007711689834473e-01
4.609298077287959372e-01
1.607134091748882998e+00
4.626623317067882213e-01
1.063127066750761740e+00
1.531893367073624113e+00
1.199437393206984476e-01
1.140332643892437714e+00
1.406871415664326275e+00
1.102114480683465958e-01
1.488441102355643197e+00
1.084519608095610987e+00
5.400559277212475529e-01
1.469957038407111227e+00
7.242324214515017955e-01
8.893619436917206134e-01
1.435541863842677568e+00
2.284540314372241476e-01
1.227390680776708320e+00
1.269660894606167156e+00
3.495342899769063316e-03
1.341706666293803751e+00
1.242904613961675730e+00
4.286594185981967287e-01
1.497278442146747546e+00
9.014654736345624197e-01
6.280832458013035913e-01
1.400736620166720403e+00
5.700181726011879224e-01
1.020696674814453919e+00
1.364278457555506030e+00
1.250500239708575434e-01
1.111820045818998626e+00
1.276782677719288772e+00
5.791936187911014139e-02
1.357722727737511903e+00
1.041032656786223143e+00
5.029838389948433353e-01
1.490005435177527371e+00
7.944705010383510402e-01
1.005567027728767604e+00
1.460894262524353948e+00
2.492896273199940727e-01
1.284929148968630974e+00
1.518739815353411071e+00
7.483086573488287319e-02
1.432733538817031027e+00
1.175873236884316109e+00
3.549972972525698434e-01
1.664993348910525750e+00
9.000251843027144982e-01
7.081495604422792800e-01
1.467025679407781835e+00
5.198514846574908699e-01
9.681311694309423510e-01
1.488221328484542250e+00
1.330983712123703921e-01
1.323287444960338455e+00
1.371155769307372818e+00
1.075106025205833649e-01
1.184420829407138109e+00
1.017982259209423646e+00
5.611569643282484643e-01
1.480957139882375317e+00
6.323813661591225488e-01
9.052797171679850541e-01
1.406897116066516240e+00
3.410882834483457970e-01
1.081163847315866011e+00
1.465570491568003453e+00
6.558248913127799617e-02
1.410441902521217150e+00
1.218719269176016029e+00
4.060451186874263763e-01
1.454375617083820682e+00
9.158356165547816286e-01
7.307672397342596105e-01
1.397689529432797562e+00
6.438121802057151788e-01
9.238883915032028993e-01
1.325931807227407777e+00
1.786580144721042485e-01
1.181831195807825363e+00
1.286190563132338260e+00
3.288038343957546683e-01
1.381549092809539525e+00
1.170078346134982628e+00
5.915715980987696909e-01
1.645363766016794793e+00
7.879700134114562271e-01
9.826294646299058577e-01
1.420995229495472856e+00
3.652892542090886985e-01
1.046621864486159348e+00
1.485688653355756284e+00
2.264065103994192946e-02
1.356089676170899150e+00
1.057484535423792060e+00
4.179906544605410113e-01
1.441684174237066296e+00
9.573144340375959738e-01
5.653859522439165231e-01
1.540695648797139938e+00
5.962949671179791356e-01
1.106804880075245023e+00
1.416792362701807528e+00
1.726288844333118133e-01
1.257474151568588328e+00
1.276871224587251108e+00
2.143913362920955856e-01
1.440542101683460086e+00
1.033902964239784561e+00
3.886409154677371025e-01
1.489336014355580051e+00
7.569493797601463125e-01
7.740782751098438386e-01
1.524887456334461433e+00
3.747503371607004974e-01
1.123864514086637012e+00
1.398958756741265352e+00
5.170810697657153912e-03
1.470067385195827470e+00
1.315950794541057567e+00
3.237140031939054752e-01
1.464181475766368701e+00
8.721047345560468678e-01
6.599478539049276060e-01
1.325945662051594365e+00
4.705598780624575261e-01
9.981382500432707250e-01
1.496527309882597079e+00
1.678463634434784191e-01
1.239290455270612767e+00
1.261107126212621665e+00
1.417445754111661682e-01
1.421757801600443072e+00
1.017797726090663657e+00
4.950116786582745010e-01
1.518785333419069961e+00
7.064111663595736834e-01
8.559433269923835130e-01
1.491296816800415481e+00
3.214622246421617868e-01
1.267543814221727905e+00
1.304928676459922832e+00
7.025699374461769064e-02
1.310727725243786557e+00
1.120505634760004199e+00
4.165136976546282566e-01
1.447444461147208594e+00
8.880409546518640562e-01
7.738067699369240993e-01
1.493962659263449844e+00
5.625923423706894466e-01
9.856191843337036573e-01
1.497788441881592325e+00
2.166222926455214082e-01
1.320719996103586480e+00
1.292449510447897021e+00
1.517400554605509710e-01
1.435535704588441597e+00
9.284166398457132097e-01
5.882417443978801286e-01
1.482111263722189598e+00
7.083319493870020578e-01
8.618981523646574994e-01
1.550305486161839275e+00
3.464750370100647126e-01
1.075629901930150734e+00
1.272314647508170804e+00
4.357751762516014205e-02
1.372338514622287287e+00
1.168890242913575905e+00
3.811838836501812433e-01
1.425804966492860704e+00
8.104184457901951744e-01
7.259282370105980542e-01
1.434112599003206867e+00
5.224792024412806546e-01
1.063090598103012985e+00
1.371177638296106505e+00
1.632863397491932933e-01
1.347947772686091339e+00
1.203259436162154694e+00
1.816971365184529286e-01
1.426805628917287461e+00
1.047640055971202022e+00
6.032621311657380136e-01
1.585425478597619176e+00
8.119998128346269661e-01
8.818946417429662787e-01
1.462795987000469200e+00
5.204994150045879620e-01
1.147016029448710173e+00
1.418156097705879581e+00
1.142939612022350095e-02
1.284494225916620547e+00
1.226546507663620167e+00
3.410712397807844076e-01
1.393464639205775235e+00
9.528407205057728424e-01
7.358140373572766846e-01
1.465002041779772890e+00
6.724056630681009006e-01
9.211001340333505594e-01
1.402384853005492316e+00
1.897962938352127094e-01
1.399140195927577768e+00
1.159103869056407277e+00
1.967498651705366086e-01
1.328903025521932735e+00
1.092217593798944453e+00
5.059312968582370118e-01
1.341605049029670926e+00
7.915907172964982141e-01
8.821266902034710089e-01
1.484115694367820648e+00
5.169926881738065028e-01
1.315213403403589831e+00
1.343014630358795092e+00
8.728204674408052144e-02
1.467614619308289070e+00
1.252588550722671279e+00
4.091115123724238800e-01
1.560761264333891951e+00
7.081459672263347160e-01
7.481163045528138600e-01
1.466011162368280774e+00
4.779881869828401242e-01
9.690078262952573906e-01
1.503337342823882539e+00
2.195039147060185714e-01
1.273946971394635641e+00
1.183439515301903722e+00
1.722504835158737424e-01
1.466468046762439803e+00
1.000643666987287572e+00
6.608227405376079222e-01
1.463870127124343501e+00
7.966526464507353023e-01
8.992524914504973488e-01
1.424888507948404159e+00
2.799878695914070903e-01
1.162643303342596468e+00
1.319809035464514002e+00
1.768860435528083613e-02
1.276758742637306598e+00
1.267962455270081001e+00
4.477786229017629571e-01
1.565070126182992905e+00
9.562125825109543120e-01
6.073854925149844153e-01
1.439240727855328306e+00
5.040032306193377165e-01
1.084941322246070650e+00
1.472993684224083610e+00
1.397447313076475017e-01
1.353171534776120399e+00
1.240770167432464710e+00
1.944638974984039259e-01
1.357040911151862650e+00
1.027794549437603289e+00
4.928536007858576595e-01
1.454996741127635218e+00
7.377139498840123988e-01
8.372380895060937966e-01
1.467461450891173191e+00
3.223129647053022406e-01
1.108454052486090191e+00
1.332781921925669133e+00
2.748791455075647039e-02
1.365167584031931947e+00
1.208909000298545200e+00
4.120470767016989333e-01
1.507116191146462558e+00
8.925034435976894054e-01
6.663394998855832752e-01
1.383666031299556343e+00
5.956773302238541623e-01
1.044799092444400834e+00
1.414626908850888043e+00
2.057361659126241971e-01
1.266689275591761366e+00
1.217061689157335591e+00
1.434772281319861009e-01
1.419792394601700147e+00
1.020133180813132423e+00
4.650596237480778550e-01
1.338050350023584079e+00
7.066209966016920863e-01
9.118605391294494211e-01
1.457789371921095478e+00
3.691124107234723950e-01
1.099923466495062119e+00
1.321356945400014693e+00
1.495820422452318055e-02
1.366769816326561582e+00
1.221339943365898906e+00
4.491407861179954608e-01
1.416291258993795710e+00
9.461952847659014232e-01
7.010058182011045247e-01
1.458552551908810502e+00
6.514606508051986600e-01
9.304362209194865230e-01
1.392439529689510458e+00
5.517183932505263788e-02
1.279637828952250977e+00
1.225639958397441109e+00
3.384248553029723938e-01
1.407122778664442464e+00
1.047904636750697893e+00
4.718628588527370438e-01
1.388495452146383480e+00
7.490022120631827374e-01
8.738141042293749994e-01
1.575218613265805478e+00
3.419852249204489159e-01
1.092253225055804799e+00
1.353709350943370415e+00
1.674249410648936259e-02
1.402375471869249601e+00
1.173371032289458160e+00
3.693471348047540626e-01
1.388491280646324544e+00
8.849117804067107018e-01
6.942486882244229829e-01
1.568201154651486906e+00
5.731284659498671052e-01
1.008895793449855027e+00
1.362132800434737945e+00
4.017903518997701373e-01
1.262813507761184395e+00
1.304413829185681495e+00
1.230837560647675688e-01
1.335717739038893681e+00
9.758831684566091624e-01
3.687846648733648092e-01
1.455244916368091834e+00
6.424969932114223958e-01
9.696984815265990987e-01
1.469770424640403528e+00
3.945101551970898179e-01
1.041913762175317171e+00
1.310611589783313491e+00
1.044155066969916848e-02
1.325253788375738040e+00
1.265128075341956482e+00
2.748558766742753567e-01
1.519108536593813508e+00
6.989952840126617550e-01
7.197430867477097038e-01
1.377262217088506935e+00
6.158056732924528376e-01
1.011908194659266735e+00
1.587181737327532094e+00
1.825462260287345206e-01
1.262494874906070708e+00
1.197619110785902441e+00
1.600277369425734952e-01
1.377490327078741972e+00
1.185131857443562087e+00
4.768401032187032929e-01
1.379703552088257235e+00
7.638389975436125079e-01
9.983623902317219079e-01
1.512724453044739903e+00
3.948463626746939736e-01
1.203791635211886479e+00
1.405192355305010965e+00
6.669101345005983006e-02
1.341365595154375923e+00
1.163854345835854120e+00
3.992666673672959354e-01
1.503993785934459204e+00
9.063227275244887249e-01
6.954584430803102402e-01
1.430477272468074101e+00
5.984429740115164709e-01
9.951601054445550210e-01
1.545237043808584732e+00
2.258436144144550517e-01
1.275831337291593259e+00
1.166401568537296152e+00
2.101303028435190234e-01
1.323910040496594220e+00
1.167231020846947853e+00
5.183486722306067662e-01
1.575970027896458792e+00
7.164653613305679292e-01
8.702526695820268499e-01
1.484136335505849225e+00
3.412822582878800026e-01
1.215690271950927270e+00
1.330852808499926931e+00
1.223333301477260160e-01
1.303097526126868910e+00
1.307951202871827423e+00
3.128049501943233057e-01
1.435152956393204837e+00
9.378853709121484084e-01
7.265214947165075099e-01
1.514103482152334035e+00
6.755963124243145046e-01
1.016388179342112563e+00
1.442541401911010546e+00
2.696453721856642560e-01
1.253726576653175329e+00
1.285144332217491137e+00
7.978947589604067081e-02
1.546894284344369375e+00
8.617274839461940283e-01
4.884612375780837401e-01
1.536548660272900380e+00
7.845710611233369658e-01
8.472688063086710741e-01
1.482384338512214406e+00
3.916777136820501215e-01
1.240135797543797436e+00
1.367503919415148816e+00
1.405558589584443019e-01
1.282750585948088773e+00
1.129440371829138146e+00
2.897608129537160293e-01
1.524630778483073268e+00
8.099148917960000693e-01
7.107202028483498024e-01
1.568684394928810288e+00
6.407351071855226232e-01
1.076693865163027786e+00
1.461328192631724310e+00
1.644329815305625164e-01
1.231315845483596627e+00
1.212541227733009430e+00
1.798803179046939149e-01
1.380817529532943899e+00
1.204663040567886201e+00
5.681429388175806006e-01
1.527696842260922283e+00
8.617087047063907157e-01
7.402640746471008670e-01
1.601121995613995930e+00
3.595915883087082987e-01
1.048804972619316045e+00
1.241297275875545170e+00
4.671523910588650658e-02
1.329725292509762236e+00
1.036933873037237719e+00
2.897924495204760587e-01
1.514738453059973455e+00
8.329549532388441646e-01
7.085538540800945251e-01
1.556353559209918691e+00
4.911999364122249800e-01
9.224421415717550810e-01
1.321267552546316892e+00
2.115472219895905004e-01
1.358712726919998559e+00
1.263679590986581225e+00
2.174807183345836559e-01
1.557726573298384931e+00
9.840532319602778299e-01
5.094790131059315774e-01
1.526035015591491462e+00
6.533478815402703477e-01
7.661518262890184561e-01
1.385069161943065286e+00
4.146584483542943289e-01
1.116995394250111850e+00
1.331038129862732511e+00
4.064383993058595657e-02
1.339817832882888471e+00
9.232011804395547916e-01
3.303909140504029951e-01
1.523276899528082096e+00
9.237291155816882426e-01
7.487379302131222936e-01
1.561844823661041826e+00
5.486766552765879323e-01
1.129417229874387196e+00
1.510247878702823732e+00
2.016816898826435112e-01
1.243052180325771472e+00
1.258367690641993386e+00
1.152681822330686306e-01
1.439291684587355569e+00
8.631288359656164033e-01
6.802856414465978663e-01
1.448404828622065654e+00
7.136845429954226105e-01
8.447796872954702607e-01
1.453045119008254060e+00
4.730091425824543561e-01
1.114951893323910426e+00
1.351250740709751819e+00
1.513702423505239869e-01
1.370336702678857099e+00
1.214392964233612870e+00
3.143117851917670569e-01
1.500957286588264772e+00
9.541601123426426412e-01
6.888691172728335088e-01
1.466215312980749585e+00
6.470288397865785468e-01
1.000219859783062493e+00
1.634534459755367708e+00
3.105743924430178216e-01
1.246226942561172280e+00
1.145510435894137480e+00
1.258395578718359553e-01
1.442960934685872276e+00
9.985404361668142048e-01
5.115639030736199855e-01
1.401099961358332813e+00
7.394830497101094746e-01
8.385705779406457117e-01
1.505507742609808242e+00
2.370041283097172602e-01
1.162194108266646042e+00
1.384839961442366763e+00
1.465848964942201571e-01
1.265394102057952663e+00
1.087843793332277986e+00
3.310253302417109356e-01
1.538330569790314906e+00
8.840313028687638575e-01
6.763851532988531812e-01
1.441463428284775583e+00
5.331830682584196568e-01
1.035859416185152648e+00
1.451778233012358532e+00
2.235590945672354113e-01
1.195785916068898391e+00
1.274577777978192161e+00
1.089839535114803942e-01
1.379663551569711100e+00
1.096461783738108320e+00
6.367703180398804896e-01
1.438483646323456489e+00
6.494862489721801024e-01
8.608274244556792798e-01
1.371023213220968540e+00
3.416910297132799146e-01
1.157836516394906701e+00
1.422950767587866538e+00
1.935244358091384870e-02
1.422536006424735433e+00
1.260398272762675687e+00
4.902851402572410144e-01
1.534344988042252389e+00
8.192676144432583518e-01
9.475348601786127700e-01
1.521814056117896552e+00
4.788004584130044483e-01
9.740795920002210950e-01
1.266325164958312488e+00
2.232900848498080570e-01
1.213701640747020916e+00
1.227234094779051876e+00
1.805779070631904903e-01
1.388090653327979318e+00
9.798190385943128522e-01
6.253268883069410533e-01
1.467414893795517594e+00
6.936291455745452472e-01
8.752329374904793680e-01
1.356224134209700782e+00
3.595782117355695306e-01
1.037514209978355639e+00
1.407749904029422350e+00
7.235310248958132240e-02
1.436811862722718658e+00
1.145773537026332001e+00
4.059172142532602168e-01
1.510390224882699028e+00
8.977084715808747450e-01
6.663504390339760608e-01
1.546573407347303197e+00
6.478055729593301670e-01
9.606047790426613942e-01
1.354378043261990516e+00
1.724697708845174260e-01
1.252967600242987034e+00
1.193901061674502495e+00
2.983360005380329416e-01
1.616914332653486053e+00
9.638499613792547160e-01
5.015633442481384208e-01
1.508907000714808433e+00
7.726386822387958375e-01
8.286231209779668649e-01
1.266161877699162996e+00
4.217485246713498781e-01
1.171769148015813222e+00
1.311774793355933388e+00
9.909359751202992395e-02
1.354852973784678394e+00
1.146889214856894323e+00
3.701193906987584881e-01
1.603462846333562286e+00
8.832353841745655965e-01
6.807071904114373462e-01
1.632331585542584174e+00
5.962973617600377807e-01
1.006418503281530707e+00
1.407741281266748690e+00
1.423712299895183997e-01
1.167292732705635050e+00
1.193690942718918624e+00
1.799439002268326815e-01
1.461410718770178807e+00
9.470594317457421418e-01
5.135647983829705332e-01
1.503632489649073811e+00
6.521682586440087359e-01
7.837918148302842614e-01
1.605875503389165182e+00
2.232320362566088123e-01
1.086593846354065640e+00
1.334878717363195966e+00
1.174342762273328372e-01
1.380529854323440775e+00
1.194228985781503161e+00
4.984660869927527993e-01
1.438388272713640115e+00
9.111072994582523066e-01
8.292416090432522813e-01
1.514955598394762903e+00
5.394921412237796421e-01
9.661743757067063898e-01
1.533435261458367949e+00
1.855290412105437825e-01
1.181190741695476332e+00
1.319886701462594125e+00
2.860739154747796165e-01
1.511015349620308035e+00
1.186963139992585514e+00
5.285326994663674949e-01
1.500348377954103141e+00
8.759223840689953633e-01
8.331563267438808484e-01
1.496336140430485129e+00
2.777334314946529603e-01
1.057642550877951670e+00
1.510338727248261570e+00
5.497495129930092539e-03
1.217685024736248955e+00
1.160535552041797480e+00
3.548048854908801286e-01
1.494470121757328629e+00
8.221586206285772525e-01
7.152607822065729648e-01
1.466414900667109000e+00
6.891860317850735385e-01
1.038472524477359382e+00
1.409973787004794366e+00
2.515391602456544251e-01
1.116486125899615933e+00
1.327083114139099518e+00
7.442912149539887556e-02
1.577413505742442545e+00
1.047193593947329582e+00
4.206630656196467255e-01
1.480144439549287538e+00
7.932035260788368181e-01
8.992179438708619577e-01
1.418878811809540563e+00
4.657046466728090306e-01
1.107727610529268381e+00
1.356103922205944778e+00
3.092853515269736175e-03
1.408022127167364967e+00
1.262261026406915176e+00
4.932930887876083581e-01
1.391876966537514360e+00
7.301977225232536561e-01
6.982551539916542760e-01
1.510357880195392744e+00
6.041696187369578475e-01
9.487888322560853460e-01
1.520235680908603504e+00
2.346508804353994102e-02
1.257766999618353143e+00
1.321173552739954848e+00
2.139614952738486953e-01
1.536293439288278995e+00
1.032111315934289619e+00
4.755459244764638771e-01
1.532550028682069021e+00
7.976552395582011679e-01
1.085950215725058232e+00
1.557872629718788149e+00
4.143787415201993785e-01
1.284906791506973622e+00
1.242443396845280601e+00
3.183505935286212035e-02
1.312143204895001025e+00
1.074926119233440280e+00
4.443414235378682076e-01
1.509598374149807576e+00
8.807541566047669690e-01
6.515164487553657402e-01
1.509110475091800518e+00
4.926009401922123998e-01
1.093504226078740205e+00
1.406801236927248233e+00
3.068898707011584737e-01
1.189173410653575624e+00
1.174437278537293183e+00
3.226108152780164939e-01
1.462327046009907150e+00
9.402515778381510536e-01
5.861089303867137446e-01
1.448150175645000592e+00
7.404209958395328028e-01
8.730055246038336270e-01
1.535714005306050067e+00
4.245613922502232129e-01
1.200346291502755625e+00
1.359330751253631675e+00
1.858632504767258886e-02
1.363187097138035986e+00
1.109605336740760340e+00
4.261424731022586121e-01
1.490914219753811221e+00
8.942251250284545261e-01
7.653786409041023475e-01
1.584628777108399778e+00
4.975029345202101050e-01
8.901511535109171147e-01
1.402601106386794250e+00
1.746742114917467226e-01
1.283038317179893806e+00
1.420856903925455494e+00
1.627850805472681461e-01
1.380173476510716091e+00
1.022089670510986981e+00
7.047108088059774733e-01
1.463656207242062912e+00
7.875672224548285749e-01
8.632922432327823081e-01
1.585786814207599926e+00
4.444859512106079658e-01
1.188719423907513839e+00
1.334391435667379167e+00
3.628006103743841582e-02
1.467562952512788010e+00
1.227012561907285360e+00
3.688171393584918634e-01
1.532739916569955563e+00
8.045499727118446964e-01
7.193478183404590220e-01
1.571921566323261965e+00
5.038203847794648915e-01
1.068814495740542547e+00
1.437743229629784736e+00
1.222938717973305611e-01
1.298026459132166410e+00
1.254611132844623445e+00
1.946937931247516296e-01
1.468046739108948229e+00
1.069667591846759525e+00
5.416369578980048116e-01
1.388088809212880692e+00
6.780396399581838374e-01
9.115245026691025654e-01
1.518129575071692550e+00
3.010951579082544738e-01
1.052327780602656526e+00
1.294066067695680777e+00
8.197506706992167824e-02
1.354424603775777003e+00
1.239289662737725006e+00
3.706199017118734229e-01
1.419855527452779986e+00
8.454826356564657530e-01
8.153727573706509579e-01
1.457411908444377735e+00
5.358131985441138001e-01
1.109413800849994081e+00
1.374899109880332038e+00
8.440649006009216804e-02
1.345123752289617780e+00
1.225687389524456439e+00
1.800894367207434288e-01
1.528111939626963567e+00
9.635900777814744300e-01
6.154327686830737276e-01
1.499105349407519938e+00
7.139380994349482368e-01
8.217759347998555564e-01
1.452041033402775128e+00
2.641430401691836072e-01
1.147651227511333527e+00
1.437588089532163105e+00
8.099655723453622058e-02
1.463993099621475613e+00
1.140768122399416606e+00
3.597588010825260585e-01
1.586992451420609296e+00
9.186837664495755007e-01
7.261611694861169752e-01
1.567450747761068408e+00
6.839611163101571023e-01
1.030272060722235539e+00
1.474763125499057859e+00
2.359608267985082164e-01
1.338770981452252595e+00
1.333371980670799983e+00
1.917149725058664156e-01
1.507984156035522272e+00
9.681705412851226988e-01
5.222785104033461634e-01
1.530498121274985523e+00
7.368750203835630064e-01
9.095462977997160747e-01
1.429868859310760687e+00
3.826717001780554073e-01
1.232165969981142695e+00
1.346448503022088961e+00
2.396464022290054063e-01
1.383022053869832790e+00
1.036984916723887373e+00
3.806149190865110721e-01
1.579945396511140299e+00
9.848824345938168578e-01
8.369354943187842233e-01
1.386241735377369722e+00
4.605491154817740740e-01
1.120690965507809889e+00
1.394225381071762859e+00
2.185236791455339445e-01
1.373649727566353063e+00
1.318944190254449644e+00
2.867654628222032764e-01
1.411970463464320646e+00
1.090904544345076888e+00
6.442086920285369223e-01
1.493335425188384580e+00
6.851310106035584102e-01
9.586383400535007926e-01
1.422473066117378782e+00
4.169984866138458646e-01
1.046621839328678805e+00
1.413003879583257127e+00
1.408295870842647124e-01
1.435248061762817162e+00
1.067153127587173955e+00
2.982892403649863855e-01
1.513004250147935714e+00
9.011155901488331343e-01
7.170699349909225306e-01
1.404416884556586087e+00
5.090103548621002227e-01
1.016120916043565803e+00
1.375030515269399567e+00
6.421772734018119100e-02
1.264214107240667850e+00
1.312950083432488313e+00
1.352735704561199015e-01
1.476696036322925343e+00
9.225179930907021486e-01
3.554045928779805408e-01
1.539027350247661241e+00
8.473448040299798034e-01
9.361013594047064013e-01
1.381030175896797996e+00
2.706387636095614058e-01
1.139632119348373829e+00
1.352772894281702110e+00
3.567647125996996349e-02
1.382357930302634763e+00
1.225947831171749769e+00
2.758272699217373392e-01
1.352922437776016285e+00
7.833166640669196878e-01
8.462013837236276315e-01
1.455205071584225074e+00
4.851085205773998932e-01
1.025387157660285764e+00
1.443806749668520073e+00
7.534072307388368916e-02
1.210487770876317093e+00
1.176254209176730958e+00
3.147525587296809424e-01
1.337551302266355657e+00
9.421333466931024470e-01
5.188813394688650549e-01
1.595681442345381118e+00
8.320498685627117919e-01
8.738824639103398573e-01
1.447876659970658952e+00
3.416729423437725455e-01
1.109610186447892666e+00
1.365037558040323340e+00
6.981988722459747665e-02
1.416511803716862250e+00
1.216381566370400957e+00
3.830705305132037775e-01
1.375625733387447092e+00
8.933545674104568235e-01
7.007554931977257873e-01
1.623447543333340848e+00
4.435697604743800149e-01
8.635413417669706160e-01
1.465516251199505238e+00
2.960958527416849284e-01
1.225093617648421951e+00
1.221132855507996995e+00
2.027599483546485282e-01
1.422994876170134315e+00
1.003380395764455590e+00
5.570215116306406200e-01
1.507436164559910141e+00
7.376626142021082133e-01
8.640659958670041663e-01
1.500038892878672314e+00
4.664337222155252038e-01
1.110825355030262696e+00
1.242816212643696128e+00
1.072008542352329355e-02
1.368139150987149444e+00
1.243991560905972404e+00
3.355150669331610769e-01
1.546477982549034236e+00
1.032947988609756784e+00
7.770412630994902869e-01
1.467791997623395073e+00
5.546785478347446841e-01
9.962264454965633620e-01
1.345039630365657324e+00
9.810461944499798692e-02
1.165149601430647053e+00
1.281550886494288832e+00
1.466687086092323955e-01
1.414761495974901084e+00
8.923045429172257181e-01
4.182456524770954420e-01
1.453135124645450471e+00
7.604457448725965296e-01
1.030781503634962792e+00
1.406931760573510548e+00
3.968762038606126752e-01
1.102961454906264294e+00
1.326738733276099147e+00
9.603772477543649766e-02
1.484746910705547318e+00
1.301887198391603162e+00
3.830950718983404113e-01
1.424816203567766504e+00
9.628479085424245243e-01
8.969347382883217090e-01
1.327825974414767130e+00
5.806052713574036961e-01
9.793349873553096607e-01
1.425691990848398927e+00
1.989642732893743549e-01
1.412366748205503786e+00
1.231516285859224125e+00
2.605347417680861088e-01
1.413413956889736367e+00
1.003534441325792059e+00
5.568252559969683047e-01
1.551220092617997759e+00
7.486285030385373407e-01
7.993326736263108856e-01
1.437544017816598796e+00
3.273678586713954508e-01
1.154266561278048941e+00
1.372984813098349077e+00
7.786148564800103936e-03
1.374110560157609795e+00
1.156028577895778620e+00
3.988500430305239597e-01
1.392683572798876224e+00
8.564593819826918919e-01
4.784733291451300219e-01
1.365837321992680264e+00
5.192406899564943057e-01
9.319976571637458296e-01
1.563313253320818497e+00
1.850590725070838660e-01
1.303567461218996248e+00
1.342895807248246864e+00
2.560312619808120804e-02
1.428907008872134954e+00
9.931562008255153673e-01
6.617459686627491511e-01
1.482990052193578601e+00
8.545390261491341288e-01
8.133987897880710083e-01
1.468953456566484794e+00
1.659755498465900758e-01
9.587648553736931589e-01
1.388471458671302061e+00
1.617982283310939184e-01
1.375211026247973756e+00
1.072934540881281151e+00
2.938674774574407400e-01
1.466733813713385848e+00
8.028369973490316891e-01
7.500155066510766355e-01
1.563610839761842453e+00
4.559174900280317244e-01
9.820803108194302578e-01
1.574800791994352966e+00
8.415454771407683554e-02
1.139142912629399040e+00
1.194341548688874211e+00
3.343555399412885265e-01
1.493203396272088979e+00
1.050452533898802665e+00
4.864709497999820109e-01
1.338301066104194303e+00
7.850371353504210781e-01
8.254253336798997864e-01
1.592009688686231828e+00
2.839919620404021128e-01
1.187335755334443688e+00
1.506470174709420684e+00
5.827541783486168969e-02
1.488424922875841050e+00
1.268768441882932363e+00
3.585541695322267963e-01
1.520061231611531172e+00
1.001108480008570112e+00
6.754246390927686194e-01
1.584690687603951043e+00
6.108014165937055706e-01
1.074555380270568961e+00
1.481998353343471519e+00
3.275099893568666487e-01
1.257663769260935593e+00
1.290336067582359414e+00
2.183164535212047119e-01
1.488776814849986696e+00
1.053112329053451202e+00
4.227817911878081203e-01
1.573654251083854039e+00
6.324925563977972232e-01
9.857426761736004517e-01
1.486440199586750666e+00
4.656802018337828364e-01
1.324860842595144916e+00
1.348675630661709368e+00
6.768485608538792053e-02
1.190988093299909067e+00
1.255211508773254048e+00
3.229283414590812806e-01
1.545798203404627591e+00
7.347107905917569237e-01
7.401174444952863807e-01
1.493161212469890531e+00
5.945215286458268578e-01
9.575003204329217699e-01
1.375909118889241389e+00
1.794310582083915584e-01
1.305411121641949501e+00
1.316860460277197831e+00
2.674363796773200908e-01
1.545850283255371327e+00
9.323665019425767531e-01
5.104302224749607264e-01
1.517407514863579499e+00
5.179745063388458970e-01
9.100680529469085123e-01
1.635698499537162620e+00
1.810935894131079915e-01
1.209253167038611743e+00
1.339462135676949606e+00
8.101932134766137716e-02
1.419862359683949915e+00
1.155188229695511826e+00
3.083289362103107667e-01
1.482868779951726390e+00
9.022006009352979694e-01
6.816741008272882985e-01
1.639853996915547896e+00
5.818219774737072303e-01
1.015919353532069414e+00
1.382569540191720181e+00
1.088864575035679294e-01
1.180563651096210309e+00
1.209161160051522632e+00
1.626092944918145766e-01
1.476964348966192775e+00
9.635837286254334000e-01
6.387454591823386041e-01
1.524379244369151731e+00
6.505494117476957605e-01
9.224863086825541014e-01
1.385268358760432195e+00
3.260792738933532831e-01
1.084729545403032125e+00
1.300307187331050551e+00
4.143099738184726800e-03
1.316621384980771969e+00
9.696376414250121867e-01
2.750643926614944057e-01
1.416072365503370900e+00
8.823645907751300754e-01
8.101224959734663056e-01
1.514532133559405525e+00
5.153543082561126143e-01
1.053646634166513829e+00
1.261274735783773471e+00
2.418048268942527002e-01
1.335106986065730528e+00
1.235559894567691774e+00
1.207349797557214222e-01
1.355192970747363557e+00
1.030510069835167464e+00
6.236181301311174430e-01
1.355809719998355423e+00
7.525908446007693042e-01
8.600526790861096060e-01
1.486275714131902737e+00
3.534585048073623503e-01
1.339043716527922312e+00
1.310072485273306109e+00
1.207364832486170075e-01
1.409030220813867196e+00
1.271963975506526401e+00
3.633168752399932866e-01
1.437822502579024109e+00
9.789259175952150782e-01
8.242518701708660966e-01
1.544004839207401947e+00
4.103278289904322418e-01
9.780109770695868399e-01
1.407617476942581325e+00
1.384429932375058347e-01
1.194149506714666131e+00
1.356881444140846549e+00
1.288428521544051630e-01
1.424761238312906242e+00
9.764421793698403462e-01
5.689519504101896441e-01
1.364040550748586655e+00
8.247264272319805301e-01
9.799164167668141801e-01
1.522604916600446723e+00
3.828551618968370485e-01
1.024951169481376656e+00
1.408573740574897926e+00
5.951537307596056064e-03
1.232536201447448798e+00
1.150671293914123705e+00
4.098382790589853997e-01
1.692948146294817935e+00
8.073271705706229762e-01
6.014450975934425569e-01
1.699836447934636841e+00
6.318454932297703497e-01
1.031220021131665332e+00
1.389507844059110431e+00
1.407263586712891312e-01
1.258129584613061347e+00
1.301052941455187240e+00
8.046720867975561131e-02
1.506904898834664497e+00
1.108904452103448568e+00
6.785577933273886364e-01
1.540378240920007524e+00
7.674716524703044662e-01
8.957264483560051227e-01
1.526794363385488351e+00
4.382746669533210127e-01
1.034642415192268627e+00
1.254623429747247609e+00
5.817912871472199696e-04
1.224176741776687338e+00
1.143262907095962122e+00
4.284248210515136379e-01
1.445269720603146180e+00
8.343269098862434729e-01
6.738206219477154146e-01
1.535038613598276092e+00
6.697782150735164253e-01
1.127827422916504618e+00
1.459944540561815218e+00
2.904965646340277319e-01
1.210672290269361628e+00
1.206335321482579381e+00
2.643078249493021614e-01
1.498469317869838280e+00
1.121448379465917577e+00
3.947039997712954995e-01
1.609858493906783483e+00
7.017224904724587153e-01
7.602704458341578153e-01
1.439940171445358130e+00
4.359753013316028936e-01
1.164793464541111323e+00
1.286819960626699677e+00
1.234894969773567414e-01
1.477048575369528161e+00
1.203102235054506419e+00
2.369429253626101628e-01
1.310983687507974116e+00
9.236132245748248648e-01
7.637477094132074651e-01
1.477944649142920230e+00
5.756823540198026112e-01
9.530185475282223484e-01
1.388827367408695945e+00
2.496241036630448551e-01
1.225052524667554099e+00
1.256059132293309011e+00
1.669776600991344506e-01
1.412176294984219371e+00
9.179383886280366722e-01
5.658014147625537449e-01
1.337176431857696191e+00
8.920621705945878110e-01
7.883507925002694039e-01
1.604490678726198105e+00
3.996797768960083652e-01
1.108903619411066854e+00
1.411427291988778254e+00
3.641573273461108651e-02
1.466116105963580107e+00
1.176406171849255555e+00
3.701393395637292416e-01
1.461341612117848854e+00
9.403289632194848924e-01
7.832188236347048527e-01
1.401548640630025044e+00
5.178365916435631044e-01
1.042230273314549871e+00
1.333371340072806666e+00
2.459051076835845964e-02
1.114724000413632510e+00
1.250650585120034242e+00
1.882248224561992866e-01
1.473484131764912775e+00
1.122237473825576703e+00
5.598324753227295059e-01
1.537149224192361885e+00
5.974352030676026715e-01
8.795953832167721087e-01
1.578470393065587229e+00
2.904986369176501548e-01
1.214395486966879378e+00
1.360324550787226361e+00
5.562190393902260305e-02
1.306749929831983792e+00
1.164650153813170386e+00
3.368512294007191543e-01
1.497398696081787106e+00
8.779866158074900451e-01
7.091964480033122742e-01
1.464498651886928737e+00
6.387522636815757826e-01
1.043248837567258169e+00
1.413151192188460525e+00
8.846771825701890690e-02
1.363214294940960469e+00
1.336493818657413790e+00
1.198030603173839970e-01
1.489565284575215198e+00
1.149550879486175292e+00
5.700099306516597242e-01
1.605433725582123383e+00
6.873744185630402681e-01
7.926224300946489443e-01
1.342466734632072667e+00
5.002990892284392421e-01
1.163242987081530844e+00
1.397544247066021983e+00
4.656799728376143782e-02
1.234040449085332058e+00
1.329866967338984907e+00
5.720573191132932722e-01
1.409024712680794877e+00
9.029610692278084993e-01
6.935580223137275402e-01
1.478757867571966811e+00
5.173358954069527949e-01
9.703322773553358926e-01
1.495926027078540388e+00
1.270569567460708427e-01
1.292424035039281272e+00
1.104152771984969306e+00
6.699278294171973069e-02
1.527202767755352797e+00
1.051676703407880886e+00
5.684162384492846831e-01
1.403556426510792710e+00
6.852006588089686323e-01
9.152976122460965147e-01
1.455133964194732288e+00
4.802988450952191402e-01
1.182002421445981666e+00
1.373219765383713042e+00
7.892285643686254570e-02
1.189017928759414922e+00
1.081441704861609177e+00
3.160650443781080066e-01
1.504702935683007503e+00
9.464454026131540187e-01
7.722473532817597519e-01
1.463588948007005675e+00
5.592559104446328533e-01
1.088147987081825807e+00
1.357761444017665076e+00
2.106081507850104673e-01
1.322232257739440531e+00
1.242299367028024459e+00
1.241539668971848587e-01
1.445219668295630422e+00
1.076772890767326851e+00
5.712160539723519781e-01
1.485770476626500747e+00
6.990759074103408688e-01
9.124723897313797849e-01
1.425196397060626508e+00
3.293237967333787486e-01
1.125712474712120104e+00
1.382663151142347280e+00
6.579473926432491404e-02
1.187520214100352689e+00
1.126966501841685897e+00
1.817640843565048736e-01
1.465390151232200067e+00
1.014401547755106270e+00
7.307595791624369452e-01
1.567097830230147926e+00
6.753970600587145823e-01
9.140179648546243873e-01
1.418257692596849751e+00
2.700712755487946759e-01
1.238051541187693783e+00
1.266964905058130419e+00
5.598373061261094352e-02
1.427327840765417966e+00
1.143817496399055944e+00
4.817402917101116788e-01
1.571234127789854274e+00
7.270122060477858250e-01
9.480946166330312952e-01
1.474738497887975619e+00
4.220991890435292215e-01
9.791950815772096917e-01
1.377927427554986206e+00
2.556303366067098556e-02
1.451450593967548386e+00
1.218237005615314006e+00
3.601226252315015142e-01
1.527285149207639581e+00
8.583347783088358662e-01
6.730625059468272608e-01
1.666849596123576527e+00
5.378624759746518658e-01
1.041081822279984248e+00
1.571687787017671756e+00
1.206069643120356166e-01
1.166739905275185007e+00
1.268364453851290374e+00
2.407246117309915778e-01
1.416451010736887728e+00
1.019679191302935273e+00
4.879026057505379543e-01
1.488310526939546907e+00
7.593031967246154368e-01
9.477221793154080309e-01
1.543527354762564530e+00
3.654084703510955268e-01
1.092032283914623259e+00
1.320724889566337490e+00
5.489312483197482384e-02
1.431186605106312237e+00
1.210067260986901427e+00
4.278049849721686226e-01
1.678440883662883465e+00
9.766079998273856644e-01
7.952955284408134151e-01
1.472745868983353024e+00
4.997860233799415464e-01
1.037940748919968126e+00
1.423353064955602099e+00
2.920788664027306955e-02
1.271086163210555009e+00
1.117455107286347449e+00
1.395774291265682865e-01
1.420413702745105144e+00
1.151540500781115473e+00
5.429217709785466583e-01
1.592217276278749649e+00
6.409703893692191290e-01
8.351381045385627422e-01
1.474769304038384687e+00
3.904841273737754692e-01
1.280044891000295726e+00
1.277456955441649944e+00
1.830744191357600303e-01
1.531594272889685637e+00
1.156729026614588207e+00
2.194375776587906834e-01
1.421715528623443525e+00
7.623531875707252325e-01
6.541893654801647084e-01
1.564469808483845981e+00
4.596478985480713653e-01
1.100894515871290391e+00
1.414677824914746695e+00
1.677475682274081614e-01
1.287773789735154661e+00
1.229028561793250152e+00
1.701880316673808902e-01
1.384740142850711120e+00
1.116912864938008010e+00
5.771111701901022739e-01
1.401383169352682145e+00
7.025949510657956143e-01
9.762245024480240563e-01
1.511694825106414175e+00
4.126925614419215127e-01
1.155825269688730783e+00
1.346578510702022724e+00
5.049848061916736158e-02
1.362921992069493493e+00
1.107678204256389076e+00
4.783287687215344031e-01
1.360830657077193084e+00
9.600652250134927845e-01
5.768013988992368724e-01
1.524650290974004285e+00
4.653645541871228031e-01
1.049200670097399479e+00
1.588094145299293380e+00
3.151190732223292934e-01
1.145207139464182733e+00
1.280501354063269481e+00
4.883274508117559087e-02
1.417560352044979322e+00
1.010672861227864594e+00
5.225013168411667408e-01
1.484135081075691920e+00
5.442809269363513280e-01
7.541563763752889837e-01
1.410075589299176757e+00
3.324291744175338903e-01
1.155024691277980908e+00
1.443217893684968889e+00
7.394008776420786522e-02
1.446924959116435483e+00
1.181162285196395656e+00
2.735891678244635750e-01
1.607278674204540847e+00
7.414013062405141463e-01
7.437783358513559984e-01
1.297098218099663525e+00
5.748314093209299092e-01
1.084581853881466440e+00
1.450860736058252831e+00
2.931926437126509688e-01
1.293875055333026936e+00
1.156076931957928933e+00
2.359519511993269369e-01
1.448465305674368819e+00
1.083213265722084984e+00
6.097077602201552704e-01
1.399937628028146586e+00
7.569682438197004037e-01
9.692944203334176168e-01
1.618733924261299251e+00
2.374137900888851627e-01
1.082921076184833353e+00
1.538016079826063365e+00
4.867837814224319770e-02
1.355562667036167124e+00
1.028838054622768894e+00
2.920223923039744207e-01
1.528085639259717965e+00
8.401093172727125413e-01
5.908587625160917067e-01
1.401445456005643075e+00
6.280376718513261958e-01
1.109207932480007708e+00
1.498430981093598513e+00
1.169565580931547777e-01
1.233177146624360399e+00
1.207861412600202744e+00
1.529270937095164595e-01
1.472482563945045619e+00
1.078250604234880949e+00
5.883381853965998776e-01
1.495340657377218996e+00
7.310607701727175334e-01
6.941962849541121194e-01
1.444387784473140757e+00
3.749794792572522240e-01
1.185876314190875247e+00
1.445465878053017850e+00
4.543265396649611571e-02
1.466213752172586648e+00
1.090223971813537363e+00
3.936205160852481733e-01
1.491571015852033222e+00
8.287228533327004598e-01
5.858342599554543506e-01
1.479055446678700925e+00
4.869521859160427790e-01
9.850792755219058838e-01
1.479752685776159371e+00
1.220767880681245671e-01
1.339619918865419423e+00
1.229868616174049967e+00
3.332938547381119609e-01
1.450955931724593029e+00
1.151010527606846745e+00
4.108266865488940933e-01
1.545801736897560286e+00
8.460630018951798004e-01
8.372415270520104924e-01
1.476653497845360707e+00
2.049644619823021152e-01
1.066421410731835939e+00
1.438501482380391883e+00
8.643720152007999813e-02
1.291465456738047690e+00
1.223146276399834420e+00
2.897562329656338531e-01
1.430276555360174173e+00
1.033546500284731495e+00
7.231243818264412315e-01
9.605819594322877464e-01
9.569233048958977195e-01
1.039871562259062410e+00
8.603680184655769780e-01
1.098772762272207659e+00
6.947637028370303725e-01
7.570238674747643559e-01
1.162827885729640132e+00
8.956661552777193114e-01
1.055308981754542685e+00
9.771363936081942647e-01
9.567991882798323466e-01
1.021295462561599532e+00
9.083937110149828964e-01
1.018697215870208339e+00
9.121829217420878155e-01
9.324705276127875919e-01
1.070294443927535477e+00
5.881383913626249405e-02
1.164424537601382870e+00
1.007704178341688461e+00
9.908988816433942359e-01
1.069577047820337912e+00
9.382346480945097378e-01
1.054969520411735973e+00
9.664440748438646311e-01
9.618679021183208500e-01
1.043607258377030167e+00
8.645357245247112798e-01
1.101036320590693229e+00
6.966156327527338599e-01
7.566216442836728451e-01
1.161802899875006290e+00
8.949025301024634560e-01
1.054542608458426178e+00
9.759292246659341252e-01
9.542394872853567911e-01
1.019817510140711203e+00
9.058144258008488103e-01
1.015695611382902985e+00
9.100603070445674181e-01
9.305615869020005260e-01
1.069154207098143239e+00
5.957786207004846235e-02
1.164604704283117353e+00
1.006728955008644233e+00
9.882787105121827453e-01
1.067744191953821531e+00
9.358142821321375759e-01
1.052554775381705721e+00
9.633077477429435875e-01
9.589142664095626767e-01
1.041301442437721603e+00
8.616889568979867464e-01
1.099752637630430741e+00
6.972213090199335106e-01
7.543138702845085808e-01
1.160698107031388648e+00
8.954678423865218839e-01
1.055896613262354400e+00
9.775163572764909992e-01
9.568303379816833765e-01
1.022221502663624548e+00
9.093201596367899153e-01
1.020123744883788985e+00
9.130598195223170732e-01
9.337791148826437571e-01
1.071800979135770104e+00
5.760752230142330427e-02
1.163289793076184075e+00
1.007051455109146731e+00
9.902649274490108455e-01
1.068194828373163929e+00
9.355825937213789745e-01
1.051808191173543294e+00
9.618666758551537299e-01
9.573055053065269160e-01
1.039028007289375166e+00
8.605905178878092698e-01
1.098542617380364961e+00
6.954415952924530853e-01
7.568205854634802998e-01
1.162022480653281065e+00
8.959690120983585526e-01
1.056764015868392637e+00
9.785510718238421557e-01
9.574811535949834251e-01
1.021500179259867691e+00
9.080947787212869660e-01
1.018466643753807688e+00
9.119920827594685253e-01
9.328637420992874629e-01
1.070902505740862320e+00
5.837206274713447468e-02
1.163349885561296038e+00
1.006919708224581322e+00
9.880480289097142155e-01
1.067281785178587183e+00
9.356940346522996110e-01
1.052688932111895070e+00
1.405002526715718680e+00
4.506667636333253624e-01
9.227847819538979035e-01
1.435307014375666101e+00
3.193642836898771264e-01
1.252455959872228464e+00
1.260898216848138853e+00
1.622526788192116265e-01
1.516741456474467897e+00
9.457713626986347100e-01
4.528030053199572635e-01
1.600047435340768542e+00
6.560427427311192883e-01
8.550670482116784488e-01
1.360060473934025405e+00
4.091303906950268798e-01
1.174131026854311033e+00
1.431449799395290157e+00
2.771410773674588129e-02
1.340015231351348479e+00
9.804522085513613927e-01
5.089120159778623975e-01
1.505144821909911501e+00
9.091972699503368949e-01
8.117184376638670873e-01
1.554591251819055664e+00
5.385478863885347911e-01
8.197174743369267658e-01
1.418370173704108783e+00
2.064013858673160451e-01
1.291290296047275632e+00
1.254046722199185337e+00
2.640794588151129108e-01
1.415866668886989199e+00
9.744918326758812421e-01
6.638799505921149091e-01
1.395351834523996803e+00
8.141350258567746634e-01
1.027898155134824520e+00
1.448077791647008894e+00
4.681889068501570161e-01
1.175527284732908129e+00
1.346904106901370746e+00
5.353975932335876958e-02
1.346501162954057751e+00
1.071381580185015725e+00
4.301322186985955809e-01
1.235674268581106849e+00
8.929058875849984478e-01
6.898177220739064586e-01
1.367469079360157824e+00
4.479051797977310900e-01
1.009839551040792704e+00
1.399235723059583769e+00
2.454551460639043670e-01
1.242607663563608744e+00
1.340685897516418867e+00
3.461164300332228994e-01
1.529905056837040700e+00
1.061701961912775216e+00
5.415145711757070046e-01
1.514085437668230893e+00
6.368145298647983621e-01
9.122539276565589939e-01
1.503315769316263317e+00
4.893711606358291943e-01
1.237870333852665539e+00
1.310231640379625917e+00
5.442413175911568063e-02
1.322247402598426547e+00
1.229081844153984804e+00
3.607031295225580081e-01
1.352619325517844029e+00
8.749028648584760148e-01
7.859667723616241553e-01
1.424661775987745349e+00
5.835302019017263309e-01
1.002716723501081431e+00
1.326816229726492935e+00
3.063897447296261567e-01
1.283092647132918040e+00
1.292214343317257041e+00
3.034391245468696652e-01
1.372325836198381444e+00
1.014347568101339858e+00
6.131578534508481670e-01
1.436469500110413522e+00
7.103454760366098020e-01
8.191142276251649479e-01
1.431397554893988122e+00
3.972999185313663695e-01
1.188954874675847373e+00
1.347434419587896226e+00
1.958847703658591830e-02
1.337329799592514190e+00
1.161223806197971609e+00
4.046319760126609877e-01
1.419091898423234799e+00
8.995930262695772672e-01
7.613095397742455361e-01
1.498560732535193951e+00
7.427168426535306622e-01
1.103696406702778132e+00
1.355031241378462870e+00
2.636206103157723857e-01
1.256550770130214545e+00
1.264483336318950935e+00
1.379495700872611086e-01
1.327425385722401208e+00
1.129754120371541104e+00
4.879481160593209799e-01
1.420700622378205047e+00
8.695492276324460201e-01
8.044814219485408868e-01
1.444233598524526707e+00
4.239173361472586277e-01
1.155707735712883544e+00
1.315174448228247028e+00
2.433097604097342673e-02
1.303622262891442452e+00
1.167467478947317838e+00
3.135337585054098208e-01
1.367583995269574082e+00
8.118354649309911242e-01
8.195315545861134865e-01
1.442643470658612426e+00
6.889055460894438765e-01
1.115447543424071153e+00
1.294817992517921512e+00
2.862813201439732835e-01
1.243965477391797192e+00
1.235778104107151387e+00
7.668029284404268009e-02
1.443063017334577314e+00
1.073149116415330395e+00
5.285518332128323893e-01
1.509226712349703625e+00
7.451820414447821728e-01
9.062283142982708872e-01
1.401238906796241857e+00
4.179906027076868980e-01
1.296444286527303369e+00
1.440331903117743062e+00
1.045004119774605722e-01
1.311908897332153767e+00
1.098292226017278939e+00
4.288142543569266607e-01
1.389160879310360031e+00
8.066202753938409575e-01
7.264151900099022896e-01
1.510472375139201517e+00
4.531275033581835254e-01
1.107122295269942214e+00
1.359327827292767576e+00
2.997416141515594212e-01
1.225974378747035853e+00
1.230115665369846623e+00
2.015600686484003146e-01
1.402762792627313404e+00
1.119345999208134712e+00
6.741910739478290671e-01
1.559412267338357028e+00
7.891893361949567920e-01
8.011034412529243198e-01
1.514729666315022705e+00
4.010965855209661091e-01
1.155185127076760354e+00
1.304414718297094211e+00
3.047958601618638158e-02
1.363946153340539702e+00
1.293823080299044914e+00
3.461324372424177120e-01
1.470807559787655094e+00
9.231503223899391042e-01
6.761699457765708576e-01
1.593115794086167991e+00
5.718654843452063430e-01
9.245760499408799404e-01
1.381491866080743147e+00
1.232906759775679456e-01
1.263278676606586659e+00
1.171098932083799893e+00
4.838094385294280930e-02
1.368001851692403514e+00
1.110987356900165590e+00
5.564678842798933545e-01
1.431076537472730781e+00
6.676095062685385439e-01
9.159006470358993512e-01
1.487010013991541202e+00
3.257457401986417200e-01
1.042054833851712159e+00
1.453678625151523462e+00
1.182151124349959358e-02
1.389300108796130528e+00
1.189556956275358512e+00
3.425940262862662844e-01
1.543865738983104752e+00
8.723795161650320651e-01
5.720789493441256202e-01
1.339975152591854846e+00
5.695486174413280089e-01
1.137885263253078483e+00
1.440742151163226348e+00
4.740385068905922927e-01
1.248296749293577257e+00
1.407001160799080663e+00
2.016505376187552878e-01
1.463442022432198453e+00
1.073591182679783929e+00
4.830136982924831957e-01
1.529765988109813790e+00
6.863769156168268992e-01
8.769238149138787186e-01
1.542059575527515047e+00
3.458008731107341527e-01
1.205678961705155983e+00
1.396595245089531367e+00
8.947238032609916569e-02
1.404334644611620497e+00
1.244043163420874620e+00
4.465309999593684576e-01
1.479420414537275796e+00
1.032561508817591900e+00
6.139533179105108873e-01
1.460123323545643004e+00
4.983860359308753263e-01
1.127602656157282945e+00
1.452162840090400087e+00
2.347704832986889367e-01
1.415964658345471916e+00
1.188976517294664470e+00
1.665933775251034199e-01
1.478528538339933585e+00
1.026105097333310789e+00
5.402612496140265508e-01
1.489050174329894061e+00
5.869075486231837280e-01
9.633416915132567704e-01
1.539354095782382803e+00
4.471952466387948966e-01
1.147177565313761916e+00
1.311403602909813948e+00
3.691238041701787320e-02
1.493900182090488915e+00
1.317223963685720811e+00
3.348624932016412425e-01
1.488064843753907240e+00
8.656016939651837161e-01
8.634250501772269271e-01
1.642374528888554286e+00
5.353701229600997813e-01
9.659354904767498695e-01
1.413639097449924664e+00
1.180153977254025238e-01
1.300706594250967685e+00
1.354099708225017906e+00
6.237339926436152177e-02
1.198988307571801526e+00
1.013835710583855576e+00
6.234992965143377752e-01
1.428289056183999595e+00
6.801856222345091796e-01
9.467324489522669362e-01
1.504901426494467565e+00
4.798815954946634155e-01
1.270155474096837267e+00
1.443467300451854340e+00
1.732946422953513324e-02
1.271061853267725139e+00
1.194816648225003997e+00
3.529571077081909425e-01
1.461386867513340571e+00
9.302086474114965586e-01
6.988457853288507771e-01
1.597865487837730081e+00
6.238041861296140800e-01
9.734272526463454422e-01
1.423316122749120227e+00
1.824425573161240766e-01
1.358641444381800234e+00
1.266306783562804794e+00
8.423847057961390827e-02
1.359709882043371953e+00
1.020352082437799401e+00
6.051397883842687397e-01
1.558169958087158413e+00
7.245801754622506197e-01
9.124699651077349261e-01
1.528043254095805992e+00
2.212288335133077433e-01
1.118744050513231336e+00
1.441067223328152291e+00
6.094526011524942222e-02
1.303490579995720822e+00
1.188926361614736305e+00
3.525072177839157495e-01
1.413353903636952902e+00
8.432003494772799534e-01
8.276167225235546709e-01
1.509730530348030841e+00
5.583646141617546466e-01
8.387066092885576696e-01
1.482931106352841422e+00
1.778963113520142247e-01
1.261025572417167506e+00
1.314207713692505664e+00
3.082493490504762956e-01
1.372337805000706235e+00
1.066457132344899694e+00
5.325734741854160070e-01
1.395172455420686797e+00
8.339358305880620881e-01
9.142532362396299517e-01
1.226824513543838258e+00
3.708894083973559574e-01
1.234466501856326559e+00
1.320661052673287372e+00
