# {'window': 14, 'contam': 0.9318191916300282, 'q': 0.010514630039167042, 'thres': 2.188335315587002}
1.963513783792034673e-01
1.538573177959120075e+00
1.155602362592133669e+00
3.065674276334230397e-01
1.601746083241170959e+00
8.040006651202722399e-01
6.457943951271415406e-01
1.709232918090384690e+00
6.512482475910424951e-01
8.268969994284807168e-01
1.551637635022744766e+00
1.858782950291230363e-01
1.065959575719640284e+00
1.382355125878316882e+00
7.616319611511361554e-02
1.487619703065816923e+00
1.158975024561399891e+00
4.255703115255770608e-01
2.435519488907193164e+00
8.522298268894570317e-01
1.013023831917953421e+00
1.641427806372869336e+00
4.929194194619293534e-01
1.257551765193592352e+00
1.379159471098148293e+00
4.555113752596183507e-02
1.441146057453820184e+00
1.281707378795507779e+00
1.749001759564399738e-01
1.749772343394463636e+00
8.665254230760406351e-01
4.947374351707253815e-01
1.565276056257965953e+00
6.687128127203600947e-01
9.881909789640432873e-01
1.445912298743272650e+00
2.716989362038532696e-01
1.319090169650518840e+00
1.395964992238883262e+00
2.702365351045478703e-01
1.490153157897603275e+00
1.095556505458307628e+00
3.079266311166454217e-01
1.494682636268741982e+00
8.577625047463492969e-01
8.584365493500792921e-01
1.538411965818061722e+00
5.229480668053390069e-01
1.191574008239888016e+00
1.386752642355787879e+00
7.449067814861806691e-02
1.326198014804067071e+00
1.331254152913068811e+00
3.514386972014659771e-01
1.527175969431569413e+00
9.612527791229813490e-01
6.407894366959441257e-01
1.522988087416008218e+00
7.614015561803583187e-01
1.013503408421493113e+00
1.458852708006539212e+00
2.455656208695495557e-01
1.374582642101881635e+00
1.360460347895657618e+00
1.758366231787741873e-01
1.479341541746879152e+00
1.050860365317668688e+00
5.606403020136903059e-01
1.849290131292804951e+00
7.170078971392631617e-01
9.620580308863541097e-01
1.648719636940501720e+00
4.596119989958323826e-01
1.217123956270305785e+00
1.614879594077861746e+00
2.035840127149643741e-01
1.430637200546964083e+00
1.178741476677966693e+00
4.058948987452229984e-01
1.567745444794606424e+00
8.702724956614266150e-01
7.167513923101981321e-01
1.614441313654837895e+00
7.157653647225907800e-01
1.010216784135401280e+00
1.637144084762882423e+00
4.007816371348081330e-01
1.235289002847503870e+00
1.482919896083337852e+00
7.988277976546458159e-02
1.385921123866107774e+00
1.047893699990938732e+00
6.469704666727633668e-01
1.642644918967074208e+00
8.664072340707232867e-01
9.974328113022260522e-01
1.544871565321111584e+00
5.574297424545366919e-01
1.256201061046466450e+00
1.578350886565845546e+00
6.180192615319379801e-02
1.342674316049921046e+00
1.340083436023524532e+00
3.234856400175170066e-01
1.494426820665937461e+00
1.876846011955970450e+00
5.966214751444876008e-01
1.695895366030954365e+00
6.444959220083218421e-01
9.794018718040288229e-01
1.525890199999756058e+00
2.816403865307194332e-01
1.213177090321941876e+00
1.465599346727167518e+00
3.543469519703371096e-01
1.478135876347296707e+00
1.295745145598258263e+00
5.906532327786613301e-01
1.726568203057314843e+00
9.575354312287878145e-01
8.320438813753566754e-01
1.569786851971614494e+00
3.660471947273054028e-01
1.283064277956813548e+00
1.499525580639363032e+00
8.373446045880238164e-02
1.393532269119195144e+00
1.364518136809016458e+00
4.543687069696532577e-01
1.652192292242246285e+00
1.118364048033366975e+00
1.699071427412083946e+00
1.780906811826298730e+00
6.193104572724211776e-01
8.157659467549635002e-01
1.592712789096021764e+00
9.261717192269376675e-02
1.084938299037547793e+00
2.053146609896445707e+00
7.981912338658980755e-02
1.561613847894685714e+00
1.188903275411515192e+00
5.468816451890715635e-01
1.644401803476631008e+00
8.741205292459797160e-01
8.673753517226585608e-01
1.590108715335398326e+00
3.794900534916431090e-01
1.161373941644671115e+00
1.449984735700886151e+00
3.727126987283023440e-03
1.303379043775312329e+00
1.397476056574728398e+00
4.617292106685542130e-01
1.463783149055489563e+00
9.746015183745541099e-01
7.041962149234028967e-01
1.695823666977635424e+00
5.340322658088245689e-01
9.801725968357184460e-01
1.683324987354597235e+00
2.618307042443130950e-01
1.420867965246475961e+00
1.337244758298975045e+00
2.868514463857789187e-01
1.474475567338448867e+00
1.850896610505388340e+00
5.342591949772267368e-01
1.607313555313466313e+00
7.039549684552031117e-01
7.826573792179825073e-01
1.589133812398681789e+00
3.403559836470208544e-01
1.048517944796125034e+00
1.449717089061831832e+00
1.549172681383150993e-02
2.043158164636678542e+00
1.418017215454204116e+00
5.486112292639817589e-01
1.542627878500047789e+00
1.000143101111432120e+00
9.006498713623634078e-01
2.291553819374108070e+00
7.580102488148119377e-01
1.113728294853202794e+00
1.360085190320996062e+00
2.488931090978946659e-01
1.391417780828434037e+00
1.286949632461124704e+00
1.195183687281274609e-01
1.554581070679302623e+00
1.206483882788568440e+00
4.487777386207572050e-01
1.666774875377858400e+00
6.259674262297795222e-01
8.098390089034369632e-01
1.635861466799936270e+00
4.197463066592957981e-01
1.205990874755457076e+00
1.536167761302287715e+00
1.655208903135149678e-02
1.405685909350803620e+00
1.247885235763478651e+00
1.696025637345573323e+00
1.558518783289259302e+00
8.568173034265750276e-01
7.798975313161847778e-01
1.640039412115864348e+00
4.334433285684865522e-01
8.979542648195646404e-01
1.585021249083926165e+00
5.363499695883440499e-02
1.222729628854647199e+00
1.583851350825273396e+00
2.896462734839771458e-01
2.139473638444037373e+00
1.449088776850955496e+00
7.371220898009349654e-01
1.578291869644805834e+00
8.085623088819924309e-01
8.536323456279281130e-01
1.625015599846638237e+00
4.959806669339962282e-01
1.283286418807048079e+00
1.376457646976865234e+00
1.203069278349174487e-01
1.554766346392729925e+00
1.226151000168940852e+00
3.091112631215917061e-01
1.768062040138695501e+00
1.013215998546542540e+00
7.855452218996581415e-01
1.642690274589088784e+00
7.038331671166806469e-01
9.641598255273305940e-01
1.498645794519376739e+00
3.380541537912304384e-01
1.289119980669202858e+00
2.027238229813202786e+00
3.731613935258507042e-02
1.672959664988721062e+00
1.120924688554594484e+00
4.050572657239426277e-01
1.712798892506955495e+00
8.683485853197521198e-01
9.926821421472888929e-01
1.694828928344537688e+00
2.614056813018252323e-01
1.180372663038560255e+00
1.561583817255626672e+00
4.125335081686090644e-02
1.372147939997779398e+00
1.413477744811340919e+00
1.618796805951777107e-01
1.702045135752566996e+00
1.103792063477053498e+00
8.371847747754862512e-01
1.703749751739610740e+00
6.842211233678126003e-01
8.967745205708722578e-01
1.471900224237821408e+00
1.790913571366956059e-01
1.309391189625086493e+00
1.539729194871084950e+00
1.669439461035169048e+00
1.707483818506474460e+00
1.008291406433943216e+00
4.825479991577816263e-01
1.736398166248848129e+00
7.425105468897953420e-01
7.826187525480897689e-01
1.772430326866468064e+00
3.609126474386014083e-01
1.176586200521515746e+00
1.498194519700921212e+00
4.472843287862547645e-02
1.313733638610831811e+00
1.360866069876975226e+00
4.096399955066745147e-01
1.595965081207744829e+00
9.813796838991137861e-01
7.124066936864308364e-01
1.517509768486938526e+00
7.591752094638624104e-01
9.468889256871075855e-01
2.472720945585745511e+00
4.065099616060293686e-01
1.357411025240689462e+00
1.313777124803315210e+00
5.862940422949464159e-03
1.453259837336807747e+00
1.043458903249301351e+00
1.611632328546557691e+00
1.779630103475669189e+00
7.023267864611512090e-01
6.814856356695691009e-01
1.784034503117986503e+00
3.350968175976187791e-01
1.033127222585476623e+00
1.608559002651826386e+00
3.142074375070744857e-02
1.341065575816698274e+00
1.243653208059793069e+00
5.778179363961857273e-01
1.422681719940714684e+00
1.019242416582395006e+00
7.406334576351677468e-01
1.611484913820923737e+00
6.964715903243563488e-01
9.897695629583911359e-01
1.664912087503651161e+00
2.911743445364964322e-01
1.417813079243169128e+00
1.291922413849842188e+00
7.561014027278607774e-03
1.351948123607523033e+00
1.843709310445292848e+00
4.447675269749404303e-01
1.463638041271149604e+00
7.441728474393202175e-01
8.668971262709814773e-01
2.477054657125186132e+00
4.877954792953039798e-01
1.371694113068836707e+00
1.454538046128661666e+00
1.340587997600803383e-02
1.447724489078387577e+00
1.314095301951423655e+00
2.729651590805539652e-01
1.553304771305528797e+00
8.652539500626791336e-01
6.976711319271071687e-01
1.592761792287827216e+00
5.305214452583728590e-01
1.036929576356592442e+00
1.500039003516006497e+00
1.143193909759357418e-01
1.272797995453192943e+00
1.334965929397971651e+00
1.474289733558290516e-01
2.289733801821567827e+00
1.300634109066965527e+00
4.981835178438918099e-01
1.574014273651926255e+00
8.425996066313828914e-01
8.753062596537152240e-01
1.475206610671230045e+00
7.116600510392566692e-01
1.061330297985692672e+00
1.394464541489536913e+00
1.509820070441831308e-01
1.349706103793808509e+00
1.370581803139748089e+00
1.845329484426809774e-01
1.546096103374539288e+00
1.043885329702474829e+00
7.385078114218995848e-01
1.522075279689744542e+00
7.296665157468248397e-01
9.745580945604681578e-01
1.527327823663718886e+00
3.734185309265523056e-01
1.227640115929335085e+00
1.393875666954242032e+00
5.789293003608036309e-02
2.323009137228847276e+00
1.255648787707178693e+00
7.057170568743947880e-01
1.506886699287869780e+00
8.379141453973986131e-01
9.741995779319808646e-01
1.497009262308757194e+00
5.964651756387049364e-01
1.230802506042163458e+00
1.446443760355763608e+00
1.697914007985239782e-01
1.325184326883424024e+00
1.241443605702019282e+00
3.087943596562823245e-01
2.465478392098978233e+00
1.171611603242399102e+00
7.646094313962599198e-01
1.503741750233486441e+00
8.836962181093246382e-01
1.036006427198626678e+00
1.531282669159656162e+00
3.875988649027896638e-01
1.263593598396244078e+00
1.409423119976777272e+00
4.123694412387531039e-02
1.364273279348190648e+00
1.286991997011869504e+00
4.658610075296612529e-01
1.765828485055742636e+00
7.962368098498653346e-01
9.447149915271920717e-01
1.425933124259476825e+00
4.305076607959578139e-01
1.183557695500964790e+00
1.426308829911423048e+00
1.388129337927450913e-01
1.407917609284082605e+00
1.323770889356293168e+00
2.199343468828871273e-01
1.474341442090440157e+00
1.129590904090653325e+00
7.683731171086702894e-01
1.477482644355986530e+00
6.120442533929629780e-01
1.116496275505618252e+00
1.559731250053853158e+00
3.263917288316404153e-01
1.178166878867249689e+00
1.310360488595428530e+00
7.300317057893770945e-02
1.583317028976733098e+00
1.242624612615757851e+00
5.488342696325088088e-01
1.565066626751232537e+00
8.628369808993140433e-01
8.932879126786965607e-01
1.452962989446757058e+00
4.770562247500405029e-01
1.201486998747469892e+00
1.477890813487182209e+00
1.142895821740373408e-01
1.528809500715542891e+00
1.147791726443423421e+00
2.406085243563473308e-01
1.601971370265533601e+00
1.062216367096918690e+00
6.985962010651789456e-01
1.547885100255542268e+00
6.888893811386368471e-01
9.981388209773409681e-01
1.475344378403835810e+00
2.635094503246861453e-01
1.346992110680696575e+00
2.177697978645595889e+00
8.256529983120611260e-02
1.577367818698630408e+00
1.121190970840854728e+00
5.262924134992640335e-01
1.552176339861300436e+00
8.977004763336112747e-01
8.303828917407629628e-01
1.702702819650443011e+00
3.447759639884069860e-01
9.709924555331858054e-01
1.554925394999223665e+00
2.717474925110002770e-02
1.271447682797711476e+00
1.377386374689715254e+00
2.770435660170685876e-01
1.599229938974750631e+00
1.001323042912187100e+00
7.931261087766060536e-01
1.556917935559448907e+00
5.975817839327826064e-01
9.052370440400534513e-01
1.589209932037231487e+00
2.605098675702982591e-01
1.232825666917500174e+00
1.413149843358438185e+00
1.635623930586090624e-01
1.506189515442215132e+00
1.127233565056784848e+00
5.230917157332364287e-01
1.513467206453890990e+00
7.953125334425743542e-01
1.699444851947179203e+00
1.593172865739191701e+00
3.653155972923168848e-01
1.212011436880253257e+00
1.517488496161314870e+00
1.059902348954359363e-01
1.161419074306765831e+00
1.344986922113845962e+00
2.891799274970707212e-01
1.500491864619103000e+00
1.139300956613042537e+00
7.515513768502344316e-01
1.456569446964522951e+00
8.960389995063456903e-01
1.184596308995663039e+00
1.616620774491272616e+00
2.315974788583290145e-01
1.284675489903854606e+00
1.491734285182557684e+00
1.503676836153808316e-01
1.403244498963616360e+00
1.119915004183008600e+00
3.443683909785798525e-01
1.574082221356069677e+00
8.750684122908863882e-01
9.562738893278901475e-01
1.544231840537282130e+00
4.141195642476582228e-01
1.186746351044688952e+00
1.530314553023558899e+00
1.840124674278412198e-02
1.488393622867111299e+00
1.222442597925888386e+00
2.521373332541044232e-01
1.608159739628985285e+00
9.856256730472884309e-01
7.421245207271558453e-01
1.572080853281999868e+00
7.832023311712946745e-01
9.748877662217866336e-01
1.623698110534347983e+00
2.150746835948852131e-01
1.329987785911153075e+00
1.426963058391542694e+00
1.772308517107917814e-01
1.579820802810657732e+00
1.095536515210483675e+00
5.538025948785952890e-01
1.583713977185294608e+00
7.911528024698780692e-01
8.855568116048612159e-01
2.402587715151580650e+00
5.916244220373083618e-01
1.191505547084461991e+00
1.482500476156158875e+00
1.925471810571710851e-01
1.422820793963479602e+00
1.307399851502956345e+00
2.564812744616395968e-01
1.542952433939286827e+00
9.556027906505957237e-01
6.437273992715019100e-01
1.758219007478109219e+00
5.440675036592786951e-01
1.018188674930355031e+00
1.641471112730014337e+00
2.710801731924867286e-01
1.158736263303447034e+00
1.419913948613009902e+00
1.869148952828791899e-01
1.510794169172489543e+00
1.123549261579813940e+00
5.216397103688352743e-01
1.648899073763113954e+00
8.195964169374333474e-01
8.677222798140434845e-01
1.643518308980684406e+00
5.980810270598456713e-01
1.142579646385849967e+00
1.507497951060565056e+00
8.767576682368299901e-02
1.461073300424285515e+00
1.237381150596414514e+00
4.290260653887855158e-01
1.601420482593846728e+00
1.007086831509477642e+00
7.945299903298043143e-01
1.680181675659270457e+00
7.906418240502768313e-01
1.069514932607582791e+00
1.581600599391025597e+00
1.845864375069339536e+00
1.184533988097855817e+00
1.586005423300784090e+00
1.753506033736024872e+00
1.625678497832506064e+00
1.949856869852328423e+00
3.947375354682545190e-01
1.637172311774916622e+00
7.684279750662996733e-01
9.733737789536235363e-01
1.654864021901616855e+00
4.424547706930640478e-01
1.164413776686676227e+00
1.518734356804589014e+00
5.072784615388000601e-02
1.252200978004263554e+00
1.379748312522805165e+00
5.167625049180516461e-01
1.563172338100563774e+00
1.089802871154363029e+00
6.902650918691320969e-01
1.367712793211989686e+00
6.223991524675888121e-01
1.008226072222803804e+00
1.449308009740532643e+00
3.002278958139361631e-01
1.366779067160629690e+00
1.378596687590706527e+00
1.118987713004286899e-01
1.553243930059152067e+00
1.136071393428943477e+00
7.261391947456768969e-01
1.476360181462350374e+00
8.928026126271196850e-01
8.662229127046208177e-01
1.664972751621768943e+00
4.831890128594043543e-01
1.131119153620417483e+00
1.457915228879673952e+00
1.041319475339392286e-01
1.373883099229836979e+00
1.300378298932753030e+00
2.759048368298332443e-01
1.495874659592870692e+00
1.030301869680653848e+00
7.276101750892244313e-01
1.635808543984524244e+00
6.448149160514107248e-01
1.015244660680818978e+00
1.581439351541283900e+00
1.765312183429306181e-01
1.312895829118409186e+00
1.468910855502508106e+00
7.843740715343318348e-02
1.544940623572407024e+00
1.861521625738171037e+00
4.636398976004557637e-01
1.742785518553417123e+00
8.912092054682396736e-01
7.344609798475966178e-01
1.678562875360499973e+00
3.220681233944528987e-01
1.130129215481942895e+00
1.633613119256105195e+00
1.404481755574708557e-01
1.478331096416439783e+00
1.168169967086702288e+00
3.335159661845493728e-01
1.313627726253755679e+00
9.476697890687868497e-01
7.143585602459129325e-01
1.636185573062904242e+00
5.383967631091703954e-01
1.060829567822356490e+00
1.481878334096455418e+00
3.762581619943272671e-01
1.272874030302962867e+00
1.368801414941182015e+00
1.635442261491077964e+00
1.650229642828667131e+00
1.054869381986491828e+00
4.657170367937831790e-01
1.856100625950254157e+00
7.360411000784723434e-01
8.786252000559641173e-01
1.613575669228800802e+00
3.985545645128017456e-01
1.163682260096816412e+00
1.513481090629581249e+00
1.126344518594244587e-01
1.226562962271315893e+00
2.016637683315244622e+00
3.807059886465670728e-01
1.535426249877880567e+00
1.005548160791603252e+00
8.235180253071147094e-01
1.607419694892358253e+00
5.979127905138168497e-01
9.929651118335504068e-01
1.639169004534222651e+00
2.146139470657585091e-01
1.269118477221795827e+00
1.281255506619197737e+00
2.908170567386579308e-01
1.541567246120625123e+00
1.302960118096794018e+00
5.672564566718655277e-01
1.562580339655039285e+00
7.902116231694861215e-01
8.705038854537192616e-01
1.451900026818976341e+00
5.324962573519268494e-01
1.179579346463098144e+00
1.406236967281101258e+00
1.364760514356034848e-01
1.251523844821614162e+00
1.196972755147592604e+00
3.818905116214926787e-01
1.476303269565442555e+00
1.029877687646898465e+00
8.100665574622756271e-01
1.595431331061370361e+00
6.038536622146444266e-01
1.010384965942497715e+00
1.480652687828497793e+00
2.450855364435871320e-01
1.318613302856560088e+00
1.313723763669410127e+00
1.321920448658695235e-01
1.479979868370272289e+00
1.181689531430760054e+00
4.859168441130495286e-01
1.438488126454524840e+00
8.285892189837175126e-01
8.852649644388945749e-01
1.573308124013359066e+00
4.966930208342901221e-01
1.196450652431246819e+00
1.384464583229852330e+00
9.475748247078734365e-02
1.550246572844623971e+00
1.248377942822680220e+00
3.704243653357736088e-01
1.472375989865378321e+00
1.033071730940660071e+00
1.752964844512312714e+00
1.673325745842966672e+00
7.066281144368776745e-01
1.085798491520287845e+00
1.653570978049698104e+00
9.679607937414180796e-02
1.240823997820785785e+00
1.393983594552294480e+00
1.590220738195614603e-01
1.354728424624383809e+00
1.271545528494368194e+00
7.174224368694817056e-01
1.468983200207661044e+00
8.338191307331117574e-01
8.871971636769520053e-01
1.561602811064702223e+00
4.654843350190540630e-01
1.146710358270844221e+00
1.467284786151756837e+00
6.559141573433380223e-02
1.259485240907232129e+00
1.183785903594225530e+00
3.768887648044343952e-01
1.416995909885116145e+00
8.672889176449479764e-01
6.664829889046653966e-01
1.544036604481373809e+00
6.785096247882737019e-01
1.069793597620546599e+00
1.600909355733971307e+00
2.718022693946140489e-01
1.197463449589309503e+00
1.224690210680793312e+00
1.593414832967419703e-01
1.537973612257848233e+00
1.164494484919610606e+00
5.642431924876667448e-01
1.589066263232807197e+00
7.178608428814534648e-01
8.780539171849832680e-01
1.456368531009123446e+00
4.376800235192598310e-01
1.224602040337034792e+00
1.552829317253045183e+00
5.181022460905915228e-02
1.547976621815795539e+00
1.222669257471491244e+00
3.943833016325777319e-01
1.650079274091327486e+00
1.026571857589965830e+00
7.533133127733154799e-01
1.588276176202492840e+00
5.928537797533099951e-01
9.706863126589327928e-01
2.499868987369594286e+00
3.287611725843965216e-01
1.453585406448143935e+00
1.269954511562947586e+00
2.633513663943000405e-02
1.723830888409739970e+00
8.585492628111953684e-01
6.273416833587153185e-01
1.546233125758159854e+00
6.280000661113748217e-01
8.052614734070683289e-01
1.574991074901088028e+00
3.703071422861098361e-01
1.253771802373904176e+00
1.480551978805848989e+00
1.125645909046388282e-01
1.486596836589594073e+00
1.278140195192649209e+00
3.499408518868091789e-01
1.624444028117393302e+00
9.695443427683813065e-01
4.855450174797535379e-01
1.434268630557813617e+00
6.158796068639900145e-01
1.194487799528519023e+00
1.621184252043862184e+00
2.715793280349663164e-01
1.295067580603016966e+00
1.424934339155338403e+00
2.293630988784655100e-01
1.482418630432983830e+00
1.185800404202876468e+00
4.906655981336072725e-01
1.761531068249091003e+00
8.297142860610191573e-01
9.155390255569780811e-01
1.624518213203413053e+00
3.484874389882897106e-01
1.101824043712656076e+00
1.477837361361742596e+00
2.076338953065487436e-02
1.487418806970908225e+00
1.354059302578872526e+00
4.193494899686026622e-01
1.676096055680127206e+00
8.819520861469860584e-01
1.713509091003328821e+00
1.648844866289963518e+00
6.151605468017419254e-01
1.053343970970924248e+00
1.647832935134953436e+00
1.737110793398973341e+00
1.011833732895033089e+00
1.526809827248935214e+00
2.125339911831103656e-01
1.390608388691590092e+00
1.339597473262003513e+00
7.539993566977224448e-01
2.381682470223781323e+00
1.245609860423380733e+00
1.132072720078828532e+00
2.195558346703897268e+00
7.745924141594322521e-01
1.543658079443891218e+00
1.236019388520041673e+00
2.039085449953901563e-01
1.553795411644562252e+00
1.183000613390434497e+00
3.086138963129521073e-01
1.573903321171351122e+00
8.915116498461761463e-01
6.950757838454044713e-01
1.647213885650678167e+00
7.626636754734580359e-01
9.323928622658969045e-01
1.600618867391147671e+00
2.126717797581309521e-01
1.321696836244121931e+00
1.336859713776462399e+00
1.041029967207205281e-01
1.476090214764645747e+00
1.194955129505243629e+00
5.711267337617180750e-01
1.572620510809229710e+00
9.061995308729411391e-01
8.614675039343742124e-01
1.542596095031565806e+00
4.539612107404036312e-01
1.101109259163503440e+00
1.497526088076878370e+00
1.214108107084351657e-01
1.474286968923690599e+00
1.213150995185946046e+00
1.560593915034774182e-01
1.506973739127042577e+00
8.734399700319721571e-01
7.103730837344082172e-01
1.589127467698738805e+00
1.842458298015765550e+00
8.757886938721690662e-01
2.209503766431115679e+00
2.467188256437608251e-01
1.290152515007941814e+00
1.385732858803097933e+00
1.082561875163476350e-01
1.555068422864115840e+00
1.198175580374900573e+00
4.685184149496971484e-01
1.546075195948051206e+00
1.024600556109375837e+00
7.477895074676786935e-01
1.311412790572146214e+00
6.157367317337815171e-01
1.116608191962627394e+00
1.391644024392709511e+00
1.171670135439809718e-01
1.310779812249105891e+00
1.340802854786236287e+00
3.572623050235022024e-01
1.438770064169157425e+00
1.139701355869656263e+00
1.716201481262694450e+00
1.654112714154129860e+00
7.009831797583335744e-01
9.441659242565731969e-01
1.549809888472376551e+00
1.511118508126055582e-01
1.184476487956592994e+00
1.447965686479390612e+00
1.922671662045885577e-01
1.336625011586185741e+00
1.518357750953865937e+00
5.761404600191440961e-01
1.566520637577995201e+00
8.753256930332702357e-01
9.077684320882655200e-01
1.635137424158005448e+00
4.945711779822060117e-01
1.279669248989699915e+00
1.488096215744536321e+00
8.013236336078875810e-02
1.459453884436272331e+00
1.248308579807454688e+00
2.603211512538224359e-01
2.350205347638002706e+00
1.035722275402202630e+00
7.178677549893579535e-01
1.614649892899691075e+00
7.027398926087232711e-01
1.194300654694018249e+00
1.518332738581701813e+00
4.148840926559176912e-01
1.227939634825713444e+00
1.270187572992557135e+00
1.883875106930375798e-02
1.585888141310148880e+00
1.067495400186452947e+00
4.164654546397524859e-01
1.694088266481451166e+00
8.288843890447930018e-01
8.991148939612371160e-01
1.554833894237902081e+00
5.767470246696572156e-01
1.105062996917032025e+00
1.455304769884891769e+00
9.934818099599304619e-02
1.489419707809585658e+00
1.363624940217643688e+00
3.638799026746784571e-01
1.538012876913794180e+00
1.019310187859982175e+00
6.814310291642473594e-01
1.616243156779877843e+00
6.085964744758601830e-01
1.051702733798827172e+00
1.551874359968518302e+00
2.841785840474878588e-01
1.286413287882676393e+00
1.351891018049549587e+00
7.562577682092899711e-02
1.368174952870294447e+00
1.039779377190831022e+00
5.676427808793136354e-01
1.562880566243028957e+00
7.393919977938517851e-01
9.044513192045614547e-01
1.611969435380252280e+00
4.581812522673139876e-01
1.085385775007444042e+00
1.357933989576755041e+00
2.172131320862283888e-01
1.400636304203130900e+00
1.092433843347643041e+00
3.911529108037378744e-01
1.512615197998699257e+00
9.330292684551285687e-01
7.982322607964701389e-01
1.581743031178588499e+00
6.635903875195363621e-01
9.989506895802536812e-01
1.556534456861484950e+00
2.176993743266773529e-01
1.255126095475585180e+00
1.320850174278364930e+00
2.009791681662112528e-01
1.622785268435340988e+00
1.115254601572762017e+00
6.078345743094080156e-01
1.485590783414586946e+00
7.914230999313196513e-01
7.906075616556259567e-01
1.517339423821852940e+00
4.452837900362110468e-01
1.146461237203911354e+00
1.399000884169083081e+00
1.421816327075526298e-01
2.173819674400109481e+00
1.376986386690206787e+00
3.584002403965266814e-01
1.599924375550149325e+00
1.034847380992949262e+00
7.407599706649033999e-01
2.553034053645282242e+00
8.495494963505014763e-01
1.231009861694229990e+00
1.277278304718215018e+00
3.890207781395289000e-01
1.446026802027008840e+00
1.243351157046409083e+00
3.062017821491958003e-02
1.668277627978143274e+00
1.758886804245529678e+00
1.548080316177751437e+00
1.787725028812995554e+00
7.098219056411227967e-01
7.438937567053593991e-01
1.639063956825753010e+00
1.665311298993279676e+00
1.036172682879632045e+00
1.748226620743097204e+00
1.308659205465279585e-01
1.271167868344875274e+00
1.575831071998464950e+00
5.527041238286052316e-01
1.291509314022998733e+00
1.256099449042241023e+00
9.502443525063569707e-01
1.566632711844041070e+00
7.880977910370765560e-01
1.175448283040689379e+00
1.316865823712054073e+00
3.505519372637024844e-01
1.271950434956520049e+00
1.451056748065562729e+00
2.252237878482051814e-01
1.572127598820301841e+00
1.128859970644146005e+00
5.258212414915003352e-01
1.720757879582617056e+00
7.807481471985158183e-01
8.274112051802520185e-01
1.577179338570602996e+00
3.560177164747658773e-01
1.170192583446168166e+00
1.498618430096151588e+00
4.142956415973853002e-02
1.346114093125591715e+00
1.279825027014760419e+00
2.864172456279490131e-01
1.778786345328924767e+00
9.420049230310652000e-01
6.953876444167371718e-01
1.740135962223829935e+00
6.598551852378529148e-01
1.038186828727862387e+00
1.614922387931756242e+00
2.269668694549048793e-01
1.422973056658829449e+00
1.397930577207517011e+00
2.992504934441465037e-01
1.545111194892582196e+00
1.101569438596300632e+00
5.152072028128336090e-01
1.436554576722606891e+00
7.156619203679361885e-01
8.084935976704734628e-01
1.572752978707626204e+00
2.866796008199268275e-01
1.301951254178400408e+00
1.404317473005344485e+00
6.456461113651071337e-02
1.402079148392207930e+00
1.359888085882075881e+00
3.119083899928242753e-01
1.712023741128594567e+00
1.091880282083122378e+00
7.730917335825219228e-01
1.589041338025606986e+00
7.050522305618376340e-01
1.111508324177960416e+00
1.483552634208285648e+00
3.852794226002913547e-01
1.338461159755223395e+00
1.434037892483311261e+00
1.657686608209447021e+00
2.276860359779613319e+00
1.050896537547038267e+00
4.948891242926241052e-01
1.710932829789558518e+00
8.129735785525652458e-01
1.675014765306766407e+00
1.688872892339646992e+00
3.607544673640608601e-01
1.147635714152704711e+00
1.556307885398351853e+00
9.867483504750859669e-02
1.409002740522092179e+00
1.338245813872136925e+00
3.953028215723148886e-01
1.470172849595495990e+00
9.983944589571626116e-01
8.121955702570663460e-01
1.504185068124743729e+00
7.665199967282031457e-01
1.264533669617705192e+00
2.419385505206765874e+00
2.232649672924421624e-01
1.399816701433141297e+00
1.281330193376936766e+00
8.815162975511352250e-02
1.585965629354280759e+00
9.318339751562491058e-01
1.637558295570574085e+00
1.707823261192472852e+00
5.823255414615636782e-01
6.947783832203213716e-01
1.668421627711277333e+00
4.426459405510303480e-01
9.679601697283710671e-01
1.573130356198940483e+00
1.380487743629064089e-02
1.445669332861275747e+00
1.939123037014334416e+00
5.295821120674524263e-01
1.533901926105108338e+00
8.793244368420766177e-01
7.827846209498016128e-01
1.625264249332045274e+00
6.991725901155322331e-01
9.356119983495609915e-01
1.597740230019919716e+00
3.024794207740309493e-01
1.131316621150604940e+00
1.586514388177597157e+00
1.422126262500405247e-01
1.621056003406345924e+00
1.237615062267082733e+00
1.691448735828619432e+00
1.713432710416948002e+00
6.416076273798286822e-01
6.695657818060869459e-01
1.536655434944393939e+00
5.609930596427740168e-01
1.113308917767538153e+00
1.560434110586967682e+00
8.064584905699511558e-03
1.233466584432131752e+00
1.381390052449493089e+00
4.927470435880826338e-01
1.486883737138843475e+00
9.128097566619679526e-01
1.811265097889342757e+00
1.657346160038554839e+00
5.064643503383431389e-01
9.285823787507717642e-01
1.531869467040337218e+00
1.185611331233622778e-01
1.235945255106252860e+00
1.517630111767093171e+00
2.036783848737699076e-01
1.463014121384966559e+00
1.308696984419755127e+00
6.428410433329908580e-01
1.530726820692681622e+00
9.424163035091613905e-01
1.020443810599952261e+00
2.518193855390804536e+00
4.917392248842438196e-01
1.156815211047716563e+00
2.296862947593690141e+00
1.567589401830396800e-01
1.569274087685516017e+00
1.285184171169375444e+00
2.163252895996625180e-01
1.728511948913785901e+00
9.722809246739050337e-01
6.565599888960707009e-01
1.686978053073879380e+00
4.218053444430906462e-01
8.942702747230051319e-01
1.710947501528936598e+00
2.456945857382037413e-01
1.410354576838164897e+00
1.516587428217725853e+00
1.712298190668627984e-01
1.417328851827355907e+00
1.232777638328718339e+00
6.060757758350088231e-01
1.678724325193935885e+00
8.504653206734776871e-01
8.326592352074074777e-01
1.629578759233570651e+00
3.749578835773370589e-01
1.210324951661198467e+00
1.363721472562224424e+00
1.009135341787136542e-01
1.541309948027192345e+00
1.296206046877135032e+00
3.373621060728855259e-01
1.472002026036216105e+00
1.035561224008294312e+00
7.268032818631436909e-01
1.548956988809572444e+00
5.924874718670561924e-01
9.230157983829707646e-01
1.654150979064241245e+00
3.206157560192657296e-01
1.208998445050551096e+00
1.377974468361931715e+00
1.465787443520376043e-01
1.542086912046715108e+00
1.237198980900786616e+00
4.243166694345203438e-01
1.653183585095605812e+00
7.508916148643945965e-01
9.025014873452639197e-01
2.486943833701336537e+00
5.905809494312636021e-01
1.106227546089978198e+00
1.512128473949034158e+00
2.947093923537860150e-01
1.476097200117573838e+00
1.134554062490141790e+00
2.935134492530956374e-01
1.678707929116525888e+00
9.451013073402975140e-01
1.660128720726640417e+00
1.779126924285093558e+00
5.158117579816913212e-01
9.144369475382821966e-01
1.619324305682017240e+00
2.422385859424753263e-01
1.200815668654768187e+00
1.400597249495096897e+00
1.916240301708441451e-01
1.303892505018219738e+00
1.315115383401779692e+00
5.579554975260874183e-01
1.446354353302999884e+00
1.022546812725485088e+00
9.496447029521405403e-01
1.646866145599864106e+00
4.727530689451805435e-01
1.172232298853733479e+00
1.456876141115047263e+00
3.923825560588001249e-02
1.465872245124606010e+00
1.141457760338145944e+00
4.499522696630828267e-01
1.420099135081653197e+00
1.109186221448016818e+00
7.858203489454721469e-01
1.725397032386002838e+00
7.328288755519265507e-01
9.284808944266029762e-01
1.428790923221284981e+00
2.670912130719628741e-01
1.274830449672186061e+00
1.362624283724513052e+00
5.802796613993224661e-02
1.521739866821939513e+00
1.102094727202055813e+00
5.669912494695250604e-01
1.668901926589582141e+00
8.288554972055588443e-01
8.451914221734467825e-01
1.549105320676364972e+00
5.338245167808300939e-01
1.083433313633731743e+00
1.525266467441827922e+00
6.313832687601048099e-02
1.548440535856453026e+00
1.181443576066644852e+00
1.666178385644180082e+00
1.596260134604362557e+00
8.249571656342513659e-01
4.817151614942812854e-01
1.621033271105557505e+00
5.962646691631786622e-01
8.210068689571665690e-01
1.624018326330217699e+00
6.551845016859234039e-02
1.221369245925539415e+00
1.520253807972324900e+00
3.525547304510448510e-01
1.520176606397170449e+00
1.218418167625694437e+00
5.682136145154775830e-01
1.642608111366175461e+00
7.049919771650987599e-01
9.597326610332101993e-01
1.573321079101589692e+00
3.887454963896669891e-01
1.132524011916935525e+00
1.593367381873479482e+00
5.934336458448863372e-02
1.486351405087566135e+00
1.242874069517987179e+00
3.577953275507645969e-01
1.504737320589673022e+00
9.411936998449532688e-01
8.206544694479662727e-01
1.633257647786827249e+00
5.859063376902075015e-01
9.601400658644313468e-01
1.693584786597057912e+00
2.153235001346912036e-01
1.274170580811704756e+00
1.522693391274917207e+00
1.895687117138744049e-01
1.535399034441446098e+00
1.146971518457318817e+00
6.084040009774178692e-01
1.523342889530611366e+00
7.240734859309488902e-01
7.499174470266207759e-01
1.621001125890920269e+00
4.736142451723863167e-01
1.243901359786367733e+00
1.488477285662868299e+00
7.268356520941465782e-02
1.495521230001023216e+00
1.259105451726008962e+00
1.727714172997987463e+00
1.549670396898730651e+00
8.787138791720280340e-01
6.763530597245682729e-01
1.608629009249813668e+00
4.261884387611767355e-01
9.601046312369712066e-01
1.713068265969986959e+00
2.439405825790827431e-01
1.194026776357214770e+00
1.560009148547718327e+00
2.352346971046278823e-01
1.388213394521543131e+00
1.252089831339595394e+00
5.192015347417243687e-01
1.673653538215416514e+00
8.106596971453853273e-01
1.714638822593867351e+00
2.613429910230638420e+00
4.249929289332584070e-01
1.244239600541454660e+00
1.416436312094086825e+00
2.134422032242934142e-01
1.445540788294120915e+00
1.420419950973034195e+00
3.236564071671281795e-01
1.656834269658293834e+00
1.036771327773022611e+00
6.275507185067803473e-01
1.586641466596088401e+00
7.813647645213890325e-01
1.756036548252149831e+00
1.750703142914247223e+00
2.825024564714120889e-01
1.326376995296658423e+00
1.384072040182343644e+00
1.750065820018348040e-01
1.412314746346673422e+00
1.145098480220711146e+00
5.329306002166828149e-01
1.567929898470102446e+00
9.990100785835720476e-01
9.279001716949695222e-01
1.511461563495337890e+00
6.744582286817355499e-01
1.240654478072696243e+00
1.402850007901579099e+00
1.793475733122041005e+00
1.288885615574903554e+00
1.426396980093870059e+00
1.828552116286662477e+00
1.587446579344834019e+00
1.089696687960327814e+00
1.766245784408837727e+00
1.523991513146150778e+00
5.124091798271404041e-01
9.283354750317864834e-01
1.658133284704642829e+00
2.790019110166873650e-01
1.236702502004215498e+00
1.431302650350636751e+00
2.062842092438228747e-01
1.279436578392695534e+00
1.271442887571125446e+00
6.990537089140278493e-01
1.522117873698020984e+00
9.177519582444328972e-01
8.562125583710858967e-01
1.550161571980805064e+00
4.575589260463325258e-01
1.144269955792318827e+00
1.433609828966094568e+00
2.781161823261156241e-01
1.450857266250340061e+00
1.222863388032482401e+00
3.760495693124761840e-01
1.450770375738319684e+00
1.028666022907962274e+00
5.845011376978800355e-01
1.517079193136635640e+00
8.050744201745183570e-01
1.059419024431177192e+00
1.514025600634486990e+00
2.604055425043713123e-01
1.368851315125261925e+00
1.365876294342430519e+00
1.606232359379654306e-02
2.525135753282353512e+00
1.280023506942207678e+00
5.717793493430488594e-01
1.413616350337862704e+00
1.902063603575991024e+00
1.716513018266952795e+00
1.614895468920450439e+00
4.035888004614340274e-01
1.113294049254337725e+00
2.418569235728054601e+00
1.334054718566839159e-02
2.372232120363575447e+00
1.396369891983285649e+00
4.074866450473467738e-01
1.637257700577128938e+00
1.213907355275515298e+00
8.845911357052312907e-01
1.424677697960222478e+00
8.245408237817720698e-01
1.172454349471907520e+00
1.571931220350246017e+00
2.790878298788533884e-01
1.266267755143551721e+00
1.357678729443902776e+00
2.430518972497693053e-02
1.544314550714588341e+00
1.241546993426839052e+00
5.545943484460488238e-01
1.639272656978061349e+00
9.143536259045526027e-01
9.802538098290051183e-01
1.655075341278451351e+00
6.265688956915884678e-01
1.218384660715271961e+00
1.384948846707358738e+00
4.110530469875473686e-02
1.390737003267245475e+00
1.259910289323511678e+00
2.942947574379599085e-01
1.510104700619738782e+00
1.890285574589518847e+00
6.935965430098430806e-01
1.639573225583543792e+00
6.961296314733537161e-01
1.028124666200455950e+00
1.626239001125505457e+00
2.692891796928154613e-01
1.161949857655647067e+00
1.541127685002932290e+00
1.909027535042756851e-01
2.326431225455952045e+00
1.228799495890295468e+00
6.292020075023554426e-01
1.410211258162395564e+00
9.981751025326962568e-01
1.779377145369747559e+00
1.406257913501427925e+00
1.801679142431799718e+00
9.976447721588856954e-01
1.695183237838362444e+00
5.035277561120479056e-02
1.370689357201209102e+00
1.448990276287841938e+00
4.807997537194873550e-01
1.486823706902301367e+00
1.146073941421854814e+00
7.691744593207251457e-01
1.439136020139665906e+00
2.011943955748038082e+00
1.144456208299762467e+00
1.586456300590485036e+00
1.870211869238138647e-01
1.198210690016728197e+00
1.370761192204866585e+00
1.669380859586476751e-01
1.439007578958861888e+00
1.225467204759866036e+00
5.313185303549924354e-01
1.577820352162653705e+00
8.460132637564223845e-01
8.983623725764958712e-01
1.625705689005040755e+00
6.411040025066254699e-01
1.188887656266799153e+00
1.441499574894486768e+00
1.171533344453234426e-01
1.406699439199279755e+00
1.199317659494823385e+00
3.186168839011211951e-01
1.550717073724693362e+00
1.828232532410879019e+00
5.124927614003008669e-01
1.648162450805554791e+00
6.260827975894218689e-01
9.258049204325770054e-01
1.720910234737281330e+00
1.072941654493669572e-01
1.278816379660831393e+00
1.514641034115100204e+00
1.176306257172537451e-01
1.458497422539653421e+00
1.213318042814467645e+00
6.956795389646123207e-01
2.389746629629072139e+00
9.518560174853403222e-01
9.194925604539097019e-01
1.562443113016054541e+00
4.771943758250345446e-01
1.196112648902382336e+00
1.363814573643481687e+00
1.475981588424573332e-01
1.457184395580538139e+00
1.313857583738382795e+00
2.487829489075902567e-01
1.642160196371126757e+00
8.967138864655509467e-01
6.268537447868040013e-01
1.577904856348930851e+00
5.054454524093359158e-01
1.102746497154987626e+00
1.593937372690173104e+00
3.221211619490514932e-01
1.248371040085364259e+00
1.334891587255300216e+00
1.857542184992254652e-01
1.455124454932535505e+00
1.060505788892470713e+00
4.043400009388245508e-01
1.520282996084001415e+00
8.940420305934506651e-01
7.621690467185325835e-01
1.466877714948485067e+00
4.687291353608411537e-01
1.250283939722122817e+00
1.562494739203341920e+00
1.070086342243502936e-02
1.568492397149277684e+00
1.255453434093381393e+00
2.767653153636808749e-01
1.562038048004149804e+00
9.598690942779171120e-01
5.986356130091012862e-01
1.569343068059029456e+00
6.497011410307246271e-01
1.025248787471731537e+00
1.426362770202531882e+00
3.183568564430378500e-01
1.238690224518493199e+00
1.425304445912241924e+00
9.987431162278292973e-03
1.516506208228342478e+00
1.112374532445821185e+00
4.670892235253749636e-01
1.600638654083842427e+00
6.817717733018437976e-01
1.698031186963233408e+00
1.520622269999710063e+00
2.677701198299649032e-01
1.126247288778250200e+00
1.546877704633354167e+00
3.826215964576910183e-02
1.230487217680388046e+00
1.165421320797527471e+00
4.637406997913790518e-01
1.494071907120994913e+00
1.039771442787318145e+00
9.789549443347820290e-01
1.589155181947287332e+00
6.535114140780743375e-01
9.908985912934887841e-01
1.678568719285836286e+00
1.600934731840895631e-01
1.331875980774624546e+00
1.422430117838530128e+00
6.429870992599592827e-02
1.491322217830198582e+00
1.032005507524418775e+00
4.922352990841479259e-01
1.573236467803558414e+00
7.725789744496024403e-01
9.070579531533397022e-01
1.609428349903405886e+00
3.816117661800787486e-01
1.121465143668222586e+00
1.473485233495260172e+00
1.613408956332930966e-01
1.484119514655105165e+00
1.418085584097649399e+00
3.502229981026654393e-01
1.648562808753691433e+00
8.148649858349217290e-01
8.597151525753380374e-01
1.550434022539652901e+00
6.638942426169782696e-01
1.195865162549824445e+00
1.545435951675440345e+00
2.423603248154350132e-01
1.243066023314472801e+00
1.445533168174609751e+00
1.285440480669762242e-01
1.347606041414985079e+00
1.273897919483905072e+00
5.118154080627344005e-01
2.545045268696989993e+00
9.649567083979416759e-01
8.849098091069540484e-01
1.414777856849816384e+00
5.473622071217691953e-01
1.193955845572699070e+00
1.424831533472483036e+00
2.306362432620920888e-01
1.399116206426884279e+00
1.327677206762635675e+00
2.513570162856403334e-01
1.651438438427113908e+00
8.580880666383199351e-01
6.376594241495608939e-01
1.620924199683768219e+00
6.118752385640132685e-01
1.165336369300893127e+00
1.570272834508615212e+00
3.205179739670932504e-01
1.271133185600894944e+00
1.370109977371289478e+00
1.890183641977860873e-01
1.492079167755283819e+00
1.125441836577063093e+00
5.447678270095690500e-01
1.570168820719084479e+00
9.670409432774196290e-01
1.702265909790223519e+00
1.790719847702515022e+00
4.146496678873285435e-01
1.045435043980748491e+00
1.575364093962303480e+00
4.851954393947092992e-02
1.338010951232843970e+00
1.392108291491360728e+00
3.697422284256549618e-01
1.656754726734687599e+00
9.565833040608898719e-01
7.777864171803802185e-01
1.416460179257093666e+00
6.132609305330848359e-01
1.104321390797988078e+00
1.476543240071598095e+00
4.298947364162550300e-01
1.290340279899467646e+00
1.374704893863453181e+00
7.137612382514124665e-02
1.602929967893120811e+00
1.138093415245378992e+00
5.170251300920758464e-01
1.715586415811704013e+00
8.246903559723351984e-01
9.901928755381230740e-01
1.420868593395047119e+00
4.509994968419532291e-01
1.183004691907328709e+00
2.609531349210251427e+00
6.538331855281015459e-02
1.606949216274340397e+00
1.080580749942648078e+00
1.602941463604117711e+00
1.694632055673377380e+00
8.853891762002999988e-01
6.245531572516488383e-01
1.764273919068729324e+00
4.721446334741930539e-01
8.732753751607744697e-01
1.746066300370849422e+00
9.617189179583537917e-02
1.049091257884066319e+00
1.637847589037811691e+00
9.939186332893004683e-02
1.411971089299730586e+00
1.134330838559264087e+00
4.478034481991663429e-01
1.547192703209337772e+00
8.283592457191935043e-01
1.046889125220493266e+00
1.555665916517671610e+00
4.348258534860128255e-01
1.242433383229524679e+00
1.535773322699626853e+00
1.108849745295316103e-01
1.406109142697548053e+00
1.240850427262456757e+00
1.750818148503870408e-01
2.376703157022530988e+00
9.758993612326666289e-01
7.759383447519405674e-01
1.574489561643955371e+00
7.109984265398615610e-01
1.084190406820848551e+00
1.559038652223394550e+00
3.845011286619343660e-01
1.319024466468222911e+00
1.435488446834416676e+00
2.318661566740684576e-02
1.575932004692448762e+00
9.312031334779412584e-01
4.836052597062368008e-01
1.682317492496261835e+00
7.432690120738981721e-01
7.566206867241846989e-01
1.508835838983025646e+00
5.530874333394670828e-01
1.089633179619216685e+00
1.370396136381490271e+00
7.677824753575568373e-02
1.373345360947100913e+00
1.231763422150176757e+00
3.690121608218416838e-01
1.654284528143307176e+00
9.352757262674051830e-01
8.530531465739942254e-01
1.456364024971564586e+00
5.873226403852754851e-01
1.147357544815509112e+00
1.495453628813105951e+00
3.629551536804117573e-01
1.389897299811698739e+00
1.470306463642168771e+00
1.800255069962864163e-01
1.419957000573568440e+00
1.167189155264960032e+00
6.193556757803749813e-01
1.624971297544420157e+00
7.684637836303540581e-01
9.980407195177920521e-01
1.521816798134099757e+00
5.508329551554358439e-01
1.238373786852271508e+00
1.620863434581211626e+00
1.690731291672536996e-02
1.378877107033362970e+00
1.363636098447588374e+00
3.872233253711432899e-01
1.553570469592360226e+00
1.081801498387839233e+00
6.053170617940930587e-01
1.636510541311547273e+00
6.534750731916076916e-01
1.047033266127961770e+00
1.596558888061493375e+00
3.818422304839022563e-01
1.281687559233462004e+00
1.341296139278709720e+00
1.091838581446531592e-01
1.317101747652313692e+00
1.134668978771308234e+00
6.443596048827145983e-01
1.597835140140868138e+00
8.080693936423746226e-01
8.089334804575535331e-01
1.578443140348336327e+00
5.148065643182261342e-01
1.281667910197332505e+00
1.448245245372402401e+00
8.845176268991543356e-02
1.393368039586281304e+00
2.043971415971305383e+00
3.676913685888328898e-01
1.526934373993133143e+00
9.660816244351050353e-01
5.125905321504189427e-01
1.728446857014320104e+00
6.367189726871655964e-01
9.701693017173069755e-01
1.591782135295182865e+00
2.697310416105331288e-01
1.419000975539126852e+00
1.441464943986283442e+00
2.178039426393116873e-01
1.408767299918789018e+00
1.260584743254610451e+00
4.432478934414844640e-01
1.596871555301427659e+00
8.450714734161246522e-01
8.711232869467888662e-01
1.634163196401448026e+00
5.891347055565647750e-01
1.251318458612472595e+00
1.456762128442819826e+00
8.732628997206212662e-02
1.529334315973110314e+00
1.407808766949646406e+00
2.683578608627263384e-01
1.458919844367046137e+00
9.014487102621093761e-01
5.451563080357220148e-01
1.658435931356420090e+00
6.430242218933789333e-01
1.104182615710494364e+00
2.460904584681911977e+00
3.333402148691853029e-01
1.479660109147110214e+00
1.262148761849783529e+00
1.335040629033123760e-01
1.791544175521995852e+00
9.248318071157584086e-01
4.432174925198737458e-01
1.609504255249583737e+00
1.740906897459656433e+00
7.148523608678337693e-01
1.861833117707575980e+00
3.151480630354915324e-01
1.918436614987102384e+00
1.733261123593468067e+00
9.126158758655036896e-04
1.449815132104381288e+00
1.395910436098008134e+00
3.449113721093444718e-01
1.528313635188665920e+00
1.120046026140514517e+00
8.507590603188827094e-01
1.358466470851125374e+00
8.281859047987211175e-01
1.037461260690218712e+00
2.474806184563003164e+00
5.775330983198645463e-01
1.407850859090634676e+00
1.299205941724915769e+00
3.581737086676373139e-02
1.603553566535306452e+00
1.083897161509332685e+00
5.871476797461331332e-01
1.625309297206487757e+00
7.534302883513323001e-01
7.944535226134437078e-01
1.651894522202946414e+00
4.195767545143631594e-01
1.173294102174575748e+00
1.437341406237351960e+00
4.373107372288076444e-03
1.282721198485598846e+00
1.278774579674804679e+00
3.898642869779963549e-01
2.425840278330757105e+00
1.016761623542134396e+00
8.538826075224793533e-01
1.608287645889242334e+00
7.486961991437741659e-01
1.123825644098615850e+00
1.563798258156442245e+00
3.238278024345560002e-01
1.408869763956243526e+00
1.281906247198214555e+00
1.602165014659312492e-01
1.646081393140590654e+00
1.179035690977323636e+00
5.733178146269463094e-01
1.678362148011181887e+00
8.323737504003442256e-01
9.117375295814700298e-01
1.522685612042024461e+00
2.755092515074399895e-01
1.200041560457720147e+00
1.561094020078400701e+00
2.171180507472256216e-01
1.423361950358170480e+00
1.338829562651132399e+00
3.025754525152006269e-01
1.522575673989486233e+00
1.031538897976943092e+00
6.665421354787722796e-01
1.729648534783504221e+00
7.798977745398890660e-01
1.030962818947805504e+00
2.257517902933003029e+00
3.813757607035238029e-01
1.265246931532114871e+00
2.019786837649298228e+00
2.816280953533684128e-02
1.534261696527949415e+00
1.095060041941871232e+00
2.959588161172804210e-01
1.743504195293080095e+00
7.403430598651253858e-01
8.632551890785001847e-01
1.727064950752662531e+00
3.469901708472044044e-01
1.099232974186925560e+00
1.726445968357855909e+00
5.816117078240852500e-02
1.426642150752914118e+00
1.281727383816557042e+00
3.936855890927994928e-01
1.536836847032832409e+00
8.827323056604483575e-01
7.285287648210198030e-01
1.694834958518530055e+00
6.630679812299647979e-01
1.066008531104649215e+00
1.566867054238829216e+00
2.789946956577707970e-01
1.290866897941472136e+00
1.320264892168027115e+00
2.945271913899100841e-02
1.449386395222957757e+00
1.161062766413197833e+00
5.159090726668692506e-01
1.684456302698611241e+00
8.121304588336445418e-01
8.616237129386989935e-01
1.512078739267372240e+00
4.893029312003661646e-01
1.168226544771180819e+00
2.502044726376129624e+00
2.454240291621715142e-01
1.519275681026918345e+00
1.786482090371209530e+00
1.809928806908435439e-01
1.604576315921944829e+00
8.841569982753313406e-01
6.521332290114822960e-01
1.699541164133874016e+00
4.427646699559015242e-01
8.840190893746575629e-01
1.603602055822864303e+00
2.115759674913983701e-01
1.217976385593234401e+00
1.487911719232855701e+00
2.793705960933311472e-01
1.537974003314182214e+00
1.166797110000320714e+00
1.695790887771759126e+00
1.768361487543488542e+00
7.433618598297024871e-01
7.383409088696467615e-01
1.585051715379494075e+00
5.035657131272596176e-01
1.971479893247398030e+00
1.617070234759064862e+00
1.190040630170338676e-01
2.185179559806813554e+00
1.374380249728866854e+00
7.388697432377128171e-01
1.320905949574169513e+00
1.198391986998169179e+00
8.800785261748675925e-01
1.496274893067820688e+00
6.981392588078747519e-01
1.031142521545312052e+00
1.331231482656483278e+00
2.487387893452548404e-01
1.478552672819863911e+00
1.441738027253171683e+00
1.893649654382779379e-01
1.551404400091911162e+00
1.109422310650654442e+00
6.258563307124845876e-01
1.616295983999672004e+00
6.965563495311714037e-01
8.506935016092176394e-01
1.622347377419369963e+00
3.987551631180502598e-01
1.199508400103945771e+00
1.556854455458623665e+00
5.812776599795853316e-02
1.479114694068867530e+00
1.295059614052819219e+00
3.309919548083662399e-01
1.499478400365264585e+00
1.089353606574234634e+00
8.076792198461512085e-01
1.650235289320091558e+00
1.842939998261913015e+00
9.164617880912029335e-01
1.658522571259748002e+00
3.940637392521855742e-01
1.187221727040305153e+00
1.531018386950698362e+00
2.609521138471059265e-01
1.483028331610628303e+00
1.255346616325807796e+00
5.830718931705380914e-01
1.446874660701611193e+00
8.000619519237777144e-01
9.574910527996339793e-01
1.473784911510722218e+00
5.686160414403023111e-01
1.371875203599081328e+00
2.464468932678680169e+00
1.611990220622864789e-01
1.670463011021485089e+00
1.316233487711788275e+00
2.091465259401782406e-01
1.542390573535882270e+00
8.369090566566945721e-01
5.975162367835903376e-01
1.578389116005747717e+00
7.123017508472202497e-01
1.066240419548928786e+00
1.616011040001006593e+00
7.237342770454378849e-02
1.289258520726888513e+00
1.508089114042082679e+00
2.440163227437603388e-01
1.558895325440680768e+00
1.046676669591424469e+00
4.959743023079643542e-01
1.592708692846027230e+00
8.404627856180567624e-01
9.470432431353025260e-01
1.581548767196981231e+00
5.212378055413200428e-01
1.172638363413939677e+00
1.523399736999224263e+00
