# {'window': 15, 'contam': 0.92266295182928, 'q': 0.012640828060386657, 'thres': 1.7274283346303843}
1.501050832935071355e-01
1.294073853526419349e+00
1.388499756456999634e+00
4.722454432378926370e-01
1.593483263663553195e+00
7.702492550226240908e-01
7.604713969043324084e-01
1.628589016031979142e+00
4.593832329319464947e-01
1.114939315979897927e+00
1.585648535135671722e+00
2.544322755738788189e-01
1.379602250390123963e+00
1.407430386338452521e+00
2.582647135340501166e-01
1.393219937799401009e+00
1.015083850882026795e+00
5.522481021718599337e-01
1.548676897195504054e+00
6.933694750759240577e-01
9.086828587105264532e-01
1.420651392254569156e+00
4.434517937976005797e-01
1.129941705048806533e+00
6.366485935228898718e+00
4.471850436219819258e+00
2.591876989566967104e+00
5.057629254192274715e+00
3.964524180072241055e+00
1.638849628158987715e+00
3.725209709247601086e+00
3.189136994758894783e+00
3.308744076081100438e-01
2.195792994912922236e+00
2.436347327611808389e+00
5.619689508863277005e-01
8.308957357285042811e-01
1.655975431978548684e+00
1.336727161763839433e+00
5.232310032249558596e-01
1.072294513032609364e+00
1.364071783146787009e+00
1.025380364766342201e+00
1.164499312007479581e+00
1.166536921680461081e+00
1.358625135130424599e+00
1.158038576348127346e+00
7.754690959716354914e-01
1.714572394409969114e+00
1.023282697745979020e+00
4.189044585416834554e-01
1.863100182614677358e+00
7.586109252508241863e-01
3.190671808945166887e-03
2.086399941258227031e+00
5.130413719779614024e-01
3.486421223621625209e-01
1.984342615223585460e+00
2.626429577803093274e-01
6.291305690837587505e-01
1.789047342493282455e+00
1.230457291783941809e-01
8.914964391037674130e-01
1.664385873367152158e+00
6.306929074709717309e-01
1.137649895812622214e+00
1.572969375588466168e+00
9.431124611938979108e-01
1.142038641144826228e+00
1.175664025161546000e+00
1.427504094052814532e+00
1.214818697716071760e+00
7.879631775029181107e-01
1.562137521271315777e+00
1.044729610687422650e+00
4.197509965841499380e-01
1.920658456031862915e+00
7.392047122677805060e-01
4.724898798217180840e-02
2.020730426720176443e+00
5.161884499258069248e-01
4.504590705732329781e-01
1.976000447901309798e+00
2.269796918292152910e-01
7.437339561357805273e-01
1.878542254868959649e+00
2.849335600708209348e-01
1.039595016922760795e+00
1.596919942192922104e+00
5.970496469926480643e-01
1.071283178736776032e+00
1.419155602148328921e+00
9.696750304806442955e-01
1.175338546657091143e+00
1.020228464775871924e+00
1.436882984536419272e+00
1.107169086202078656e+00
6.025306403777381803e-01
1.619517222493638720e+00
9.055057566599260532e-01
3.827860252139672070e-01
1.842571181218089382e+00
8.702441510854801443e-01
6.264871137768857068e-04
1.884122043553274839e+00
5.447705708419698922e-01
2.337235711377032565e-01
1.770926520575406116e+00
1.858989288577643784e-01
7.770211989194044655e-01
1.889836593336894577e+00
2.946411218846716196e-01
8.766523155065097939e-01
1.796781028840226391e+00
6.724854324006388495e-01
9.731960261519474464e-01
1.413924339770256999e+00
9.730375625687193164e-01
1.150521205541007674e+00
1.127075756428790321e+00
1.236546168307361526e+00
1.140900379774988593e+00
9.200713044510946403e-01
1.644917174052598519e+00
3.848689745253936145e+00
4.875720904263599387e+00
5.944429695860550034e+00
2.902844277275072216e+00
3.546253955948844627e+00
4.896087154681639575e+00
2.273103631081642817e+00
1.991197193591196957e+00
3.939898585075071402e+00
1.420039829882425941e+00
4.942809385015749513e-01
2.792250020855822967e+00
7.926103494962255525e-01
5.210118522319966416e-01
1.663863981278945303e+00
2.302053405776671724e-01
1.360651918684517625e+00
9.143124131933380028e-01
4.977451991489925121e-01
1.605387320778163485e+00
7.204511724183841892e-01
9.991140322379248317e-01
1.564974965259672501e+00
4.092791158473598756e-01
1.095307863274735283e+00
1.440668331376082634e+00
1.167892115650470686e-01
1.503188780828468296e+00
1.154870472019538852e+00
4.065615959900164000e-01
1.534581289101417667e+00
7.783460293733028834e-01
7.002071254451589510e-01
1.581071927836498858e+00
6.222766577602829585e-01
1.036209683850490393e+00
1.613854567242738014e+00
2.189420890619597770e-01
1.347801121120737022e+00
1.291756421602983096e+00
2.795581933552000464e-01
1.576272361317480275e+00
1.017760468901215631e+00
6.413791819424385920e-01
1.442047149310580423e+00
7.118692368507861801e-01
9.528896439281258068e-01
1.535794525361991347e+00
3.283211826393941379e-01
1.093529422849801591e+00
1.397588015873868272e+00
5.236877590409250161e-03
1.452047843401315319e+00
1.102744779336838121e+00
4.262326260581748016e-01
1.632349122099112648e+00
9.859450470537964861e-01
7.798165056218664404e-01
1.584560986883229106e+00
5.196352098732202052e-01
1.079123045727619967e+00
1.521916791882617304e+00
1.816880613781819420e-01
1.372135602002328980e+00
1.189758247820408954e+00
2.669470844712336088e-01
1.540768020790148185e+00
1.007767755100060114e+00
6.483688463348347142e-01
1.410388393152603115e+00
6.184594077024936354e-01
8.994089900907322743e-01
1.427001334733844828e+00
2.956788976968685034e-01
1.177004612873375322e+00
1.444369244449779544e+00
1.825757396408711486e-02
1.231373594733154775e+00
1.210909592513521815e+00
4.604238364276067585e-01
1.591688248183880106e+00
9.213390633357150250e-01
8.909833970453142626e-01
1.596712610517258213e+00
3.548302319500269419e-01
1.063166415117063224e+00
1.554911608793496214e+00
1.372598130933653238e-01
1.233922136379458578e+00
1.343760379651600445e+00
4.310552974482817490e-02
1.503455413680157449e+00
1.141606149132874393e+00
5.449959909809152236e-01
1.678857052331640176e+00
7.505718075199947492e-01
8.701484853504073413e-01
1.431098823167465284e+00
3.318809034977743266e-01
1.220445577127348358e+00
1.384233768417166388e+00
1.980586982191034906e-02
1.423472255613370763e+00
1.109915974539243066e+00
3.117654179140565418e-01
1.535788538937312708e+00
9.726012400599568508e-01
6.965402499117363533e-01
1.769962088133819833e+00
4.942884766906061600e-01
1.029306056776436051e+00
1.501988879430125934e+00
1.288188756351615893e-01
1.431420325306859809e+00
1.306488747070215339e+00
1.972499609724955860e-01
1.540044125961021138e+00
1.025431756646685955e+00
5.155430885646072880e-01
1.549691931880277096e+00
6.065800424417542303e-01
9.267104711109563908e-01
1.589937574850686985e+00
3.819903433617710675e-01
1.221278220354976796e+00
1.469464566373895664e+00
1.916417007686277429e-02
1.329262919164746037e+00
1.199059676687673104e+00
3.701846788913449871e-01
1.482577843131705819e+00
9.397852067132497211e-01
7.964594264508626509e-01
1.488729553556920493e+00
4.736547179705485888e-01
1.113784965024077422e+00
1.550351989214894033e+00
1.593596958838627842e-01
1.461565038015203655e+00
1.463773343173679464e+00
3.016257418862906547e-01
1.512644549928779725e+00
1.024333308879112892e+00
5.999348845024830013e-01
1.519951544471748406e+00
6.909965789138770020e-01
8.097740636146131266e-01
1.682323427029071894e+00
3.112930064054317825e-01
1.235999830382167985e+00
1.302976719091551772e+00
5.744331519199619152e-03
1.406571460722584987e+00
1.070021147325103783e+00
3.073142495428360377e-01
1.527577476715865856e+00
7.608935801120306763e-01
7.131189338341741291e-01
1.505534858911209639e+00
5.593281471223328083e-01
1.021706281764446445e+00
1.461861181294876744e+00
1.445750513814161309e-01
1.401155141185313369e+00
1.187257152898014922e+00
2.797275192811419231e-01
1.526495456620969193e+00
9.794608651038441138e-01
6.591311440792395615e-01
1.520087652677567291e+00
6.541813274434620240e-01
8.751833275482692187e-01
1.528910734474981936e+00
2.166842579789207690e-01
1.277611000637588035e+00
1.502181523033721433e+00
4.103121819517951963e-02
1.409258764073872072e+00
1.108122655928760025e+00
3.844082502527239598e-01
1.559056807806530998e+00
8.016758537460564327e-01
8.841138521979132747e-01
1.542978141442466367e+00
3.746723495450261510e-01
1.052113318789293928e+00
1.555030086654218380e+00
1.385040522699689802e-01
1.423373616281802256e+00
1.417665040378963681e+00
1.879336612094970604e-01
1.355280901519382297e+00
1.023373877833899215e+00
6.058256263714660861e-01
1.556683395023231498e+00
7.698148544221918854e-01
9.277972719132527857e-01
1.450492908572334372e+00
3.842510143095854147e-01
1.237067128856319087e+00
1.498661142192787565e+00
1.291971221648857693e-02
1.498825672880883531e+00
1.146344952629965164e+00
4.439060036353517091e-01
1.566967985479351455e+00
8.969525806927407530e-01
8.928499036703811953e-01
1.613534977079847721e+00
5.856465447104426403e-01
1.193208000539199176e+00
1.398149028161101981e+00
1.661498558862763986e-01
1.305216024916321160e+00
1.287818031057344825e+00
3.617738623360899908e-01
1.529121199677243581e+00
1.053927308678261454e+00
4.960419204790120773e-01
1.603913501276402087e+00
7.343145486720139559e-01
9.955797862706798895e-01
1.695323999519773750e+00
3.897894434390547502e-01
1.253615087561652075e+00
1.474496291795839298e+00
5.351585175271544870e-02
1.337784300211977140e+00
1.182674438132528039e+00
4.459164184029802414e-01
1.567259462350808263e+00
1.032001571611040447e+00
7.184992342416780531e-01
1.492926856955250514e+00
5.726070498250521723e-01
9.766461721606631841e-01
1.645689284840896605e+00
8.780293689729035123e-02
1.374954721282342973e+00
1.185802175006713810e+00
2.150424435618436547e-01
1.545359203653209335e+00
1.277340187920218639e+00
5.771824218308800880e-01
1.625246707136181357e+00
7.239068351423636472e-01
1.040479899349758597e+00
1.535378854102916080e+00
3.964268321200918876e-01
1.235505402142269560e+00
1.338348485666134735e+00
2.567825405911428049e-02
1.456497810590285269e+00
1.141504066056812761e+00
4.286590070495286398e-01
1.569730605315006855e+00
9.790642494053205525e-01
7.608234954066652733e-01
1.427769426321269464e+00
6.005817247073590437e-01
1.112028430353674935e+00
1.389633746464129516e+00
2.038137833986919389e-01
1.381103642559253331e+00
1.331238549932972859e+00
2.336217077214843840e-01
1.425847325774102003e+00
1.125256149509397119e+00
6.646058110102828209e-01
1.510375900498949875e+00
7.187308207133700222e-01
9.531256055947245898e-01
1.493220182269510588e+00
3.817268912955977811e-01
1.094558454507287948e+00
1.407068662115783297e+00
1.161773511039427831e-01
1.519543761810918880e+00
1.130208705155709481e+00
4.707544871284667920e-01
1.567504689317242850e+00
9.001113180967372784e-01
8.125762559470093294e-01
1.532979815471021467e+00
5.511817575837429928e-01
1.122670191160560549e+00
1.413232818702031324e+00
1.991064324090014992e-01
1.165501237028227166e+00
1.377998004383169217e+00
2.744569082140007055e-01
1.451299491623890603e+00
1.036332105087531374e+00
6.885225919735962208e-01
1.624698294799577170e+00
7.982572354190065056e-01
8.976592093446615905e-01
1.540977251761908917e+00
3.764241680874906848e-01
1.297542065253402654e+00
1.370054072356284181e+00
3.381569253550864573e-02
1.371430783560713351e+00
1.084184986595445821e+00
6.148735589037919169e-01
1.430760537455148196e+00
9.577611427783558895e-01
8.324683192886332961e-01
1.459691941417993633e+00
5.045106406508725883e-01
1.140047006257248086e+00
1.466621325096207684e+00
3.688990488440282434e-01
1.328843299997810590e+00
1.350208296204375102e+00
1.687178814393632820e-01
1.388657507858530593e+00
1.075356702407821885e+00
6.096737650041159640e-01
1.472846506941385414e+00
7.613654346519922456e-01
8.881460870784287920e-01
1.464647949303914842e+00
3.861242331653329529e-01
1.246948000011915525e+00
1.379775560639920684e+00
1.429712715041002724e-01
1.397647482897570015e+00
1.178631537991137179e+00
3.720526019651213545e-01
1.465171302038841716e+00
9.692986521787450016e-01
7.151734390842925393e-01
1.697196268371467198e+00
4.555620436860596811e-01
1.061080729294463509e+00
1.519702107189543128e+00
1.607393299665762498e-01
1.268567192673877742e+00
1.253734877857684893e+00
3.021806662997885695e-01
1.523938239651631221e+00
1.017130296056432570e+00
5.776088824375555930e-01
1.643363361541137380e+00
7.808422074709628902e-01
9.573993357969055040e-01
1.541990270138715147e+00
3.290735632523027476e-01
1.206394521390068419e+00
1.409215300031943841e+00
6.795803782529752368e-02
1.505544362795534497e+00
1.265723322536814521e+00
4.020277912701288869e-01
1.458937936446821126e+00
1.006653165649584736e+00
8.519096077900236708e-01
1.450868338798855461e+00
6.807898263299492214e-01
1.070323603791552003e+00
1.472060551207595935e+00
1.563572641696158172e-01
1.372101715435592340e+00
1.392915176191539928e+00
1.649065724489116036e-01
1.469926780678912692e+00
1.010636869538227955e+00
6.996845302912220177e-01
1.483538498217461310e+00
7.993845251488025383e-01
1.056619904621069139e+00
1.499076770835284123e+00
3.539933557779626483e-01
1.193046346271890101e+00
1.420893743511369323e+00
8.183409861196011548e-02
1.394787735215189173e+00
1.188389834809692402e+00
4.666943225960054065e-01
1.553901417956781827e+00
9.391352988960637305e-01
8.089223023464011675e-01
1.636844502848283867e+00
5.110906173727212121e-01
1.069767085012921726e+00
1.524123849758213467e+00
1.420815237556087851e-01
1.429343890821334284e+00
1.331397895521719832e+00
2.591035789959512670e-01
1.452278741484454017e+00
1.064504935635920191e+00
6.143819896814548542e-01
1.574799856374024642e+00
8.509765078156927842e-01
7.828325433294587299e-01
1.553145037950972807e+00
2.781082262160445850e-01
1.232464068322773443e+00
1.488925478098522603e+00
4.030441069782320085e-02
1.567114489602502658e+00
1.098626127944118736e+00
5.033375848306107514e-01
1.533922590730867341e+00
1.027013808623804536e+00
8.083816552515923348e-01
1.548653991193065238e+00
5.399075726451112445e-01
9.891101515673668132e-01
1.606909311619338254e+00
4.124603294367545914e-02
1.384949486833994214e+00
1.335703082219906079e+00
1.025464498898571719e-01
1.490211526998534097e+00
1.133009010815023032e+00
5.388405056579639307e-01
1.618960809834661063e+00
6.262233589946379908e-01
9.029348794566498526e-01
1.525124176460641579e+00
4.412737071636740893e-01
1.150607517907101141e+00
1.419885619337705407e+00
3.690589315211134647e-02
1.434467399330177528e+00
1.295636810236395320e+00
3.779796681354827825e-01
1.599629613996897959e+00
9.307051207948209282e-01
8.281942830470061523e-01
1.621421878537793404e+00
5.075042265982485645e-01
1.073690186970532423e+00
1.452314865547174705e+00
1.536224912194796843e-01
1.361193301886190810e+00
1.292121388913104241e+00
2.930035048399997066e-01
1.626617223292424086e+00
1.060534870973992128e+00
6.082836926374071140e-01
1.594407926876321824e+00
8.103657765480747344e-01
9.887287238011097656e-01
1.484351875498882478e+00
3.926193650779197242e-01
1.313046100809593497e+00
1.431282354093005083e+00
1.200985535251195557e-01
1.563200505935359530e+00
1.170751794642807653e+00
4.698462927670163936e-01
1.508938521946275202e+00
1.005557625625128182e+00
8.519101160908935100e-01
1.516184615004641856e+00
5.659246095533472243e-01
1.082939920563109837e+00
1.535330350945917743e+00
2.278108143772072935e-01
1.327443139091725399e+00
1.319966254571030007e+00
2.132414394493622467e-01
1.374850677352299044e+00
9.923591215444247382e-01
6.511914441973587486e-01
1.681730560315893186e+00
8.841486400991431793e-01
9.890742254909579145e-01
1.524638733224330522e+00
4.195294252568810833e-01
1.210328249166353842e+00
1.498483555867753836e+00
1.648431182813325790e-03
1.334228653743490867e+00
1.177297496361660478e+00
3.469761164626046224e-01
1.523360555965817653e+00
9.634975433992885030e-01
7.453312149844038004e-01
1.455901625132186794e+00
7.794366251783468869e-01
1.141020229877915071e+00
1.505158782885319013e+00
2.066936788852729023e-01
1.471849002466971257e+00
1.304805029504386482e+00
2.040906365018351210e-01
1.331556581301608588e+00
1.021786095925570237e+00
5.764103727140241773e-01
1.686074133774786432e+00
8.681386734383025328e-01
9.774855235243560259e-01
1.401718415910362836e+00
5.719877420169421356e-01
1.243254489457811474e+00
1.303721086054892453e+00
9.842662793184508985e-02
1.435961873923520926e+00
1.236942840796933396e+00
4.464592977638961457e-01
1.589442427295317373e+00
7.817067204497494259e-01
7.144443699339522169e-01
1.559749142784557563e+00
7.224166350480665244e-01
1.052842837495097328e+00
1.496178045934836831e+00
2.795358098026419214e-01
1.334187772686270534e+00
1.223096449496546612e+00
2.450552231007954163e-01
1.366977199537267040e+00
9.333432721636523155e-01
5.578405196999511872e-01
1.420873202316075279e+00
6.775418894750853127e-01
9.284076386604400710e-01
1.598447106106467785e+00
3.639097315337522787e-01
1.372021744878468397e+00
1.377046665171459239e+00
3.391556466812772896e-02
1.549436214882902618e+00
1.236043494237190288e+00
4.650394626565379497e-01
1.504730897357850594e+00
8.174938511203126978e-01
6.528449641956832750e-01
1.702189458095681118e+00
4.931097223011651209e-01
1.151232829142722736e+00
1.520357147362020100e+00
1.362352315830879235e-01
1.342436675100863397e+00
1.140076092536535413e+00
2.516379785190316909e-01
1.531654857434388006e+00
9.463976604486941113e-01
5.684480403882137267e-01
1.664669451156962410e+00
7.257189435894115803e-01
9.410140698436215700e-01
1.513863859109127574e+00
2.627721633171251625e-01
1.014895566832544560e+00
1.334864219587917233e+00
7.453085448823948411e-02
1.447737556581691010e+00
1.095388748323507855e+00
4.090978138023011468e-01
1.589617310923037152e+00
9.390631564157576605e-01
6.862624791261335844e-01
1.581609956668918571e+00
2.943197028536133075e-01
1.114251717932129182e+00
1.337848490470177509e+00
2.833830106856662923e-01
1.339710117906754760e+00
1.309092112389928175e+00
2.239936006899139187e-01
1.433129011019225629e+00
1.051534579439877604e+00
3.861799101363949660e-01
1.665197618102970623e+00
7.442315355290460843e-01
9.625047084957749632e-01
1.635745521603817920e+00
4.519132432214050255e-01
1.296043150374385888e+00
1.334106384620719510e+00
1.509955751326028661e-01
1.420494746279926446e+00
1.116586111231528733e+00
4.720153589796840521e-01
1.591626065096276577e+00
7.617123507740615196e-01
8.341965268453890303e-01
1.571100192348460212e+00
6.356028402624627205e-01
1.112499517210645550e+00
1.301187894799715750e+00
8.109972322528591349e-02
1.354436445906655351e+00
1.278751017258336731e+00
1.378198984519176662e-01
1.579607833746994316e+00
9.693566763571563882e-01
7.465301740156782273e-01
1.596368899707774958e+00
7.312502311500761465e-01
9.179002490599970088e-01
1.445125175546211338e+00
3.981905772706983981e-01
1.295551445271062363e+00
1.303897472498620758e+00
2.382046090103351332e-02
1.414593496193795374e+00
1.190616206054393444e+00
4.036635896183788930e-01
1.531988553374901585e+00
8.503446650652612959e-01
7.421751938269220972e-01
1.695481497094510459e+00
5.615842323987152440e-01
1.006760630570381565e+00
1.291457769072488659e+00
1.860995281615309693e-01
1.288138980664772504e+00
1.252333670187358194e+00
2.160703988745069637e-01
1.550095755398233521e+00
1.140081194556952227e+00
5.739358041579798453e-01
1.505123074964213714e+00
7.035213528001111882e-01
8.789561782801573742e-01
1.548117005635674559e+00
2.842928390373060665e-01
1.326305579979447202e+00
1.395157901001583767e+00
5.429809733817059225e-02
1.458218202463589463e+00
1.185399456130554086e+00
3.410349683232389850e-01
1.474086067225911734e+00
8.976978410574254497e-01
7.820537437777677070e-01
1.491758399449476968e+00
5.602593856716406862e-01
1.009051860192801797e+00
1.600712756942577641e+00
1.949091943971854590e-01
1.316284108900346084e+00
1.246474233794012676e+00
1.935840246405273746e-01
1.536327265111243179e+00
1.079946201406254858e+00
6.496145198979164093e-01
1.598169398263779684e+00
8.536615636635787041e-01
1.013875601432404849e+00
1.558017857428708908e+00
3.397664045414874323e-01
1.159398480387679342e+00
1.543458769147372678e+00
3.721694554297272362e-02
1.465622641586556085e+00
1.186048033554460090e+00
3.651770908048899145e-01
1.431790001639154042e+00
9.809129755387520078e-01
8.410782470407891509e-01
1.668399091785298438e+00
5.827107038589680599e-01
1.138949220053673272e+00
1.539085645898865096e+00
8.568212578751932540e-02
1.446574560874051230e+00
1.370068841778708801e+00
2.985975510999896443e-01
1.465352094164950714e+00
1.007663430004189564e+00
4.399406828449610174e-01
1.518137765635762193e+00
8.404381424897380271e-01
9.713655495625737046e-01
1.581147570439158656e+00
4.041282877913801030e-01
1.182452536667598864e+00
1.380924903193003317e+00
6.661577575025567910e-02
1.309108484329334132e+00
9.700104856654014895e-01
5.272165753433597501e-01
1.603329488593372432e+00
1.022425368885707897e+00
7.021724920450935770e-01
1.537629709416107104e+00
4.770594525219173931e-01
1.114667387266260690e+00
1.530986819120199627e+00
2.678620503145587861e-01
1.305379987908724004e+00
1.360425464457982514e+00
1.122999690447326060e-01
1.450525981605577996e+00
8.569998812522623410e-01
5.027826799318404483e-01
1.611265744373881148e+00
8.476590201385718615e-01
9.898640937627209979e-01
1.517808271839104606e+00
3.651744107174579312e-01
1.111347102217385086e+00
1.313922413452363713e+00
1.189138711588633157e-01
1.473619974193370652e+00
1.188100599277662539e+00
4.738314213110168538e-01
1.476271282905234017e+00
9.089020398245786225e-01
8.949446690214148958e-01
1.565356609574727997e+00
5.861857604874600725e-01
1.170819598639537773e+00
1.386232484721549696e+00
1.065264892041195566e-01
1.198044258526783423e+00
1.410280171568304652e+00
2.832902166863302540e-01
1.368734913366319361e+00
1.126396493857191317e+00
7.010444701291689285e-01
1.516356612031277251e+00
7.815138701354324979e-01
9.614127396412843751e-01
1.573279807589406332e+00
4.140014462679495466e-01
1.199487917104320900e+00
1.425108980169992989e+00
4.481984301212627031e-02
1.417746929070485606e+00
1.190678548712419627e+00
4.271228269577136416e-01
1.568938723130452573e+00
1.016672436860948991e+00
8.163901572687866093e-01
1.483021275223938673e+00
5.091268335242435938e-01
1.031128473218482000e+00
1.368559429384601955e+00
1.311846429240208778e-01
1.436318447530203102e+00
1.199007146920058275e+00
2.175297534880975547e-01
1.525799311900534860e+00
1.111809725626660139e+00
6.217740381410230555e-01
1.516445909186838747e+00
6.767685663769302806e-01
9.322361892794361893e-01
1.433201197951136763e+00
4.203177448623112156e-01
1.103074603050611557e+00
1.436074060027138444e+00
5.841905426574811599e-02
1.536584668467179782e+00
1.117912479555089433e+00
3.540917166072485855e-01
1.641881920691771413e+00
9.779788735421615087e-01
8.231994195185219354e-01
1.499145032484911155e+00
5.166873698527396641e-01
1.098101920484527483e+00
1.433616682812745680e+00
9.473604230399601533e-02
1.379771518218079862e+00
1.299085381078516122e+00
1.495196848843320936e-01
1.339290809627424750e+00
1.050124329603361772e+00
5.438803255778861256e-01
1.708581500027362310e+00
7.226445817181090803e-01
8.315689332920133126e-01
1.495370777731402256e+00
3.228637249986601176e-01
1.193264778469810494e+00
1.429806102815039281e+00
7.949143870490615882e-03
1.464181859338488323e+00
1.185823387140276353e+00
4.174929831091596100e-01
1.582767473050497031e+00
8.057669061855534665e-01
6.991096756151549130e-01
1.574553244897270332e+00
5.623936135087141963e-01
1.187326125106508812e+00
1.495767663242805412e+00
2.471269557059958544e-01
1.326433928214040492e+00
1.345826785290778815e+00
2.107044229505898869e-01
1.579792649906810453e+00
1.093432442542663807e+00
6.026212597244580138e-01
1.473678725533678957e+00
8.284971481101877089e-01
1.075553965443218019e+00
1.419826765096130927e+00
3.440806447211439689e-01
1.194095598863340157e+00
1.352476617621814370e+00
9.189267273869106134e-02
1.505365487373587996e+00
1.169033500179217810e+00
3.779750949495941370e-01
1.417686252086868492e+00
8.094041584703042247e-01
7.793755431851305815e-01
1.517331539358028891e+00
5.860198147461428420e-01
1.253834698366077305e+00
1.403616745047184367e+00
2.118360647454800016e-01
1.371693691991662689e+00
1.274702979334968234e+00
1.997861352475798213e-01
1.729362214852685042e+00
9.543633382051428526e-01
4.774660588443211395e-01
1.453882123602392440e+00
7.094176410510097952e-01
1.069335579023183769e+00
1.457717062076520520e+00
3.723540509023184342e-01
1.330849069751947056e+00
1.432756980357209997e+00
2.399420748687752791e-02
1.367307068706899997e+00
1.037908926559964584e+00
3.626996245683500320e-01
1.614247123478040891e+00
9.402440668245599653e-01
8.413416738301844333e-01
1.613607105957662213e+00
5.042135780420125002e-01
1.150253872404308098e+00
1.468061539147207384e+00
1.259693110386415071e-01
1.333917694466087767e+00
1.237998610628082474e+00
1.437226367024457829e-01
1.435621900623594627e+00
1.015720664773828830e+00
5.419341256554588426e-01
1.526388195824184280e+00
6.038123110718522923e-01
7.538296326572613282e-01
1.582797926058489679e+00
2.603178534946088973e-01
1.130780408921644664e+00
1.333115436744000348e+00
7.458311040817910964e-02
1.494029513971677048e+00
1.225509745113990689e+00
3.123182913324864529e-01
1.558967833310706652e+00
7.594583753666253045e-01
8.113244003496937751e-01
1.523774893889243032e+00
5.204093479490818908e-01
1.092210909440449740e+00
1.586076092143784422e+00
2.039525225300451439e-01
1.340557115855149917e+00
1.298379568124300221e+00
2.848341019149724929e-01
1.448698747102442397e+00
1.106208294869558628e+00
4.894971862553312292e-01
1.571733317252499873e+00
7.564591872907371339e-01
9.409820542323554804e-01
1.529566140985961553e+00
3.185111822859028052e-01
1.177415896960640751e+00
1.453857177126224087e+00
1.280139304557810220e-01
1.616795771525524117e+00
1.239478196369397267e+00
4.748681207095710732e-01
1.626876493743568020e+00
8.913633596719581220e-01
8.002632493684096460e-01
1.625941267449604766e+00
4.769722909311351344e-01
1.059926141393887633e+00
1.494868612034029098e+00
2.928703730255985960e-01
1.330495074044158343e+00
1.287430722337134625e+00
1.868855996492690963e-01
1.549538031721473530e+00
9.659777665420801185e-01
7.483522848172050601e-01
1.564697289470510455e+00
6.872546270025683413e-01
9.458795084811164600e-01
1.541759458711457142e+00
3.231995024428595542e-01
1.158935337493808504e+00
1.353410704955905430e+00
9.921197882571064497e-02
1.439296919471477310e+00
1.265121169464254791e+00
3.536283029799278665e-01
1.554620909118405336e+00
6.975304941329625308e-01
8.130291862607421649e-01
1.447705056445190763e+00
4.888494769134315021e-01
1.120130397315321602e+00
1.628492027853658541e+00
6.471447384868511676e-02
1.230781365825121654e+00
1.402830674334284211e+00
2.697741129854325237e-01
1.662605798991608097e+00
9.891293962640759219e-01
6.715455386458319964e-01
1.414710989729147883e+00
8.365438110834393370e-01
9.514616257694079593e-01
1.517045028097021131e+00
3.447659964931126808e-01
1.096104575617193433e+00
1.485925778246773632e+00
9.385548566121748593e-02
1.293083661182174993e+00
1.256425001708663558e+00
3.687234262586507327e-01
1.520776110736729692e+00
8.882502174343880341e-01
8.547052379271811162e-01
1.509158171400970971e+00
6.630737703858020637e-01
1.225807350985093080e+00
1.376944463116542394e+00
2.277987111681056831e-01
1.331951060852123447e+00
1.332933048217006089e+00
2.403771265927101553e-01
1.568428514005823615e+00
1.126993170298128177e+00
6.619747611339814597e-01
1.578300640371448793e+00
7.050688193064242881e-01
1.048528515771080194e+00
1.503836640451789108e+00
3.589958614473651721e-01
1.295876353288116789e+00
1.303691619789725920e+00
2.020765477565831247e-01
1.460193478610159801e+00
1.310420334047885049e+00
4.331546270947814747e-01
1.560144700232021009e+00
8.275115944759061648e-01
6.874477932882641085e-01
1.597340157654256743e+00
5.749810544904949694e-01
1.240403638304355738e+00
1.496058116719282793e+00
1.806432203274095372e-01
1.297587959653764500e+00
1.350710482776138477e+00
2.288631638254585710e-01
1.447532272495351435e+00
1.156893059368126586e+00
6.540098596534047459e-01
1.681043944120224509e+00
7.523979067900192774e-01
1.036436342271175093e+00
1.497667965411002555e+00
1.931767137603728202e-01
1.256455384466372394e+00
1.384905584042062543e+00
6.497119307114651576e-02
1.321528098458456313e+00
1.204019917063597234e+00
3.279728177649534615e-01
1.481488576583686267e+00
9.415357073652010911e-01
8.172154231443080619e-01
1.681001379621685388e+00
6.526915898709120256e-01
9.535221204016774976e-01
1.444079381328451817e+00
1.197889000286256334e-01
1.263366317215128376e+00
1.198134117951278554e+00
1.238527626134757753e-01
1.322041624894286116e+00
9.697016088727661298e-01
6.743038421839511187e-01
1.567637265606675712e+00
7.517883258943349745e-01
1.034956128744298098e+00
1.524362092563796622e+00
3.285180777168044131e-01
1.170657859037479653e+00
1.213316675388055543e+00
1.610388777455895593e-03
1.409587094664072282e+00
1.189052046964397036e+00
4.814266875183914607e-01
1.722554564587204240e+00
8.435381225969411645e-01
6.677134897740373276e-01
1.473194995635564553e+00
5.973323032499564533e-01
1.144042708284047194e+00
1.416538290097893338e+00
3.117270320153942009e-01
1.322670806059436543e+00
1.304574770646803827e+00
1.705343039989362097e-01
1.553829334999697664e+00
1.016767095184338388e+00
6.564956408245752328e-01
1.544302176023029105e+00
6.867118665858136239e-01
8.797504214542239964e-01
1.540495997725916055e+00
3.927446471440489972e-01
1.205233561642662821e+00
1.317392283172914347e+00
6.009388318389419226e-02
1.401770658109695589e+00
1.272594257837727838e+00
5.369611242145762020e-01
1.621997809906057242e+00
8.195315022006592898e-01
7.807640857283697500e-01
1.584983473459377734e+00
3.781872920031119634e-01
1.067497884166959565e+00
1.580062704101390381e+00
2.557116155346879083e-01
1.377036699974182099e+00
1.185453456497761238e+00
1.874467675323288063e-01
1.639387301939597918e+00
1.061085547518871408e+00
6.678350555982959236e-01
1.559601913493093406e+00
6.917486751683696866e-01
8.743271178364722118e-01
1.542023141294128763e+00
4.277536419680583180e-01
1.304036418810479603e+00
1.378833335555475159e+00
7.168842804700048532e-02
1.486180465089514513e+00
1.237799808474202123e+00
3.637857742098553615e-01
1.535865460177271657e+00
8.745393768856963845e-01
6.756721851135019108e-01
1.631957258947018374e+00
5.023030429159387467e-01
1.057859939205782140e+00
1.507844867956517731e+00
2.884978355827954033e-01
1.407024622647334411e+00
1.227381629911052485e+00
2.317918007686028403e-01
1.577946964482400460e+00
1.097376091827543476e+00
5.584449546429013367e-01
1.504492788945999138e+00
8.407909165235629700e-01
9.066687775793518256e-01
1.546857679958876020e+00
3.327525329004448196e-01
1.137507880816844619e+00
1.441096784011650200e+00
6.301065608374756266e-02
1.347619537859388927e+00
1.153375494497931086e+00
3.044138065896149214e-01
1.542998348013366439e+00
8.803690149762051220e-01
7.749912598727934920e-01
1.409347772488263928e+00
5.644615465315023783e-01
1.152432991968652232e+00
1.481862271007127418e+00
8.762983455680917189e-02
1.287771133324232764e+00
1.350918325055369351e+00
1.827282565610204301e-01
1.496546836403529923e+00
1.084499921936695088e+00
5.940938278800480532e-01
1.588587145518998156e+00
8.030990608924604146e-01
9.087123771556750995e-01
1.554039249424040037e+00
4.857797302572119946e-01
1.160458321367151768e+00
1.323802336157093862e+00
7.860336104878840047e-02
1.393026295700238393e+00
1.233797087188840180e+00
3.562686703529838184e-01
1.452517499446939198e+00
8.024641974853459203e-01
7.827117235694949215e-01
1.642640681235880251e+00
4.713086504320482817e-01
1.202189059281860040e+00
1.434254893893328386e+00
2.424346219894886190e-01
1.269979136139953724e+00
1.287674661047645941e+00
2.639165149720348325e-01
1.435136517918136789e+00
1.082326201231659013e+00
5.194230562714512445e-01
1.529870965805983474e+00
7.281722903406215863e-01
9.909204994054672255e-01
1.493003309004011570e+00
4.298420790462600394e-01
1.159943950969191562e+00
1.431558082611472216e+00
8.834068599129629717e-02
1.429579304578505017e+00
1.077749057779403330e+00
4.094068234980348109e-01
1.506705864917234905e+00
1.026194582633959129e+00
8.519031293543353200e-01
1.554851219426467424e+00
5.336977014726258517e-01
1.005816535840022397e+00
1.462398445847743034e+00
1.914628020287825194e-01
1.207804653810093498e+00
1.304389238834724907e+00
1.453890623024669537e-01
1.606511499033798529e+00
1.111602436609789635e+00
5.689218992046303214e-01
1.627889947118577041e+00
7.435907555481584552e-01
8.954085238400093516e-01
1.514303673022689978e+00
4.923418950359828017e-01
1.157500806657619563e+00
1.448790214031363988e+00
6.079087574033081864e-03
1.403281359911556336e+00
1.224550062763560376e+00
3.986521926936070770e-01
1.474696827190713933e+00
8.994666436708165236e-01
8.340152048653468597e-01
1.532696954313387039e+00
4.343084127221175095e-01
1.054068614029395334e+00
1.606962044087060448e+00
2.183321696998561379e-01
1.353633536379108548e+00
1.285259002973646147e+00
2.706697883456943288e-01
1.383777832963513532e+00
1.150785336708041839e+00
6.309258924205050079e-01
1.619837690317973866e+00
6.739162344977778218e-01
1.049946590071817454e+00
1.446599673141601983e+00
4.192047530604785521e-01
1.171458559066950400e+00
1.583881938047138505e+00
5.185745235755057081e-02
1.394400278494215328e+00
1.207494150218726858e+00
4.681535213837815235e-01
1.598937860478416795e+00
8.551054517542731048e-01
9.126637271658157857e-01
1.507099390028090014e+00
5.830563692186672142e-01
1.155096469145991733e+00
1.554842091872655985e+00
3.451317248606500243e-02
1.387405484403506861e+00
1.237033175228640758e+00
2.921788458972631730e-01
1.468103056568796916e+00
1.144561698163977681e+00
6.582632325145905128e-01
1.641939998795635347e+00
5.986221798123718685e-01
9.680499044282004917e-01
1.620254653620964547e+00
3.108928877581291772e-01
1.038948159801529769e+00
1.445242866325735065e+00
8.662192899630838383e-02
1.452014200573609415e+00
1.218553497334431412e+00
4.215367876845608208e-01
1.641644441757495798e+00
8.326429384284352864e-01
7.275508464243216622e-01
1.609808665286211138e+00
4.284679477213835241e-01
1.013447324613217404e+00
1.555042881178639647e+00
1.013514942865683111e-01
1.359993437706568997e+00
1.320438596517165664e+00
2.994659728467947701e-01
1.435019814745308153e+00
9.069798055718276686e-01
4.765209840948436693e-01
1.656558126746727311e+00
6.850346891450573850e-01
8.636800102709525362e-01
1.513041460290173390e+00
2.513951390409676634e-01
1.207781541784370916e+00
1.488424703935931959e+00
1.631184333846036338e-02
1.437328094748311358e+00
1.307961200103891386e+00
3.580312074080449491e-01
1.505737332043107557e+00
9.002419519275850490e-01
7.004684978506663384e-01
1.554871713544171641e+00
4.828317531378534255e-01
1.036876121864358069e+00
1.525063907967474819e+00
1.917252291196511749e-01
1.484400908366014349e+00
1.427786876693039275e+00
3.506547080341171352e-01
1.367890888364115654e+00
1.146895992338249570e+00
5.798460483841321178e-01
1.546097377020629438e+00
8.847067799518448794e-01
8.650800214111864506e-01
1.527142535907675125e+00
3.379285249966450522e-01
1.224756012188761289e+00
1.455336220509840572e+00
3.616520987489657557e-02
1.472767402099158573e+00
1.197260295126204355e+00
4.482387433518049136e-01
1.538036708297056521e+00
8.206802300104882875e-01
8.387512685485489783e-01
1.546363109102882660e+00
5.215278374245606585e-01
1.114522773622583784e+00
1.445790708996039342e+00
1.517896171591299748e-01
1.465286786456092116e+00
1.343605945149498382e+00
2.126494291839851059e-01
1.540407471184279231e+00
9.591419082307357513e-01
7.088898981591569282e-01
1.594130524721613540e+00
6.391411353361071690e-01
1.011880873266919778e+00
1.594396259763799506e+00
3.699918678352442925e-01
1.274214344803986876e+00
1.382253427676028323e+00
5.692644625604259545e-02
1.336073118098205725e+00
1.166106112562149022e+00
4.900195476843123288e-01
1.569273650848355572e+00
7.778001685893478623e-01
7.573422388385342430e-01
1.274468319855863285e+00
5.552022445519781968e-01
1.150798827180970818e+00
1.495962045446388444e+00
1.639650242630530386e-02
1.308165893955901993e+00
1.245930522356784920e+00
2.450711809576961997e-01
1.464594303712456025e+00
1.045772689019175417e+00
6.046332034552275303e-01
1.485524130387995356e+00
6.850140507201150086e-01
8.747136662988044264e-01
1.514954678982189051e+00
4.021226298776490182e-01
1.350047727306501244e+00
1.475451752824053386e+00
8.141492455150611818e-02
1.384069602555523915e+00
1.223397783396118044e+00
4.816162515346888995e-01
1.565644282890930938e+00
1.061464717496850341e+00
6.320401911891391222e-01
1.464970404815066019e+00
4.894399908851045922e-01
1.132470761022780437e+00
1.394729372194840167e+00
1.522188547372813616e-01
1.297142880228189910e+00
1.382300891298257284e+00
3.260558787928644620e-01
1.515147753325567948e+00
1.066548766166143025e+00
6.312933161507814361e-01
1.564345723671783261e+00
6.797775050530141527e-01
8.440091759041994379e-01
1.564249382503282604e+00
4.879811888180061175e-01
1.189500044475719776e+00
1.329409340292277975e+00
9.049657786793119385e-03
1.445596394854918643e+00
1.236179066971295981e+00
3.848933141338335417e-01
1.602506249297983132e+00
8.305730167373237549e-01
7.196424992177110624e-01
1.482778038243834473e+00
5.164852080382118515e-01
1.159125237424683874e+00
1.458512616355427838e+00
1.355167928831377822e-01
1.208924063465410370e+00
1.341206612892351657e+00
2.031914930417730858e-01
1.642398534079539729e+00
9.917574708531251559e-01
5.075205404745997129e-01
1.520567762113103072e+00
6.961590309898113560e-01
8.423076116848946526e-01
1.598539586068843832e+00
4.181527837007372739e-01
1.235672799987582948e+00
1.487738253538967825e+00
7.334995499203600389e-02
1.223232543936855876e+00
1.210456977989936789e+00
2.139466268145202577e-01
1.611596778080121695e+00
8.051461157226391663e-01
7.172973883285767016e-01
1.529232824313835337e+00
4.906109190931662312e-01
1.004321430871000231e+00
1.501934399848645185e+00
1.050483187539210661e-01
1.260473177518043997e+00
1.313747174779390292e+00
3.336664166977847401e-01
1.520927497771012327e+00
1.290893279758652312e+00
5.689846169524699349e-01
1.559691890812306525e+00
7.728674040481084972e-01
8.332097653377648072e-01
1.636022073713439440e+00
2.472012422570095680e-01
1.204309631112902679e+00
1.450838213529893395e+00
1.212079999377912998e-02
1.371194472820770116e+00
1.136338345105142977e+00
5.259894015008086399e-01
1.571933660956990053e+00
9.483659775895869615e-01
7.420838864643073407e-01
1.369350537893659236e+00
5.907255729805829247e-01
1.246238885524109108e+00
1.428548094683762315e+00
2.866028873339026006e-01
1.270798723068933711e+00
1.272386688677091371e+00
3.174143355990750592e-01
1.470714421848132503e+00
1.068757413043934790e+00
6.413741900214748881e-01
1.667269007766975619e+00
7.606298614111040024e-01
8.905842809201640620e-01
1.584575544456669149e+00
4.329683714429215513e-01
1.235932028352255685e+00
1.396712237892145936e+00
4.442353585395153459e-02
1.461218082737625323e+00
1.143676240231728869e+00
3.211618678365883994e-01
1.524097265350798480e+00
8.725433623763230173e-01
6.985064319180676051e-01
1.555926086938628217e+00
6.379462917810041489e-01
1.055791531489473911e+00
1.435213775215689935e+00
2.763336941291871796e-01
1.317921855743264814e+00
1.371593104150024445e+00
1.756507879004054473e-01
1.497625296287687036e+00
1.291684173074212794e+00
5.315923415371468508e-01
1.686051575132410107e+00
7.471595137726794178e-01
9.618951632658756523e-01
1.680058120557069046e+00
4.863743292572610954e-01
1.231122847306160395e+00
1.378174905084231128e+00
4.897885009687286129e-02
1.471243545890782656e+00
1.177151119102614274e+00
4.496974427370776795e-01
1.497128490357491515e+00
8.731523689947415789e-01
8.324623726653026523e-01
1.555006752080924315e+00
5.659139291028143504e-01
1.106278246309841506e+00
1.547624987355684212e+00
3.428141514232585507e-02
1.345619136338637389e+00
1.426189701075383454e+00
1.733149611273478996e-01
1.608901886914182455e+00
1.057121403549253102e+00
4.381041240742131748e-01
1.512762862254025009e+00
8.739794021185733897e-01
9.263102894009698218e-01
1.688977569885906860e+00
2.524977783035495804e-01
1.199511857350557875e+00
1.381305915118383965e+00
2.381064813025446369e-02
1.460487794495966440e+00
1.104655570933422482e+00
4.965843394602060812e-01
1.498539005107524247e+00
7.944272111711114803e-01
6.528263367020858965e-01
1.586330682558605432e+00
5.688134032160814257e-01
1.135408611036412552e+00
1.484544073437987777e+00
7.103328576314460463e-02
1.305052347170063243e+00
1.298699169598739545e+00
4.625775784191610285e-02
1.566546736349579305e+00
1.010109782796838829e+00
6.075282279380243011e-01
1.490776078188229548e+00
8.646549383566153324e-01
7.995051373892092528e-01
1.508306193470687617e+00
1.777300012671432228e-01
1.343542505920275687e+00
1.294263647972831777e+00
5.077911503390453163e-02
1.334112572037495781e+00
1.104592000825769915e+00
4.710729584991621977e-01
1.558696541725897333e+00
9.044062120277125416e-01
7.540834582347581971e-01
1.547436384010829613e+00
5.526448221702828789e-01
1.064474943996845724e+00
1.560350667430157046e+00
1.532967441485411086e-02
1.240137004018333045e+00
1.360946610786998079e+00
2.841722370681942778e-01
1.485865464887545784e+00
9.729846654254501459e-01
5.222195214508751349e-01
1.614146038858129018e+00
5.783629803049556983e-01
9.846044352986318415e-01
1.490684998387164839e+00
3.532770412562094009e-01
1.175921392241416896e+00
1.465203567292192588e+00
6.650123778441674460e-02
1.488708258535602624e+00
1.171892193426504747e+00
3.548056580604992405e-01
1.539497007288066044e+00
7.390388525052120627e-01
9.414745348860318330e-01
1.679000538214619809e+00
6.418298208561488138e-01
1.055215862761782475e+00
1.403178979608208365e+00
1.646085405899722076e-01
1.356327869982075995e+00
1.299857717828290404e+00
1.738528267819035023e-01
1.510373222315092079e+00
1.108141149667453362e+00
4.761427912478559676e-01
1.686378610767402364e+00
7.169078666819999057e-01
9.550242460966806846e-01
1.442456327058652121e+00
2.378840840342473228e-01
1.210472821360616180e+00
1.381536791903066330e+00
9.823128270938319417e-02
1.361454065788748835e+00
1.256119108278655361e+00
2.965954887588306832e-01
1.533982275161896780e+00
9.049146483229684179e-01
6.695392104979607240e-01
1.619282635162269557e+00
5.473257432124931654e-01
1.033817034767121612e+00
1.474140469407927867e+00
2.902147842349691587e-01
1.304417071577370635e+00
1.228734931457500679e+00
1.910057942600857928e-01
1.516909841350269517e+00
1.009058554495078752e+00
5.921667624435738020e-01
1.498822418896592623e+00
6.911252714633118188e-01
1.055709266201779073e+00
1.567278041320184556e+00
2.894170013971155697e-01
1.225212495222786302e+00
1.413183445333141108e+00
5.718353571787915257e-02
1.324012984923720992e+00
1.153810532487520746e+00
3.908201048926294163e-01
1.539413649899378456e+00
7.853496176425487363e-01
7.577502735411592028e-01
1.630298617044752874e+00
5.346942982973281744e-01
1.157386701443723354e+00
1.557445354278176097e+00
1.220546132458775190e-01
1.349245838044378587e+00
1.283130657181503764e+00
1.996520852977887728e-01
1.476869878587645957e+00
1.045257112697758117e+00
6.065094035056315391e-01
1.628188873852531415e+00
6.785596125552579849e-01
1.041432484180949913e+00
1.538363614719601813e+00
4.021593975982931113e-01
1.077266999693932803e+00
1.497103794473339633e+00
1.868218661803648928e-01
1.535475050241780437e+00
1.256622229244792166e+00
4.808723527270331033e-01
1.481363445870307771e+00
7.785581530780962822e-01
7.862245558065819040e-01
1.570111312600051434e+00
4.329740656839966562e-01
1.023327753194152478e+00
1.446455871127845683e+00
3.143642179379391166e-02
1.211673910905718188e+00
1.304311720209192060e+00
1.666510921047947846e-01
1.393737227041368598e+00
1.049786198146959393e+00
5.708626096196720567e-01
1.605419158439451266e+00
7.733891482674533080e-01
8.715820371628666408e-01
1.546889313309483427e+00
3.303367660131488748e-01
1.154650260191084854e+00
1.571548103709240252e+00
6.347410699306443860e-02
1.408419436327358554e+00
1.246045309437011639e+00
4.512575664776079520e-01
1.555897405895258601e+00
8.770226116247812342e-01
8.632253522122610434e-01
1.577881013751181172e+00
4.809422525388011849e-01
1.079016787471163141e+00
1.578225480915591561e+00
7.428513617132104230e-02
1.400730926850375369e+00
1.262010875973174961e+00
2.688202347742016940e-01
1.464526329765080348e+00
9.454328482693732383e-01
6.275232837313318157e-01
1.456728075834481828e+00
7.508940589724488746e-01
1.002588366544381770e+00
1.461835198051309348e+00
3.403355958376526047e-01
1.240675142432419165e+00
1.411982455367791545e+00
2.235745531812955988e-01
1.405938020192996518e+00
1.200669663460507408e+00
4.274044671601409107e-01
1.722796583411835059e+00
9.015923418422939761e-01
9.071641645116343966e-01
1.529014666595942984e+00
3.820363102897132990e-01
1.148160801568471001e+00
1.414796212574911394e+00
2.843569808855406222e-02
1.323621765607825296e+00
1.222393524778391694e+00
2.274804738843165808e-01
1.396809114542342911e+00
1.004061161096590382e+00
6.547679741200429504e-01
1.577152546443072012e+00
6.541305304480857785e-01
1.028998581426542103e+00
1.527431805096297168e+00
3.593341157461189539e-01
1.167530274403763002e+00
1.437500662026382159e+00
6.353919066898505719e-02
1.316085031150761253e+00
1.196657680132485524e+00
3.682691991656881214e-01
1.593111226332050379e+00
9.619506836455542498e-01
1.000375158389024577e+00
1.658447285627103085e+00
4.760851156045742272e-01
9.938328648339869176e-01
1.598226768738395975e+00
2.859503548924546834e-01
1.343921586803629609e+00
1.428824923713287731e+00
2.561844966394914991e-01
1.497095598427417684e+00
1.111212724414400554e+00
6.335743443202517255e-01
1.724685172347429685e+00
7.947581738005808916e-01
8.793831575685295832e-01
1.622711404679048286e+00
2.401749953636684864e-01
1.291423529189042796e+00
1.514544922928251935e+00
8.861266486765373429e-02
1.490874738582750325e+00
1.193204000130080544e+00
3.698334927527806570e-01
1.435733117354528687e+00
9.192976953623315239e-01
6.985262875689297601e-01
1.643572989712351884e+00
6.442906428243393435e-01
1.186494270839926202e+00
1.491457976509675376e+00
1.963014235686237896e-01
1.434995542709492256e+00
1.375459766701951025e+00
2.653482098367039299e-01
1.500791837598233869e+00
1.040300807939585681e+00
5.145681946745561675e-01
1.427797090646791389e+00
6.094657983304045956e-01
9.826172309168725860e-01
1.512936649967418390e+00
4.222624372010486127e-01
1.176579510360758363e+00
1.550160317407248911e+00
1.508502795473987135e-02
1.473359929267468615e+00
1.155022581122112868e+00
4.359998421570452365e-01
1.389927456247708193e+00
9.448335701644090534e-01
7.789490912510768084e-01
1.663713330389603229e+00
5.775911240977027461e-01
1.003177467560490754e+00
1.431867081915685347e+00
2.491089079313031363e-01
1.275399636786676894e+00
1.290879521118922568e+00
1.387324512039409541e-01
1.516015275730419276e+00
1.098771754178571314e+00
5.634066946513627272e-01
1.512183793175553959e+00
8.013432864545961820e-01
8.827332939694194636e-01
1.542237000621303977e+00
3.034373224998105911e-01
1.256781742081438225e+00
1.396423690620775204e+00
3.535388596501576330e-02
1.530867317164098296e+00
1.165180532237918953e+00
3.437014163730438554e-01
1.631577523965583865e+00
9.612589894682805891e-01
6.651926890835895279e-01
1.703861298579955275e+00
5.601362044256710249e-01
9.849118661181854861e-01
1.645625943012261061e+00
2.047825756306451694e-01
1.397746174303224009e+00
1.443361316365100677e+00
2.395578787653533936e-01
1.473943418486083345e+00
9.941669889587743114e-01
5.929223646826411454e-01
1.671993910662184391e+00
7.454001400252767695e-01
7.882576186282470587e-01
1.575613286868017937e+00
3.316761837555670667e-01
1.152764989990899380e+00
1.310803306824430692e+00
4.706799579192910699e-02
1.358617925839499918e+00
1.197482712958473527e+00
3.281742174951691737e-01
1.414507541501672350e+00
9.377832915739627850e-01
7.515161848219360508e-01
1.394460789591391858e+00
6.107362001293239473e-01
1.071067073577374629e+00
1.544553816758684306e+00
4.144127783034079471e-02
1.323059901818256279e+00
1.419488557320784494e+00
1.889686697389585390e-01
1.474408892484984079e+00
1.066991538233374115e+00
6.998745178398291245e-01
1.603001873461469273e+00
7.225349182509592794e-01
8.626871912641949081e-01
1.488391174171630027e+00
2.924367151405711240e-01
1.167550522700475213e+00
1.464999919488198188e+00
2.870012937579780044e-02
1.400015598715608434e+00
1.270952353279254154e+00
4.722117588324206139e-01
1.451168677032327992e+00
9.886647797263190540e-01
7.973226561554405123e-01
1.567998264920168694e+00
6.245125627542567059e-01
1.021134658226396041e+00
1.459190011645365104e+00
8.960457734476356961e-02
1.222992521803845989e+00
1.339129710672096962e+00
2.907997206220489517e-01
1.487592310342000346e+00
1.143017666778085584e+00
6.171387483403414365e-01
1.644699858213950705e+00
7.893006650253688861e-01
1.027626390017626790e+00
1.562020542284088265e+00
5.711982760152984895e-01
1.301012425181431453e+00
1.520984818725668930e+00
2.949912005574084617e-02
1.386636810662633224e+00
1.180642697923616424e+00
4.666041796052979862e-01
1.596973471205849648e+00
9.054984713493094972e-01
8.025805387387787704e-01
1.500902617724806376e+00
5.926809113766040582e-01
1.193107176293555227e+00
1.457318623102617394e+00
2.005953310488308716e-01
1.357330702833618119e+00
1.324438718809583193e+00
3.298983601438578717e-01
1.483007680358147340e+00
1.110513479648247426e+00
6.206142539672541147e-01
1.540598521793674180e+00
6.780464374576844477e-01
9.975661299487743605e-01
1.636518862914165595e+00
3.716009277566829638e-01
1.188080194184850669e+00
1.410200105301230522e+00
1.671197221507725317e-01
1.527146259296637609e+00
1.095256352524732080e+00
4.171238986463023934e-01
1.493222737219769058e+00
9.028371595113870995e-01
7.393682222011204175e-01
1.505650484466537264e+00
5.797773323061612416e-01
1.101720210851485859e+00
1.372048575427863071e+00
1.161273801292939112e-01
1.310613576697058136e+00
1.245475600508138214e+00
1.596337520284070166e-01
1.504970049270308863e+00
9.584307862640510933e-01
6.293049004640245414e-01
1.538475066514234157e+00
6.489480556621813889e-01
9.539321289597211262e-01
1.548576329301084797e+00
3.832927491555579991e-01
1.275680700400533496e+00
1.343174636024118129e+00
9.317615828373249087e-02
1.333377456493760604e+00
1.261528409432328246e+00
3.812440823082532404e-01
1.617228935133814716e+00
9.486136386417900468e-01
6.969147752089011050e-01
1.520069605205112140e+00
5.376086652177516356e-01
1.131029630523853413e+00
1.545238450748632530e+00
1.604862825634203460e-01
1.327192410883332840e+00
1.232094952265413212e+00
2.222159360815041396e-01
1.509996667349772892e+00
1.060925514639739831e+00
5.512648190168949469e-01
1.684179873997962318e+00
8.326812819802800192e-01
9.926590827055772337e-01
1.577037149809141781e+00
4.041798827606228883e-01
1.202632485889559177e+00
1.492982084631419681e+00
