# {'thres': 0.04781723618507386}
2.857688069343566895e-02
1.316308975219726562e-03
1.816105842590332031e-02
4.957318305969238281e-03
1.974219083786010742e-02
1.072201132774353027e-02
1.194247603416442871e-02
4.651445150375366211e-02
1.112222671508789062e-04
1.102581620216369629e-02
3.560984134674072266e-02
6.668603420257568359e-02
2.939023822546005249e-02
4.548549652099609375e-03
2.550942897796630859e-01
9.792406111955642700e-03
2.283692359924316406e-02
1.883006095886230469e-02
6.459409371018409729e-03
2.903342247009277344e-03
3.557538986206054688e-02
1.917599067091941833e-01
8.892536163330078125e-03
2.952593564987182617e-02
1.384630799293518066e-03
5.377441644668579102e-03
1.280665397644042969e-03
1.267011463642120361e-02
1.492407917976379395e-02
2.925759553909301758e-02
2.456104755401611328e-02
2.937197685241699219e-03
3.332573175430297852e-02
1.635304093360900879e-02
1.274976134300231934e-02
1.375091075897216797e-02
1.692739129066467285e-02
2.258414030075073242e-02
1.535779237747192383e-02
1.703047752380371094e-02
8.248295634984970093e-03
3.374361991882324219e-02
4.024744033813476562e-03
4.507208801805973053e-01
1.355767250061035156e-02
2.176660299301147461e-02
3.314486145973205566e-02
5.722761154174804688e-03
4.205453395843505859e-02
2.383422851562500000e-02
2.378797531127929688e-02
1.832115650177001953e-02
1.402562856674194336e-02
1.187691092491149902e-02
1.385498046875000000e-02
2.698008716106414795e-02
3.136076033115386963e-02
1.764404773712158203e-02
8.427798748016357422e-03
4.633784294128417969e-03
2.520066499710083008e-02
5.697047710418701172e-02
2.463231980800628662e-02
3.765749931335449219e-02
3.640425205230712891e-02
6.256803870201110840e-03
4.748171567916870117e-02
3.432869911193847656e-03
8.134160190820693970e-03
3.702932596206665039e-02
1.454901695251464844e-02
8.935339748859405518e-03
4.410684108734130859e-02
1.862406730651855469e-02
1.318909972906112671e-02
2.033686637878417969e-02
6.558001041412353516e-03
9.632796049118041992e-03
8.023083209991455078e-03
2.104848623275756836e-02
3.657773137092590332e-03
3.510892391204833984e-03
4.307162761688232422e-02
3.819862008094787598e-02
6.634533405303955078e-03
2.501511573791503906e-02
6.082022190093994141e-02
1.054551452398300171e-02
1.306170225143432617e-02
1.444858312606811523e-02
3.404844552278518677e-02
7.779896259307861328e-03
1.176458597183227539e-02
6.536059081554412842e-04
3.976428508758544922e-02
2.475899457931518555e-02
5.952145904302597046e-03
1.382112503051757812e-03
1.710611581802368164e-02
5.726690590381622314e-02
4.320740699768066406e-02
1.086592674255371094e-03
6.216524541378021240e-02
2.161532640457153320e-03
4.460215568542480469e-04
1.567645370960235596e-02
3.089845180511474609e-02
2.477216720581054688e-02
9.525418281555175781e-03
2.081537246704101562e-02
4.482078552246093750e-02
4.664778709411621094e-03
8.148752152919769287e-03
1.642769575119018555e-02
4.235863685607910156e-03
2.475967258214950562e-02
1.953077316284179688e-02
2.772909402847290039e-02
9.193055331707000732e-03
5.393981933593750000e-03
1.562237739562988281e-03
3.840296156704425812e-02
1.964622735977172852e-02
4.274904727935791016e-03
2.212167531251907349e-02
1.452058553695678711e-03
2.584630250930786133e-02
1.170243322849273682e-02
1.347425580024719238e-02
3.553968667984008789e-02
4.920691251754760742e-03
1.973599195480346680e-02
2.887630462646484375e-02
1.830446720123291016e-02
1.748846471309661865e-02
1.157677173614501953e-02
1.778973788022994995e-01
1.657178997993469238e-02
2.834433317184448242e-02
5.351150035858154297e-02
1.877405121922492981e-02
3.612303733825683594e-02
2.749323844909667969e-03
5.408536642789840698e-03
4.855453968048095703e-03
1.760023832321166992e-02
6.032079458236694336e-03
3.688091039657592773e-02
1.008737087249755859e-02
1.809906959533691406e-02
2.719044685363769531e-03
4.648506641387939453e-02
9.426221251487731934e-03
2.424010634422302246e-02
1.722973585128784180e-02
1.371838152408599854e-02
4.873156547546386719e-03
1.246917247772216797e-02
2.798521518707275391e-02
2.244174480438232422e-03
1.738959550857543945e-02
1.865616440773010254e-02
2.975006401538848877e-02
1.227641105651855469e-02
8.139193058013916016e-03
3.161028027534484863e-02
3.377956151962280273e-02
3.132963180541992188e-02
2.786224335432052612e-02
3.869056701660156250e-03
4.621809720993041992e-02
5.777105689048767090e-04
5.762815475463867188e-03
2.124029397964477539e-02
1.448899507522583008e-03
6.517767906188964844e-04
3.017699718475341797e-02
2.803127467632293701e-02
7.410913705825805664e-03
6.988191604614257812e-02
2.482460439205169678e-02
4.375576972961425781e-03
3.251028060913085938e-02
2.669084072113037109e-02
4.968151450157165527e-03
2.891635894775390625e-02
2.073603868484497070e-02
1.588112115859985352e-02
2.686691284179687500e-02
5.180776119232177734e-03
1.174740493297576904e-02
8.769512176513671875e-03
3.109931945800781250e-03
1.862811669707298279e-02
1.194733381271362305e-02
2.708911895751953125e-02
5.287001281976699829e-02
2.894288301467895508e-02
4.681408405303955078e-03
1.749681681394577026e-02
7.560551166534423828e-04
2.652108669281005859e-02
6.785035133361816406e-03
3.369349241256713867e-02
3.086888790130615234e-02
3.144277632236480713e-02
3.549456596374511719e-03
8.621811866760253906e-03
1.239123940467834473e-02
6.869897246360778809e-03
5.146974325180053711e-02
2.509951591491699219e-03
1.845529675483703613e-02
8.631110191345214844e-03
2.718490362167358398e-02
3.260906785726547241e-03
2.045023441314697266e-02
5.375802516937255859e-03
1.090877875685691833e-02
9.360909461975097656e-04
1.035553216934204102e-02
1.145038753747940063e-02
4.703789949417114258e-02
3.439694643020629883e-02
9.663760662078857422e-03
3.628551959991455078e-02
6.688535213470458984e-03
6.952285766601562500e-04
4.932492971420288086e-03
2.690261602401733398e-02
5.433160066604614258e-02
2.000735700130462646e-02
3.528004884719848633e-02
6.465613842010498047e-03
9.972453117370605469e-03
1.070111989974975586e-02
2.777493000030517578e-02
8.381456136703491211e-03
2.720171213150024414e-02
4.681110382080078125e-03
7.043205201625823975e-03
1.043176651000976562e-02
1.024860143661499023e-02
8.799865841865539551e-03
2.083992958068847656e-02
1.167351007461547852e-02
2.231758460402488708e-02
2.862566709518432617e-02
2.203357219696044922e-02
3.778579086065292358e-02
6.510198116302490234e-03
2.475547790527343750e-02
3.169554471969604492e-02
5.130261182785034180e-03
4.080700874328613281e-02
4.943916201591491699e-02
2.737517654895782471e-02
1.242959499359130859e-02
9.528905153274536133e-03
4.852071404457092285e-03
1.098465919494628906e-02
7.722198963165283203e-03
1.778711378574371338e-02
8.220791816711425781e-03
3.656983375549316406e-03
3.908932209014892578e-03
1.761400699615478516e-01
2.493804693222045898e-02
1.660685800015926361e-02
1.161420345306396484e-02
6.355702877044677734e-03
1.467391848564147949e-04
3.905844688415527344e-02
6.142973899841308594e-03
1.149024814367294312e-02
3.014522790908813477e-02
1.371705532073974609e-02
4.165454208850860596e-02
2.765938639640808105e-02
1.281172037124633789e-02
2.548575401306152344e-02
1.998260617256164551e-02
3.721578121185302734e-01
7.553538680076599121e-02
2.041099667549133301e-01
4.226326942443847656e-03
3.121501207351684570e-02
2.658323198556900024e-02
1.289802789688110352e-02
2.684694528579711914e-02
3.213795721530914307e-01
9.158313274383544922e-03
2.762562036514282227e-02
5.841664969921112061e-04
2.787643671035766602e-02
3.739625215530395508e-02
3.437393158674240112e-02
3.264164924621582031e-02
3.219103813171386719e-02
1.551751047372817993e-02
1.614862680435180664e-02
3.835350275039672852e-02
4.827253520488739014e-02
3.172001242637634277e-02
1.630491018295288086e-02
1.276408135890960693e-02
3.104163706302642822e-02
3.152787685394287109e-03
1.423805952072143555e-02
2.752502262592315674e-02
6.044834852218627930e-02
1.798871159553527832e-02
1.446494460105895996e-02
2.201944589614868164e-02
4.672551155090332031e-02
3.217034041881561279e-02
3.280889987945556641e-02
1.832783222198486328e-03
2.282493561506271362e-02
1.486462354660034180e-02
2.443885803222656250e-02
5.235783755779266357e-03
2.489215135574340820e-02
7.279753684997558594e-03
1.886115223169326782e-02
7.655918598175048828e-04
3.296977281570434570e-02
2.990822494029998779e-02
1.603725552558898926e-02
1.082992553710937500e-02
6.079837679862976074e-03
2.191215753555297852e-03
5.459856986999511719e-02
1.235184073448181152e-02
2.321867644786834717e-02
1.281535625457763672e-02
2.069050073623657227e-02
1.013018190860748291e-03
2.870154380798339844e-02
1.943349838256835938e-03
1.332175731658935547e-02
2.541303634643554688e-03
2.385526895523071289e-02
3.575600311160087585e-02
1.380914449691772461e-02
3.490084409713745117e-02
4.672742635011672974e-02
1.604145765304565430e-02
1.484334468841552734e-03
1.491605490446090698e-02
1.548767089843750000e-02
4.913508892059326172e-02
2.212443202733993530e-02
1.482853293418884277e-02
2.382540702819824219e-02
4.589067399501800537e-02
1.855787634849548340e-02
1.997572183609008789e-02
5.069777369499206543e-02
1.455807685852050781e-02
2.393296957015991211e-01
2.363586425781250000e-02
2.060353755950927734e-02
2.280336618423461914e-02
1.431226730346679688e-03
3.889787942171096802e-02
1.113927364349365234e-02
2.036911249160766602e-02
6.199959665536880493e-03
1.802885532379150391e-02
9.099006652832031250e-03
6.025681854225695133e-02
2.171409130096435547e-02
7.019639015197753906e-03
3.325340151786804199e-02
2.171063423156738281e-02
2.224439382553100586e-02
1.864592730998992920e-02
2.583265304565429688e-04
2.596426010131835938e-02
4.359097778797149658e-02
1.806554198265075684e-02
4.217082262039184570e-02
5.251884460449218750e-03
4.162821173667907715e-02
8.182227611541748047e-03
1.004976034164428711e-02
3.724826872348785400e-02
2.767229080200195312e-02
1.340019702911376953e-02
3.189318627119064331e-02
3.653669357299804688e-02
1.043945550918579102e-02
2.345256507396697998e-04
1.723259687423706055e-02
3.310859203338623047e-03
3.627271577715873718e-02
2.224147319793701172e-02
1.068216562271118164e-02
2.186924219131469727e-03
6.774842739105224609e-03
2.894639968872070312e-03
8.351087570190429688e-03
1.401990652084350586e-02
1.677024364471435547e-02
2.629999816417694092e-02
2.610057592391967773e-03
2.637028694152832031e-03
2.202025055885314941e-02
3.220362961292266846e-02
2.001345157623291016e-03
2.286085486412048340e-02
3.159289807081222534e-02
6.044292449951171875e-02
1.524382829666137695e-02
1.296265795826911926e-02
7.158696651458740234e-03
3.497719764709472656e-02
8.738823235034942627e-04
5.681532621383666992e-02
2.191215753555297852e-02
8.876536041498184204e-03
1.418769359588623047e-02
9.536921977996826172e-03
1.390848308801651001e-02
2.784478664398193359e-02
2.645599842071533203e-02
1.980319619178771973e-02
1.055490970611572266e-02
4.834055900573730469e-03
1.939651370048522949e-02
7.668375968933105469e-03
1.826822757720947266e-03
4.900807142257690430e-02
7.543481886386871338e-02
1.585209369659423828e-02
7.689794898033142090e-02
6.259396672248840332e-03
1.721251010894775391e-02
8.470296859741210938e-03
9.748332202434539795e-03
2.818286418914794922e-02
3.323286771774291992e-02
3.046743571758270264e-03
9.377896785736083984e-03
1.320618391036987305e-02
9.794384241104125977e-04
1.175433397293090820e-02
5.930066108703613281e-04
1.661492288112640381e-01
8.418411016464233398e-03
4.957520961761474609e-02
4.931247234344482422e-02
1.344293355941772461e-02
1.993989944458007812e-02
1.539149880409240723e-02
1.715084910392761230e-02
2.559775114059448242e-02
2.842351794242858887e-02
2.919749915599822998e-02
1.809298992156982422e-02
1.479843258857727051e-02
1.101168096065521240e-01
3.941571712493896484e-02
2.592504024505615234e-03
5.109092779457569122e-02
1.766127347946166992e-02
5.477160215377807617e-02
3.657283866778016090e-02
4.752039909362792969e-03
2.205729484558105469e-02
3.207901120185852051e-02
1.205438375473022461e-02
3.346955776214599609e-02
1.774397864937782288e-02
3.596749901771545410e-02
5.734086036682128906e-03
6.703957915306091309e-03
2.322962880134582520e-02
4.828035831451416016e-03
5.174770951271057129e-03
2.604630589485168457e-02
1.274728775024414062e-02
2.370983362197875977e-02
3.389447927474975586e-03
2.100962400436401367e-02
4.417347908020019531e-02
1.189602166414260864e-02
5.228757858276367188e-03
7.203781604766845703e-02
1.139376312494277954e-02
3.867703676223754883e-02
1.234489679336547852e-02
1.530353352427482605e-02
1.766031980514526367e-02
4.253923892974853516e-03
9.705852717161178589e-03
1.279103755950927734e-02
1.757091283798217773e-02
3.867879509925842285e-02
4.281792044639587402e-02
3.366237878799438477e-02
9.935572743415832520e-03
3.139638900756835938e-02
3.601211309432983398e-02
4.058097302913665771e-02
5.035102367401123047e-04
4.970371723175048828e-03
9.353369474411010742e-03
1.852564513683319092e-02
1.781702041625976562e-03
4.089239239692687988e-02
3.167694807052612305e-02
5.082249641418457031e-03
1.401489973068237305e-02
2.477736771106719971e-02
4.478889703750610352e-02
5.026733875274658203e-02
4.075440019369125366e-02
3.423720598220825195e-02
7.226288318634033203e-03
3.225600235164165497e-01
3.471803665161132812e-02
2.068364620208740234e-02
6.911709904670715332e-03
8.730590343475341797e-03
6.998777389526367188e-03
1.532767713069915771e-02
1.801115274429321289e-02
7.580339908599853516e-03
2.081625163555145264e-02
1.285608559846878052e-01
3.690934181213378906e-02
2.214679121971130371e-02
5.140900611877441406e-03
2.226799726486206055e-02
4.905104637145996094e-03
1.518542319536209106e-02
1.870757341384887695e-02
2.753078937530517578e-03
4.965350031852722168e-03
3.824293613433837891e-03
1.800638437271118164e-02
2.425958402454853058e-02
5.874037742614746094e-04
1.531720161437988281e-03
1.099886372685432434e-02
2.209228277206420898e-02
3.890657424926757812e-02
1.765269041061401367e-02
1.244276762008666992e-02
2.360010147094726562e-02
1.929681003093719482e-02
3.475493192672729492e-02
1.002137064933776855e-01
5.152851343154907227e-03
1.594983637332916260e-01
2.176153659820556641e-02
3.161698579788208008e-03
1.628822088241577148e-02
6.848812103271484375e-03
9.365022182464599609e-03
1.442039012908935547e-02
2.482086420059204102e-02
1.434524059295654297e-01
6.450220942497253418e-03
4.898488521575927734e-03
2.094537019729614258e-02
2.848058938980102539e-04
1.305639743804931641e-02
5.560696125030517578e-03
9.609013795852661133e-05
2.204740047454833984e-02
2.738100290298461914e-02
3.485035151243209839e-02
4.960480332374572754e-02
5.144411325454711914e-02
2.358056604862213135e-02
2.801454067230224609e-02
3.044396638870239258e-02
6.001934409141540527e-03
5.716681480407714844e-03
9.881198406219482422e-03
5.946943163871765137e-02
4.113093018531799316e-03
1.113188266754150391e-02
6.145417690277099609e-03
2.490311115980148315e-02
6.931889057159423828e-02
1.999199390411376953e-02
5.460474640130996704e-03
1.322627067565917969e-03
2.663344144821166992e-02
2.962766494601964951e-02
9.498596191406250000e-04
1.155906915664672852e-02
7.032856345176696777e-03
4.955351352691650391e-03
7.263243198394775391e-03
2.879200875759124756e-02
1.585096120834350586e-03
1.612961292266845703e-02
3.203555941581726074e-03
7.520139217376708984e-03
8.452892303466796875e-03
5.444696545600891113e-02
4.119014739990234375e-02
4.053574800491333008e-02
6.585121154785156250e-04
2.622572481632232666e-01
2.515286207199096680e-02
2.526256442070007324e-02
1.135831326246261597e-02
1.809734106063842773e-02
2.013933658599853516e-02
3.294198960065841675e-02
2.582669258117675781e-04
1.300024986267089844e-02
8.481256663799285889e-03
1.021260023117065430e-02
3.801023960113525391e-02
2.213824167847633362e-02
3.065842390060424805e-02
4.567384719848632812e-03
1.985720545053482056e-02
5.725175142288208008e-02
4.352766275405883789e-02
8.979737758636474609e-04
5.135953426361083984e-03
2.613383531570434570e-02
7.297053933143615723e-03
5.480355024337768555e-02
2.877795696258544922e-02
3.860953450202941895e-02
3.390194475650787354e-02
7.770419120788574219e-03
5.362600088119506836e-03
6.769388914108276367e-03
1.253259181976318359e-02
2.211236953735351562e-02
6.632208824157714844e-03
1.115655899047851562e-02
3.815472126007080078e-03
2.695587556809186935e-02
5.764365196228027344e-02
2.733755111694335938e-02
8.846446871757507324e-03
8.271276950836181641e-03
1.592004299163818359e-02
1.930382847785949707e-02
3.444221615791320801e-02
5.913078784942626953e-03
6.342425942420959473e-03
1.802605390548706055e-02
2.188074588775634766e-02
1.855278015136718750e-02
9.661227464675903320e-03
2.881678938865661621e-01
4.171258211135864258e-02
1.665304601192474365e-02
5.527079105377197266e-03
7.193022966384887695e-02
1.225681602954864502e-02
2.494966983795166016e-02
1.040951013565063477e-01
1.823075115680694580e-03
2.059912681579589844e-02
3.598535060882568359e-02
8.626781404018402100e-03
4.279005527496337891e-02
3.796529769897460938e-02
2.986589446663856506e-02
6.732046604156494141e-03
3.154242038726806641e-02
5.867898464202880859e-03
2.771058678627014160e-02
2.413535118103027344e-02
2.163250744342803955e-02
2.016332745552062988e-02
2.959632873535156250e-02
2.984566986560821533e-02
2.322301268577575684e-02
3.260171413421630859e-02
1.764810085296630859e-02
1.826660335063934326e-02
8.702099323272705078e-03
1.046684384346008301e-02
4.045259207487106323e-02
8.905529975891113281e-04
2.671486139297485352e-02
7.308870553970336914e-03
2.173617482185363770e-01
1.137340068817138672e-02
1.028150692582130432e-02
3.382676839828491211e-02
2.154064178466796875e-02
3.325413167476654053e-02
6.830406188964843750e-02
3.269433975219726562e-03
1.881758123636245728e-02
1.160714030265808105e-02
1.027339696884155273e-02
1.324185729026794434e-02
3.068044781684875488e-02
4.842042922973632812e-03
5.982697010040283203e-03
1.673310995101928711e-03
4.498571157455444336e-02
2.824059128761291504e-02
1.965761184692382812e-02
6.001353263854980469e-03
1.618894934654235840e-02
3.141768276691436768e-03
2.616177797317504883e-01
1.519842743873596191e-01
2.774349674582481384e-01
6.386977434158325195e-02
4.842102527618408203e-02
1.277525350451469421e-02
5.311858654022216797e-02
1.712697744369506836e-02
1.556500419974327087e-02
2.726852893829345703e-02
2.082896232604980469e-02
1.597614586353302002e-02
1.281261444091796875e-03
2.475208044052124023e-02
2.156540751457214355e-02
2.120420336723327637e-02
3.910022974014282227e-02
1.269042491912841797e-02
1.041603088378906250e-02
1.860815286636352539e-02
4.621922969818115234e-03
1.671054959297180176e-02
2.518475055694580078e-03
1.150169968605041504e-02
1.128152012825012207e-02
1.297444105148315430e-02
1.348370313644409180e-02
1.982981711626052856e-02
9.195744991302490234e-03
7.206737995147705078e-03
5.678956210613250732e-02
4.116773605346679688e-03
3.206056356430053711e-02
2.388726174831390381e-02
2.535647153854370117e-02
4.153192043304443359e-03
2.663709223270416260e-03
3.086933493614196777e-02
1.414912939071655273e-02
9.711682796478271484e-03
2.911421656608581543e-02
9.640455245971679688e-04
3.235287964344024658e-02
1.081639528274536133e-02
3.775227069854736328e-02
4.820048809051513672e-03
2.656751871109008789e-02
1.303356885910034180e-02
4.457175731658935547e-03
1.595273613929748535e-03
5.256414413452148438e-02
4.798686504364013672e-02
2.414964586496353149e-01
1.794135570526123047e-02
4.077434539794921875e-03
7.130540907382965088e-04
1.455152034759521484e-02
8.300006389617919922e-03
2.200306393206119537e-02
1.109594106674194336e-02
3.708934783935546875e-02
1.588126271963119507e-02
1.647773385047912598e-02
5.186092853546142578e-02
4.792910814285278320e-02
2.470293641090393066e-02
1.923406124114990234e-02
2.703171968460083008e-02
6.472393870353698730e-02
3.674578666687011719e-02
3.840473294258117676e-02
2.501629292964935303e-02
7.455414533615112305e-02
4.351669549942016602e-02
4.312463104724884033e-03
3.347241878509521484e-02
1.478356122970581055e-02
8.358858525753021240e-03
1.879817247390747070e-02
2.245938777923583984e-02
1.072896644473075867e-02
2.974361181259155273e-02
8.419275283813476562e-03
1.085108146071434021e-02
2.346503734588623047e-02
2.334260940551757812e-02
3.425477817654609680e-02
2.401769161224365234e-02
2.889913320541381836e-02
9.151443839073181152e-03
2.210021018981933594e-03
7.936775684356689453e-03
4.323852062225341797e-02
3.079181909561157227e-02
3.193799257278442383e-01
1.203775405883789062e-03
1.568812131881713867e-02
5.042016506195068359e-03
3.018835186958312988e-02
2.569163590669631958e-02
4.033744335174560547e-03
4.613876342773437500e-03
4.156053066253662109e-03
1.028239727020263672e-03
2.266567945480346680e-02
1.897289231419563293e-02
1.791775226593017578e-02
3.918755054473876953e-02
1.010494679212570190e-02
2.214652299880981445e-02
2.148801088333129883e-02
6.324246525764465332e-03
4.735469818115234375e-03
3.966253995895385742e-02
5.862221121788024902e-03
6.741404533386230469e-03
2.512778043746948242e-01
5.440770089626312256e-02
1.216828823089599609e-02
2.498692274093627930e-02
2.378141880035400391e-02
8.094638586044311523e-03
2.302521467208862305e-02
2.600330114364624023e-02
1.901715993881225586e-02
3.330528736114501953e-03
4.426664113998413086e-02
3.593116998672485352e-02
2.219438552856445312e-03
6.410479545593261719e-04
9.963802993297576904e-03
1.801013946533203125e-02
1.568347215652465820e-02
1.798412203788757324e-02
3.093230724334716797e-02
5.381226539611816406e-03
2.471957355737686157e-02
4.353433847427368164e-02
7.962882518768310547e-03
6.248146295547485352e-03
2.840246260166168213e-01
9.327590465545654297e-03
3.653657436370849609e-02
4.140707850456237793e-02
1.468718051910400391e-03
2.453589439392089844e-02
6.823234260082244873e-02
1.074492931365966797e-03
6.466537714004516602e-03
1.079178601503372192e-02
2.025151252746582031e-02
5.841165781021118164e-02
4.404836148023605347e-02
1.382467746734619141e-01
1.485347747802734375e-03
4.001228511333465576e-02
4.216933250427246094e-02
5.865097045898437500e-05
5.062669515609741211e-05
3.104674816131591797e-02
3.014802932739257812e-02
3.412689641118049622e-02
1.172155141830444336e-03
5.031108856201171875e-02
2.606438398361206055e-01
4.111757874488830566e-02
2.785307168960571289e-02
8.619129657745361328e-04
6.480842828750610352e-03
1.336199045181274414e-02
2.777007222175598145e-02
3.782376646995544434e-03
1.748144626617431641e-03
4.500555992126464844e-02
5.543656647205352783e-03
4.148328304290771484e-02
1.348537206649780273e-02
2.374944463372230530e-02
9.297549724578857422e-03
2.158582210540771484e-03
1.817367225885391235e-02
1.233434677124023438e-02
2.511817216873168945e-02
6.288800388574600220e-03
2.999979257583618164e-02
1.875370740890502930e-02
5.943916738033294678e-03
2.615106105804443359e-02
1.477466821670532227e-01
1.252661645412445068e-02
1.177245378494262695e-02
6.184160709381103516e-03
3.114800155162811279e-02
7.166534662246704102e-03
2.907514572143554688e-04
7.396310567855834961e-03
2.808564901351928711e-02
5.010390281677246094e-02
6.326764822006225586e-03
7.644593715667724609e-03
1.623308658599853516e-02
2.638894319534301758e-02
3.974538110196590424e-02
3.257989883422851562e-04
1.408368349075317383e-02
1.222389563918113708e-02
2.060711383819580078e-03
2.020675539970397949e-01
1.666799187660217285e-03
1.043629646301269531e-02
3.986841440200805664e-02
2.753870189189910889e-02
1.605921983718872070e-02
1.475411653518676758e-01
1.148357987403869629e-02
1.853471994400024414e-02
1.306945085525512695e-02
1.460324227809906006e-02
5.953580141067504883e-03
2.843075990676879883e-02
2.267986536026000977e-03
1.314073801040649414e-03
2.202540636062622070e-02
7.976084947586059570e-03
1.089766621589660645e-03
4.919946193695068359e-03
4.350543022155761719e-03
3.012289106845855713e-02
5.363047122955322266e-02
2.605259418487548828e-03
1.184763014316558838e-02
1.115077733993530273e-02
4.217982292175292969e-03
3.768633119761943817e-02
2.462512254714965820e-02
3.436523675918579102e-02
3.396724909543991089e-02
7.633247971534729004e-02
2.883386611938476562e-02
1.224429905414581299e-02
1.254054903984069824e-02
2.354383468627929688e-03
1.993566751480102539e-02
6.488829851150512695e-03
2.792263031005859375e-02
1.394143700599670410e-02
1.430825889110565186e-02
2.294778823852539062e-02
1.824200153350830078e-02
8.414633572101593018e-03
1.433724164962768555e-02
1.220047473907470703e-02
2.672211825847625732e-02
5.860900878906250000e-02
1.024550199508666992e-02
4.453200404532253742e-02
2.679222822189331055e-02
2.029049396514892578e-02
9.586140513420104980e-04
1.866424083709716797e-02
2.081876993179321289e-02
2.761989831924438477e-03
2.549147605895996094e-02
7.189750671386718750e-03
1.330390572547912598e-02
3.626793622970581055e-03
1.310014724731445312e-02
1.128150522708892822e-02
1.542979478836059570e-02
2.954709529876708984e-02
2.692177891731262207e-02
1.970747113227844238e-02
1.812589168548583984e-02
1.996329426765441895e-02
4.383917897939682007e-02
3.806877136230468750e-02
2.203822135925292969e-02
1.053784415125846863e-02
3.195554018020629883e-02
2.875280380249023438e-02
4.019676148891448975e-02
1.517355442047119141e-02
1.807934045791625977e-02
4.113699533045291901e-01
2.005887031555175781e-02
2.557635307312011719e-03
3.887878730893135071e-02
2.758169174194335938e-02
4.086434841156005859e-03
9.453296661376953125e-04
6.476640701293945312e-04
2.536427974700927734e-02
4.662409424781799316e-03
9.118020534515380859e-03
3.795878291130065918e-01
4.443952441215515137e-02
1.989997923374176025e-02
2.486163377761840820e-02
4.802688956260681152e-02
3.324245661497116089e-02
2.651572227478027344e-03
3.200769424438476562e-03
1.663327217102050781e-03
6.302911043167114258e-02
4.226791858673095703e-02
6.480254232883453369e-03
2.138829231262207031e-02
6.576460599899291992e-02
5.969993770122528076e-03
6.798505783081054688e-03
1.625567674636840820e-02
1.283152401447296143e-02
3.312051296234130859e-03
2.770811319351196289e-02
1.037257909774780273e-02
8.674532175064086914e-03
2.595299482345581055e-02
1.638807356357574463e-02
1.590135693550109863e-02
2.141356468200683594e-03
4.522299766540527344e-02
2.393929660320281982e-02
2.311450242996215820e-02
1.855963468551635742e-02
2.535058557987213135e-02
9.906053543090820312e-03
7.114529609680175781e-03
1.509700715541839600e-02
3.379881381988525391e-02
1.097846031188964844e-02
2.676085531711578369e-01
1.159131526947021484e-03
1.640290021896362305e-02
8.442401885986328125e-03
1.401239633560180664e-02
1.127421855926513672e-03
8.124709129333496094e-03
3.295898437500000000e-03
9.328663349151611328e-03
2.853345870971679688e-02
1.198258996009826660e-02
2.948510646820068359e-02
6.273706257343292236e-02
4.515834152698516846e-02
4.145133495330810547e-02
1.701214909553527832e-02
2.389892935752868652e-03
2.453947067260742188e-02
2.702647447586059570e-02
2.829673886299133301e-02
3.029310703277587891e-02
4.406243562698364258e-02
5.636595189571380615e-03
6.051278114318847656e-02
4.175722599029541016e-03
1.619445160031318665e-02
2.849549055099487305e-02
3.749108314514160156e-02
2.336248010396957397e-02
1.379865407943725586e-02
1.072913408279418945e-02
1.009780168533325195e-02
9.724169969558715820e-03
7.412850856781005859e-03
1.107054948806762695e-02
2.791225910186767578e-03
3.033113479614257812e-02
6.213784217834472656e-05
3.173500299453735352e-02
1.760661602020263672e-03
3.054010868072509766e-02
1.310050487518310547e-02
1.230353116989135742e-02
1.409596204757690430e-02
2.301737666130065918e-03
2.253025770187377930e-02
1.010227203369140625e-02
4.681921005249023438e-02
4.004836082458496094e-03
5.351740121841430664e-02
3.635402396321296692e-02
1.068961620330810547e-02
1.809883117675781250e-02
1.049609482288360596e-02
3.573173284530639648e-02
6.236076354980468750e-03
3.764405846595764160e-04
1.211920380592346191e-02
1.052361726760864258e-02
2.031210809946060181e-02
3.526765108108520508e-02
4.064381122589111328e-02
3.092148900032043457e-02
1.092761754989624023e-03
8.451819419860839844e-03
2.362164855003356934e-02
2.305790781974792480e-03
3.311997056007385254e-01
1.309245228767395020e-01
2.332262694835662842e-02
1.441675424575805664e-02
3.408664464950561523e-02
2.088399231433868408e-02
3.087818622589111328e-03
1.342201232910156250e-02
5.768056958913803101e-03
2.192801237106323242e-02
1.716130971908569336e-02
3.414423950016498566e-02
1.869708299636840820e-02
1.607620716094970703e-02
3.826754689216613770e-01
2.214217185974121094e-02
2.065492868423461914e-01
9.071007370948791504e-03
1.939028501510620117e-02
3.487426042556762695e-02
5.080357193946838379e-03
1.550284028053283691e-02
1.595354080200195312e-02
1.763519644737243652e-02
1.201607286930084229e-02
4.356682300567626953e-03
1.948109269142150879e-02
6.180591881275177002e-03
2.461302280426025391e-02
2.495515346527099609e-02
2.899048477411270142e-02
2.390515804290771484e-02
6.586670875549316406e-03
3.234803676605224609e-03
4.103302955627441406e-03
2.697151899337768555e-02
9.616017341613769531e-03
1.656252145767211914e-02
5.593705177307128906e-02
2.740803733468055725e-02
1.107349991798400879e-02
1.878809928894042969e-02
2.315139770507812500e-02
1.089850068092346191e-02
4.656195640563964844e-02
3.225590288639068604e-02
8.376240730285644531e-04
4.126554727554321289e-02
7.982194423675537109e-03
5.608513951301574707e-03
1.198184490203857422e-02
4.278224706649780273e-02
1.367975026369094849e-02
8.484184741973876953e-03
1.913774013519287109e-02
1.195573061704635620e-02
2.276614904403686523e-01
2.532958984375000000e-02
3.199404478073120117e-02
5.301153659820556641e-02
3.903150558471679688e-03
1.788713037967681885e-03
8.265018463134765625e-03
7.476764917373657227e-02
7.529117166996002197e-03
4.593518376350402832e-02
9.068667888641357422e-03
1.476936042308807373e-02
1.020020246505737305e-02
1.660346984863281250e-03
2.012075483798980713e-02
2.965912222862243652e-02
2.977669239044189453e-03
1.095542311668395996e-02
1.112559437751770020e-02
3.687897324562072754e-01
2.309283614158630371e-02
3.308571875095367432e-03
1.127302646636962891e-02
3.150349855422973633e-02
1.556868851184844971e-02
1.764470338821411133e-02
2.321243286132812500e-03
2.600372210144996643e-02
1.252245903015136719e-02
3.428673744201660156e-02
4.852041602134704590e-03
1.281499862670898438e-04
3.046721220016479492e-02
3.349466249346733093e-02
1.235562562942504883e-02
1.036399602890014648e-02
1.778264343738555908e-02
2.365121245384216309e-02
2.330654859542846680e-02
1.347059011459350586e-02
2.182012796401977539e-02
8.309453725814819336e-02
8.437693119049072266e-03
3.270028531551361084e-02
5.132412910461425781e-02
3.387540578842163086e-02
2.346643805503845215e-02
6.056213378906250000e-02
9.600400924682617188e-03
7.063694298267364502e-03
3.408539295196533203e-02
3.456592559814453125e-03
1.020710915327072144e-02
1.273959875106811523e-02
5.199074745178222656e-03
2.204554527997970581e-02
2.882158756256103516e-02
4.538238048553466797e-02
2.744445949792861938e-02
4.751771688461303711e-02
1.572668552398681641e-03
3.327609449625015259e-01
1.492390036582946777e-02
2.570390701293945312e-03
9.357005357742309570e-03
3.069400787353515625e-02
4.553383588790893555e-02
2.262055873870849609e-03
3.676684200763702393e-02
2.329283952713012695e-02
1.074412465095520020e-02
2.428281307220458984e-02
4.227995872497558594e-02
5.521893501281738281e-03
2.211923897266387939e-02
4.028803110122680664e-02
4.522514343261718750e-02
1.666788011789321899e-03
9.004890918731689453e-03
5.090057849884033203e-02
4.154693335294723511e-03
1.826441287994384766e-02
8.149981498718261719e-03
1.940003037452697754e-02
4.602348804473876953e-02
5.750119686126708984e-03
4.027594625949859619e-02
2.284258604049682617e-03
3.037301301956176758e-01
3.451736271381378174e-02
2.581989765167236328e-02
1.735305786132812500e-02
2.391731739044189453e-02
3.424639999866485596e-02
1.727932691574096680e-02
3.722637891769409180e-03
2.090281993150711060e-02
6.926953792572021484e-03
2.681791782379150391e-03
3.774511814117431641e-02
1.339213848114013672e-01
1.727936863899230957e-01
2.421493455767631531e-02
1.762872934341430664e-02
2.078830599784851074e-01
1.119252666831016541e-02
3.175372481346130371e-01
1.961201429367065430e-02
3.888130187988281250e-03
1.659032702445983887e-02
3.339499235153198242e-02
2.921237051486968994e-02
2.210685610771179199e-02
2.064913511276245117e-02
1.938194036483764648e-04
3.804460167884826660e-02
1.346349716186523438e-03
1.624903082847595215e-02
5.780339241027832031e-03
7.923841476440429688e-04
2.641323208808898926e-02
2.062901854515075684e-02
2.068346738815307617e-02
3.091651201248168945e-02
1.372819393873214722e-02
1.301389932632446289e-02
5.245423316955566406e-02
4.953170986846089363e-02
5.741870403289794922e-02
2.106189727783203125e-02
3.644678741693496704e-03
1.221495866775512695e-02
2.316236495971679688e-03
3.699286282062530518e-02
2.800405025482177734e-03
6.091594696044921875e-03
2.828177809715270996e-02
2.429360151290893555e-02
4.316139221191406250e-02
6.041815876960754395e-02
3.672774136066436768e-02
1.465511322021484375e-02
2.293107062578201294e-01
2.825643122196197510e-02
2.979999780654907227e-02
5.702435970306396484e-03
3.071336448192596436e-02
2.522671222686767578e-02
2.962517738342285156e-02
5.093328654766082764e-03
1.178085803985595703e-03
1.996040344238281250e-03
4.644580185413360596e-03
1.415890455245971680e-02
3.028631210327148438e-03
9.352032095193862915e-03
1.683604717254638672e-02
3.266388177871704102e-02
4.935018718242645264e-03
8.631557226181030273e-03
1.870441436767578125e-02
2.180221676826477051e-02
3.952127695083618164e-02
2.637374401092529297e-02
5.249294638633728027e-02
2.063482999801635742e-02
1.749950647354125977e-02
2.731207013130187988e-02
2.062328159809112549e-02
2.436453104019165039e-02
5.203291773796081543e-02
1.312689483165740967e-02
8.740127086639404297e-03
1.350963115692138672e-02
2.320102602243423462e-02
1.374554634094238281e-02
1.231038570404052734e-02
4.711492732167243958e-02
1.130920648574829102e-02
1.217454671859741211e-02
1.676142215728759766e-02
1.036006212234497070e-02
2.389246225357055664e-02
2.761012315750122070e-02
5.589067935943603516e-03
1.240563392639160156e-02
3.804729878902435303e-02
6.369918584823608398e-03
1.838690042495727539e-02
7.629528641700744629e-03
3.654545545578002930e-02
3.332486748695373535e-01
1.453986763954162598e-02
1.153656840324401855e-02
3.385084867477416992e-02
2.891603112220764160e-02
3.757731616497039795e-02
2.085804939270019531e-03
1.252979040145874023e-02
1.727864146232604980e-03
3.704017400741577148e-02
3.795266151428222656e-03
6.013132631778717041e-03
3.581899404525756836e-02
1.856619119644165039e-01
1.813203096389770508e-02
7.891654968261718750e-03
5.168598890304565430e-02
1.477368921041488647e-02
6.756490468978881836e-02
2.716213464736938477e-02
2.913124859333038330e-02
4.555672407150268555e-03
2.732437849044799805e-02
2.777335047721862793e-02
1.542896032333374023e-03
2.934354543685913086e-02
4.517722129821777344e-02
7.739707827568054199e-03
4.208564758300781250e-03
3.696888685226440430e-03
4.282294213771820068e-02
5.141109228134155273e-02
2.874016761779785156e-03
1.142342388629913330e-02
2.405643463134765625e-04
2.141135931015014648e-02
1.028578355908393860e-02
1.644527912139892578e-02
3.746211528778076172e-02
2.049364522099494934e-02
9.321510791778564453e-03
9.484112262725830078e-03
1.327385753393173218e-02
1.939332485198974609e-02
7.368743419647216797e-03
8.591175079345703125e-03
1.359719038009643555e-02
2.991157770156860352e-02
3.486195206642150879e-02
1.558354496955871582e-02
9.168982505798339844e-04
3.344714641571044922e-04
1.432257890701293945e-02
2.362400293350219727e-02
3.051960468292236328e-02
2.746202796697616577e-02
2.727675437927246094e-02
2.044439315795898438e-05
3.554805740714073181e-02
3.077328205108642578e-03
1.649802923202514648e-02
1.183515042066574097e-02
1.599490642547607422e-02
4.313409328460693359e-03
2.524400502443313599e-02
1.148295402526855469e-02
3.311192989349365234e-02
1.515471935272216797e-02
7.732659578323364258e-03
2.934932708740234375e-02
6.107693910598754883e-02
1.065263152122497559e-02
3.343516588211059570e-02
4.406169056892395020e-02
1.128545850515365601e-01
6.884038448333740234e-03
8.381307125091552734e-03
1.305451989173889160e-02
2.406030893325805664e-02
3.820270299911499023e-03
1.486331224441528320e-02
5.442082881927490234e-03
2.641737461090087891e-03
2.451975643634796143e-02
1.547837257385253906e-02
2.712064981460571289e-02
4.740075767040252686e-02
4.863810539245605469e-02
3.658390045166015625e-02
2.615569718182086945e-02
2.112722396850585938e-02
7.292926311492919922e-03
6.192430853843688965e-03
1.726219058036804199e-02
2.540183067321777344e-02
4.826366901397705078e-03
3.760400414466857910e-02
1.691308617591857910e-01
6.945624947547912598e-03
1.417776942253112793e-02
2.517348527908325195e-02
9.727478027343750000e-04
2.526496350765228271e-02
1.916688680648803711e-02
6.626099348068237305e-03
3.982000052928924561e-02
1.585090160369873047e-02
3.456127643585205078e-02
1.809380948543548584e-02
1.708239316940307617e-02
5.541259050369262695e-02
1.180514320731163025e-02
3.965914249420166016e-03
1.535743474960327148e-02
2.702228724956512451e-03
1.972883939743041992e-02
3.501921892166137695e-02
2.033442258834838867e-02
1.604866683483123779e-01
1.941239833831787109e-02
4.265421628952026367e-02
1.597597748041152954e-01
1.736974716186523438e-02
8.362963795661926270e-03
4.418310523033142090e-02
2.393776178359985352e-02
2.946633100509643555e-02
1.194223761558532715e-03
2.817863225936889648e-02
1.194027066230773926e-02
2.438236027956008911e-02
2.949213981628417969e-02
2.414643764495849609e-02
5.392462015151977539e-03
2.960276603698730469e-02
5.339497327804565430e-02
1.311643049120903015e-02
7.581889629364013672e-03
2.709078788757324219e-02
3.144398331642150879e-03
1.700800657272338867e-02
5.896633863449096680e-02
4.048293083906173706e-02
1.118484139442443848e-02
4.838883876800537109e-03
2.299149334430694580e-02
5.147746205329895020e-02
2.913814783096313477e-02
1.693551242351531982e-02
1.783680915832519531e-02
2.258783578872680664e-02
5.282670259475708008e-03
1.211084425449371338e-02
2.738904953002929688e-02
1.364101171493530273e-01
1.534052193164825439e-03
4.667723178863525391e-02
6.781351566314697266e-02
2.346212416887283325e-02
8.915126323699951172e-03
1.703906059265136719e-02
6.243079900741577148e-03
4.035359621047973633e-02
2.478605508804321289e-02
2.971321344375610352e-02
1.438283920288085938e-02
2.721458673477172852e-02
9.708635509014129639e-03
2.665510773658752441e-02
1.372325420379638672e-02
9.359538555145263672e-03
5.449354648590087891e-04
1.951062679290771484e-02
1.996464431285858154e-01
6.723672151565551758e-03
9.820461273193359375e-04
7.883608341217041016e-03
2.293701469898223877e-02
1.571726799011230469e-02
2.795252203941345215e-02
3.440469503402709961e-02
3.107681870460510254e-01
3.384172916412353516e-03
1.811206713318824768e-02
4.224777221679687500e-03
8.478879928588867188e-03
3.861173987388610840e-03
1.814508438110351562e-02
1.596933603286743164e-02
1.172851771116256714e-02
6.903141736984252930e-02
2.483367919921875000e-02
3.078128769993782043e-02
7.871019840240478516e-02
1.270925998687744141e-02
2.790026366710662842e-02
3.265896439552307129e-02
9.567618370056152344e-03
2.618980407714843750e-02
3.375262022018432617e-03
7.514894008636474609e-03
5.512535572052001953e-04
4.724705219268798828e-02
2.770054340362548828e-02
9.810984134674072266e-03
1.871358603239059448e-02
8.139789104461669922e-03
6.547904014587402344e-02
5.893915891647338867e-03
1.835668087005615234e-02
2.678537368774414062e-02
2.911759167909622192e-02
3.714084625244140625e-03
2.196604013442993164e-02
7.448010146617889404e-03
8.757948875427246094e-03
9.441971778869628906e-03
4.432803392410278320e-02
9.244251251220703125e-02
4.784047603607177734e-03
1.826691627502441406e-02
1.408973336219787598e-02
2.318644523620605469e-02
1.706057786941528320e-02
1.028117537498474121e-02
2.086627483367919922e-02
1.315507292747497559e-02
1.716114580631256104e-02
2.724945545196533203e-02
1.586824655532836914e-03
4.255292564630508423e-02
1.814842224121093750e-03
2.106428146362304688e-04
1.328897103667259216e-02
3.701686859130859375e-03
2.454435825347900391e-02
8.099246770143508911e-03
4.083931446075439453e-03
3.417134284973144531e-04
2.920071780681610107e-02
1.400393247604370117e-02
1.856589317321777344e-02
3.763201087713241577e-02
6.089448928833007812e-03
1.128888130187988281e-02
3.864970803260803223e-02
2.676248550415039062e-03
1.482367515563964844e-04
3.322556614875793457e-03
9.412556886672973633e-03
1.645684242248535156e-03
2.365046739578247070e-02
9.840071201324462891e-03
2.084851264953613281e-03
7.147610187530517578e-03
1.468883454799652100e-02
3.907674551010131836e-02
2.215027809143066406e-03
2.721027284860610962e-02
3.221571445465087891e-03
6.533801555633544922e-03
2.361097559332847595e-02
1.826709508895874023e-02
8.518993854522705078e-03
3.076329082250595093e-02
2.467530965805053711e-02
2.098309993743896484e-02
1.606380194425582886e-02
9.928941726684570312e-04
5.644202232360839844e-03
1.424500346183776855e-02
2.596646547317504883e-03
1.044589281082153320e-02
2.622561156749725342e-02
2.703306078910827637e-02
1.527619361877441406e-02
6.672617793083190918e-02
1.008978486061096191e-02
2.615851163864135742e-02
1.699391007423400879e-02
1.727478206157684326e-02
3.814381361007690430e-02
4.574137926101684570e-02
8.065268397331237793e-03
8.570551872253417969e-04
1.442277431488037109e-02
5.260556936264038086e-03
1.687008142471313477e-02
2.653455734252929688e-02
2.413238212466239929e-02
2.037755250930786133e-01
1.186943054199218750e-02
2.895751222968101501e-02
1.307687163352966309e-02
2.591000795364379883e-01
4.054442048072814941e-03
4.977822303771972656e-03
5.082851648330688477e-02
1.135660707950592041e-02
1.557806134223937988e-02
5.128085613250732422e-03
3.805911540985107422e-02
9.511956572532653809e-02
4.608917236328125000e-02
6.535649299621582031e-03
2.200493216514587402e-02
1.664078235626220703e-02
1.960697770118713379e-01
1.283020526170730591e-02
2.116197347640991211e-02
7.140040397644042969e-04
2.030253782868385315e-02
2.251106500625610352e-02
1.441806554794311523e-02
1.430873200297355652e-02
6.543278694152832031e-03
1.850795745849609375e-02
6.156474351882934570e-03
3.497064113616943359e-03
1.785218715667724609e-03
2.743899822235107422e-03
2.640277147293090820e-03
1.890820264816284180e-02
8.204177021980285645e-03
7.363587617874145508e-03
1.261413097381591797e-02
7.808357477188110352e-03
2.206470072269439697e-02
2.678585052490234375e-02
4.334595799446105957e-02
1.832851022481918335e-02
2.602970600128173828e-02
5.937099456787109375e-03
1.236496865749359131e-02
8.839964866638183594e-03
1.605927944183349609e-03
2.109804376959800720e-02
1.833254098892211914e-02
5.117988586425781250e-02
1.172359660267829895e-02
7.610917091369628906e-04
1.221668720245361328e-02
1.388487964868545532e-02
1.311361789703369141e-03
4.589140415191650391e-02
1.423029601573944092e-02
2.195638418197631836e-02
2.375942468643188477e-02
5.197878181934356689e-02
3.398114442825317383e-02
3.163397312164306641e-03
1.818791031837463379e-02
1.986096501350402832e-01
3.606379032135009766e-02
5.649119615554809570e-02
2.124954760074615479e-02
1.989746689796447754e-01
9.641706943511962891e-03
1.748246699571609497e-02
1.612097024917602539e-02
8.055806159973144531e-03
3.286191448569297791e-02
9.311020374298095703e-03
1.681667566299438477e-02
2.352755144238471985e-02
1.136898994445800781e-02
5.593395233154296875e-02
3.208138048648834229e-03
2.819162607192993164e-02
2.255666255950927734e-02
1.228000968694686890e-02
3.903523087501525879e-02
1.116359233856201172e-02
2.884800732135772705e-02
1.584985852241516113e-02
1.776266098022460938e-02
5.035281181335449219e-02
1.292926073074340820e-02
4.225552082061767578e-02
8.489847183227539062e-03
4.202540218830108643e-02
1.336377859115600586e-02
9.041845798492431641e-03
3.924988210201263428e-03
2.310484647750854492e-02
1.143544912338256836e-02
2.243041247129440308e-02
5.337417125701904297e-03
2.351939678192138672e-02
3.736697025597095490e-01
1.741349697113037109e-02
2.798557281494140625e-02
5.716659128665924072e-03
1.780369877815246582e-02
2.682739496231079102e-02
1.812046766281127930e-02
4.371351003646850586e-02
3.043454885482788086e-02
3.418399393558502197e-02
1.903930306434631348e-02
6.180149316787719727e-02
3.466853499412536621e-02
3.031966090202331543e-02
2.226769924163818359e-02
4.894748330116271973e-02
1.678509265184402466e-02
3.817915916442871094e-02
2.640324831008911133e-02
1.271506398916244507e-02
1.423835754394531250e-02
1.407134532928466797e-02
9.412270039319992065e-03
8.105039596557617188e-04
3.840982913970947266e-03
3.121566027402877808e-03
1.482337713241577148e-02
1.732856035232543945e-02
6.490357220172882080e-03
1.189193129539489746e-02
3.705620765686035156e-03
1.068666577339172363e-02
1.389598846435546875e-02
6.992995738983154297e-03
4.993411898612976074e-02
1.857489347457885742e-03
3.047305345535278320e-02
2.896070480346679688e-03
3.677070140838623047e-03
4.239785671234130859e-02
6.357073783874511719e-03
3.153474628925323486e-02
2.018392086029052734e-03
3.552120923995971680e-02
9.808890521526336670e-03
1.567149162292480469e-02
3.824770450592041016e-03
4.532959312200546265e-03
1.689368486404418945e-02
1.224440336227416992e-02
3.489647060632705688e-03
3.221076726913452148e-02
2.505391836166381836e-02
3.737427294254302979e-03
2.121925354003906250e-05
2.554059028625488281e-02
4.508614540100097656e-03
5.542933940887451172e-03
3.235960006713867188e-02
1.662325859069824219e-02
1.179665327072143555e-03
5.748808383941650391e-03
1.165288686752319336e-02
2.691547572612762451e-02
6.710767745971679688e-03
1.738119125366210938e-02
3.621543943881988525e-02
9.893834590911865234e-03
1.100164651870727539e-02
1.946207135915756226e-02
3.793150186538696289e-02
4.594898223876953125e-02
3.558301553130149841e-02
2.232319116592407227e-02
4.281687736511230469e-02
5.559541285037994385e-03
1.240903139114379883e-02
1.497328281402587891e-03
2.415620163083076477e-02
4.757624864578247070e-02
6.645023822784423828e-03
5.066350102424621582e-03
8.607566356658935547e-03
1.975852251052856445e-02
4.247406125068664551e-02
4.282957315444946289e-02
6.268173456192016602e-02
2.451062202453613281e-02
1.265102624893188477e-02
7.697582244873046875e-03
2.893298864364624023e-03
6.701000034809112549e-03
1.463264226913452148e-02
2.433025836944580078e-02
1.796500235795974731e-01
4.786729812622070312e-02
1.986730098724365234e-02
3.049879148602485657e-02
1.248371601104736328e-02
2.923464775085449219e-02
1.623906195163726807e-03
2.959251403808593750e-02
1.693588495254516602e-02
2.910178899765014648e-02
7.635176181793212891e-02
2.379530668258666992e-02
3.415803611278533936e-02
1.283001899719238281e-02
7.612586021423339844e-03
7.881015539169311523e-03
2.284497022628784180e-03
2.113580703735351562e-04
1.983511447906494141e-02
3.034869581460952759e-01
2.619290351867675781e-02
4.833665490150451660e-02
1.545922458171844482e-02
2.595514059066772461e-02
3.282064199447631836e-02
3.009960800409317017e-02
5.489856004714965820e-02
4.053235054016113281e-03
3.101223707199096680e-02
2.164471149444580078e-02
6.258106231689453125e-02
6.902974098920822144e-03
1.023650169372558594e-02
2.878010272979736328e-03
1.990809291601181030e-02
1.101130247116088867e-02
3.493347764015197754e-01
6.150503456592559814e-02
5.871582031250000000e-02
2.861946821212768555e-02
3.912203013896942139e-02
2.495482563972473145e-02
7.924675941467285156e-03
2.225992083549499512e-02
2.905718982219696045e-02
3.908932209014892578e-03
6.347763538360595703e-02
1.865045726299285889e-02
2.077084779739379883e-02
1.601213216781616211e-02
1.622667536139488220e-02
1.258969306945800781e-03
5.295753479003906250e-03
2.929053083062171936e-02
1.550465822219848633e-02
3.199386596679687500e-02
6.369957700371742249e-02
2.772450447082519531e-03
1.293367147445678711e-02
1.634467765688896179e-02
2.253997325897216797e-02
2.711880207061767578e-02
4.588939249515533447e-03
6.071242690086364746e-02
4.471755027770996094e-02
1.566314250230789185e-01
6.091296672821044922e-04
4.045396447181701660e-01
5.458387732505798340e-02
1.323620975017547607e-02
7.440805435180664062e-03
4.926922917366027832e-02
1.804702728986740112e-02
1.683038473129272461e-02
1.387530565261840820e-02
3.420896828174591064e-03
2.630186080932617188e-02
2.201330661773681641e-02
3.050267696380615234e-02
4.107952117919921875e-03
1.930832862854003906e-03
2.277029305696487427e-02
1.082688570022583008e-02
5.258917808532714844e-04
3.689581900835037231e-02
1.580661535263061523e-02
1.291191577911376953e-02
2.758491039276123047e-02
3.163039684295654297e-03
5.037856101989746094e-02
1.134189963340759277e-02
2.774080634117126465e-02
1.413685083389282227e-02
2.098736166954040527e-02
8.926391601562500000e-04
4.165351390838623047e-03
1.530179381370544434e-02
2.764433622360229492e-02
2.284246683120727539e-02
3.760117292404174805e-02
1.243655383586883545e-02
3.050291538238525391e-02
1.123547554016113281e-03
1.339749991893768311e-02
7.614433765411376953e-03
6.035715341567993164e-02
4.944872111082077026e-03
1.691371202468872070e-02
1.601010560989379883e-02
3.780186176300048828e-03
6.779730319976806641e-03
6.939202547073364258e-02
1.320996880531311035e-02
5.522871017456054688e-02
3.165799379348754883e-02
2.618102729320526123e-02
8.080899715423583984e-03
3.327131271362304688e-04
4.291048645973205566e-02
2.162390947341918945e-02
4.472827911376953125e-02
4.072943329811096191e-02
3.286949396133422852e-01
5.584776401519775391e-02
1.086652278900146484e-03
6.660439074039459229e-02
1.397359371185302734e-02
2.114671468734741211e-02
2.209608256816864014e-02
1.130384206771850586e-02
5.374616384506225586e-02
1.947411522269248962e-02
2.073651552200317383e-02
3.615379333496093750e-03
1.416467875242233276e-02
7.251471281051635742e-03
6.070047616958618164e-02
2.070780098438262939e-02
2.007922530174255371e-02
1.740103960037231445e-02
1.744748651981353760e-02
1.447585225105285645e-02
3.333497047424316406e-02
1.548653841018676758e-02
2.981351315975189209e-02
1.575660705566406250e-02
2.554696798324584961e-02
9.929135441780090332e-03
2.114278078079223633e-02
1.322412490844726562e-02
4.393679648637771606e-02
1.121755242347717285e-01
1.922547817230224609e-03
1.667181402444839478e-02
2.093869447708129883e-02
2.397960424423217773e-02
1.333778277039527893e-01
3.933608531951904297e-02
2.492493391036987305e-02
7.780663669109344482e-03
