# {'window': 79, 'n_steps': 1, 'q': 0.026830545824487906, 'contam': 0.9962536683726171, 'thres': 0.3159332484230312}
1.388680934906005859e-02
1.138561964035034180e-02
4.262685775756835938e-03
8.394867181777954102e-03
3.115022182464599609e-02
3.351588547229766846e-02
1.568326354026794434e-02
4.475474357604980469e-03
1.773557066917419434e-02
6.691515445709228516e-04
9.696245193481445312e-03
4.193186759948730469e-04
4.691958427429199219e-03
1.070678234100341797e-02
7.551729679107666016e-03
3.871667385101318359e-02
4.879772663116455078e-03
1.942825317382812500e-02
1.123456656932830811e-02
1.434153318405151367e-02
9.807109832763671875e-03
3.164044022560119629e-02
2.011466026306152344e-02
1.451057195663452148e-02
3.237823396921157837e-02
1.980370283126831055e-02
2.339935302734375000e-02
3.065139055252075195e-02
7.964521646499633789e-03
2.730202674865722656e-02
9.017437696456909180e-03
5.662560462951660156e-03
1.714289188385009766e-02
5.142986774444580078e-04
6.239786744117736816e-02
1.436901092529296875e-02
4.009297490119934082e-02
1.419977098703384399e-02
2.583724260330200195e-02
2.502447366714477539e-02
1.876214146614074707e-02
2.300143241882324219e-04
2.105545997619628906e-02
5.568962544202804565e-03
3.006786108016967773e-02
7.377743721008300781e-03
9.416382759809494019e-03
1.066511869430541992e-02
2.342927455902099609e-02
2.999204397201538086e-02
2.800697088241577148e-02
1.540356874465942383e-02
4.265917092561721802e-02
7.121264934539794922e-04
5.622088909149169922e-03
2.022598683834075928e-02
7.131820917129516602e-02
4.403990507125854492e-02
2.765589952468872070e-02
1.961588859558105469e-02
2.501225471496582031e-02
1.106497645378112793e-02
2.579650282859802246e-02
4.411935806274414062e-02
2.249115705490112305e-02
3.227776661515235901e-02
1.077020168304443359e-02
1.039749383926391602e-02
4.946235567331314087e-03
3.790915012359619141e-03
6.633996963500976562e-03
6.124049425125122070e-03
4.400038719177246094e-02
3.715157508850097656e-03
1.714450120925903320e-02
1.878827810287475586e-03
6.773710250854492188e-03
3.727513551712036133e-02
2.265846729278564453e-02
5.584418773651123047e-03
1.332828402519226074e-02
1.962617039680480957e-02
2.141302824020385742e-02
6.161868572235107422e-03
1.085175573825836182e-02
1.934975385665893555e-02
9.117782115936279297e-03
3.765615820884704590e-02
5.838096141815185547e-03
4.670935869216918945e-02
1.722544431686401367e-03
6.287395954132080078e-03
1.585763692855834961e-02
1.191746070981025696e-02
2.364462614059448242e-02
3.336381912231445312e-02
3.185447305440902710e-03
3.764420747756958008e-02
3.101605176925659180e-02
5.168584361672401428e-02
7.768213748931884766e-03
2.130889892578125000e-02
1.047073304653167725e-02
1.261562108993530273e-03
5.500042438507080078e-02
6.605491042137145996e-03
5.159080028533935547e-03
1.680988073348999023e-02
5.915254354476928711e-03
7.521897554397583008e-03
1.887440681457519531e-02
8.215218782424926758e-03
2.525481581687927246e-02
1.733130216598510742e-02
3.018748760223388672e-02
5.237759649753570557e-02
6.982982158660888672e-03
5.910694599151611328e-03
3.948122262954711914e-03
2.258682250976562500e-02
8.041858673095703125e-04
1.427914202213287354e-02
6.476581096649169922e-03
2.716225385665893555e-02
4.794675856828689575e-02
3.019508719444274902e-02
1.292318105697631836e-02
2.623401582241058350e-02
1.227948069572448730e-02
1.009947061538696289e-02
1.968209445476531982e-02
1.414573192596435547e-02
2.865630388259887695e-02
3.487208485603332520e-02
1.670427620410919189e-02
2.918660640716552734e-02
1.589298248291015625e-02
1.047897338867187500e-02
7.922291755676269531e-03
3.371196985244750977e-02
9.054757654666900635e-03
4.750525951385498047e-02
6.603121757507324219e-03
5.122693628072738647e-02
1.349937915802001953e-02
2.776575088500976562e-02
1.388577371835708618e-02
2.725481986999511719e-03
3.961223363876342773e-02
5.631733685731887817e-02
1.656544208526611328e-02
7.399678230285644531e-03
1.770810782909393311e-02
1.070964336395263672e-02
1.790601015090942383e-02
3.649114072322845459e-02
3.516340255737304688e-02
2.775263786315917969e-02
8.097767829895019531e-03
3.537730872631072998e-02
8.014261722564697266e-03
1.459121704101562500e-03
1.149336993694305420e-02
1.268625259399414062e-03
1.263737678527832031e-03
1.361794024705886841e-02
2.921998500823974609e-03
5.504035949707031250e-02
1.847909018397331238e-02
1.028555631637573242e-02
4.005992412567138672e-02
2.832626551389694214e-02
9.738206863403320312e-04
1.419955492019653320e-02
2.340120822191238403e-02
4.193335771560668945e-03
2.623891830444335938e-02
5.106288939714431763e-02
1.694530248641967773e-03
5.294084548950195312e-04
2.452403306961059570e-03
1.496428251266479492e-02
4.245436191558837891e-02
1.885157823562622070e-02
8.302956819534301758e-03
2.545845508575439453e-02
9.684979915618896484e-03
4.103988409042358398e-03
1.651346683502197266e-03
1.765692234039306641e-02
8.112221956253051758e-03
6.732463836669921875e-03
1.316112279891967773e-02
1.072105020284652710e-02
1.559138298034667969e-03
9.721219539642333984e-03
9.690240025520324707e-03
1.230394840240478516e-02
3.374785184860229492e-02
1.290801912546157837e-02
2.645015716552734375e-02
9.865820407867431641e-03
3.756120800971984863e-03
1.393181085586547852e-02
8.959174156188964844e-04
1.031699776649475098e-02
1.892295479774475098e-02
2.300083637237548828e-03
5.725473165512084961e-03
2.258211374282836914e-03
2.782094478607177734e-02
6.959974765777587891e-03
2.633309364318847656e-02
6.987214088439941406e-03
1.287782192230224609e-02
1.549306511878967285e-02
2.591079473495483398e-02
1.626908779144287109e-03
8.180290460586547852e-04
3.563702106475830078e-03
7.017135620117187500e-03
2.874917536973953247e-02
8.052110671997070312e-03
2.281546592712402344e-02
1.762872934341430664e-02
2.120777964591979980e-02
1.418709754943847656e-02
8.705601096153259277e-03
4.639267921447753906e-03
7.233381271362304688e-03
1.853808760643005371e-02
1.100331544876098633e-03
1.431864500045776367e-02
1.120054721832275391e-02
1.535482704639434814e-02
1.090288162231445312e-02
6.922811269760131836e-03
3.295706212520599365e-02
1.508754491806030273e-02
1.081246137619018555e-02
1.171054691076278687e-02
1.199859380722045898e-02
1.145732402801513672e-02
3.558100014925003052e-02
2.843356132507324219e-02
1.851081848144531250e-03
6.698627024888992310e-03
5.138033628463745117e-02
2.385914325714111328e-03
2.781508117914199829e-02
4.976958036422729492e-03
1.883041858673095703e-02
2.952465415000915527e-02
8.092403411865234375e-03
1.739251613616943359e-02
3.504306077957153320e-02
1.101186871528625488e-02
4.104733467102050781e-03
3.765749931335449219e-02
1.852655410766601562e-02
4.362404346466064453e-03
7.223308086395263672e-03
4.969844222068786621e-02
3.738963603973388672e-02
3.706872463226318359e-03
2.117988467216491699e-02
3.253895044326782227e-02
1.363611221313476562e-02
3.321737051010131836e-02
3.886818885803222656e-02
3.475904464721679688e-03
8.497983217239379883e-03
5.035948753356933594e-02
5.630099773406982422e-02
4.326365888118743896e-03
2.886053919792175293e-02
4.807507991790771484e-02
3.082422912120819092e-02
1.959702372550964355e-02
3.160792589187622070e-02
4.709884524345397949e-02
1.726031303405761719e-03
7.340013980865478516e-03
2.225136756896972656e-02
1.649184525012969971e-02
2.850961685180664062e-02
1.500654220581054688e-02
8.660562336444854736e-03
1.614511013031005859e-02
1.358002424240112305e-02
1.959926262497901917e-02
5.307197570800781250e-04
3.110784292221069336e-02
9.143143892288208008e-03
3.698170185089111328e-02
1.076394319534301758e-02
1.580854505300521851e-02
1.909667253494262695e-02
9.127855300903320312e-04
7.438741624355316162e-03
1.225197315216064453e-02
1.495909690856933594e-02
3.985516726970672607e-02
2.401155233383178711e-02
3.148508071899414062e-02
2.584527432918548584e-02
3.104257583618164062e-02
5.548894405364990234e-03
1.532834768295288086e-02
1.772210001945495605e-02
2.182406187057495117e-02
1.103660464286804199e-02
2.967453002929687500e-02
1.180732250213623047e-02
7.063627243041992188e-03
1.507465541362762451e-02
9.653389453887939453e-03
2.213853597640991211e-02
2.345971763134002686e-03
1.414954662322998047e-02
1.551848649978637695e-02
3.846518695354461670e-03
1.474571228027343750e-02
1.743334531784057617e-02
3.349706530570983887e-04
5.284428596496582031e-03
4.112422466278076172e-03
2.631877362728118896e-02
1.874694228172302246e-02
9.728848934173583984e-03
9.743064641952514648e-03
1.020020246505737305e-02
2.818548679351806641e-02
2.190566062927246094e-02
1.594221591949462891e-02
3.200292587280273438e-03
1.845210790634155273e-02
1.713478565216064453e-02
1.601260900497436523e-02
2.406692504882812500e-02
1.488434523344039917e-02
1.942098140716552734e-03
3.366947174072265625e-02
2.868993580341339111e-02
9.491562843322753906e-03
4.372954368591308594e-03
1.531787216663360596e-03
3.370225429534912109e-03
2.029645442962646484e-02
3.869302570819854736e-03
1.568347215652465820e-03
3.862082958221435547e-03
3.143011033535003662e-02
2.793231606483459473e-02
1.758807897567749023e-02
3.547741472721099854e-02
9.695291519165039062e-04
2.463042736053466797e-03
3.222349286079406738e-02
1.429708302021026611e-02
2.439022064208984375e-04
3.142151236534118652e-02
9.984411299228668213e-03
8.213877677917480469e-03
3.366738557815551758e-02
1.880735158920288086e-03
1.740211248397827148e-02
2.770960330963134766e-02
1.656018942594528198e-02
2.405041456222534180e-02
4.102468490600585938e-03
3.487498499453067780e-02
7.797598838806152344e-03
1.293992996215820312e-02
1.051774621009826660e-02
6.832808256149291992e-03
1.907163858413696289e-02
1.158460974693298340e-02
1.425445079803466797e-04
1.696318387985229492e-02
1.286263763904571533e-02
4.253298044204711914e-03
3.330719470977783203e-02
1.096725463867187500e-03
3.278091549873352051e-03
8.974313735961914062e-03
7.094848155975341797e-02
2.028761804103851318e-02
2.107483148574829102e-02
2.045917510986328125e-02
1.024214923381805420e-02
3.296554088592529297e-03
5.123692750930786133e-02
6.960473954677581787e-03
1.570653915405273438e-02
3.136527538299560547e-02
3.185316920280456543e-03
1.174730062484741211e-02
2.342706918716430664e-02
4.337981343269348145e-03
4.871755838394165039e-03
3.154814243316650391e-03
4.166131466627120972e-02
2.122902870178222656e-02
2.822583913803100586e-02
5.016142129898071289e-02
4.450947046279907227e-03
2.425116300582885742e-02
1.833119988441467285e-02
9.468629956245422363e-03
6.037002801895141602e-02
1.033693552017211914e-03
8.358836174011230469e-03
1.626414060592651367e-02
1.217246055603027344e-02
8.985698223114013672e-04
6.140714883804321289e-02
1.533693075180053711e-02
2.080463618040084839e-02
2.179020643234252930e-02
3.885614871978759766e-02
1.642047241330146790e-02
5.815982818603515625e-03
1.866835355758666992e-02
2.102021872997283936e-02
1.407897472381591797e-02
4.807651042938232422e-03
1.056596636772155762e-02
1.310738921165466309e-02
1.380765438079833984e-02
1.293213665485382080e-02
1.682639122009277344e-03
1.564025878906250000e-02
1.216718554496765137e-02
8.869037032127380371e-03
4.131799936294555664e-02
9.412944316864013672e-03
1.810833811759948730e-02
3.298646211624145508e-02
1.888930797576904297e-03
1.697436720132827759e-02
5.212712287902832031e-02
7.627606391906738281e-03
3.815997578203678131e-02
1.129359006881713867e-02
1.014709472656250000e-03
1.027185097336769104e-02
1.244539022445678711e-02
1.386356353759765625e-02
2.761527895927429199e-03
3.670832514762878418e-02
1.800286769866943359e-02
5.676497519016265869e-02
9.564459323883056641e-04
5.652487277984619141e-03
2.581796050071716309e-02
1.479420065879821777e-02
5.488216876983642578e-03
3.389197587966918945e-02
1.536081731319427490e-02
1.233816146850585938e-05
2.738291025161743164e-02
1.498091965913772583e-02
2.533197402954101562e-05
3.768497705459594727e-02
5.625325441360473633e-02
6.375509500503540039e-02
2.993375062942504883e-02
2.827103063464164734e-02
1.208782196044921875e-02
1.221197843551635742e-02
1.582496985793113708e-02
2.705812454223632812e-03
2.178275585174560547e-02
8.186876773834228516e-03
2.996248006820678711e-02
1.773047447204589844e-02
1.390248537063598633e-03
1.495090126991271973e-02
1.793497800827026367e-02
1.607978343963623047e-02
3.809660673141479492e-03
1.923257112503051758e-02
2.317714691162109375e-02
3.291569650173187256e-02
3.255009651184082031e-04
1.203447580337524414e-03
1.368582248687744141e-03
2.503436803817749023e-02
1.148205995559692383e-02
8.421018719673156738e-04
5.124062299728393555e-02
5.145072937011718750e-03
2.074269205331802368e-02
3.443723917007446289e-02
4.477065801620483398e-02
4.714676365256309509e-02
1.682716608047485352e-02
3.232991695404052734e-02
2.824367582798004150e-02
1.330298185348510742e-02
8.475422859191894531e-03
2.898250520229339600e-02
2.771130204200744629e-02
1.837635040283203125e-02
9.502470493316650391e-03
4.873901605606079102e-03
1.556944847106933594e-02
2.456042170524597168e-02
2.499909698963165283e-02
2.257174253463745117e-02
1.058357954025268555e-02
4.285512119531631470e-02
1.314121484756469727e-02
5.709886550903320312e-03
5.096856132149696350e-02
2.575320005416870117e-02
2.060538530349731445e-02
2.368133887648582458e-02
2.161139249801635742e-02
3.917658329010009766e-02
1.834180951118469238e-02
1.995539665222167969e-02
1.086628437042236328e-02
4.885412752628326416e-03
1.528769731521606445e-02
4.026293754577636719e-04
6.481194496154785156e-02
2.035066485404968262e-02
1.576685905456542969e-02
1.690866053104400635e-02
1.964017748832702637e-02
2.243047952651977539e-02
4.159539937973022461e-03
3.803344070911407471e-02
1.835519075393676758e-02
1.222231984138488770e-02
7.403284311294555664e-03
3.734290599822998047e-03
3.009343147277832031e-02
2.641283720731735229e-02
4.942137002944946289e-02
2.724397182464599609e-02
4.961423575878143311e-03
1.042121648788452148e-02
1.527816057205200195e-02
1.638188958168029785e-03
3.025710582733154297e-02
4.602611064910888672e-03
9.937666356563568115e-03
4.601275920867919922e-02
1.857405900955200195e-02
2.241200208663940430e-02
7.137805223464965820e-03
1.727902889251708984e-02
3.001677989959716797e-02
7.394403219223022461e-03
6.944775581359863281e-03
2.998936176300048828e-02
3.880977630615234375e-03
6.333804130554199219e-02
4.015159606933593750e-02
1.575660705566406250e-02
3.761076927185058594e-02
3.198975324630737305e-02
2.649952471256256104e-02
5.742669105529785156e-03
1.921105384826660156e-02
1.081015914678573608e-02
1.023542881011962891e-02
1.106154918670654297e-02
2.161540091037750244e-02
4.249060153961181641e-02
1.885890960693359375e-03
1.965343207120895386e-02
4.019266366958618164e-02
1.682412624359130859e-02
1.145090162754058838e-02
7.518738508224487305e-03
2.530932426452636719e-02
1.289080083370208740e-02
2.675086259841918945e-03
1.760065555572509766e-02
4.491209983825683594e-03
1.311700046062469482e-02
7.053375244140625000e-03
2.419471740722656250e-02
3.851741552352905273e-03
8.803009986877441406e-03
3.238999843597412109e-02
5.328446626663208008e-03
2.892768383026123047e-02
2.276659011840820312e-02
4.236832261085510254e-03
1.308512687683105469e-02
6.842732429504394531e-03
2.083268761634826660e-02
1.866161823272705078e-03
2.605378627777099609e-03
2.759285271167755127e-02
1.381307840347290039e-03
2.660644054412841797e-02
3.819958120584487915e-02
4.419058561325073242e-02
1.607459783554077148e-02
1.672397553920745850e-02
6.945633888244628906e-02
7.142245769500732422e-03
2.121061086654663086e-02
1.111446321010589600e-02
4.655772447586059570e-02
2.488583326339721680e-02
2.361640334129333496e-03
5.900919437408447266e-03
1.497513055801391602e-02
6.722427904605865479e-03
8.418440818786621094e-03
1.910030841827392578e-02
2.745077013969421387e-03
2.798557281494140625e-03
2.075076103210449219e-03
2.612718194723129272e-02
4.814743995666503906e-03
3.316241502761840820e-02
2.651946991682052612e-02
3.292500972747802734e-02
2.187144756317138672e-02
3.286868333816528320e-03
8.784472942352294922e-03
1.326918601989746094e-02
1.838752627372741699e-02
1.036080718040466309e-02
2.368748188018798828e-02
2.837020158767700195e-02
4.241704940795898438e-03
1.670807600021362305e-02
1.186269521713256836e-02
1.303531229496002197e-02
2.132141590118408203e-02
1.843833923339843750e-02
6.504243146628141403e-02
2.126687765121459961e-02
2.341568470001220703e-02
2.006847411394119263e-02
2.309679985046386719e-02
1.666182279586791992e-02
4.881751537322998047e-02
3.442531824111938477e-02
8.279919624328613281e-03
5.401745438575744629e-04
2.364900708198547363e-02
4.758238792419433594e-03
8.638501167297363281e-03
2.502977848052978516e-03
4.364180564880371094e-02
1.275922358036041260e-02
1.073345541954040527e-02
5.118292570114135742e-02
1.939249038696289062e-02
1.102849841117858887e-03
4.035532474517822266e-03
5.560219287872314453e-04
1.738275587558746338e-02
1.171278953552246094e-02
1.996099948883056641e-02
2.461545914411544800e-02
1.858353614807128906e-02
2.235615253448486328e-02
1.877198740839958191e-02
9.460151195526123047e-03
3.819435834884643555e-02
5.128525011241436005e-02
4.208934307098388672e-02
2.897900342941284180e-02
6.915234029293060303e-03
4.123499989509582520e-02
1.091742515563964844e-02
3.028433024883270264e-02
4.074129462242126465e-02
1.487421989440917969e-02
3.239382803440093994e-02
3.605359792709350586e-02
4.160284996032714844e-03
4.110753536224365234e-03
1.324504613876342773e-02
3.692322969436645508e-02
1.073315739631652832e-02
1.060879230499267578e-02
2.884250879287719727e-02
1.513439416885375977e-02
3.965106979012489319e-02
4.857367277145385742e-02
1.635015010833740234e-02
1.514207571744918823e-02
4.979223012924194336e-02
1.540309190750122070e-02
1.784457266330718994e-02
2.791005373001098633e-02
3.477400541305541992e-02
5.706243589520454407e-02
1.209679245948791504e-02
4.815965890884399414e-02
1.593452692031860352e-02
2.796649932861328125e-03
9.917616844177246094e-04
4.797190427780151367e-03
1.519918441772460938e-03
1.013338565826416016e-02
4.078644514083862305e-02
2.052047848701477051e-02
2.184271812438964844e-03
2.822932600975036621e-02
2.441509068012237549e-02
2.630317211151123047e-02
4.042392969131469727e-02
6.783782690763473511e-02
2.299606800079345703e-03
4.812419414520263672e-02
1.609300076961517334e-02
2.318984270095825195e-02
2.352595329284667969e-03
9.294532239437103271e-03
2.559435367584228516e-02
1.521444320678710938e-02
1.299914717674255371e-02
9.626924991607666016e-03
1.314908266067504883e-02
4.009702801704406738e-02
4.841369390487670898e-02
3.716516494750976562e-02
3.735695779323577881e-02
5.507081747055053711e-03
2.349615097045898438e-04
1.479369401931762695e-02
7.564067840576171875e-03
2.471894025802612305e-02
4.442626237869262695e-02
1.769438385963439941e-04
1.447415351867675781e-02
4.639685153961181641e-03
4.479332268238067627e-02
7.721602916717529297e-03
2.662074565887451172e-02
2.270695194602012634e-02
2.071130275726318359e-02
6.137108802795410156e-02
2.150900661945343018e-02
8.396744728088378906e-03
3.640168905258178711e-02
3.450547158718109131e-02
4.280328750610351562e-03
1.946049928665161133e-02
1.824000477790832520e-02
1.960501074790954590e-02
8.775830268859863281e-03
1.101973652839660645e-02
1.555800437927246094e-02
7.395088672637939453e-03
2.360904216766357422e-02
2.426238358020782471e-02
1.042336225509643555e-02
3.725016117095947266e-02
7.941618561744689941e-03
2.880495786666870117e-02
3.026843070983886719e-02
1.569345593452453613e-02
2.776062488555908203e-02
2.917408943176269531e-03
7.467776536941528320e-03
1.113063097000122070e-02
6.658732891082763672e-03
2.615159004926681519e-02
1.344984769821166992e-02
2.051645517349243164e-02
6.129659712314605713e-03
2.335190773010253906e-03
7.456004619598388672e-03
9.826213121414184570e-03
1.464685797691345215e-02
1.010596752166748047e-03
1.543939113616943359e-02
1.699182391166687012e-02
2.254426479339599609e-02
1.177600026130676270e-02
3.877665102481842041e-02
1.458883285522460938e-03
1.233574748039245605e-02
1.606998592615127563e-02
4.709190130233764648e-02
1.563578844070434570e-02
4.476681351661682129e-04
3.442466259002685547e-03
2.808457612991333008e-02
3.502033650875091553e-03
2.705597877502441406e-02
1.758766174316406250e-02
4.535447433590888977e-02
1.833778619766235352e-02
5.696058273315429688e-03
9.070336818695068359e-05
8.139282464981079102e-03
3.013688325881958008e-02
3.284701704978942871e-02
3.715574741363525391e-03
1.372736692428588867e-02
8.865326642990112305e-03
7.547885179519653320e-03
2.576190233230590820e-02
1.136258244514465332e-02
9.182736277580261230e-03
2.148151397705078125e-03
2.090871334075927734e-03
8.938841521739959717e-03
2.612590789794921875e-03
1.314955949783325195e-02
1.922252774238586426e-02
2.027875185012817383e-02
2.028489112854003906e-02
2.641101926565170288e-02
6.533205509185791016e-03
7.346630096435546875e-03
1.751925051212310791e-02
1.383763551712036133e-02
4.515689611434936523e-02
4.667483270168304443e-03
3.547900915145874023e-02
3.760576248168945312e-03
3.608191013336181641e-02
2.495288848876953125e-03
1.648229360580444336e-02
9.311318397521972656e-03
2.689775824546813965e-02
1.610064506530761719e-02
9.187161922454833984e-04
2.564930915832519531e-02
1.718211174011230469e-02
1.169294118881225586e-02
2.637103945016860962e-02
1.627296209335327148e-02
2.108800411224365234e-02
4.194752499461174011e-02
1.727563142776489258e-02
8.004307746887207031e-04
1.085046306252479553e-02
8.080303668975830078e-03
3.047090768814086914e-02
3.890722990036010742e-03
2.442967891693115234e-02
1.768320798873901367e-02
3.506457060575485229e-02
2.256995439529418945e-02
2.441179752349853516e-02
8.008942008018493652e-03
1.124298572540283203e-02
3.329306840896606445e-02
1.830460131168365479e-02
2.411365509033203125e-03
2.010542154312133789e-02
4.610371589660644531e-02
1.151464879512786865e-02
1.054340600967407227e-02
2.665200829505920410e-02
3.263137489557266235e-02
1.437431573867797852e-02
1.556521654129028320e-02
3.382854163646697998e-02
2.002221345901489258e-02
2.319115400314331055e-02
1.753446087241172791e-02
1.299339532852172852e-02
6.089806556701660156e-04
8.863709867000579834e-03
1.408821344375610352e-02
1.476985216140747070e-02
1.518949866294860840e-03
6.144845485687255859e-02
9.576916694641113281e-03
2.232944965362548828e-02
1.619639992713928223e-02
2.900898456573486328e-02
4.186451435089111328e-02
3.615196049213409424e-02
3.684324026107788086e-02
1.289176940917968750e-02
2.148255705833435059e-02
1.048856973648071289e-02
3.510060906410217285e-02
3.685075789690017700e-02
1.566255092620849609e-02
1.049983501434326172e-02
2.677060663700103760e-03
3.347706794738769531e-02
1.191955804824829102e-02
1.676373183727264404e-03
7.471680641174316406e-03
8.417963981628417969e-03
1.307167857885360718e-02
3.040945529937744141e-02
4.059052467346191406e-02
3.152360022068023682e-02
4.428163170814514160e-02
2.102357149124145508e-02
1.390390098094940186e-02
3.621807694435119629e-02
8.863866329193115234e-03
1.861597597599029541e-02
1.926302909851074219e-03
2.729982137680053711e-02
3.972023725509643555e-03
8.521348237991333008e-03
1.623201370239257812e-02
1.247030496597290039e-02
7.944256067276000977e-04
1.720732450485229492e-02
3.337204456329345703e-02
2.601716294884681702e-02
2.944564819335937500e-02
8.081549406051635742e-02
3.177710995078086853e-02
4.358118772506713867e-02
1.116496324539184570e-02
2.112192660570144653e-02
2.013909816741943359e-02
1.967287063598632812e-02
1.305194944143295288e-02
1.207852363586425781e-02
2.251684665679931641e-03
3.480724990367889404e-02
2.559077739715576172e-02
3.823602199554443359e-02
1.029634475708007812e-02
3.610284626483917236e-02
1.727557182312011719e-02
9.195566177368164062e-03
9.173750877380371094e-04
1.394808292388916016e-03
1.597699522972106934e-02
1.293568313121795654e-02
2.024418115615844727e-02
1.497876644134521484e-02
1.743102073669433594e-02
5.081355571746826172e-03
2.571570873260498047e-02
4.109554551541805267e-02
3.498125076293945312e-02
7.362186908721923828e-03
4.075072705745697021e-03
4.173517227172851562e-03
1.670980453491210938e-02
1.701617985963821411e-02
2.779477834701538086e-02
1.488047838211059570e-02
3.461998701095581055e-02
6.991744041442871094e-03
2.276825904846191406e-02
2.157728374004364014e-02
4.662573337554931641e-03
4.610580205917358398e-02
2.858105301856994629e-02
4.847934842109680176e-02
2.420824766159057617e-02
3.874611854553222656e-02
6.196528673171997070e-03
1.170992851257324219e-03
5.630671977996826172e-03
1.092809438705444336e-02
1.400709152221679688e-04
5.721569061279296875e-03
1.411439478397369385e-02
5.681037902832031250e-03
5.299150943756103516e-03
2.234014496207237244e-02
3.167563676834106445e-02
4.150211811065673828e-03
2.465716004371643066e-02
9.889334440231323242e-03
1.296478509902954102e-02
3.539049625396728516e-02
4.760205745697021484e-03
3.194868564605712891e-02
4.908894002437591553e-02
2.424344420433044434e-02
5.127191543579101562e-04
5.809336900711059570e-03
5.698934197425842285e-03
1.074784994125366211e-02
1.770392060279846191e-02
2.707453072071075439e-02
1.989150047302246094e-02
1.744472980499267578e-02
1.298794895410537720e-02
3.486210107803344727e-02
4.367059469223022461e-02
4.007145762443542480e-03
2.613049745559692383e-02
4.456025362014770508e-02
1.797685772180557251e-02
2.038854360580444336e-02
1.165395975112915039e-02
3.292039036750793457e-04
3.168964385986328125e-02
5.176687240600585938e-02
4.736050218343734741e-02
1.536065340042114258e-02
8.724153041839599609e-03
3.410412371158599854e-02
6.178668141365051270e-02
5.294764041900634766e-02
1.678916811943054199e-02
4.637166857719421387e-03
9.344875812530517578e-03
1.110592484474182129e-02
5.456797778606414795e-02
1.895797252655029297e-02
1.694130897521972656e-02
1.153065264225006104e-02
7.180571556091308594e-04
2.631783485412597656e-03
2.487703785300254822e-02
1.329690217971801758e-02
2.331960201263427734e-02
4.177391529083251953e-04
8.396267890930175781e-03
4.352927207946777344e-04
1.134492456912994385e-02
5.065828561782836914e-03
5.112051963806152344e-03
9.150609374046325684e-03
1.004901528358459473e-02
1.871496438980102539e-02
3.402367234230041504e-03
6.653970479965209961e-02
2.275466918945312500e-02
3.324508666992187500e-03
1.962111890316009521e-02
4.940176010131835938e-02
4.004061222076416016e-03
2.294684201478958130e-02
2.616286277770996094e-02
4.905241727828979492e-02
1.999231427907943726e-02
2.668559551239013672e-03
3.091919422149658203e-02
1.329045742750167847e-03
4.392230510711669922e-02
1.720976829528808594e-02
1.176086068153381348e-02
6.020861864089965820e-02
6.928658485412597656e-02
2.722346037626266479e-02
4.661935567855834961e-02
1.871657371520996094e-02
1.324550807476043701e-02
2.128601074218750000e-02
1.006877422332763672e-02
1.806294918060302734e-02
8.248627185821533203e-03
3.023272752761840820e-02
2.890616655349731445e-02
1.520809531211853027e-02
5.251067876815795898e-02
3.331002593040466309e-02
3.447893261909484863e-02
1.372516155242919922e-03
3.542989492416381836e-02
2.414257824420928955e-02
1.376271247863769531e-02
2.119612693786621094e-02
3.465343266725540161e-02
3.524440526962280273e-02
1.547068357467651367e-02
4.619380645453929901e-02
2.500146627426147461e-02
7.651686668395996094e-03
4.571147635579109192e-02
1.227450370788574219e-02
4.550242424011230469e-02
3.361853957176208496e-02
1.905679702758789062e-03
2.584040164947509766e-02
4.320481419563293457e-02
7.180064916610717773e-03
3.241127729415893555e-02
1.051789522171020508e-02
2.524881064891815186e-02
1.450276374816894531e-02
4.191058874130249023e-02
1.286157220602035522e-02
8.849620819091796875e-03
1.099050045013427734e-03
2.635064348578453064e-02
7.907152175903320312e-04
4.020845890045166016e-02
3.961348719894886017e-02
2.841538190841674805e-02
2.779906988143920898e-02
3.731045871973037720e-03
2.829438447952270508e-02
5.327260494232177734e-02
4.515819251537322998e-03
2.088555693626403809e-02
5.349612236022949219e-02
4.046602547168731689e-02
5.151033401489257812e-03
3.079026937484741211e-02
4.102209210395812988e-02
4.522502422332763672e-04
6.546258926391601562e-03
1.015928387641906738e-02
7.361426949501037598e-03
1.327842473983764648e-02
9.320616722106933594e-03
1.909651607275009155e-02
9.637653827667236328e-03
8.294522762298583984e-03
4.375742748379707336e-02
4.027420282363891602e-02
2.528929710388183594e-02
1.733590662479400635e-02
5.406385660171508789e-02
9.819328784942626953e-03
5.640766676515340805e-02
6.554144620895385742e-02
5.388855934143066406e-04
7.164776325225830078e-04
2.379381656646728516e-02
7.040381431579589844e-03
1.112750172615051270e-02
2.331811189651489258e-02
1.980900764465332031e-03
1.854528486728668213e-02
7.355213165283203125e-03
3.708535432815551758e-02
7.014095783233642578e-03
7.447943091392517090e-03
2.202337980270385742e-02
1.960933208465576172e-03
1.959539949893951416e-02
2.129465341567993164e-02
2.293157577514648438e-02
2.855788916349411011e-02
2.487456798553466797e-02
7.187247276306152344e-03
1.694282144308090210e-02
2.153700590133666992e-02
4.151821136474609375e-03
1.994776725769042969e-02
4.413008689880371094e-03
3.621733188629150391e-02
4.191055893898010254e-03
5.517184734344482422e-03
1.826912164688110352e-02
4.136827588081359863e-02
4.256865382194519043e-02
1.938909292221069336e-02
1.973421871662139893e-02
3.431650996208190918e-02
4.817366600036621094e-03
7.364451885223388672e-04
4.406273365020751953e-03
4.667699337005615234e-02
4.279708862304687500e-02
3.447768837213516235e-02
1.093226671218872070e-02
4.526174068450927734e-02
2.167277038097381592e-03
1.967805624008178711e-02
1.993954181671142578e-03
2.724054455757141113e-02
3.146231174468994141e-02
1.954382658004760742e-02
1.892827078700065613e-02
5.910813808441162109e-03
4.953753948211669922e-02
1.814261078834533691e-03
4.988250136375427246e-02
2.916449308395385742e-02
4.750567674636840820e-02
3.569126129150390625e-04
9.218990802764892578e-03
4.432907700538635254e-02
3.747278451919555664e-02
1.304656267166137695e-02
3.752166032791137695e-02
2.196538448333740234e-02
2.291738986968994141e-03
4.662990570068359375e-03
1.601521670818328857e-02
4.218709468841552734e-02
2.952229976654052734e-02
1.269017904996871948e-02
8.881688117980957031e-04
5.791842937469482422e-03
3.003139793872833252e-02
5.805456638336181641e-02
2.672362327575683594e-02
2.081064879894256592e-02
9.549319744110107422e-03
4.244399070739746094e-02
3.320652246475219727e-02
4.402369260787963867e-03
3.287798166275024414e-02
1.778332889080047607e-02
1.138907670974731445e-02
6.639724969863891602e-02
1.403303444385528564e-02
3.622311353683471680e-02
7.160180807113647461e-02
2.072590589523315430e-02
6.583020091056823730e-03
4.897356033325195312e-03
1.589298248291015625e-03
6.560578942298889160e-03
1.708370447158813477e-02
4.298025369644165039e-02
4.085353016853332520e-02
2.678394317626953125e-02
2.948164939880371094e-02
1.872925832867622375e-02
2.218884229660034180e-02
1.469612121582031250e-03
2.152653038501739502e-02
1.580077409744262695e-02
3.633832931518554688e-02
1.943114399909973145e-02
7.919579744338989258e-03
3.784769773483276367e-02
1.048606634140014648e-02
1.371496915817260742e-02
1.397627592086791992e-02
4.277855157852172852e-03
1.099786162376403809e-02
1.492094993591308594e-02
4.093474149703979492e-02
4.045309126377105713e-02
1.007586717605590820e-02
4.318246245384216309e-02
1.239314675331115723e-03
1.783746480941772461e-02
1.251673698425292969e-02
3.181765973567962646e-02
1.699519157409667969e-02
5.689311027526855469e-02
5.834278091788291931e-02
2.025204896926879883e-02
4.873114824295043945e-02
4.990875720977783203e-03
1.711195707321166992e-02
4.546999931335449219e-03
1.278849691152572632e-02
3.505274653434753418e-02
2.328693866729736328e-02
1.867295801639556885e-02
2.776846289634704590e-02
4.607427120208740234e-02
3.012879192829132080e-02
2.513560652732849121e-02
2.035081386566162109e-03
4.900693893432617188e-03
9.370803833007812500e-03
1.729065179824829102e-02
2.387192845344543457e-02
8.062586188316345215e-03
5.356967449188232422e-03
1.031488180160522461e-02
1.159290969371795654e-02
3.280997276306152344e-02
1.100474596023559570e-02
3.381038457155227661e-02
6.039226055145263672e-02
1.846402883529663086e-02
4.694334603846073151e-02
4.714846611022949219e-03
7.857918739318847656e-03
2.277407050132751465e-02
2.021217346191406250e-02
3.419631719589233398e-02
3.989413380622863770e-03
6.612390279769897461e-03
7.386326789855957031e-03
2.643689513206481934e-02
2.872055768966674805e-02
3.030925989151000977e-02
1.127684116363525391e-02
1.474855840206146240e-02
3.700196743011474609e-02
4.181003570556640625e-02
4.298838973045349121e-02
9.767830371856689453e-03
2.621650695800781250e-03
2.871970087289810181e-02
3.366982936859130859e-02
5.167186260223388672e-03
1.766489073634147644e-02
3.014075756072998047e-02
4.693865776062011719e-04
3.046919032931327820e-02
2.513521909713745117e-02
2.283632755279541016e-02
3.934383392333984375e-03
1.296678185462951660e-02
8.667886257171630859e-03
9.158298373222351074e-03
1.437789201736450195e-02
1.975804567337036133e-02
3.709286451339721680e-03
1.693695783615112305e-03
8.686542510986328125e-03
2.306219935417175293e-02
1.557329297065734863e-02
7.163763046264648438e-03
2.102565765380859375e-02
2.939964830875396729e-02
2.013939619064331055e-02
1.930189132690429688e-02
3.122008219361305237e-02
3.630465269088745117e-02
1.067930459976196289e-02
3.867624141275882721e-02
7.592678070068359375e-03
2.507829666137695312e-02
3.363303840160369873e-02
5.105203390121459961e-02
5.156040191650390625e-03
1.882967352867126465e-02
1.172962784767150879e-02
2.913367748260498047e-02
6.600329279899597168e-02
6.943157315254211426e-02
2.027165889739990234e-02
1.448494195938110352e-02
7.395237684249877930e-03
3.785610198974609375e-03
1.445674896240234375e-02
1.379239559173583984e-02
3.210997581481933594e-02
1.250585913658142090e-02
1.291126757860183716e-02
4.203647375106811523e-02
4.762983322143554688e-02
4.813896492123603821e-02
2.229869365692138672e-03
5.999803543090820312e-04
1.832281053066253662e-02
1.690983772277832031e-04
3.247320652008056641e-03
8.010342717170715332e-04
3.805923461914062500e-02
5.814969539642333984e-03
1.423399150371551514e-02
2.340492606163024902e-02
5.371308326721191406e-02
6.468370556831359863e-03
2.228352427482604980e-02
1.400786638259887695e-02
3.286038339138031006e-02
2.389442920684814453e-02
9.241044521331787109e-03
2.887010574340820312e-03
2.323214709758758545e-02
2.127832174301147461e-02
2.001723647117614746e-02
3.202065825462341309e-02
1.098006963729858398e-02
3.198093175888061523e-02
1.964726299047470093e-02
1.780724525451660156e-02
1.886844635009765625e-03
1.353193074464797974e-02
3.448307514190673828e-03
2.319812774658203125e-03
1.019074022769927979e-02
7.363736629486083984e-03
1.234126091003417969e-02
2.286747097969055176e-02
1.957905292510986328e-02
4.972398281097412109e-02
3.401979804039001465e-03
5.560258030891418457e-02
7.034122943878173828e-03
4.833297431468963623e-02
2.083343267440795898e-02
2.339982986450195312e-02
3.610545396804809570e-02
1.829820871353149414e-02
8.713185787200927734e-03
3.403070569038391113e-02
9.312383830547332764e-03
1.150906085968017578e-03
4.207444190979003906e-02
2.169165015220642090e-02
2.781260013580322266e-02
2.272343635559082031e-02
4.214412346482276917e-02
1.491606235504150391e-03
1.958084106445312500e-02
4.199724644422531128e-03
1.662749052047729492e-02
4.454624652862548828e-02
2.144427597522735596e-02
1.844853162765502930e-02
3.150808811187744141e-02
2.456977963447570801e-02
6.056815385818481445e-03
1.823073625564575195e-02
1.951187849044799805e-03
3.778994083404541016e-03
5.743503570556640625e-02
1.297837495803833008e-02
1.131191849708557129e-02
3.872650861740112305e-02
1.628956198692321777e-02
1.721093058586120605e-02
1.531541347503662109e-03
1.048970222473144531e-02
9.606875479221343994e-03
1.433551311492919922e-03
2.750736474990844727e-02
1.471749693155288696e-02
9.219288825988769531e-03
1.718914508819580078e-02
2.440652996301651001e-02
1.005554199218750000e-02
2.172315120697021484e-02
9.360462427139282227e-04
1.473775506019592285e-02
2.366089820861816406e-02
1.686821877956390381e-02
2.767851948738098145e-02
5.247378349304199219e-02
3.228636085987091064e-02
3.967592120170593262e-02
1.615256071090698242e-02
1.262405514717102051e-02
8.383214473724365234e-03
8.530676364898681641e-03
4.084408283233642578e-02
8.924663066864013672e-03
5.965453386306762695e-02
3.481602668762207031e-02
2.224249392747879028e-02
3.490674495697021484e-02
1.192343235015869141e-02
4.292632825672626495e-02
3.810900449752807617e-02
2.905869483947753906e-02
1.067047566175460815e-02
7.012486457824707031e-04
3.205543756484985352e-02
1.705123484134674072e-02
5.038920044898986816e-02
4.808139801025390625e-02
8.033141493797302246e-03
2.982610464096069336e-02
1.840126514434814453e-02
2.167320251464843750e-02
1.169526576995849609e-02
7.374703884124755859e-03
2.081400156021118164e-02
3.059457242488861084e-02
2.401697635650634766e-02
8.053392171859741211e-03
2.149473875761032104e-02
2.335029840469360352e-02
2.665364742279052734e-02
8.322067558765411377e-03
2.307039499282836914e-02
9.284496307373046875e-03
1.710847765207290649e-02
3.669798374176025391e-03
1.397687196731567383e-02
2.006442099809646606e-02
1.284652948379516602e-02
1.297962665557861328e-02
7.132768630981445312e-03
1.159784197807312012e-02
4.490554332733154297e-03
2.997517585754394531e-04
3.476005792617797852e-02
4.902434349060058594e-02
4.768565297126770020e-02
2.964890003204345703e-02
4.984259605407714844e-03
2.129924297332763672e-02
1.208432018756866455e-02
3.797024488449096680e-02
4.929864406585693359e-02
1.493115723133087158e-02
7.370948791503906250e-03
5.733233690261840820e-02
1.880353689193725586e-02
4.286646842956542969e-03
1.980918645858764648e-02
7.654331624507904053e-03
5.582749843597412109e-02
5.835533142089843750e-02
1.974791288375854492e-03
9.622514247894287109e-03
9.581863880157470703e-03
4.417504370212554932e-02
1.217806339263916016e-02
2.456951141357421875e-02
1.439666748046875000e-02
2.411964535713195801e-02
4.317241907119750977e-02
3.819148242473602295e-02
9.812653064727783203e-03
6.735408306121826172e-02
2.022251486778259277e-02
2.486974000930786133e-02
1.113396883010864258e-02
4.721584916114807129e-02
2.825614809989929199e-02
3.766286373138427734e-02
2.542197704315185547e-03
1.930373162031173706e-02
2.457523345947265625e-02
1.410508155822753906e-02
1.550713926553726196e-02
2.021938562393188477e-02
2.372872829437255859e-02
4.968388192355632782e-02
4.947745800018310547e-02
3.216183185577392578e-02
6.757265701889991760e-02
5.862474441528320312e-03
3.947019577026367188e-04
2.889156341552734375e-02
3.477492928504943848e-02
2.414137125015258789e-02
1.554027199745178223e-03
3.487804532051086426e-02
1.912140846252441406e-02
2.440464496612548828e-02
4.153898358345031738e-02
2.156281471252441406e-02
1.285538077354431152e-02
5.008935928344726562e-03
1.746135950088500977e-02
1.542246341705322266e-02
2.809322997927665710e-02
1.677596569061279297e-02
4.251241683959960938e-03
1.372303441166877747e-02
7.782697677612304688e-03
5.872380733489990234e-02
7.318422198295593262e-03
7.641375064849853516e-03
9.122550487518310547e-03
3.584659844636917114e-02
1.914104819297790527e-02
3.153163194656372070e-02
1.528915762901306152e-02
2.036780118942260742e-03
1.446104049682617188e-02
9.762167930603027344e-03
3.735825419425964355e-02
2.734780311584472656e-03
1.674893498420715332e-02
8.049473166465759277e-03
2.024877071380615234e-02
1.387542486190795898e-02
3.031510114669799805e-02
1.629000902175903320e-02
2.804803848266601562e-02
1.033857464790344238e-02
4.543858766555786133e-02
4.008287191390991211e-02
2.692316472530364990e-02
4.142403602600097656e-02
7.180213928222656250e-03
7.804315537214279175e-03
4.278093576431274414e-02
3.778386116027832031e-02
3.227765113115310669e-02
2.941438555717468262e-02
3.315180540084838867e-02
3.273004293441772461e-02
2.628913521766662598e-02
4.057288169860839844e-04
6.134571135044097900e-02
1.048469543457031250e-02
1.512657999992370605e-01
4.377603232860565186e-01
6.757358759641647339e-01
5.370897054672241211e-02
3.747755289077758789e-01
6.196799129247665405e-01
4.636963307857513428e-01
4.753715693950653076e-01
3.642675280570983887e-02
5.449882298707962036e-01
5.159135907888412476e-01
2.870929241180419922e-02
4.496690630912780762e-01
5.669564604759216309e-01
1.612256467342376709e-02
3.404566943645477295e-01
6.205903440713882446e-01
1.130589097738265991e-01
9.546667337417602539e-03
3.190523386001586914e-02
5.528252422809600830e-01
4.681671559810638428e-01
6.587237119674682617e-02
4.809376001358032227e-01
5.417395234107971191e-01
6.457293033599853516e-02
3.992618918418884277e-01
5.716565847396850586e-01
6.093144416809082031e-02
3.722771108150482178e-01
5.000523030757904053e-01
3.936928808689117432e-01
4.264061748981475830e-01
6.139101088047027588e-02
4.732604771852493286e-01
4.396144002676010132e-01
7.590959966182708740e-02
3.812023997306823730e-01
4.435415863990783691e-01
1.241719126701354980e-01
3.156017959117889404e-01
4.843492060899734497e-01
1.843025833368301392e-01
4.176813364028930664e-02
1.887885332107543945e-01
5.317213684320449829e-01
4.858113527297973633e-01
2.191948294639587402e-01
4.427792131900787354e-01
4.801325201988220215e-01
2.035217285156250000e-01
3.938163518905639648e-01
4.694265723228454590e-01
1.864576935768127441e-01
4.056773185729980469e-01
3.981206119060516357e-01
2.707668840885162354e-01
3.487479984760284424e-01
1.826285570859909058e-01
3.744244128465652466e-01
3.163510411977767944e-01
1.733603030443191528e-01
2.899701893329620361e-01
3.039395809173583984e-01
1.941256523132324219e-01
2.475614249706268311e-01
3.124770671129226685e-01
2.501414567232131958e-01
6.590291857719421387e-02
3.483389019966125488e-01
4.696350097656250000e-01
4.675752818584442139e-01
4.014907479286193848e-01
4.201099276542663574e-01
4.568139910697937012e-01
3.831706047058105469e-01
3.832836151123046875e-01
3.922995328903198242e-01
3.383665680885314941e-01
4.284026026725769043e-01
3.018668293952941895e-01
1.566083133220672607e-01
3.289371728897094727e-01
2.685261219739913940e-01
2.870249897241592407e-01
2.326913326978683472e-01
2.210101336240768433e-01
2.473891973495483398e-01
2.305044829845428467e-01
2.450463175773620605e-01
2.348664700984954834e-01
2.555023878812789917e-01
2.870682328939437866e-01
3.756675124168395996e-02
4.131978452205657959e-01
4.526080489158630371e-01
4.661617279052734375e-01
4.573013186454772949e-01
4.126544594764709473e-01
4.454408288002014160e-01
5.396762490272521973e-01
1.481339335441589355e-02
2.505806982517242432e-01
4.092121720314025879e-01
2.509072422981262207e-02
3.116967678070068359e-01
3.138172626495361328e-01
1.256833076477050781e-01
3.361425586044788361e-01
2.334447503089904785e-01
2.206087112426757812e-01
2.916957959532737732e-01
1.943946480751037598e-01
3.013538122177124023e-01
2.180653139948844910e-01
1.505565941333770752e-01
3.782169222831726074e-01
2.012988850474357605e-01
7.784256339073181152e-02
3.922141194343566895e-01
4.075849056243896484e-02
4.072201251983642578e-02
3.969517946243286133e-01
5.899988114833831787e-02
1.271033883094787598e-01
3.601586818695068359e-01
3.724545240402221680e-03
9.698571264743804932e-02
2.710527777671813965e-01
5.869644880294799805e-02
1.616887822747230530e-01
2.560365200042724609e-01
1.118392646312713623e-01
1.628418043255805969e-01
1.869207024574279785e-01
2.071586251258850098e-01
1.143130809068679810e-01
1.870034933090209961e-01
2.487688660621643066e-01
1.424986384809017181e-01
1.243507266044616699e-01
2.463351488113403320e-01
9.634616971015930176e-02
4.704079031944274902e-02
2.306088805198669434e-01
2.690114080905914307e-02
1.651737093925476074e-02
1.666499972343444824e-01
3.183528780937194824e-03
5.849152803421020508e-03
1.820246577262878418e-01
4.858916997909545898e-02
2.349485456943511963e-02
1.567013859748840332e-01
1.479372382164001465e-02
4.507820308208465576e-02
1.562467813491821289e-01
8.127808570861816406e-02
9.287377819418907166e-02
1.188287138938903809e-01
7.569372653961181641e-02
7.012116909027099609e-02
5.133557319641113281e-02
7.799267768859863281e-02
8.031665161252021790e-02
4.751294851303100586e-02
9.559017419815063477e-02
2.028446644544601440e-02
2.465048432350158691e-02
5.199509859085083008e-02
2.880181372165679932e-02
8.592575788497924805e-03
1.657980680465698242e-02
4.047647118568420410e-03
7.186323404312133789e-03
1.763623952865600586e-02
1.759609580039978027e-02
1.801759004592895508e-02
1.035034656524658203e-03
3.539645671844482422e-02
1.085080206394195557e-02
2.029663324356079102e-02
3.036677837371826172e-02
1.560660451650619507e-02
1.150053739547729492e-02
5.251109600067138672e-03
3.007203340530395508e-03
4.743337631225585938e-03
3.659284114837646484e-02
9.963117539882659912e-03
1.061171293258666992e-02
1.014459133148193359e-02
5.504213273525238037e-03
1.243352890014648438e-02
8.373498916625976562e-03
1.196183264255523682e-02
1.447200775146484375e-03
5.556404590606689453e-03
8.425086736679077148e-03
6.158590316772460938e-03
2.615082263946533203e-02
3.985938429832458496e-02
2.354368567466735840e-02
3.767967224121093750e-03
2.775165438652038574e-02
1.541674137115478516e-03
1.777595281600952148e-02
1.774495840072631836e-02
1.956057548522949219e-02
4.438537359237670898e-02
2.601796388626098633e-02
2.980530261993408203e-04
5.098176002502441406e-02
2.932465076446533203e-02
1.107276231050491333e-02
1.494634151458740234e-02
3.019511699676513672e-03
7.149100303649902344e-03
2.037167549133300781e-03
1.915156841278076172e-03
5.886718630790710449e-03
2.416932582855224609e-02
3.696441650390625000e-03
2.296182513236999512e-02
1.380690932273864746e-02
8.989453315734863281e-03
2.061316370964050293e-02
2.373601496219635010e-02
1.992887258529663086e-02
2.956512570381164551e-02
5.601197481155395508e-04
2.991616725921630859e-03
3.326624631881713867e-02
2.111057937145233154e-02
2.105653285980224609e-02
3.514468669891357422e-03
1.812313497066497803e-02
1.191687583923339844e-02
1.389586925506591797e-02
1.968960464000701904e-02
2.166754007339477539e-02
4.966300725936889648e-02
2.599697560071945190e-02
3.708678483963012695e-02
4.123747348785400391e-03
1.210777461528778076e-02
1.350626349449157715e-02
1.669412851333618164e-02
1.678340137004852295e-02
3.570586442947387695e-03
1.351058483123779297e-02
3.816419839859008789e-02
2.858027815818786621e-02
1.592516899108886719e-02
3.984275460243225098e-02
5.682542920112609863e-03
9.049773216247558594e-04
4.037916660308837891e-03
2.864107489585876465e-03
3.611707687377929688e-02
4.624658823013305664e-02
2.349468320608139038e-02
2.460044622421264648e-02
1.436644792556762695e-02
1.581165939569473267e-02
4.204630851745605469e-03
7.395803928375244141e-03
9.838648140430450439e-03
6.837934255599975586e-03
1.134663820266723633e-02
4.467334598302841187e-02
5.429983139038085938e-04
8.810937404632568359e-03
1.855921745300292969e-02
3.915011882781982422e-03
3.868991136550903320e-02
3.146529197692871094e-03
2.237536013126373291e-02
2.178311347961425781e-03
1.454252004623413086e-02
7.645212113857269287e-03
2.351462841033935547e-02
4.267024993896484375e-02
1.270070672035217285e-03
2.747362852096557617e-02
5.808830261230468750e-03
9.055450558662414551e-03
9.849727153778076172e-03
1.039564609527587891e-02
7.977433502674102783e-03
1.173323392868041992e-02
3.381645679473876953e-02
4.078751057386398315e-02
4.581332206726074219e-03
1.913958787918090820e-02
1.485563814640045166e-02
5.069255828857421875e-03
2.573853731155395508e-02
7.606342434883117676e-03
4.060590267181396484e-02
3.220176696777343750e-02
7.722824811935424805e-03
4.088431596755981445e-02
5.530416965484619141e-03
9.596234560012817383e-02
2.222842723131179810e-02
3.536140918731689453e-02
5.588889122009277344e-03
2.422589436173439026e-02
1.177006959915161133e-02
2.341842651367187500e-02
2.331999316811561584e-02
7.751584053039550781e-03
6.933629512786865234e-03
2.226261049509048462e-02
1.904189586639404297e-02
6.138443946838378906e-03
2.401562035083770752e-02
2.448248863220214844e-02
1.860094070434570312e-02
3.046302497386932373e-02
2.925121784210205078e-02
1.194357872009277344e-03
4.893165826797485352e-02
1.010701060295104980e-02
9.381115436553955078e-03
1.752749085426330566e-02
3.866210579872131348e-02
1.460313796997070312e-04
1.640987396240234375e-02
6.203895062208175659e-02
4.309397935867309570e-02
1.814502477645874023e-02
3.019218519330024719e-02
7.838785648345947266e-03
1.045733690261840820e-02
7.491435855627059937e-03
4.051017761230468750e-02
1.274740695953369141e-02
2.125499397516250610e-02
2.036464214324951172e-02
1.361727714538574219e-03
7.409431040287017822e-03
9.012669324874877930e-03
3.834885358810424805e-02
5.329389125108718872e-02
6.677687168121337891e-03
4.058539867401123047e-03
1.732960343360900879e-03
4.852683842182159424e-02
2.951347827911376953e-02
1.363170146942138672e-02
1.246860623359680176e-02
1.376259326934814453e-02
7.485836744308471680e-03
1.955104619264602661e-02
1.759809255599975586e-02
4.928559064865112305e-02
4.892899096012115479e-02
6.401777267456054688e-03
1.321935653686523438e-02
1.421486586332321167e-02
1.172465085983276367e-02
1.289033889770507812e-02
1.510041952133178711e-02
2.930945158004760742e-02
2.912151813507080078e-02
2.840524911880493164e-02
1.443421840667724609e-02
3.177887201309204102e-02
1.746347546577453613e-02
1.269131898880004883e-03
1.159620285034179688e-02
2.608688175678253174e-02
7.993876934051513672e-04
1.979941129684448242e-02
1.814374327659606934e-02
4.223793745040893555e-03
4.761934280395507812e-03
1.339492201805114746e-02
3.303340077400207520e-02
1.205712556838989258e-02
4.451692104339599609e-02
5.726829171180725098e-03
2.737700939178466797e-03
5.897045135498046875e-03
2.582354843616485596e-02
2.806961536407470703e-03
5.595445632934570312e-03
2.315608784556388855e-02
4.924160242080688477e-02
3.411674499511718750e-02
3.509751707315444946e-02
2.623182535171508789e-02
3.339701890945434570e-02
2.432028949260711670e-02
3.963112831115722656e-04
3.004401922225952148e-02
1.359924674034118652e-03
4.157237708568572998e-02
1.408267021179199219e-02
1.232612133026123047e-02
4.638616740703582764e-02
1.960301399230957031e-02
1.427206397056579590e-02
1.183917373418807983e-02
8.104383945465087891e-03
2.058750391006469727e-02
5.077712237834930420e-03
1.238042116165161133e-02
2.000558376312255859e-02
1.116652786731719971e-02
3.371119499206542969e-02
2.694129943847656250e-04
6.269320845603942871e-02
1.238727569580078125e-02
1.130485534667968750e-02
3.105051815509796143e-03
