# {'window': 98, 'n_steps': 9, 'q': 0.04740162617225861, 'contam': 0.9251040594406539, 'thres': 0.14879823361840377}
3.076195716857910156e-03
5.551993846893310547e-03
2.783866226673126221e-02
2.845397591590881348e-02
1.014232635498046875e-03
5.656737089157104492e-02
1.911202073097229004e-02
1.786899566650390625e-02
3.623306751251220703e-03
4.427880048751831055e-02
3.045231103897094727e-02
2.172923088073730469e-02
7.895240187644958496e-02
1.285141706466674805e-02
1.811981201171875000e-03
1.495314389467239380e-02
3.794550895690917969e-03
6.034255027770996094e-03
2.314307987689971924e-01
1.713436841964721680e-02
1.133799552917480469e-02
4.326771944761276245e-03
7.396399974822998047e-03
3.857672214508056641e-03
3.256278485059738159e-02
2.935156226158142090e-02
1.127314567565917969e-02
7.398873567581176758e-04
8.566886186599731445e-03
7.013142108917236328e-03
5.160537362098693848e-02
4.080930352210998535e-02
3.583085536956787109e-02
2.494490146636962891e-02
2.517534792423248291e-02
3.977531194686889648e-02
2.254521846771240234e-02
6.497025489807128906e-03
1.878243684768676758e-02
5.573409795761108398e-02
3.243783861398696899e-02
7.941246032714843750e-03
4.264837503433227539e-02
5.322809517383575439e-02
6.035566329956054688e-04
2.758860588073730469e-03
3.810778260231018066e-02
2.503395080566406250e-06
3.058850765228271484e-03
4.676137864589691162e-02
1.266595721244812012e-02
1.939159631729125977e-02
1.283557713031768799e-02
1.060664653778076172e-04
3.525733947753906250e-03
2.195140719413757324e-02
8.343338966369628906e-03
2.304518222808837891e-02
9.875833988189697266e-03
9.170755743980407715e-03
1.780676841735839844e-02
9.308457374572753906e-03
2.810028940439224243e-02
1.425069570541381836e-02
1.323652267456054688e-02
1.034047454595565796e-02
2.500379085540771484e-02
3.075736761093139648e-02
6.392513774335384369e-02
4.142802953720092773e-02
6.524384021759033203e-03
1.607688143849372864e-02
1.666009426116943359e-02
1.241379976272583008e-02
4.920098558068275452e-02
2.024838328361511230e-02
5.153238773345947266e-03
1.973380148410797119e-02
3.652548789978027344e-02
2.613151073455810547e-02
3.918884694576263428e-02
2.080205082893371582e-02
2.147364616394042969e-02
4.239350557327270508e-03
4.991665482521057129e-03
1.533401012420654297e-02
3.503692150115966797e-02
8.560493588447570801e-03
5.306899547576904297e-03
1.433670520782470703e-03
2.960269153118133545e-02
4.488372802734375000e-02
2.729821205139160156e-02
3.863610327243804932e-04
9.899199008941650391e-03
3.997194766998291016e-02
2.569444477558135986e-02
3.630989789962768555e-02
3.012359142303466797e-02
9.710505604743957520e-03
1.002627611160278320e-02
2.840018272399902344e-02
5.750522017478942871e-03
2.714291214942932129e-02
1.440048217773437500e-04
2.484340276569128036e-01
2.180314064025878906e-02
2.302461862564086914e-02
1.143753528594970703e-02
3.693103790283203125e-04
3.435570001602172852e-02
4.469186067581176758e-03
1.360645890235900879e-02
1.523315906524658203e-03
6.553679704666137695e-02
6.458833813667297363e-04
2.819442749023437500e-02
2.331340312957763672e-02
5.428294232115149498e-02
9.512484073638916016e-03
9.921610355377197266e-03
1.929797232151031494e-02
2.580034732818603516e-02
3.160732984542846680e-02
2.114690840244293213e-03
6.027132272720336914e-03
3.500342369079589844e-03
2.099433541297912598e-02
3.961247205734252930e-02
1.363879442214965820e-02
3.162823617458343506e-02
2.899308111518621445e-01
3.316330909729003906e-02
9.225189685821533203e-03
4.764133691787719727e-02
1.164901256561279297e-02
3.771266341209411621e-02
6.445984542369842529e-02
1.725156903266906738e-01
1.642036437988281250e-02
1.023303717374801636e-02
1.537239551544189453e-02
1.695442199707031250e-02
2.372499927878379822e-02
7.600784301757812500e-03
2.022874355316162109e-02
1.705343276262283325e-02
1.802629232406616211e-02
1.191824674606323242e-02
2.941023558378219604e-02
3.956884145736694336e-03
3.344756364822387695e-02
1.872640848159790039e-02
5.461397767066955566e-02
4.359185695648193359e-02
8.876651525497436523e-03
1.910310983657836914e-02
1.420950889587402344e-02
4.542675614356994629e-02
2.939864993095397949e-03
1.440978050231933594e-02
2.177417278289794922e-03
4.096022993326187134e-02
3.866326808929443359e-02
2.517646551132202148e-02
1.663150638341903687e-02
2.091032862663269043e-01
1.673185825347900391e-02
1.700861752033233643e-02
2.193182706832885742e-02
1.027864217758178711e-02
2.358093112707138062e-02
3.275847434997558594e-02
5.544722080230712891e-02
3.566794097423553467e-02
3.242194652557373047e-04
1.748896837234497070e-01
6.226077675819396973e-03
4.156011343002319336e-02
8.045673370361328125e-03
1.766824722290039062e-02
4.884420335292816162e-02
1.752718091011047363e-01
1.820206642150878906e-03
4.504248499870300293e-03
4.294383525848388672e-02
3.563553094863891602e-02
1.081229746341705322e-02
3.980368375778198242e-02
8.124709129333496094e-03
4.340335726737976074e-04
6.621539592742919922e-03
1.972454786300659180e-02
3.436125814914703369e-03
5.591022968292236328e-02
2.002847194671630859e-02
2.969803661108016968e-02
3.055471181869506836e-02
1.830756664276123047e-02
4.749941080808639526e-02
5.044594407081604004e-02
1.260823011398315430e-02
1.482470333576202393e-02
4.114909674972295761e-01
3.224980831146240234e-02
4.517172276973724365e-02
7.430601119995117188e-02
4.087537527084350586e-02
2.627298235893249512e-02
1.622147858142852783e-02
1.575851440429687500e-02
6.715685129165649414e-03
1.863370090723037720e-02
2.835315465927124023e-02
4.970937967300415039e-02
2.458916455507278442e-01
1.983016729354858398e-02
3.544771671295166016e-02
2.911240234971046448e-02
1.860082149505615234e-02
5.591267347335815430e-02
3.971919789910316467e-02
1.567280292510986328e-02
5.299240350723266602e-02
2.308417856693267822e-02
2.764445543289184570e-02
2.498292922973632812e-02
2.994696795940399170e-02
5.064725875854492188e-03
1.892572641372680664e-02
1.618178188800811768e-02
2.461662888526916504e-02
2.139407396316528320e-02
3.542175889015197754e-02
1.605063676834106445e-02
3.200751543045043945e-02
4.082047939300537109e-02
9.465202689170837402e-03
1.770097017288208008e-01
4.636514186859130859e-02
3.782125189900398254e-02
1.090574264526367188e-02
6.036788225173950195e-02
6.515317596495151520e-02
7.701992988586425781e-03
2.078622579574584961e-02
3.951940685510635376e-02
3.509855270385742188e-02
2.606767416000366211e-02
5.266214162111282349e-02
3.981029987335205078e-02
3.965765237808227539e-02
8.214898407459259033e-02
2.400654554367065430e-02
1.630455255508422852e-02
5.883647501468658447e-02
4.573439061641693115e-02
2.538621425628662109e-03
4.728731513023376465e-02
1.394139230251312256e-02
5.683773756027221680e-02
1.371845602989196777e-02
1.871238648891448975e-02
5.866110324859619141e-03
4.076066613197326660e-01
3.015116229653358459e-02
1.917010545730590820e-02
1.477259397506713867e-02
4.364197701215744019e-02
1.409822702407836914e-02
3.763371706008911133e-02
6.532073393464088440e-02
3.347206115722656250e-02
8.423328399658203125e-03
9.783282876014709473e-03
5.914896726608276367e-03
7.292866706848144531e-03
4.407866299152374268e-02
1.437604427337646484e-03
1.780575513839721680e-02
2.818033099174499512e-02
4.918783903121948242e-03
4.067194461822509766e-02
7.344779372215270996e-02
3.183764219284057617e-02
2.660042643547058105e-01
5.903911590576171875e-02
1.319158077239990234e-02
5.045360326766967773e-02
5.312734842300415039e-02
3.038530796766281128e-02
2.318197488784790039e-02
3.124406933784484863e-01
1.833401620388031006e-04
9.653091430664062500e-03
7.429480552673339844e-02
4.569590464234352112e-02
5.623459815979003906e-03
6.980514526367187500e-02
2.947121113538742065e-02
1.275312900543212891e-02
2.353060245513916016e-02
1.120856404304504395e-02
3.554821014404296875e-02
7.677900791168212891e-02
3.104172646999359131e-02
8.785486221313476562e-03
4.246342182159423828e-02
4.881128668785095215e-02
2.248282730579376221e-02
2.214956283569335938e-02
3.747841715812683105e-02
3.999079763889312744e-02
7.143306732177734375e-02
8.691281080245971680e-02
6.868690252304077148e-04
1.677004694938659668e-01
6.512480974197387695e-02
4.762148112058639526e-02
1.406502723693847656e-02
1.973265409469604492e-02
2.642014920711517334e-01
3.871804475784301758e-02
1.653593778610229492e-02
3.258852660655975342e-02
7.448542118072509766e-02
6.623637676239013672e-02
2.473095059394836426e-02
5.005031824111938477e-03
9.641587734222412109e-03
2.607759833335876465e-02
5.246508121490478516e-02
6.430482864379882812e-02
3.027120232582092285e-02
5.615207552909851074e-02
6.640613079071044922e-02
2.123454213142395020e-02
8.470192551612854004e-03
3.668069839477539062e-03
2.597612142562866211e-02
2.409290224313735962e-01
2.384501695632934570e-02
3.661102056503295898e-02
3.481678292155265808e-02
3.342533111572265625e-02
4.146230220794677734e-02
7.833659648895263672e-03
6.525683403015136719e-02
8.429902791976928711e-02
4.804357886314392090e-04
5.126178264617919922e-03
6.005251407623291016e-02
5.042365938425064087e-02
9.109914302825927734e-03
3.985726833343505859e-02
3.623498976230621338e-02
2.530476450920104980e-02
3.254586458206176758e-02
7.284018397331237793e-02
1.306101679801940918e-03
3.656572103500366211e-02
5.531936883926391602e-02
1.190221309661865234e-02
1.471149921417236328e-02
5.874192714691162109e-02
2.536004036664962769e-01
7.237255573272705078e-03
1.493990421295166016e-03
1.785520464181900024e-03
3.465163707733154297e-02
2.148187160491943359e-02
8.620321750640869141e-05
1.286023855209350586e-02
2.348995208740234375e-02
2.610169351100921631e-02
1.073473691940307617e-02
6.918495893478393555e-02
3.043705224990844727e-02
2.921426296234130859e-02
2.016598582267761230e-01
3.696098923683166504e-02
6.447345018386840820e-03
2.995413541793823242e-02
7.584547996520996094e-02
2.454376220703125000e-02
4.170292615890502930e-02
5.733200907707214355e-02
2.454192936420440674e-02
3.051412105560302734e-02
5.572384595870971680e-02
3.962896764278411865e-02
5.127465724945068359e-02
6.154239177703857422e-03
4.824121296405792236e-02
6.188434362411499023e-02
6.684541702270507812e-03
1.596871763467788696e-02
4.244977235794067383e-02
3.012257814407348633e-02
1.810403168201446533e-02
1.548975706100463867e-02
2.719163894653320312e-04
2.093721926212310791e-02
1.939833164215087891e-04
3.378790616989135742e-02
5.510081350803375244e-02
5.550113320350646973e-02
7.259017229080200195e-02
1.344463229179382324e-02
3.514315187931060791e-02
1.147985458374023438e-04
1.438206434249877930e-02
1.283772289752960205e-02
6.316202878952026367e-02
2.900856733322143555e-02
5.693077668547630310e-02
3.370177745819091797e-02
6.122052669525146484e-03
6.555356085300445557e-04
1.557719707489013672e-02
1.740694046020507812e-03
2.376511693000793457e-02
1.843810081481933594e-02
2.482163906097412109e-02
1.184675097465515137e-02
7.947286963462829590e-02
1.945978403091430664e-02
3.430423140525817871e-02
3.890141844749450684e-02
2.537471055984497070e-02
3.296233713626861572e-02
7.109582424163818359e-03
9.663760662078857422e-03
1.090887188911437988e-02
5.726739764213562012e-03
1.479440927505493164e-02
4.856288433074951172e-03
1.790054142475128174e-02
2.303980588912963867e-01
7.441216707229614258e-02
3.695344924926757812e-02
2.018594741821289062e-02
1.253521442413330078e-02
3.173179924488067627e-03
1.183849573135375977e-02
3.983974456787109375e-04
3.719088435173034668e-02
3.985494375228881836e-02
6.615555286407470703e-02
4.665046185255050659e-02
3.931927680969238281e-02
4.812395572662353516e-02
4.612518846988677979e-02
1.057273149490356445e-02
9.217023849487304688e-03
1.717101037502288818e-02
5.503097176551818848e-02
5.844175815582275391e-02
8.095383644104003906e-03
1.883888244628906250e-02
2.973443269729614258e-02
2.255061268806457520e-02
2.646610140800476074e-03
1.595085859298706055e-02
7.976293563842773438e-04
4.437201470136642456e-02
3.779768943786621094e-02
1.625537872314453125e-03
3.011596202850341797e-02
4.865962266921997070e-02
2.122797966003417969e-01
1.055334508419036865e-02
2.882856130599975586e-02
3.247839212417602539e-02
1.742163300514221191e-02
7.616987824440002441e-02
8.122223615646362305e-02
3.893481194972991943e-02
2.291995286941528320e-02
5.260783433914184570e-02
3.397868573665618896e-02
2.186533808708190918e-02
3.838723897933959961e-02
6.703242659568786621e-02
5.431807041168212891e-02
1.620769500732421875e-03
2.678036689758300781e-04
3.519514948129653931e-02
1.400947570800781250e-03
3.433883190155029297e-03
1.143211126327514648e-02
2.655386924743652344e-03
4.433816671371459961e-02
1.769630610942840576e-02
6.920456886291503906e-03
2.027994394302368164e-02
2.769126743078231812e-02
5.127680301666259766e-02
1.744484901428222656e-02
2.938358485698699951e-02
2.922287583351135254e-02
2.289217710494995117e-02
1.181441545486450195e-02
7.974445819854736328e-03
3.224611282348632812e-03
1.743867993354797363e-02
4.075410962104797363e-02
3.845989704132080078e-03
4.736098647117614746e-02
3.304749727249145508e-03
2.005428075790405273e-02
1.008310914039611816e-02
2.052412182092666626e-02
2.680897712707519531e-03
3.163874149322509766e-03
1.768152788281440735e-02
1.148551702499389648e-02
5.639135837554931641e-03
2.468600869178771973e-04
2.019906044006347656e-02
1.584684848785400391e-02
2.461165189743041992e-01
8.078992366790771484e-03
3.176140785217285156e-02
1.547484099864959717e-02
9.989857673645019531e-03
1.646792888641357422e-02
3.823907673358917236e-02
1.305565237998962402e-02
3.844952583312988281e-02
8.236929774284362793e-03
2.806574106216430664e-02
6.093084812164306641e-03
1.524734497070312500e-02
2.625752985477447510e-02
1.148974895477294922e-02
5.993545055389404297e-03
1.298986375331878662e-02
1.226979494094848633e-02
2.152466773986816406e-02
5.981288850307464600e-03
1.067060232162475586e-02
4.890561103820800781e-04
5.900006741285324097e-03
1.508820056915283203e-02
5.672574043273925781e-03
6.122216582298278809e-03
3.865820169448852539e-02
6.984889507293701172e-03
3.650039434432983398e-03
2.037733793258666992e-03
3.005206584930419922e-03
2.221846580505371094e-02
1.762494444847106934e-02
1.537352800369262695e-02
7.859155535697937012e-03
2.433657646179199219e-02
1.317089796066284180e-02
2.325478196144104004e-02
2.019408345222473145e-02
1.291519403457641602e-02
4.457992222160100937e-01
1.047952473163604736e-02
1.910752058029174805e-02
4.530965685844421387e-01
2.282162383198738098e-02
2.292941808700561523e-01
2.388507127761840820e-02
4.677742719650268555e-03
2.354741096496582031e-02
1.051640510559082031e-02
3.373313695192337036e-03
9.650230407714843750e-03
2.718150615692138672e-03
1.293482631444931030e-02
1.768779754638671875e-02
3.771781921386718750e-04
2.389575541019439697e-02
1.786980032920837402e-02
1.107937097549438477e-02
1.169288158416748047e-02
4.336506128311157227e-03
5.261510610580444336e-02
6.645917892456054688e-06
6.295248866081237793e-03
3.733491897583007812e-02
8.632034063339233398e-03
1.584684103727340698e-02
1.029121875762939453e-02
8.688569068908691406e-03
2.011612430214881897e-02
8.202731609344482422e-03
4.163062572479248047e-02
4.717203229665756226e-02
1.569676399230957031e-02
5.153000354766845703e-03
2.026125788688659668e-02
2.502644062042236328e-02
1.935660839080810547e-02
1.914341747760772705e-02
1.826256513595581055e-02
4.542964696884155273e-02
9.866148233413696289e-03
1.180985569953918457e-02
4.298895597457885742e-02
6.371885538101196289e-04
4.973202943801879883e-03
9.487867355346679688e-03
7.341921329498291016e-03
4.095450043678283691e-03
2.567577362060546875e-02
3.023567795753479004e-02
1.856811344623565674e-03
4.013836383819580078e-03
2.341645956039428711e-02
7.834583520889282227e-04
2.056602239608764648e-01
9.124338626861572266e-03
3.852268867194652557e-02
1.225423812866210938e-02
2.543389797210693359e-02
2.065129578113555908e-02
4.981499910354614258e-02
1.871132850646972656e-02
3.505674749612808228e-02
2.448770403861999512e-02
2.616757154464721680e-02
3.259369730949401855e-02
4.081845283508300781e-03
7.570105791091918945e-02
2.169916033744812012e-02
1.564446091651916504e-02
1.830255985260009766e-02
3.394711017608642578e-02
1.707643270492553711e-02
3.975468873977661133e-02
2.309936285018920898e-02
4.869401454925537109e-04
1.829725503921508789e-02
4.475733041763305664e-01
1.847123354673385620e-02
6.253242492675781250e-03
2.043777704238891602e-02
4.441078286617994308e-02
1.130443811416625977e-02
3.497356176376342773e-02
2.014101296663284302e-02
2.944052219390869141e-03
3.752589225769042969e-03
1.572331041097640991e-02
3.498160839080810547e-02
4.052817821502685547e-02
1.820960063487291336e-01
2.245804667472839355e-02
4.450905323028564453e-02
4.001517593860626221e-02
6.317684054374694824e-02
4.468715190887451172e-02
7.457196712493896484e-03
4.998311400413513184e-03
5.474507808685302734e-03
9.772449731826782227e-03
2.194082736968994141e-02
6.227141618728637695e-02
1.055932044982910156e-02
4.342202469706535339e-02
2.096474170684814453e-03
1.179879903793334961e-02
9.651336818933486938e-03
4.115909337997436523e-02
2.274990081787109375e-02
4.350184649229049683e-02
1.534163951873779297e-02
1.789999008178710938e-02
1.091229170560836792e-02
9.458780288696289062e-03
6.465959548950195312e-02
2.331523597240447998e-02
2.569028735160827637e-02
2.761179208755493164e-02
7.480263710021972656e-03
2.887597680091857910e-02
1.294124126434326172e-02
6.666719913482666016e-03
6.124481558799743652e-03
1.904213428497314453e-02
1.550137996673583984e-03
1.918844878673553467e-03
1.752853393554687500e-02
1.310807466506958008e-02
1.143171638250350952e-02
7.611751556396484375e-03
1.731729507446289062e-02
3.830669075250625610e-02
4.683852195739746094e-03
1.506543159484863281e-02
8.619807660579681396e-03
2.228367328643798828e-02
1.237326860427856445e-02
3.318434208631515503e-02
1.589307188987731934e-02
5.512255430221557617e-02
1.011142134666442871e-02
9.968519210815429688e-03
3.156006336212158203e-02
1.869693398475646973e-03
2.881652321666479111e-01
8.141458034515380859e-03
3.160089254379272461e-02
2.532510459423065186e-02
1.480406522750854492e-02
2.682599425315856934e-02
6.410107016563415527e-03
2.439266443252563477e-02
2.677232027053833008e-02
3.507215529680252075e-02
3.205120563507080078e-02
3.058481216430664062e-02
2.233881503343582153e-02
2.064526081085205078e-03
2.050125598907470703e-02
1.838251948356628418e-03
1.614826917648315430e-02
1.484531164169311523e-02
4.186831414699554443e-03
2.327141165733337402e-02
4.557055234909057617e-02
4.078328609466552734e-03
1.407608389854431152e-02
5.107557773590087891e-02
2.167460322380065918e-02
4.143199324607849121e-02
1.554751396179199219e-02
2.696314454078674316e-02
1.645110547542572021e-02
2.208578586578369141e-02
1.750600337982177734e-02
4.363943636417388916e-02
4.802477359771728516e-02
9.491086006164550781e-03
1.856543123722076416e-03
4.583597183227539062e-05
7.584691047668457031e-04
1.906570419669151306e-02
1.746392250061035156e-02
1.622617244720458984e-03
3.407496213912963867e-02
4.961371421813964844e-03
1.636779308319091797e-02
1.749840378761291504e-02
3.905758261680603027e-02
5.891335010528564453e-02
8.381456136703491211e-03
1.402324438095092773e-02
2.265286445617675781e-02
9.210720658302307129e-03
2.864509820938110352e-03
1.630663871765136719e-03
4.518121480941772461e-03
3.549633920192718506e-02
3.028137087821960449e-01
3.411799669265747070e-03
1.746683567762374878e-02
3.924071788787841797e-02
4.180961847305297852e-02
8.173057809472084045e-02
8.158522844314575195e-02
3.329515457153320312e-03
1.486782729625701904e-02
2.779912948608398438e-02
1.957565546035766602e-02
8.171796798706054688e-04
2.742928266525268555e-02
1.494139432907104492e-02
2.219381183385848999e-02
3.886729478836059570e-03
3.156548738479614258e-02
2.280154824256896973e-02
3.766924142837524414e-03
2.072978019714355469e-02
4.271224141120910645e-03
4.946655035018920898e-02
6.729155778884887695e-02
3.063651919364929199e-02
6.843975186347961426e-02
1.296174526214599609e-02
7.820069789886474609e-03
2.117261290550231934e-02
3.327327966690063477e-02
1.484519243240356445e-02
4.633314907550811768e-03
6.303668022155761719e-03
2.346569299697875977e-02
7.822207920253276825e-02
1.931589841842651367e-02
3.069400787353515625e-03
1.801820099353790283e-02
2.622073888778686523e-02
2.350383996963500977e-02
4.192149639129638672e-02
3.319868445396423340e-02
1.160544157028198242e-02
6.162004172801971436e-02
3.861370682716369629e-02
2.737945318222045898e-02
1.779562234878540039e-02
2.817472126334905624e-01
6.261050701141357422e-03
6.704857945442199707e-02
6.289634108543395996e-02
2.887976169586181641e-02
5.016264226287603378e-01
1.705384254455566406e-02
1.113468408584594727e-02
5.284708738327026367e-02
2.643152698874473572e-02
1.254254579544067383e-02
8.014738559722900391e-03
3.055695593357086182e-01
3.115409612655639648e-02
3.399246931076049805e-02
2.637219876050949097e-01
1.810085773468017578e-02
2.712398767471313477e-02
1.796270161867141724e-02
3.159016370773315430e-02
1.995092630386352539e-02
3.020873665809631348e-02
5.375972390174865723e-02
5.308121442794799805e-02
1.027850806713104248e-02
5.525760352611541748e-02
3.881472349166870117e-02
5.300420522689819336e-02
1.701483130455017090e-02
3.860276937484741211e-02
2.215862274169921875e-03
3.101311624050140381e-02
5.665194988250732422e-02
3.661423921585083008e-02
8.118070662021636963e-03
1.574772596359252930e-02
1.268500089645385742e-02
2.224282547831535339e-02
1.453220844268798828e-02
3.212296962738037109e-02
3.026688471436500549e-02
5.087465047836303711e-02
6.355667114257812500e-02
2.226870507001876831e-02
1.235902309417724609e-04
8.663296699523925781e-03
2.706645429134368896e-02
2.918261289596557617e-02
4.483842849731445312e-02
1.521632075309753418e-02
2.518251538276672363e-02
4.941403865814208984e-02
3.617918398231267929e-01
1.956567168235778809e-02
1.652380824089050293e-01
1.501706242561340332e-02
1.435998082160949707e-02
1.983457803726196289e-02
2.437430620193481445e-02
3.327683359384536743e-02
8.733153343200683594e-03
3.864789009094238281e-02
8.736096322536468506e-03
3.942614793777465820e-02
6.457477807998657227e-02
5.868372321128845215e-02
1.024699211120605469e-02
9.754240512847900391e-03
4.509842395782470703e-02
2.185857295989990234e-02
3.533965349197387695e-02
9.779676795005798340e-03
1.039648056030273438e-02
2.801263332366943359e-02
5.293203890323638916e-02
3.197343852370977402e-01
2.175086736679077148e-02
2.961993217468261719e-02
1.368896663188934326e-02
2.017337083816528320e-02
9.139448404312133789e-03
4.191949963569641113e-03
2.530664205551147461e-02
2.079111337661743164e-02
3.481112420558929443e-03
4.822647571563720703e-02
6.633043289184570312e-03
3.170450776815414429e-02
2.039587497711181641e-02
5.382299423217773438e-05
4.218783229589462280e-03
3.284811973571777344e-02
6.490468978881835938e-03
8.978441357612609863e-03
7.282572984695434570e-02
1.356911659240722656e-02
1.507496833801269531e-02
3.072559833526611328e-03
2.320432662963867188e-01
2.266165614128112793e-02
1.142621040344238281e-03
1.059401035308837891e-02
7.398843765258789062e-03
6.919999420642852783e-02
3.374212980270385742e-02
1.145741343498229980e-02
3.694161772727966309e-02
3.381705284118652344e-02
2.711355686187744141e-03
3.040947765111923218e-02
3.994041681289672852e-02
1.730030775070190430e-02
5.598743259906768799e-02
3.651446104049682617e-02
3.535836935043334961e-02
2.388459444046020508e-02
9.469687938690185547e-03
3.009796142578125000e-02
1.250351965427398682e-02
3.652235865592956543e-02
1.090133190155029297e-02
7.369978725910186768e-02
5.103224515914916992e-02
5.251568555831909180e-02
1.659846305847167969e-02
6.968438625335693359e-03
6.251931190490722656e-03
4.921883344650268555e-03
4.086644947528839111e-02
1.740795373916625977e-02
2.268955111503601074e-02
4.077862203121185303e-02
4.984390735626220703e-02
2.662628889083862305e-02
9.112007915973663330e-03
3.985661268234252930e-02
1.392543315887451172e-02
3.952109813690185547e-02
6.448984146118164062e-02
1.952666044235229492e-02
6.486652046442031860e-02
5.033081769943237305e-02
4.418361186981201172e-02
1.435028016567230225e-02
1.944959163665771484e-02
7.246792316436767578e-03
7.062762975692749023e-03
5.853661894798278809e-02
5.347764492034912109e-02
1.924055814743041992e-02
6.919988989830017090e-02
2.432054281234741211e-02
1.772490143775939941e-02
2.877607941627502441e-03
4.239320755004882812e-03
1.392412185668945312e-02
3.467693924903869629e-03
1.999443769454956055e-02
1.263093948364257812e-02
5.096860229969024658e-02
6.108164787292480469e-03
3.405559062957763672e-02
2.511611580848693848e-02
1.389664411544799805e-02
4.852265119552612305e-02
3.922663629055023193e-03
2.362787723541259766e-03
2.994477748870849609e-02
1.691730320453643799e-02
3.269341588020324707e-02
2.350596189498901367e-01
2.690678834915161133e-02
1.534274220466613770e-02
7.817685604095458984e-03
2.309480309486389160e-02
2.603408694267272949e-02
2.817782163619995117e-01
4.148054122924804688e-02
3.437612950801849365e-02
2.980607748031616211e-02
1.417440176010131836e-02
3.432193398475646973e-02
4.227393865585327148e-02
3.450995683670043945e-02
7.605966180562973022e-02
1.671891212463378906e-01
2.960944175720214844e-01
3.755915537476539612e-02
6.154775619506835938e-03
2.820491790771484375e-04
3.313310444355010986e-03
3.439589142799377441e-01
1.933652162551879883e-02
7.825286686420440674e-02
3.216087818145751953e-02
3.335648775100708008e-02
4.878938198089599609e-02
3.516703844070434570e-03
1.478040218353271484e-02
2.497385442256927490e-02
3.110983967781066895e-02
6.236791610717773438e-03
1.212322711944580078e-02
4.559133946895599365e-02
6.634414196014404297e-02
4.601418972015380859e-03
4.597038030624389648e-03
2.183276414871215820e-02
4.490023851394653320e-02
2.707970142364501953e-02
3.748601675033569336e-02
1.769471168518066406e-02
5.973722785711288452e-02
4.777663946151733398e-02
3.361105918884277344e-02
1.656004041433334351e-02
3.974694013595581055e-02
2.418190240859985352e-02
4.772727936506271362e-02
4.035466909408569336e-02
6.798434257507324219e-02
4.659211635589599609e-02
1.823282241821289062e-02
3.997349739074707031e-02
3.770589828491210938e-03
8.200198411941528320e-03
2.599358558654785156e-02
2.305477857589721680e-02
2.054293453693389893e-02
4.594743251800537109e-03
2.701640129089355469e-03
5.443391948938369751e-02
1.588767766952514648e-02
3.740048408508300781e-02
9.888872504234313965e-03
1.860785484313964844e-02
2.505701780319213867e-02
3.143297135829925537e-02
5.706012248992919922e-02
4.355621337890625000e-02
1.677051186561584473e-04
7.392328977584838867e-02
1.122766733169555664e-02
1.173019409179687500e-03
1.719981431961059570e-02
3.652304410934448242e-02
5.043487250804901123e-02
2.325773239135742188e-04
1.038455963134765625e-02
4.182659089565277100e-02
1.141667366027832031e-02
4.400253295898437500e-03
4.933124780654907227e-02
3.709566593170166016e-02
4.785108566284179688e-02
5.200433731079101562e-02
3.333247452974319458e-02
2.524697780609130859e-02
4.188045859336853027e-01
1.913820803165435791e-01
2.688008546829223633e-02
2.607929706573486328e-02
4.667587950825691223e-02
4.785197973251342773e-02
2.175513505935668945e-01
1.784046739339828491e-02
4.768443107604980469e-02
3.263705968856811523e-02
5.460530519485473633e-05
5.056053400039672852e-02
1.080709695816040039e-02
1.865658164024353027e-02
1.964277029037475586e-02
6.734967231750488281e-02
9.059906005859375000e-06
3.499510884284973145e-02
4.706782102584838867e-02
2.351573109626770020e-02
7.223419845104217529e-02
2.384155988693237305e-01
1.764675974845886230e-02
1.306126266717910767e-02
7.275503873825073242e-02
2.853882312774658203e-02
1.973822712898254395e-02
9.417682886123657227e-02
2.974714636802673340e-01
1.676774770021438599e-02
4.485499858856201172e-02
5.444264411926269531e-02
9.636424481868743896e-03
3.868573904037475586e-02
7.483232021331787109e-02
2.681448310613632202e-02
1.244744658470153809e-02
1.060104370117187500e-02
2.045249249786138535e-01
1.767554879188537598e-02
2.195918560028076172e-02
2.164697647094726562e-02
1.700842380523681641e-02
4.890000820159912109e-02
6.275099515914916992e-02
2.616782486438751221e-02
2.447783946990966797e-03
6.039670109748840332e-02
6.460903584957122803e-02
4.775184392929077148e-02
6.515926122665405273e-02
7.149912416934967041e-02
6.009280681610107422e-03
2.828301191329956055e-01
2.778515592217445374e-02
3.653526306152343750e-02
7.219219207763671875e-02
2.166704833507537842e-02
4.785335063934326172e-02
5.544149875640869141e-02
2.678902447223663330e-02
2.496337890625000000e-02
8.647495508193969727e-02
2.144913375377655029e-02
3.537774085998535156e-02
2.385514974594116211e-02
2.967256307601928711e-02
3.047667052596807480e-01
5.645185708999633789e-02
4.338702559471130371e-02
1.648066937923431396e-02
6.096714735031127930e-02
2.844569087028503418e-02
2.459646761417388916e-02
2.801775932312011719e-02
4.461181163787841797e-02
9.995199739933013916e-03
1.681101322174072266e-02
2.881503105163574219e-02
9.673789143562316895e-03
1.584410667419433594e-02
2.926778793334960938e-02
2.793944329023361206e-01
9.487926959991455078e-03
6.867194175720214844e-02
2.770550251007080078e-01
5.906105041503906250e-03
3.539615869522094727e-02
4.167655110359191895e-02
5.460679531097412109e-03
5.446499586105346680e-02
3.156682848930358887e-02
1.438492536544799805e-02
5.417740345001220703e-02
2.014935016632080078e-04
3.396004438400268555e-03
3.562116622924804688e-02
5.944713950157165527e-02
3.955986350774765015e-02
1.589363813400268555e-02
4.225969314575195312e-02
4.175875335931777954e-02
3.418385982513427734e-02
9.300053119659423828e-03
1.513011381030082703e-02
1.228934526443481445e-02
3.884088993072509766e-02
2.129758149385452271e-02
4.961568117141723633e-02
2.625530958175659180e-02
3.727695345878601074e-02
4.282760620117187500e-02
7.394313812255859375e-03
2.042500674724578857e-02
7.914423942565917969e-03
5.764222145080566406e-02
3.327685594558715820e-02
5.213320255279541016e-03
5.359184741973876953e-02
1.724699139595031738e-02
4.319944977760314941e-02
1.425069570541381836e-02
3.142866492271423340e-02
4.060840606689453125e-02
5.196213722229003906e-03
1.044261455535888672e-02
1.476948708295822144e-02
2.389311790466308594e-02
3.496819734573364258e-02
7.141858339309692383e-03
1.635104417800903320e-02
1.282745599746704102e-02
2.395136058330535889e-01
2.459865808486938477e-02
6.128060817718505859e-02
2.862960100173950195e-03
4.141733050346374512e-02
1.484203338623046875e-02
2.990990877151489258e-02
1.232624053955078125e-04
1.640272140502929688e-02
1.311510801315307617e-03
2.862894441932439804e-01
8.126080036163330078e-03
7.943212985992431641e-03
1.897113025188446045e-02
2.631807327270507812e-02
9.065151214599609375e-03
2.334757149219512939e-02
3.085374832153320312e-02
1.600450277328491211e-02
5.998664349317550659e-02
2.950191497802734375e-02
4.719769954681396484e-02
5.174623429775238037e-02
5.488902330398559570e-02
3.121930360794067383e-02
1.633719727396965027e-02
1.172846555709838867e-02
1.321196556091308594e-02
3.032283484935760498e-02
8.657395839691162109e-03
5.483388900756835938e-03
6.781829893589019775e-02
6.053447723388671875e-04
3.708469867706298828e-02
6.496250629425048828e-03
6.760060787200927734e-03
3.295487165451049805e-02
2.811461687088012695e-03
4.210622608661651611e-02
4.986214637756347656e-02
4.283159971237182617e-03
3.386165201663970947e-02
8.516550064086914062e-03
5.151295661926269531e-02
2.330981194972991943e-03
1.718527078628540039e-02
1.262837648391723633e-02
1.546384766697883606e-02
1.689869165420532227e-02
2.533537149429321289e-02
1.998235285282135010e-02
1.894575357437133789e-02
3.994351625442504883e-02
1.891160011291503906e-02
1.356682181358337402e-02
2.384805679321289062e-02
1.979660987854003906e-02
3.995517399162054062e-01
3.217321634292602539e-02
2.635198831558227539e-02
4.034802317619323730e-02
1.383745670318603516e-02
1.890781521797180176e-02
4.098910093307495117e-02
8.516132831573486328e-03
2.843666076660156250e-02
1.474111527204513550e-02
9.107053279876708984e-03
3.873270750045776367e-02
3.772959113121032715e-03
1.443964242935180664e-02
2.421349287033081055e-02
2.025503665208816528e-03
2.796906232833862305e-02
1.963633298873901367e-02
1.772751659154891968e-02
1.086097955703735352e-02
1.228195428848266602e-02
3.174660354852676392e-02
3.962427377700805664e-03
4.667520523071289062e-03
5.346238613128662109e-04
4.311054944992065430e-03
2.306056022644042969e-02
4.728078842163085938e-03
2.299778163433074951e-02
1.762378215789794922e-02
2.034217119216918945e-03
1.911419630050659180e-02
3.752195835113525391e-02
6.518661975860595703e-03
2.622847259044647217e-02
5.078727006912231445e-02
3.921866416931152344e-03
1.907991617918014526e-02
3.859788179397583008e-02
2.506899833679199219e-02
2.585014700889587402e-02
1.006901264190673828e-03
2.879685163497924805e-02
3.764197230339050293e-03
2.644217014312744141e-02
4.106163978576660156e-03
8.470088243484497070e-03
6.587862968444824219e-03
2.778762578964233398e-02
6.250143051147460938e-04
3.807634320110082626e-01
2.487176656723022461e-02
4.738852381706237793e-03
2.074122428894042969e-03
3.602921962738037109e-02
2.883386611938476562e-02
1.548443734645843506e-02
3.411006927490234375e-02
1.919940114021301270e-02
2.398340404033660889e-02
4.377043247222900391e-02
4.650354385375976562e-03
9.590059518814086914e-03
1.731008291244506836e-02
3.936171531677246094e-02
1.953346282243728638e-02
2.382910251617431641e-02
2.378295660018920898e-01
3.001162707805633545e-01
1.529997587203979492e-02
9.910464286804199219e-04
9.147301316261291504e-03
5.021136999130249023e-02
7.946133613586425781e-03
7.178179919719696045e-02
3.259497880935668945e-02
2.979898452758789062e-02
3.497037291526794434e-02
4.034128785133361816e-02
1.434326171875000000e-03
5.189740657806396484e-02
1.969212498515844345e-01
2.563720941543579102e-02
3.064435720443725586e-02
2.035975456237792969e-03
7.021009922027587891e-03
5.261087417602539062e-02
3.438857197761535645e-02
2.745151519775390625e-03
4.642730951309204102e-02
1.598471030592918396e-02
4.886645078659057617e-02
4.574245214462280273e-02
6.586588919162750244e-03
7.504606246948242188e-02
3.677731752395629883e-02
2.418559044599533081e-02
5.226296186447143555e-01
3.008770942687988281e-02
1.084393262863159180e-02
3.682253863662481308e-01
1.258301734924316406e-02
2.176959812641143799e-02
2.770815100520849228e-01
6.737148761749267578e-02
2.741932868957519531e-02
2.945867180824279785e-02
1.881361007690429688e-03
1.515159010887145996e-02
3.520847856998443604e-02
1.778739690780639648e-02
3.072798252105712891e-03
3.095716238021850586e-02
9.778320789337158203e-03
3.828299045562744141e-02
2.395224571228027344e-02
1.887077093124389648e-02
7.400792837142944336e-02
3.182792663574218750e-02
2.975571155548095703e-02
4.955190420150756836e-02
5.395255982875823975e-03
8.196756243705749512e-02
1.055163145065307617e-02
1.484867930412292480e-02
6.248146295547485352e-03
5.216550827026367188e-02
2.211630344390869141e-02
6.637790799140930176e-02
5.955994129180908203e-03
6.324437260627746582e-02
9.965658187866210938e-03
3.192567825317382812e-02
8.043736219406127930e-03
4.542537033557891846e-03
1.598870754241943359e-02
4.576277732849121094e-02
2.754852324724197388e-01
2.496105432510375977e-02
2.722108364105224609e-02
3.676620870828628540e-02
2.798603773117065430e-01
2.263856530189514160e-01
1.519234478473663330e-02
1.790344715118408203e-02
2.579307556152343750e-02
2.493344247341156006e-01
2.004832029342651367e-02
2.513377666473388672e-01
6.183737516403198242e-02
1.955977082252502441e-02
1.835054159164428711e-02
3.994607925415039062e-02
4.580348730087280273e-03
3.729474544525146484e-02
3.706544637680053711e-02
2.133801579475402832e-03
3.258657455444335938e-02
4.817673563957214355e-02
7.732406258583068848e-03
6.598293781280517578e-02
4.541766643524169922e-02
1.351847499608993530e-02
1.386940479278564453e-02
9.087920188903808594e-03
1.846453174948692322e-02
1.232391595840454102e-02
2.100080251693725586e-02
3.242861106991767883e-02
8.656501770019531250e-03
3.921145200729370117e-02
4.513132572174072266e-02
6.036096811294555664e-02
2.753454446792602539e-02
1.917369663715362549e-02
7.499217987060546875e-03
6.453818082809448242e-02
2.810043897479772568e-01
1.995623111724853516e-02
3.861773014068603516e-02
5.212539434432983398e-02
2.085670828819274902e-03
2.312815189361572266e-02
3.316849470138549805e-02
4.050198197364807129e-02
2.012926340103149414e-02
3.987336158752441406e-02
2.982371151447296143e-01
4.551142454147338867e-02
5.664062500000000000e-02
2.006001770496368408e-02
2.012282609939575195e-02
2.166614532470703125e-01
3.196666389703750610e-02
3.368589878082275391e-01
6.977999210357666016e-02
5.722288042306900024e-02
5.822864174842834473e-02
3.505307435989379883e-02
1.111705601215362549e-02
2.950099110603332520e-02
3.216946125030517578e-02
1.203615963459014893e-02
1.688495278358459473e-02
3.225219249725341797e-02
3.470575716346502304e-01
3.381314873695373535e-02
4.021406173706054688e-02
2.093875408172607422e-02
1.099428534507751465e-02
7.085692882537841797e-02
1.996243000030517578e-02
1.151356101036071777e-02
5.189496278762817383e-02
2.722817659378051758e-02
3.545864298939704895e-02
7.319241762161254883e-02
2.911311388015747070e-02
3.320718742907047272e-02
1.528781652450561523e-02
3.722429275512695312e-02
2.720601856708526611e-03
2.008670568466186523e-02
3.264605998992919922e-02
7.335841655731201172e-05
2.968913316726684570e-02
3.318965435028076172e-02
2.544663753360509872e-01
1.182308793067932129e-02
3.366565704345703125e-02
2.488565444946289062e-02
2.127403020858764648e-02
3.205001354217529297e-02
3.591611981391906738e-02
1.747992634773254395e-02
2.795457839965820312e-02
1.456826925277709961e-02
8.957162499427795410e-04
4.369223117828369141e-02
7.283687591552734375e-04
2.506463825702667236e-01
5.041170120239257812e-02
1.347637176513671875e-02
1.870494335889816284e-03
6.264573335647583008e-02
3.459221124649047852e-02
2.694096416234970093e-02
3.573989868164062500e-02
2.957868576049804688e-02
7.627546787261962891e-03
3.764659166336059570e-03
7.942557334899902344e-03
4.033622145652770996e-02
9.408742189407348633e-03
2.653568983078002930e-02
5.815601348876953125e-02
1.407696306705474854e-02
1.627409458160400391e-02
1.040187478065490723e-02
2.732461690902709961e-02
3.320068120956420898e-02
4.314541816711425781e-02
4.521478712558746338e-02
3.817015886306762695e-02
1.686561107635498047e-02
3.819831460714340210e-02
4.979431629180908203e-03
1.771539449691772461e-02
6.476973742246627808e-02
8.374571800231933594e-03
1.524716615676879883e-02
8.359126746654510498e-03
4.726126790046691895e-02
4.101538658142089844e-02
3.490146994590759277e-02
6.025582551956176758e-03
1.788258552551269531e-03
4.375976324081420898e-02
2.800729870796203613e-02
1.628988981246948242e-02
4.556983709335327148e-02
5.761325359344482422e-03
3.411811590194702148e-02
9.029209613800048828e-03
2.727349102497100830e-02
1.004922389984130859e-02
9.998679161071777344e-04
5.670674145221710205e-03
2.245253324508666992e-02
2.161085605621337891e-03
1.557465642690658569e-02
4.556912183761596680e-02
2.606905102729797363e-01
4.273325949907302856e-02
4.672944545745849609e-02
3.453791141510009766e-03
4.552006721496582031e-04
3.234410285949707031e-02
4.161322116851806641e-02
4.756124317646026611e-02
2.279669046401977539e-02
5.771875381469726562e-03
6.506115198135375977e-03
7.354925572872161865e-02
1.121103763580322266e-02
2.429163455963134766e-02
2.462263405323028564e-02
2.652877569198608398e-02
4.543435573577880859e-02
4.496060311794281006e-03
6.286561489105224609e-03
2.748548984527587891e-02
8.787497878074645996e-03
2.571493387222290039e-02
1.207065582275390625e-02
1.667343825101852417e-02
2.964049577713012695e-02
8.869767189025878906e-03
3.952350467443466187e-03
2.372640371322631836e-02
3.057092428207397461e-02
5.626849830150604248e-03
1.894789934158325195e-02
1.250100135803222656e-02
4.781458526849746704e-02
9.137511253356933594e-03
2.794533967971801758e-02
4.516145586967468262e-02
4.554794728755950928e-02
3.835046291351318359e-02
1.841080188751220703e-02
4.356181621551513672e-02
1.887756586074829102e-02
2.119261026382446289e-02
2.885667979717254639e-02
1.790672540664672852e-02
1.921159029006958008e-02
4.607783257961273193e-02
3.273743391036987305e-02
1.288205385208129883e-02
2.831004858016967773e-01
2.183127403259277344e-02
4.614347219467163086e-02
2.933450788259506226e-02
2.231013774871826172e-02
2.064740657806396484e-02
7.873848080635070801e-03
4.381218552589416504e-02
1.498812437057495117e-02
3.851257264614105225e-02
3.777742385864257812e-03
5.288243293762207031e-03
2.835139632225036621e-02
1.461619138717651367e-02
2.358496189117431641e-03
1.457080245018005371e-02
2.644814550876617432e-02
1.287698745727539062e-03
2.215594053268432617e-02
1.547716557979583740e-02
8.011639118194580078e-03
5.035400390625000000e-03
2.196925878524780273e-02
7.736265659332275391e-03
5.108714103698730469e-03
2.288381010293960571e-02
5.305516719818115234e-02
2.362157702445983887e-01
3.775525838136672974e-02
1.200312376022338867e-02
4.602241516113281250e-02
8.152961730957031250e-03
2.628874778747558594e-02
6.381034851074218750e-03
3.491747379302978516e-02
1.206916570663452148e-02
2.128207683563232422e-02
1.821726560592651367e-02
8.292824029922485352e-03
3.693515062332153320e-02
1.600798964500427246e-02
9.013414382934570312e-03
2.456593513488769531e-02
7.062712311744689941e-02
6.930232048034667969e-04
1.587343215942382812e-02
3.837001323699951172e-02
2.322250604629516602e-02
3.393292427062988281e-03
9.487032890319824219e-03
2.619540505111217499e-02
3.313362598419189453e-03
7.729470729827880859e-03
4.251056909561157227e-02
6.726920604705810547e-03
2.673071622848510742e-02
3.332558125257492065e-01
2.950391173362731934e-02
2.628326416015625000e-02
2.393248677253723145e-02
3.888534512370824814e-01
3.369367122650146484e-02
2.117396891117095947e-02
2.179192006587982178e-02
2.633404731750488281e-02
4.937201738357543945e-03
2.087056636810302734e-03
3.898441791534423828e-03
5.313447117805480957e-02
3.151321411132812500e-02
1.728737354278564453e-02
4.676067829132080078e-02
4.846379160881042480e-03
3.590047359466552734e-02
8.104449510574340820e-02
1.966021582484245300e-02
1.299834251403808594e-02
2.034783363342285156e-02
6.480067968368530273e-04
3.493010997772216797e-03
7.368862628936767578e-03
2.046835422515869141e-02
1.216939091682434082e-02
3.145492076873779297e-02
5.041897296905517578e-03
6.317773461341857910e-02
2.357447147369384766e-01
1.020476222038269043e-02
1.112279295921325684e-02
2.358275651931762695e-02
2.220380306243896484e-02
3.927916288375854492e-03
2.027958631515502930e-02
3.046655654907226562e-02
3.455425798892974854e-02
2.878206968307495117e-02
3.114390373229980469e-02
1.336118578910827637e-02
4.819971323013305664e-02
8.837938308715820312e-03
4.014121368527412415e-02
4.360783100128173828e-02
4.538476467132568359e-02
2.337031066417694092e-02
3.723508119583129883e-02
2.193021774291992188e-02
4.179581999778747559e-03
5.622774362564086914e-03
3.883832693099975586e-02
1.920911669731140137e-02
2.211156487464904785e-02
2.720063924789428711e-02
3.941774368286132812e-03
3.563019633293151855e-02
2.864092588424682617e-02
1.827579736709594727e-02
5.409575998783111572e-02
3.459030389785766602e-02
7.289811968803405762e-02
4.420784115791320801e-02
1.528209447860717773e-02
1.511567831039428711e-02
1.763939112424850464e-02
1.537030935287475586e-02
3.758656978607177734e-02
3.116670995950698853e-02
3.564155101776123047e-02
3.491544723510742188e-02
9.007595479488372803e-03
3.149545192718505859e-02
1.566588878631591797e-03
4.303643479943275452e-02
1.586109399795532227e-03
5.689120292663574219e-02
6.734871864318847656e-02
2.927526831626892090e-02
3.520923852920532227e-02
5.998001992702484131e-02
2.889922261238098145e-02
4.819631576538085938e-03
1.769530773162841797e-02
3.542155027389526367e-04
9.196996688842773438e-05
4.535758495330810547e-02
2.170409262180328369e-02
3.145092725753784180e-02
4.274100065231323242e-02
3.061968833208084106e-02
3.654539585113525391e-03
3.359228372573852539e-02
3.226836398243904114e-02
1.420766115188598633e-02
2.326369285583496094e-02
3.314808756113052368e-02
2.805650234222412109e-03
6.348729133605957031e-03
1.199655234813690186e-03
1.363679766654968262e-02
5.794107913970947266e-03
2.387559637427330017e-01
3.151753544807434082e-02
2.193361520767211914e-02
3.123575448989868164e-02
3.025022149085998535e-02
9.679794311523437500e-04
1.812875270843505859e-02
1.075267791748046875e-03
5.741357803344726562e-03
1.879236102104187012e-02
5.839871615171432495e-02
6.923913955688476562e-03
2.638697624206542969e-04
1.246657222509384155e-02
5.484819412231445312e-04
2.962046861648559570e-02
1.309159025549888611e-02
3.089606761932373047e-03
1.679950952529907227e-02
3.093956410884857178e-02
1.926130056381225586e-02
9.091615676879882812e-03
1.974990963935852051e-02
2.033600211143493652e-02
1.992988586425781250e-02
4.878246784210205078e-02
2.662694454193115234e-02
1.524657011032104492e-02
4.638127982616424561e-02
5.450198054313659668e-02
2.997231483459472656e-02
3.425502777099609375e-02
2.192705869674682617e-03
2.724915742874145508e-01
3.017938137054443359e-02
8.272826671600341797e-03
7.172644138336181641e-03
1.199936866760253906e-02
8.576705120503902435e-02
6.461137533187866211e-02
2.169352769851684570e-02
1.716271042823791504e-03
2.785349488258361816e-01
1.013040542602539062e-03
4.195003956556320190e-02
5.001306533813476562e-03
2.109847068786621094e-01
3.610729426145553589e-02
3.300476074218750000e-02
1.282566785812377930e-02
6.945326924324035645e-03
3.385692834854125977e-03
1.798486709594726562e-02
1.833739876747131348e-02
7.729321718215942383e-03
6.880623102188110352e-02
1.580765843391418457e-02
1.031585037708282471e-02
2.472226619720458984e-01
6.048828363418579102e-02
5.377396941184997559e-03
2.326166629791259766e-02
2.509713172912597656e-03
8.963882923126220703e-03
4.134535789489746094e-02
2.862298488616943359e-02
2.114510536193847656e-02
5.496925115585327148e-02
4.017347097396850586e-02
7.422346621751785278e-03
9.856820106506347656e-03
1.487392187118530273e-02
3.102789819240570068e-02
7.468724250793457031e-02
6.991350650787353516e-02
1.754346489906311035e-02
6.428891420364379883e-02
2.074839472770690918e-01
4.540777206420898438e-02
2.484494447708129883e-02
1.008546352386474609e-02
2.850681543350219727e-03
4.729299247264862061e-02
3.241139650344848633e-02
2.417013049125671387e-02
5.658629536628723145e-02
7.402688264846801758e-02
1.685261726379394531e-02
2.162989228963851929e-02
6.461143493652343750e-05
2.131825685501098633e-02
3.498606383800506592e-02
4.905015230178833008e-02
2.568948268890380859e-02
2.603365480899810791e-02
1.265735030174255371e-01
3.533601760864257812e-02
5.410702526569366455e-02
3.012061119079589844e-03
2.694147825241088867e-02
8.022306859493255615e-02
3.877079486846923828e-02
5.064100027084350586e-02
7.025098800659179688e-02
3.735312819480895996e-02
2.217763662338256836e-02
6.709110736846923828e-02
2.345512807369232178e-02
1.835062503814697266e-01
7.712459564208984375e-02
1.245562732219696045e-02
1.484289169311523438e-01
6.329804658889770508e-02
1.992315053939819336e-02
9.218811988830566406e-03
5.591177940368652344e-02
4.043105989694595337e-02
2.064168453216552734e-02
3.646582365036010742e-02
4.519584029912948608e-02
6.287062168121337891e-02
6.469130516052246094e-02
6.587010249495506287e-02
2.478888630867004395e-02
1.969802379608154297e-02
3.821760416030883789e-03
3.306046128273010254e-02
8.661091327667236328e-02
8.825898170471191406e-03
5.129262804985046387e-02
3.796654939651489258e-02
2.903178334236145020e-02
1.703538000583648682e-02
4.197579622268676758e-02
2.382126450538635254e-02
1.681302487850189209e-02
7.730132341384887695e-02
6.857490539550781250e-02
3.937245160341262817e-02
5.354917049407958984e-02
4.681646823883056641e-02
4.790581949055194855e-02
3.985059261322021484e-02
3.650891780853271484e-02
1.668184995651245117e-02
5.187362432479858398e-02
5.169308185577392578e-02
3.533534705638885498e-01
3.017777204513549805e-02
5.520176887512207031e-02
1.927139367908239365e-01
2.158635854721069336e-02
4.106462001800537109e-02
2.904649078845977783e-02
7.456469535827636719e-02
5.974817276000976562e-02
3.178805112838745117e-03
5.246528983116149902e-02
9.021103382110595703e-02
2.970507740974426270e-02
3.357587009668350220e-02
3.709805011749267578e-02
2.423238754272460938e-02
4.615503177046775818e-02
4.407286643981933594e-02
3.347606658935546875e-01
5.452240444719791412e-02
4.921692609786987305e-02
4.039007425308227539e-02
1.902101933956146240e-02
1.178038120269775391e-02
2.307730913162231445e-01
1.902739703655242920e-02
5.479991436004638672e-02
2.004625797271728516e-01
1.554727554321289062e-03
1.047449111938476562e-01
6.462424993515014648e-02
2.508924901485443115e-02
9.239256381988525391e-03
3.518635034561157227e-02
3.515389561653137207e-02
6.404459476470947266e-03
6.945401430130004883e-02
6.149649620056152344e-03
1.373074948787689209e-02
5.486905574798583984e-03
2.698421478271484375e-03
1.205734908580780029e-02
1.688641309738159180e-02
3.958380222320556641e-02
9.233731776475906372e-03
5.755144357681274414e-02
6.226027011871337891e-02
1.574160158634185791e-02
2.298492193222045898e-02
2.282601594924926758e-02
4.302897304296493530e-02
8.741885423660278320e-03
3.625833988189697266e-02
2.245506644248962402e-02
2.342927455902099609e-02
6.731373071670532227e-02
5.118159949779510498e-02
4.676696658134460449e-02
1.428854465484619141e-02
3.678585793823003769e-01
7.924616336822509766e-03
5.172973871231079102e-02
9.601154923439025879e-02
4.023925960063934326e-02
5.008822679519653320e-02
3.138804435729980469e-02
2.909170463681221008e-02
9.130239486694335938e-03
3.214997053146362305e-02
8.192583918571472168e-04
7.015091180801391602e-02
5.067855119705200195e-02
4.522141069173812866e-02
2.890712022781372070e-02
3.315746784210205078e-03
2.980242520570755005e-01
6.695419549942016602e-03
3.439515829086303711e-02
4.982326924800872803e-02
1.861628890037536621e-02
2.425765991210937500e-02
6.232410669326782227e-03
6.619244813919067383e-03
6.501185894012451172e-02
5.868166685104370117e-02
2.572606503963470459e-02
8.875668048858642578e-03
2.440559864044189453e-02
1.417002826929092407e-02
3.092527389526367188e-03
1.847207546234130859e-02
2.045763283967971802e-02
4.925960302352905273e-02
2.963912487030029297e-02
7.439721375703811646e-03
4.574596881866455078e-03
1.897925138473510742e-02
1.357884705066680908e-02
1.973569393157958984e-03
2.902591228485107422e-02
1.281764358282089233e-02
