# {'window': 145, 'contam': 0.9745315210697015, 'q': 0.07649834495085794, 'thres': 0.06683528131700389}
2.776474107523669854e-01
1.628537546461950480e+00
8.553811802310711254e-01
5.283048114404359508e-02
1.809555233984954992e+00
6.354116698716023581e-01
3.340199672083298266e-01
1.928830284540739015e+00
1.398685833979904092e-01
7.372320990116868478e-01
1.865430600504692560e+00
2.515570638869646936e-01
1.058859078026302303e+00
1.633288655375181087e+00
5.163081728428950967e-01
8.712185959577581906e-01
1.433708659050361600e+00
9.730998778807797844e-01
1.004937960666282049e+00
1.239511122153757361e+00
1.357801572779119725e+00
1.066067478751400621e+00
8.587306877630322965e-01
1.584703950094347835e+00
8.815145031983240287e-01
3.994712568480545123e-01
1.776164032224279321e+00
7.320442730641044671e-01
1.832723393998818562e-01
1.990927491232924229e+00
3.177069365125114730e-01
5.804053456536883981e-02
1.964411168259936336e+00
9.129050633185731289e-02
4.480789760039368685e-01
2.074189074096027152e+00
5.543047919277542812e-01
7.466191964839925532e-01
1.839589105396881807e+00
7.904089749179736835e-01
7.056038670663593582e-01
1.652529521631590059e+00
1.182411808176854873e+00
8.221996609963810876e-01
1.455941433781975380e+00
1.497596018610819479e+00
8.007214030242434388e-01
1.074131394230943837e+00
1.858201057948609680e+00
7.761737628840864600e-01
6.390018537015860201e-01
1.927224309696899063e+00
4.209736117922981968e-01
4.327934972215431442e-01
1.968181896175266399e+00
2.508865033760491192e-01
8.414222998133091824e-02
2.278242069832997707e+00
1.091550924620686702e-01
3.569941344503763103e-01
2.144265696909713359e+00
4.551363462737009202e-01
5.645558386255947747e-01
1.912859748057746057e+00
8.273260760963573324e-01
7.536523113736576240e-01
1.621516146780072720e+00
1.347098099294529838e+00
6.770564438879990155e-01
1.499644740991779690e+00
1.524348329854945838e+00
9.155462171860617726e-01
1.171356731223130776e+00
1.815966851073638422e+00
7.946934297510372947e-01
5.519271857821800298e-01
2.092013008072919789e+00
4.029959208191932207e-01
2.148319738382121757e-01
2.106617488575068808e+00
4.177364239146553748e-01
8.172522618875277534e-02
2.109623878856411228e+00
5.878694328006661696e-02
5.083672266077828850e-01
2.064794723209229854e+00
2.383392414310750995e-01
8.318659832718952041e-01
1.826821951879992634e+00
8.227361635489217617e-01
8.073659755641892088e-01
1.668234239473490810e+00
1.083820065038990643e+00
1.049281570841096300e+00
1.222616827239314308e+00
1.216274268270309378e+00
1.049894434163631374e+00
8.941038171162491999e-01
1.679387034283855273e+00
8.874118288911715391e-01
3.883002738352186456e-01
1.729445350323011832e+00
7.242484386952929842e-01
8.902224388276142042e-02
1.861368040344743235e+00
4.420979427533375250e-01
2.028381460908014189e-01
1.877931953230737694e+00
1.902671678408377476e-01
6.317290088269116310e-01
1.847005990462980751e+00
9.347024051376162657e-02
8.579775570401034779e-01
1.594256869470689342e+00
5.518680077930024908e-01
1.122785839141831499e+00
1.250825433054647107e+00
1.027076449883698173e+00
1.269417461859977614e+00
1.041673150823735128e+00
1.120795887093659404e+00
1.204050343773931386e+00
7.005765890104327376e-01
1.393996518664865514e+00
1.189250088295814356e+00
3.003676043447557342e-01
1.542138707897627414e+00
8.525359788402939731e-01
1.473006122203215640e-01
1.750475517629689559e+00
6.964617079784839460e-01
5.396372871470268562e-01
1.558369907842138913e+00
4.226300222476406798e-01
8.339240579143096799e-01
1.664391067990242279e+00
1.397404361885104529e-01
1.279869730105665404e+00
1.320981990276485440e+00
2.654300694654399551e-01
1.452853597910964023e+00
1.135247081305364558e+00
5.765817224318281475e-01
1.514055383866719229e+00
7.304023287758882876e-01
8.922038354971510987e-01
1.385064965710213203e+00
3.830935851794142200e-01
1.191059460735117703e+00
1.272305808581734032e+00
8.389407491604224110e-03
1.311811269244776756e+00
1.125769825743487162e+00
2.900176125326074383e-01
1.397607178473510015e+00
9.470503442327181665e-01
7.030416462674449196e-01
1.485786833802241524e+00
5.083004143143869946e-01
1.137532193147983373e+00
1.451741771280261384e+00
2.703091312154706771e-01
1.253298962036555331e+00
1.371246194994101497e+00
1.404547112935677633e-01
1.432151741061252537e+00
9.950003758617337324e-01
5.139598940080535305e-01
1.534804760641197197e+00
7.783129053587747315e-01
8.766980220114063416e-01
1.540767753458305744e+00
3.972686453823619512e-01
1.258659797958656679e+00
1.400934586214908073e+00
1.446180601737150628e-01
1.352159043768893953e+00
1.167975267211494028e+00
2.876253774618645620e-01
1.392106670104985566e+00
8.435715591115376943e-01
7.632761639410026167e-01
1.631381954050328487e+00
6.277709222172154213e-01
1.057010589072675311e+00
1.390330236469848879e+00
1.628424495744177636e-01
1.296708847274902432e+00
1.357230420118466396e+00
2.827034384561608604e-01
1.496666965976465091e+00
1.025196797879541100e+00
5.548089091902380643e-01
1.434650895518102320e+00
8.065462820440326697e-01
9.596468837692930798e-01
1.453686189893180103e+00
3.988228565138116632e-01
9.727933494045695184e-01
1.410599500000202955e+00
1.136124340884043793e-01
1.279479286814643846e+00
1.167344370487568339e+00
3.586968353615397898e-01
1.521577849925094039e+00
9.013292826131333868e-01
7.570594319377010883e-01
1.590439359861948398e+00
5.927669486495217299e-01
9.513564117087205396e-01
1.433751014177333527e+00
1.127696066032912031e-01
1.387315670544553736e+00
1.005434188467583034e+00
1.826428699915488563e-01
1.405667966583601380e+00
1.138598539769508866e+00
4.899689082720023459e-01
1.462102796302529928e+00
8.765227745762649292e-01
8.790638130783956505e-01
1.411469767168043843e+00
3.536484041838581227e-01
1.074166866061429859e+00
1.439335134324790211e+00
6.120991074426339329e-02
1.258285286107474699e+00
1.088694409532752649e+00
3.021174628116577998e-01
1.468287591124018521e+00
8.364960721046639236e-01
7.296019529308084284e-01
1.632606065918217997e+00
7.364941745397672879e-01
9.994520268261838369e-01
1.485839251103893144e+00
1.744803683919015080e-01
1.290048582080680406e+00
1.326514008434429570e+00
1.578807564865482571e-01
1.373310095982548606e+00
1.107510264860930738e+00
5.013536712857219468e-01
1.537555529434997625e+00
7.309968832796908123e-01
8.991768984264795206e-01
1.553537279695179629e+00
4.629223846915892504e-01
1.054002577977529498e+00
1.314711510470688793e+00
9.568944107722235359e-02
1.371847182317205371e+00
1.249121942930504936e+00
3.818513071856197705e-01
1.383350060831186612e+00
7.858276430336470497e-01
5.114928467445897242e-01
1.607773457564887432e+00
4.807114661941322975e-01
1.155181216329501881e+00
1.268226584150377478e+00
1.911681561846232391e-01
1.205680981334313451e+00
1.198811758620128121e+00
2.356942514910259356e-01
1.395439044976267695e+00
1.091360868606731316e+00
5.974728025401374598e-01
1.425993912123468821e+00
7.830824488896694913e-01
8.999238737630028684e-01
1.505860064035657198e+00
4.281935430338317805e-01
1.116035331304406020e+00
1.418843472198367595e+00
5.212885219547898526e-03
1.341476826252587795e+00
1.178246668485412263e+00
1.955781250511483826e-01
1.523532682760252444e+00
9.397208970819517226e-01
6.529482284608907339e-01
1.477147394234180400e+00
5.815611348522077284e-01
1.071038151417272655e+00
1.397967931260136076e+00
1.715728081255382953e-01
1.301179329403870932e+00
1.320684971393448537e+00
1.084609897837337245e-01
1.427066220948558284e+00
1.082756088875662659e+00
5.771708260892123299e-01
1.562024570814626978e+00
5.614889525721947772e-01
8.722864923688338212e-01
1.522435186248215500e+00
3.949726547684940248e-01
1.007147442153952133e+00
1.518942913040922882e+00
1.348647843978750469e-02
1.361193179562058875e+00
1.158644529659857980e+00
4.284096021935405174e-01
1.437119327624149179e+00
9.452515508395782362e-01
6.747991836425852874e-01
1.504868225225014511e+00
6.455798990634954437e-01
9.609041776547543323e-01
1.428447188166421133e+00
7.496245257799824535e-02
1.278822331136796997e+00
1.277126425719099290e+00
7.648516525883744532e-02
1.548103219404228126e+00
9.652498465423700047e-01
5.683487454222585500e-01
1.415701502792452660e+00
6.253886883995555257e-01
9.025597657400370455e-01
1.381527514250048938e+00
5.006217666361606478e-01
1.176155011784160598e+00
1.446804481960235478e+00
2.091470165816179672e-02
1.225115156838479269e+00
1.181123209837373844e+00
3.131692623405996634e-01
1.571436693816938623e+00
9.043649927049967063e-01
7.240766674534768743e-01
1.515016822832649712e+00
5.367267909320626584e-01
1.071873403614919562e+00
1.370748004072770865e+00
7.683569003175438894e-02
1.275681356892319984e+00
1.262339506845173265e+00
1.103510889234669279e-01
1.460305929350778742e+00
1.045688102897612604e+00
5.650887580586574366e-01
1.434248905643338068e+00
8.243836797163757169e-01
9.507782408163669707e-01
1.578348595185903758e+00
2.307702911607302787e-01
1.232503049586860966e+00
1.321057513112766424e+00
1.077790808393787325e-02
1.196010157935748497e+00
1.199088335779299630e+00
4.502160989789182888e-01
1.549281884707057300e+00
8.230341974555560602e-01
5.908501813204540820e-01
1.371894845166756749e+00
7.185770885072461089e-01
8.823442302358516232e-01
1.529991252236510446e+00
2.393104882773658404e-01
1.335245287011281201e+00
1.169815597784860328e+00
2.199841065666268414e-01
1.426636576526850497e+00
1.264946206898339476e+00
5.146412294388306163e-01
1.481070538703154194e+00
7.083474239988784005e-01
7.821874300211582032e-01
1.480388241490301571e+00
4.245769347041628561e-01
9.912474191874367513e-01
1.539515126084395558e+00
8.050193783888841270e-02
1.231104779847888908e+00
1.158132914296372329e+00
2.196930964637572037e-01
1.436618988619781323e+00
8.272735157538656514e-01
6.293208503717067082e-01
1.555363035793317694e+00
5.997530421590138161e-01
9.573288122833385483e-01
1.398644745618265128e+00
2.150297950468581243e-01
1.270508402909749535e+00
1.260975085924645356e+00
2.169270896867888099e-01
1.375064281589113868e+00
1.051178110184619596e+00
4.765758346010720570e-01
1.533208929450424085e+00
6.119915906264785654e-01
8.366860288745827656e-01
1.480974960161765441e+00
3.748305557479635897e-01
1.069571271362339093e+00
1.328047998501833860e+00
3.066844832920041786e-02
1.354115027334264809e+00
1.067876174376428455e+00
4.058051355335494659e-01
1.423600210902081331e+00
9.608755701183120390e-01
7.396605312747709382e-01
1.532895742017800211e+00
4.408157015302165971e-01
1.163887451105052540e+00
1.363284780961203202e+00
3.061341894320686041e-01
1.318818035385688869e+00
1.201596997082836848e+00
1.408495320731064093e-01
1.468768974778031478e+00
1.064002801413393096e+00
5.581490668584819792e-01
1.499809179355828803e+00
8.262944652652071120e-01
8.988573505009329612e-01
1.423115863031714667e+00
3.920356449874610183e-01
1.251057651666664938e+00
1.448168229671794593e+00
1.895472470917010724e-02
1.404713530286622714e+00
1.212453509929555029e+00
3.163850177802827734e-01
1.470443246784875591e+00
7.649582699146562081e-01
7.439242086044115521e-01
1.423941037244739416e+00
4.720674964067522739e-01
1.101403852924482507e+00
1.369737746609672957e+00
2.529238046782340543e-01
1.223796375416836169e+00
1.382454736676005380e+00
2.680890585948964566e-01
1.350684843500148169e+00
1.063908692506816633e+00
5.121472570945028169e-01
1.392722607326281503e+00
7.729161661765375779e-01
8.617849186372733561e-01
1.535755302234392605e+00
5.112571441532145489e-01
1.195763685860956826e+00
1.386219018441690931e+00
4.439954066883854134e-02
1.318509527222552213e+00
1.119092432907595303e+00
4.716078490110529042e-01
1.441290200721236925e+00
8.715933660584064269e-01
7.527024487430267197e-01
1.411590269762654115e+00
5.257820316727357390e-01
9.725221299625320670e-01
1.408218614292866544e+00
1.872109256979774539e-01
1.280444275200565141e+00
1.239338658580690922e+00
1.630100621046732534e-01
1.485900988781210241e+00
1.015470508992021292e+00
5.619928849926068004e-01
1.432184419838112399e+00
5.107652222165425249e-01
9.983624821232635060e-01
1.288836540527073193e+00
3.414653503625769138e-01
1.219284756993397334e+00
1.414633011634716997e+00
5.147868548454677395e-03
1.491594973783942901e+00
1.165023936981717023e+00
3.215242329822379230e-01
1.445778707711722566e+00
8.887405675318894582e-01
6.782099247010937582e-01
1.534162339208092751e+00
4.991841614871723176e-01
1.037380501802562360e+00
1.294162545775122020e+00
1.691485490185837548e-01
1.135002228263809032e+00
1.289337850883341963e+00
2.914393647784919716e-01
1.408775898992868036e+00
1.016962240663393580e+00
5.859823991779771202e-01
1.605340194946587751e+00
6.442539950013234096e-01
8.394961863745894481e-01
1.398824271958422294e+00
4.270669269143486657e-01
1.083961679110080123e+00
1.337113352133545430e+00
5.225150201941231032e-02
1.362303638726628741e+00
1.172422285532028097e+00
4.202572285020456655e-01
1.483016710913823255e+00
1.029002746815437019e+00
7.083227020915255912e-01
1.626587079188380081e+00
5.624878822328523986e-01
1.095943110879390892e+00
1.308722969205792230e+00
3.180507820934632135e-01
1.340699117199303680e+00
1.247143643441981364e+00
1.801160963350847133e-01
1.428399005510278208e+00
1.195188524375470074e+00
4.753305350582120448e-01
1.522853460695441363e+00
8.337294522922442663e-01
8.922596944927950746e-01
1.463154696758920847e+00
3.376146021079539095e-01
1.154680749261036476e+00
1.326676041588771948e+00
9.593403363491903590e-02
1.418320030265286968e+00
1.255012112074177288e+00
2.960111348101548967e-01
1.494438013316648606e+00
7.810437882634810869e-01
6.290911139533716945e-01
1.614615907532409134e+00
5.413110293367832115e-01
1.032999737888482983e+00
1.464835654285772337e+00
8.110834752474055387e-02
1.364128638844557040e+00
1.308659426240808887e+00
1.469644543255818891e-01
1.353165005981652236e+00
1.019023506197497264e+00
4.800618902101432828e-01
1.564637826641182228e+00
7.077255420346634240e-01
8.355966412182926906e-01
1.512522718652523634e+00
3.715546261120620808e-01
1.158846634303238643e+00
1.269953140869715114e+00
4.075489474560071990e-02
1.238543340052657538e+00
1.115979670881931618e+00
4.605064824590671679e-01
1.525716744099200994e+00
8.140071706985253508e-01
7.482960899463053650e-01
1.442101597277176239e+00
5.042003102779356594e-01
1.029752649194287217e+00
1.443081486052048223e+00
2.294420407409688001e-01
1.179044410980778279e+00
1.333758571959639427e+00
2.762938879121161762e-01
1.463644520877869670e+00
1.065767299881410501e+00
5.628220560373435877e-01
1.485250787699726072e+00
5.920366741597473670e-01
9.260785576300023525e-01
1.310152513773249261e+00
3.739885693911578768e-01
1.090537162966249696e+00
1.390969433579222425e+00
2.604524556917116318e-02
1.324970023980774902e+00
1.066488607922240650e+00
4.265235489520127210e-01
1.420333028017642496e+00
8.917899113429335056e-01
7.382336279216121788e-01
1.412839294595849671e+00
7.380930049259634140e-01
1.000688221030759051e+00
1.556084395877889603e+00
7.475845150298546238e-02
1.236977444289840022e+00
1.327820869741659804e+00
1.580075340429109576e-01
1.373306252110912729e+00
9.739581813451345660e-01
5.232405880354922267e-01
1.516527218327065940e+00
6.711069161090578161e-01
9.109446143436166210e-01
1.331680693298860740e+00
2.968410481234108333e-01
1.202133491784620478e+00
1.255640012997047084e+00
9.597186795822597316e-02
1.334141053659310794e+00
1.061737508021228127e+00
3.569102552593808042e-01
1.603355876891143783e+00
8.640939560348552817e-01
6.209283618083627498e-01
1.468055851458710759e+00
5.427160418474114012e-01
1.046787069351667432e+00
1.566574094529334271e+00
2.156552831242982693e-01
1.222478466663075913e+00
1.331976679024486465e+00
2.989552697515628910e-01
1.496923136011424793e+00
9.178991161690760459e-01
6.072073535775993625e-01
1.490881856224687274e+00
6.846606176577897385e-01
8.925926456965632694e-01
1.473747461303813955e+00
3.746362124257299753e-01
1.114881466862345683e+00
1.310829015283056620e+00
5.187228861539033842e-02
1.358488239842421175e+00
1.236909724767514929e+00
4.710047071556857645e-01
1.283316264432494025e+00
8.573261062884680594e-01
7.816827381423178123e-01
1.417754491971837894e+00
5.422530031449528387e-01
9.569484748670753493e-01
1.403852427925484703e+00
1.773376306393450730e-01
1.365429747763624357e+00
1.268780383156139946e+00
2.295543859993793567e-01
1.369756318958364361e+00
1.116845628334126816e+00
6.717289962756202160e-01
1.533893871958169841e+00
7.729513924839475081e-01
8.084147820812616070e-01
1.547643113229673517e+00
3.370049173630039197e-01
1.214892826911189827e+00
1.332624246005812862e+00
6.942127673889680883e-02
1.276678730262319483e+00
1.222037683355580828e+00
6.281955116534330141e-01
1.462196003097610442e+00
7.822129128906133433e-01
7.508237474904688735e-01
1.445123732810955186e+00
5.284264196344977682e-01
9.976936677684922206e-01
1.527998556821195342e+00
1.856949207218379638e-01
1.240824908382819114e+00
1.306026526950035960e+00
1.987118658506790425e-01
1.414504598666537882e+00
1.075349335934910666e+00
6.182247871732989841e-01
1.567734360465838916e+00
8.236987420551257211e-01
9.524679675568301640e-01
1.467370803582832783e+00
3.410293165463773035e-01
1.008897147215688461e+00
1.276286558336128474e+00
1.695156692833374446e-02
1.396029113077521977e+00
1.106542517549144344e+00
5.086929509643802749e-01
1.353773226165280841e+00
8.610172296344971166e-01
7.423967807684119791e-01
1.426163798574758168e+00
5.355092448271313588e-01
1.076959645210156413e+00
1.551028808491669464e+00
1.003988797136347588e-01
1.313934503180258284e+00
1.279418683743420937e+00
2.123577187241318109e-01
1.471537440099703664e+00
1.018080703610146909e+00
6.089822343104763780e-01
1.564149943832577883e+00
6.332596403325565504e-01
9.282390764143201300e-01
1.582394140244278491e+00
3.409266238880930278e-01
1.253389744121187199e+00
1.387877906193330846e+00
5.517925487271901908e-02
1.417354935990451814e+00
1.265915774342705413e+00
3.019338741337884158e-01
1.600702368023889433e+00
1.043725746279873690e+00
7.629012372980804590e-01
1.438996741851241268e+00
4.840716185052034715e-01
1.095824756981799153e+00
1.539412001474004033e+00
1.333144829885437033e-01
1.296582210173023109e+00
1.154307702203513752e+00
1.906054709838930772e-01
1.498793271671545746e+00
1.051771390404315110e+00
5.862100501133714614e-01
1.666614941574382058e+00
7.289065312164262345e-01
8.063837998001753826e-01
1.468825611664501540e+00
4.115386014937650327e-01
1.193455284981642217e+00
1.383021530683124611e+00
3.762371488440588441e-02
1.500393448800893648e+00
1.119457856928178563e+00
3.118248555320284887e-01
1.500034193054233800e+00
8.190120721630023137e-01
7.312631643107805335e-01
1.530206625451008273e+00
5.426344082341444386e-01
1.054519734454235858e+00
1.469944318181130472e+00
1.488099417711730710e-01
1.326449923278876675e+00
1.303765458277794220e+00
1.476317555669122983e-01
1.436026994759131981e+00
9.637234884792623690e-01
5.312095836394198356e-01
1.481289439358082660e+00
7.488803487604004383e-01
8.681043586798539158e-01
1.545423519915838595e+00
4.007333822401529799e-01
1.080103661362976197e+00
1.194386625405889024e+00
9.216912953789990759e-02
1.304720013817403990e+00
1.192003736153713023e+00
4.135460342856688287e-01
1.491447867261120663e+00
1.092337746201098136e+00
7.736355882805076023e-01
1.449978884217966169e+00
5.561042386548405991e-01
9.739636813240266644e-01
1.428423767261283395e+00
1.028234455797365360e-01
1.336427040361863661e+00
1.313309310124182172e+00
2.130678668611341309e-01
1.489400945460848558e+00
1.083867922954793839e+00
4.120064125776074504e-01
1.550408659536346878e+00
6.959679791300755758e-01
9.261685020967864723e-01
1.569586149437205869e+00
2.854299554284371321e-01
1.195427464889319058e+00
1.391609063197835505e+00
3.526136474762953110e-02
1.412497582505831017e+00
1.125383387061125395e+00
4.130762341091495649e-01
1.337830438179493875e+00
9.169181920892921500e-01
6.387510085099614709e-01
1.530992755849801101e+00
6.548502050293846244e-01
8.772148161778950959e-01
1.388330457116306649e+00
1.935337251624099086e-01
1.199861280898014915e+00
1.263040789008132991e+00
3.035575132297111400e-01
1.512269441940483183e+00
9.799008659234242913e-01
5.177624540985644730e-01
1.550334545015701115e+00
8.836928303096355242e-01
9.422547627810496929e-01
1.525678994094965102e+00
4.464520350709108021e-01
1.063101487129593847e+00
1.508490662983814623e+00
3.347698660972203699e-02
1.347074555840674481e+00
1.154447818218928390e+00
4.449938092311421234e-01
1.430345342158623634e+00
8.911773591566301000e-01
6.965532970762932097e-01
1.476835266504020971e+00
4.588220672063204053e-01
1.047152347330347455e+00
1.422629817962322019e+00
8.996941432268680539e-02
1.287942170337572634e+00
1.240057089840232774e+00
3.268103276000354218e-01
1.353597951017057044e+00
1.093363808464405285e+00
4.200367094931624079e-01
1.550407571612995250e+00
6.672245817898342368e-01
8.813271490447111001e-01
1.347386984220080741e+00
3.918757004206752659e-01
1.246582970695806036e+00
1.370763367641860464e+00
7.438666299243494595e-03
1.400523289808385696e+00
1.047895913936205181e+00
3.427899723251795483e-01
1.510256270123238709e+00
8.079633145721021315e-01
6.949640617784077490e-01
1.408743896719651056e+00
5.849332926546103595e-01
9.472306350134753750e-01
1.367178792124084108e+00
9.558224874180037967e-02
1.301911525325028851e+00
1.339621936300717131e+00
8.142459571554594433e-02
1.537291418485798422e+00
9.734584954520729694e-01
4.495618760146800064e-01
1.325267147587066985e+00
5.477231988939561536e-01
9.794843319767498890e-01
1.414566783246858250e+00
3.699993109416516712e-01
1.102701886188713898e+00
1.437235942648398490e+00
5.913816131806703263e-02
1.209171856432105230e+00
1.207492247197066160e+00
2.925259057823731967e-01
1.563620987332937640e+00
1.056297839074634259e+00
6.868610513433558440e-01
1.457083419191720575e+00
5.858985746664919780e-01
1.094942017690406999e+00
1.503541497712281849e+00
1.158009867234955637e-01
1.302584207488502566e+00
1.205514259660048548e+00
2.064937161744133665e-01
1.382337277507220019e+00
9.514264913518113431e-01
5.101717075772965737e-01
1.507818586285813334e+00
6.304108846954258327e-01
9.105259693177946145e-01
1.542647335578902101e+00
3.148617288890839250e-01
1.208089574838532743e+00
1.435460520609424195e+00
2.643393236662941806e-03
1.461390940806713612e+00
1.158787833435175552e+00
3.125259854266876358e-01
1.464574281722069049e+00
9.466717124253730686e-01
6.315234996572168802e-01
1.556295474242936017e+00
5.051040573736547135e-01
9.417134644897796614e-01
1.453841474702998848e+00
2.015118572537807073e-01
1.222848753659599774e+00
1.266000542817824481e+00
1.021129674534900778e-01
1.487862083284413162e+00
9.583653952026012224e-01
5.593059171070199342e-01
1.529845216687142795e+00
7.060807015579816381e-01
9.410531214420767565e-01
1.434095015086966685e+00
3.660655856707513145e-01
1.145174715729257997e+00
1.383173812920786006e+00
3.877609937931104228e-02
1.359430500030774258e+00
1.270907868035724420e+00
2.553203702171435996e-01
1.487210601975707869e+00
1.027181560587284492e+00
6.683876830711932282e-01
1.416753283215044235e+00
5.821542981428663444e-01
1.046600932022771824e+00
1.330015891383359294e+00
2.265138036115607878e-01
1.248903446193149636e+00
1.212137001247539647e+00
1.895913669823988124e-01
1.506438174670411634e+00
9.240169446703604406e-01
4.438593125622586899e-01
1.570779656705189486e+00
8.026212115210231701e-01
7.829596658351705152e-01
1.565701972226342553e+00
4.045757963396141577e-01
1.234014518399196847e+00
1.448776343535469469e+00
7.309038810744986070e-02
1.519515524872232515e+00
1.247557515068171918e+00
4.908895811730022984e-01
1.328943900107880882e+00
6.988885789200295351e-01
6.624403267127753070e-01
1.545093972851855346e+00
4.575487705777806502e-01
1.119997093085296935e+00
1.473554279495256081e+00
1.172538508560999199e-01
1.250581292389458365e+00
1.184721756917277657e+00
1.555180502495437933e-01
1.468152352483109269e+00
1.017585488799448434e+00
5.932475085994166619e-01
1.514719043340164495e+00
8.572163164391384260e-01
8.698846131932045367e-01
1.396811651353717654e+00
3.985124216684869380e-01
1.063783951870413302e+00
1.466510442522892310e+00
6.882046908888861392e-02
1.411142705448968027e+00
1.348350258198357077e+00
3.525594780221029123e-01
1.527405555376675217e+00
8.652242340648859109e-01
8.229620076405143037e-01
1.440290510375064947e+00
6.493020386370957908e-01
1.007904925396931661e+00
1.313345442634432425e+00
2.546406033358676879e-01
1.321031714210578745e+00
1.241854089487116841e+00
1.873743747238915958e-01
1.432259729143346094e+00
9.328080747488257662e-01
5.666913429891652365e-01
1.576945768836799155e+00
7.801678469725267240e-01
8.231781055419752358e-01
1.444375438478560980e+00
3.658026325193170503e-01
1.052409940116927345e+00
1.311796090890689381e+00
5.370293248523542312e-02
1.446870246246337643e+00
1.018438343896066245e+00
2.540413947459981281e-01
1.501238100100899420e+00
8.829381831696263561e-01
7.317468178794445111e-01
1.538411833495871406e+00
6.515413447548887849e-01
1.043585994658662086e+00
1.469197801246252766e+00
1.988379004110212844e-01
1.249649305261796961e+00
1.166208843810768947e+00
3.309119537134544986e-01
1.494963544533892685e+00
1.267153960788925504e+00
6.361158404566847890e-01
1.517391498980968478e+00
6.186708187539603498e-01
9.676781336197185501e-01
1.396682529680319806e+00
4.741828507623720435e-01
1.065004090964612793e+00
1.359810285181050959e+00
3.675164942929329964e-02
1.322169641247742389e+00
1.110251136710772135e+00
3.394795677939250744e-01
1.483423811064998654e+00
1.031286822004774839e+00
7.220950647685344670e-01
1.501265568305608644e+00
4.867616771704554868e-01
9.770128123593612157e-01
1.554834516381313758e+00
1.219299960623922291e-01
1.239838755426494021e+00
1.467209316267201080e+00
1.576776520076310639e-01
1.540453134338543473e+00
1.094890232105484751e+00
6.753595649271241230e-01
1.551219102206407241e+00
8.395766118996258465e-01
7.794674383951293306e-01
1.642356239999034795e+00
3.909711194268193357e-01
1.073087354324720577e+00
1.402820420531048606e+00
2.503070887901940808e-02
1.370429937153230693e+00
1.114236428241223598e+00
3.156699425295907413e-01
1.459532893536725995e+00
8.026238165318814177e-01
5.861423122461830726e-01
1.475963136195439285e+00
6.292223346263217110e-01
1.013627574134068121e+00
1.435399422656380208e+00
1.729871502346471135e-01
1.228794429719630044e+00
1.243422398084524039e+00
2.023381176874749499e-01
1.391763894351039310e+00
1.104758474169055704e+00
6.148211427471049761e-01
1.516257658825196808e+00
7.535844306690760996e-01
9.565917334774844960e-01
1.380539767206535151e+00
4.451996381034103445e-01
1.189996557389274345e+00
1.418040742766036644e+00
1.051929563888771499e-02
1.268618536879086101e+00
1.200788466095144447e+00
3.875853469141791185e-01
1.469923842289110771e+00
8.724862837882159106e-01
7.974236187196365178e-01
1.464978771121868029e+00
5.428179930122021268e-01
9.742463864910676508e-01
1.545308046473165220e+00
1.037727350078764127e-01
1.169890807028480584e+00
1.269653121505907034e+00
4.307364983345454701e-02
1.429164709401491873e+00
9.251472791442606480e-01
4.637250822604406797e-01
1.485585243116140708e+00
7.017132526355831512e-01
8.136739913128088197e-01
1.431456556921273160e+00
4.111430742465078114e-01
1.291665313495184986e+00
1.369547002141132230e+00
6.854258095753999747e-02
1.295201951796892459e+00
1.184160988550768234e+00
3.027676504232694188e-01
1.570001130780429577e+00
8.644691524739654964e-01
6.431926840343109575e-01
1.345916451958639515e+00
6.959983541089738157e-01
1.045409465429483875e+00
1.485791439615484988e+00
2.239816888632398806e-01
1.174363379898664128e+00
1.218760089076046160e+00
5.963645859835883106e-03
1.383557439195479688e+00
1.118693668200210212e+00
4.990530695719244680e-01
1.507530889507875171e+00
7.359171606478469574e-01
8.240668618643387511e-01
1.440215885023975684e+00
4.672114051263639434e-01
1.098377285679681181e+00
1.429662697116484305e+00
4.417722700972807892e-02
1.474858559585487283e+00
1.215845245067409541e+00
2.849006135965448383e-01
1.586364289823091633e+00
9.099631826906315890e-01
6.221529899282649545e-01
1.524454227308469356e+00
5.975634441232768879e-01
1.053805621248822710e+00
1.440176370430593433e+00
2.546006547953055255e-01
1.232853529594500008e+00
1.153442333875004167e+00
1.257325433822133465e-01
1.476975197309007504e+00
1.020575992715595071e+00
6.215243060322327429e-01
1.463755426744062671e+00
7.138354358557837953e-01
8.328625299059219111e-01
1.563145260769500000e+00
4.966571564259640303e-01
1.083184514927666431e+00
1.364766601746199903e+00
2.181666364569798469e-03
1.367737159110218759e+00
1.144655713173827971e+00
3.672935977946121811e-01
1.560315525776027945e+00
9.467159715133031117e-01
6.852673846115742151e-01
1.440756608104932779e+00
5.442087011735827762e-01
9.445920914315465433e-01
1.417690303167961963e+00
2.755420673907278406e-01
1.264320960882520328e+00
1.225008526135185072e+00
9.566016857975517124e-03
1.476264174535940388e+00
1.028612106661546566e+00
3.478147664558124963e-01
1.361322248089698039e+00
7.450595096868254386e-01
9.082702669381463867e-01
1.511065769180812035e+00
3.492325427224861056e-01
1.327522988587978681e+00
1.366224387997058587e+00
4.071652774388066776e-02
1.373910833689130362e+00
1.277053316872375444e+00
3.428942400289238246e-01
1.471778006104701220e+00
8.767363953768452234e-01
6.335211683854188314e-01
1.422152463802132782e+00
4.804338197794477128e-01
1.055238210987709868e+00
1.451245653163892646e+00
4.949329377482553083e-02
1.236676237156910219e+00
1.260592210384683387e+00
3.181491539090575138e-01
1.326741689966884907e+00
1.142193781301307665e+00
4.302438122790026576e-01
1.470453033581319735e+00
6.496952357817997736e-01
8.584445837974452598e-01
1.371232157763493831e+00
4.161470397667715315e-01
1.022075553691689009e+00
1.408618336379876324e+00
5.569444336723974875e-02
1.355913867826076258e+00
1.101022159116480159e+00
4.928370092778964207e-01
1.477891457489708626e+00
8.395907890800224926e-01
6.807303536664064403e-01
1.424266166555768987e+00
4.737504999546764406e-01
1.046246487101558209e+00
1.464187589450383076e+00
2.931998048141067903e-01
1.236066060453274273e+00
1.330661164856135059e+00
8.434333555870117405e-02
1.392393527365851869e+00
1.049458241652210244e+00
6.480666702919997135e-01
1.404849542298650000e+00
7.397804866781210187e-01
7.798458564527154246e-01
1.526722602680864682e+00
3.755920447539435880e-01
1.220228490619884365e+00
1.192872378481092843e+00
8.544627391489789323e-03
1.310249489564752956e+00
1.192888343301626408e+00
2.711408035777328474e-01
1.471195094699620842e+00
8.552966184701837893e-01
6.631105929607332694e-01
1.620709482032945958e+00
5.125456831192233276e-01
1.103580842504530146e+00
1.510769216356458999e+00
3.220824294992523096e-01
1.277394634425004005e+00
1.348806049584611699e+00
1.274723746485690035e-01
1.425247594565072662e+00
1.045811208231358425e+00
5.539287172726778952e-01
1.475156041995710821e+00
5.938217982674871553e-01
9.263809483963126867e-01
1.618765959733039494e+00
4.492846350572029523e-01
1.029123108892030736e+00
1.397100073841806678e+00
8.641285471491162370e-03
1.350635880722186988e+00
1.105118151284895545e+00
2.985629641942540990e-01
1.519618453743434516e+00
9.141997035673552485e-01
7.202364753147951770e-01
1.521327405023770618e+00
6.858595568866105996e-01
9.820419326234446356e-01
1.346883012686372449e+00
1.926760763397179499e-01
1.253752413365029739e+00
1.321308078253055740e+00
1.799330207913418800e-01
1.316864655286488883e+00
1.080425245149524427e+00
5.127941224226867378e-01
1.399688251675847539e+00
7.116333647372028448e-01
9.672030195013765486e-01
1.524900635948787109e+00
1.332396479248582066e-01
1.074736473528740577e+00
1.434482825709183285e+00
6.826904872773617572e-02
1.373142746170503026e+00
1.110197895978586313e+00
2.982372600618592995e-01
1.557558560397294123e+00
9.461620476409398073e-01
7.441671904316752295e-01
1.608362403335583002e+00
5.484314802373184694e-01
1.086026661290071527e+00
1.522086995436171319e+00
1.884063695139838457e-01
1.360992918076888714e+00
1.323156966603644458e+00
1.772561694988324943e-01
1.322363319480967636e+00
1.064550557719380119e+00
5.354270002243427529e-01
1.503720262974205468e+00
6.757125044458888175e-01
8.944156036368616780e-01
1.521440588013775574e+00
3.517713959660538903e-01
1.174217389855828575e+00
1.213525546606728955e+00
1.156914332195026623e-01
1.349280629181998981e+00
1.229863151650619546e+00
4.109919513142362146e-01
1.403799541423772945e+00
8.224816574033412264e-01
7.523614269321714509e-01
1.490983809663569470e+00
6.171156265344529546e-01
1.041700176271819434e+00
1.444175664489415478e+00
9.763798731840594991e-02
1.204669465395713956e+00
1.256182839377531391e+00
1.617711224441615303e-01
1.338888585255023189e+00
9.612456084302946069e-01
5.590222238080211348e-01
1.523706447399851838e+00
6.543024832249253464e-01
1.130387559281659016e+00
1.540288304855039980e+00
4.524996836262614175e-01
1.136297144798512182e+00
1.334972200121135932e+00
9.533603156418485325e-02
1.313896632007773846e+00
1.158406369997558416e+00
3.940072861732793474e-01
1.375258819474876715e+00
8.085213126794611460e-01
7.320030068942412482e-01
1.518381182650155647e+00
5.865705634499884802e-01
1.092948464012746479e+00
1.443348289303425069e+00
2.510726963255678901e-01
1.316193003576839882e+00
1.360349524674506538e+00
9.607806621576064909e-02
1.388864182294619720e+00
1.121632914504617551e+00
7.170934054138717872e-01
1.472275438246156032e+00
7.257021094174193054e-01
8.779278145949358514e-01
1.537597824082128861e+00
3.765560849558370338e-01
1.211275031221903831e+00
1.431830643475337617e+00
4.326284834072346985e-02
1.362299330443327738e+00
1.193879701072169564e+00
4.038270733604277796e-01
1.458136358425996537e+00
8.713718978053144326e-01
6.939024198370477015e-01
1.295341512509849968e+00
5.106989504136681957e-01
9.526321701074923487e-01
1.401077821601899975e+00
1.158179961303350269e-01
1.305039715478218731e+00
1.292305219467788868e+00
1.784129434370533285e-01
1.609882567311406110e+00
9.734284457848836336e-01
6.341582733106976288e-01
1.502572897728267742e+00
7.748548198705715873e-01
8.395033952693377044e-01
1.588444596007690501e+00
4.885036013590369763e-01
1.111047671622579669e+00
1.451456517050533801e+00
2.262391199592266380e-02
1.453113770867468402e+00
1.257218837744301876e+00
3.448565400025601080e-01
1.515492133868768576e+00
8.798364625795853655e-01
5.839707755864679273e-01
1.541559545305635437e+00
5.517207847689641342e-01
1.094228679085481604e+00
1.409414333483332005e+00
1.127719053868626170e-01
1.233880661367690923e+00
1.385309321443920938e+00
2.104840501716971068e-01
1.421114795118337160e+00
1.011281478813226276e+00
5.581799612176849834e-01
1.403916357360872391e+00
7.539713908918316276e-01
8.836995483086248493e-01
1.482770073045558856e+00
3.089878070235637653e-01
1.068332616415644809e+00
1.472487034341418921e+00
5.816989053781586316e-02
1.336229902625448274e+00
1.118931657526594181e+00
3.496196080463456757e-01
1.554364458885931999e+00
9.353288904099698042e-01
5.858782086277855017e-01
1.412281773581690603e+00
4.580675333189928033e-01
9.166920892720233915e-01
1.347976216197133592e+00
3.238661966738022868e-01
1.280962926129135315e+00
1.218577628387224721e+00
1.184831763913333641e-01
1.576031291269528456e+00
9.770841448372337146e-01
5.174276301486483431e-01
1.458994269432273283e+00
7.610079062412141715e-01
8.565678225112718369e-01
1.493519974189381871e+00
3.077128716475130976e-01
1.195982574296161172e+00
1.431625789586203457e+00
5.064960969014262876e-02
1.298029848922506835e+00
1.194241931090197051e+00
4.619394631863386613e-01
1.493777723492730969e+00
8.505079229768309768e-01
5.956423404844300995e-01
1.560923984187533087e+00
6.748809564606528255e-01
9.857764899991882102e-01
1.452058378159196028e+00
2.476398925639582971e-01
1.298401177166541354e+00
1.300367214379706482e+00
2.981161870878091813e-01
1.329131489736618210e+00
9.590257458168960358e-01
5.828163338910824498e-01
1.616904185481619516e+00
7.111476807192247396e-01
7.707093656643441149e-01
1.333043873644489397e+00
4.512810585775061667e-01
1.205516284962127260e+00
1.424418486538251205e+00
1.035293124358874391e-02
1.368404370449847196e+00
1.138641075095319533e+00
2.762302865764574844e-01
1.511217055102436424e+00
7.247388569808225212e-01
7.144445647954424938e-01
1.594624788567874596e+00
6.779830881793418307e-01
9.515704963772140257e-01
1.508982348689096753e+00
3.217488269504094611e-01
1.314228621806540653e+00
1.275410553108198508e+00
1.498706425568319955e-01
1.408033161686218060e+00
1.047796594250564706e+00
6.344198498203352798e-01
1.506220275059822367e+00
7.452438678676167605e-01
8.196307939640846696e-01
1.458182893699232485e+00
4.905357791667814826e-01
1.129885885234173548e+00
1.332573865187485218e+00
4.674530397745571553e-02
1.321129807244247445e+00
1.177910173434636443e+00
4.062574536665570224e-01
1.503410222122021800e+00
7.804969414705436037e-01
7.924206269010146686e-01
1.372174771246286173e+00
5.011238126086053901e-01
1.180754675697890388e+00
1.517265071979453817e+00
2.544896798110977687e-01
1.248093561767328996e+00
1.248537125224035149e+00
2.571670332119309621e-01
1.460173869106145217e+00
1.009339446585433286e+00
5.984595124396567822e-01
1.440379161178220180e+00
6.747869883086452525e-01
8.364826068751594068e-01
1.374000948335522665e+00
4.321674405600122726e-01
1.119553059352699220e+00
1.485401716670795569e+00
7.072210870168184685e-03
1.354448936238808798e+00
1.022025385929197228e+00
3.800515169913042390e-01
1.403190051124657778e+00
8.117506621312142734e-01
7.317747629430548795e-01
1.465383027081616385e+00
6.158518702217792296e-01
8.526668918348575543e-01
1.395071972019894080e+00
6.945753491922176948e-02
1.210582711506127174e+00
1.246685310209206143e+00
2.102165735079981890e-01
1.375013215191563276e+00
1.064345472043193741e+00
5.562981899409238373e-01
1.439246705567074347e+00
7.758880130527905372e-01
8.919490152300119101e-01
1.518004680026815878e+00
2.950730954348363966e-01
1.237198592788153029e+00
1.395921014474400756e+00
1.230410599704820501e-01
1.473846217266300940e+00
1.173463797059528524e+00
3.221456354789254961e-01
1.592249429713610276e+00
9.474548309110089050e-01
7.127623332629491326e-01
1.625685981932920576e+00
5.670345512879843008e-01
1.019152256562745773e+00
1.469293182030931622e+00
2.994863559223771010e-01
1.324706942150342126e+00
1.191526777562458728e+00
1.613185874663916608e-01
1.404029618629314413e+00
1.012131399714887969e+00
5.250809438422021636e-01
1.496745325517403025e+00
5.975444941235884544e-01
7.818910027732511869e-01
1.506229575344565585e+00
2.897379040158471475e-01
1.232792638064166280e+00
1.450655695466427142e+00
1.527063525603676586e-01
1.307995025925939858e+00
1.028366399464269998e+00
2.183453647107642392e-01
1.666251644781158392e+00
9.494086349018245885e-01
7.853325556822189357e-01
1.459103164621730286e+00
5.794614030497849955e-01
1.007331580551878103e+00
1.389144686962942465e+00
2.280248864855937696e-01
1.170457144985402209e+00
1.455353183927258431e+00
1.046901923061376999e-01
1.518906168801643419e+00
1.067416184546872593e+00
6.766478491277675422e-01
1.556911731690897582e+00
6.787969431277273147e-01
8.904512535356651215e-01
1.565099622104391131e+00
3.165985455330734277e-01
1.168350393928205833e+00
1.388694244455565441e+00
1.214352062927106374e-02
1.350962445779303023e+00
1.071907217823132807e+00
3.822570825914745063e-01
1.483998869296746959e+00
8.492427002654773238e-01
6.584303259720112322e-01
1.531035998960535993e+00
5.779755813883752369e-01
1.031118025848581254e+00
1.453258355673403557e+00
1.729624591457178673e-01
1.343444611908431785e+00
1.290448785911192608e+00
2.540973003037097500e-01
1.524497847549000307e+00
1.036731063335607050e+00
4.829728575686340064e-01
1.691495185071496765e+00
7.359472759793926899e-01
9.970518870187752292e-01
1.435558488576308189e+00
4.243454501084545916e-01
1.070439696246596295e+00
1.454640907597608779e+00
1.361681163536781203e-01
1.336100740403446396e+00
1.106254274111938773e+00
3.739891393758733584e-01
1.521312517932593256e+00
8.861176514142466987e-01
6.997421267038991255e-01
1.560286361174877845e+00
5.070602265186836544e-01
9.900973668402519579e-01
1.354100552635772559e+00
3.011148471166563700e-01
1.266238840898324725e+00
1.241300606769046633e+00
4.282506619812513626e-02
1.302011210347546299e+00
1.111207433288357249e+00
5.627343057044346120e-01
1.393918843018456810e+00
6.932642038525983486e-01
9.135175428618319549e-01
1.501345473126331598e+00
3.160845286137157761e-01
1.072825470761450406e+00
1.354493710053298772e+00
2.418448854887579325e-01
1.273764193966217873e+00
1.024530181964360409e+00
4.356278118394943388e-01
1.535127280381420656e+00
9.396500544334751570e-01
8.007224286826669646e-01
1.408416820629318833e+00
6.016021296044322675e-01
1.025197319310813704e+00
1.495396012716950773e+00
2.327198359309738673e-01
1.371476061296229121e+00
1.203713170222249662e+00
1.444992881329700829e-01
1.504021594059442135e+00
1.175241659849186382e+00
4.486170354448169029e-01
1.482695385170426317e+00
7.988802398232719426e-01
7.891119417470188191e-01
1.499237156737136312e+00
3.285537916735832842e-01
1.033650087728194888e+00
1.324775274510096246e+00
8.185019437484314375e-02
1.345319368225803558e+00
1.196636580542719930e+00
3.837997211952675625e-01
1.439207348670272779e+00
9.519459494858875104e-01
6.981847628112459736e-01
1.663708216802784134e+00
3.497168448948763664e-01
8.644740058187291298e-01
1.414863386133081713e+00
7.916303859091923523e-02
1.233631531751486987e+00
1.288512581450121708e+00
9.771291690634494043e-02
1.546999789868649389e+00
1.010321270461536969e+00
5.444360814104587387e-01
1.390707756981817811e+00
7.776606009167598144e-01
9.694828361979523912e-01
1.537625611222094957e+00
4.611452799739689801e-01
1.090359893577098171e+00
1.522018426568603200e+00
8.666662134414563137e-03
1.405321521026678289e+00
1.187315457227212878e+00
3.028713926125473077e-01
1.455506463608804202e+00
9.973720272343832294e-01
6.955031462871518189e-01
1.439391058508770360e+00
4.677687797920073165e-01
1.029811735973473530e+00
1.462288542330175023e+00
3.023019117472917072e-01
1.240936642924993061e+00
1.168315489662652640e+00
1.879501157407306722e-01
1.436288231160344431e+00
1.017549984443024913e+00
5.111928870244636380e-01
1.458282399640010274e+00
8.179973840875333080e-01
8.269657701537177497e-01
1.487415461688902596e+00
3.188221181127940951e-01
1.182436344074385248e+00
1.197550402918178936e+00
5.590108988043580862e-03
1.463539749333093720e+00
1.158140927330126857e+00
4.656792230417999279e-01
1.504863352678815325e+00
8.613297111301736475e-01
6.952281126197223937e-01
1.618553188315226432e+00
5.574755319891485650e-01
9.600480059766081098e-01
1.391051373543152225e+00
1.244209638356569558e-01
1.268039860967361099e+00
1.267234141305101369e+00
2.392463264656407296e-01
1.472445964729726775e+00
1.112597004852230897e+00
5.695539582688912139e-01
1.425310368176636810e+00
8.025005483266608453e-01
8.406930830428663848e-01
1.509088081648876978e+00
5.071201371957393400e-01
1.136369305159648846e+00
1.337604366321547777e+00
1.100770978011689633e-01
1.418425958051412694e+00
1.049942480119740562e+00
3.501048085391081921e-01
1.361869807499763052e+00
8.716121463570367656e-01
8.006281454183382662e-01
1.415705819186471981e+00
4.770334239068223514e-01
9.525125994811671770e-01
1.435546261249368794e+00
5.662555607284502912e-02
1.391357969256184823e+00
1.416262486801245668e+00
1.773767944897695070e-01
1.432611358912762922e+00
9.573228573153679255e-01
5.537359307924143437e-01
1.488086820386657516e+00
6.824625571500899657e-01
7.886037605231137615e-01
1.472528494665969356e+00
4.005816503613037760e-01
1.182396059902537155e+00
1.492570370808118829e+00
1.271933839979506042e-01
1.216781040587987972e+00
1.180472108012640353e+00
3.581715770783573949e-01
1.447294634433635707e+00
8.704005674439956319e-01
6.753475733142804138e-01
1.522146564024430271e+00
4.527341207823155633e-01
1.030487205707414811e+00
1.312961535754614051e+00
3.535346464095960317e-01
1.308178694668679087e+00
1.191667811473810845e+00
1.968970544461989269e-01
1.472528137759377298e+00
1.089629787813979123e+00
4.871975052288985975e-01
1.528714899407896732e+00
6.643912792938905243e-01
9.235738950152568849e-01
1.423971329977659295e+00
4.292218763560826100e-01
1.129078187076316020e+00
1.281703573739778390e+00
3.340702220393927668e-02
1.415346058438636145e+00
1.215340911428506754e+00
3.892963080926541419e-01
1.486127294077846717e+00
9.347114495225509190e-01
6.299526567299085222e-01
1.527149233170505216e+00
5.061059458860475146e-01
1.091228989031202357e+00
1.293792310156582914e+00
2.002793883912140638e-01
1.320438692158282468e+00
1.333804038832382632e+00
2.456476731395000335e-01
1.415330189654169679e+00
1.001973821039742196e+00
4.718408354738136690e-01
1.536975588259218650e+00
6.783566928999491541e-01
7.717554243121135249e-01
1.497342664419498925e+00
4.316045792114784341e-01
1.177369328852096109e+00
1.423284996158334925e+00
5.266270322478582705e-02
1.311225171327235151e+00
1.253808742423866196e+00
3.881373669943656290e-01
1.390911552047056077e+00
8.071873835127248986e-01
6.531909631337253774e-01
1.518331411575407408e+00
5.062376385193310124e-01
1.096375983220237771e+00
1.380677506771974539e+00
2.037258353992349169e-01
1.358095432101789291e+00
1.274801062680253505e+00
2.204714210027535481e-01
1.483578301857727100e+00
9.819415142307571509e-01
6.257027231172679338e-01
1.580513075302556913e+00
7.849230132973664675e-01
7.258735758814318650e-01
1.480531789729996328e+00
3.429555948322530190e-01
1.206917416711243529e+00
1.314447050387231641e+00
9.780275519033135301e-02
1.302180862352697366e+00
1.234248893261280733e+00
3.627205537508890743e-01
1.502867337557047822e+00
8.645490186287944079e-01
6.355566590967323126e-01
1.354289360539064013e+00
6.891926306621048992e-01
1.065907831185949117e+00
1.403109581328239264e+00
3.339516608481502558e-01
1.265945660893897262e+00
1.171518681874683443e+00
1.540897179562446262e-01
1.476009143694039238e+00
1.057869691621490693e+00
4.827464584102775236e-01
1.312403040338570248e+00
6.794334604075694672e-01
9.322057090951726410e-01
1.554242346861403279e+00
5.704196730798161141e-01
1.253521699895638886e+00
1.459826932538588418e+00
1.998788631233459206e-02
1.423198761916669719e+00
1.294739308213834983e+00
4.323517783418237004e-01
1.473075056562155538e+00
8.104631824929756645e-01
6.734389269645636444e-01
1.389641574851712580e+00
6.657078290810004573e-01
9.735675471995530739e-01
1.434242591061570149e+00
1.903932664595831825e-01
1.269358155610789352e+00
1.222035174920485412e+00
2.207995488590748234e-01
1.361573347849711624e+00
1.081567365118153434e+00
5.049505914682260732e-01
1.549857793900193625e+00
6.792274268607623178e-01
8.195748315406107265e-01
1.465017691500521302e+00
3.863065559779813585e-01
1.103968903211535846e+00
1.436240809123298767e+00
6.533680373086028781e-02
1.305730955935768600e+00
1.065898687223053143e+00
2.206737433542269589e-01
1.543163961328434475e+00
7.854857093562299664e-01
8.575930888766731819e-01
1.541045456573498562e+00
6.162692678023852233e-01
1.072631889271771000e+00
1.356098859090865139e+00
1.224610545508794390e-01
1.108635504990258758e+00
1.226166420333667073e+00
9.847251580434082663e-02
1.488255153574131073e+00
1.130510631893570261e+00
5.541177978798197401e-01
1.476365716333051026e+00
7.799203516782773349e-01
8.715075483632288567e-01
1.539587935336231617e+00
4.929874118561982099e-01
1.116457717877450184e+00
1.471784119687180148e+00
1.212376990096451362e-01
1.397506315615269834e+00
1.095131660569318210e+00
4.666074340870957626e-01
1.428147001957264184e+00
8.042160190369803674e-01
7.414257284868571718e-01
1.461955573530411723e+00
5.624617763123064274e-01
9.121244746788411684e-01
1.416214094086478470e+00
1.469425476605358272e-01
1.309115037913863633e+00
1.159387244884737100e+00
9.848313895381886895e-02
1.268439919430766949e+00
1.186694699209040360e+00
5.077660936946711834e-01
1.659129863711040320e+00
7.383247359553778422e-01
8.949017730991707387e-01
1.533445097071458818e+00
5.836212392559396722e-01
1.360473806833904842e+00
1.237868783345859702e+00
1.834862531487511245e-02
1.414798916721071054e+00
1.179828079416912034e+00
3.391735453998844796e-01
1.292693225556861947e+00
8.122679346307070114e-01
8.349296949605058416e-01
1.398615890444627086e+00
6.220834457445723054e-01
9.969817891521247644e-01
1.477799954790992576e+00
1.091710834252224704e-01
1.314593450803498875e+00
1.257917208957400224e+00
2.235922774207234343e-01
1.438832923381911266e+00
1.062741487514338390e+00
5.762510354756745778e-01
1.472876798595982972e+00
6.588732570735017502e-01
7.863631974412622627e-01
1.474892499124888623e+00
4.679219741183550108e-01
1.221594743244988512e+00
1.462955062882129731e+00
2.411600414624334721e-02
1.331780520248607935e+00
1.172593553466567906e+00
2.675836803521858820e-01
1.520106439758969419e+00
9.639840846851837064e-01
6.603415567662649366e-01
1.539560630311205269e+00
5.184266405757333995e-01
9.460719904700056748e-01
1.476893001704911113e+00
2.428452052600994504e-01
1.306884426872919835e+00
1.173200040523790344e+00
1.376020343685427083e-01
1.391089327630421701e+00
9.303794220673471393e-01
5.446540950742674303e-01
1.617055255847587247e+00
6.799624624281569440e-01
1.020566300174603480e+00
1.480632168156808870e+00
3.009597723128309976e-01
1.191317435193181895e+00
1.323576864951559129e+00
1.387225435239592373e-02
1.429550284789337766e+00
1.271225582271610310e+00
3.328048208747754200e-01
1.556778549992882121e+00
8.823100142921276312e-01
6.266437919957348335e-01
1.594463463906679035e+00
6.587519444703896498e-01
1.118586426411208867e+00
1.325624203996996986e+00
3.234050761920408967e-01
1.319433381498421376e+00
1.271181915220855663e+00
2.593849200312535741e-01
1.287878674930656997e+00
1.031861626380178310e+00
5.419840755708519309e-01
1.510394601849511798e+00
8.225000841474792157e-01
7.725239748822827490e-01
1.573065501250169973e+00
3.084928702391435129e-01
1.109232030522991463e+00
1.357802549618455590e+00
3.649604616022808501e-02
1.377521925754815468e+00
1.164918787603674177e+00
4.667536702002723081e-01
1.578169117051606785e+00
8.921570926021010761e-01
6.665403804149511169e-01
1.515418216751442504e+00
5.708609663754585783e-01
1.131773379174828564e+00
1.399140377119103329e+00
3.037111076971772960e-01
1.212881733549643792e+00
1.395113136871748205e+00
1.683513622853421987e-01
1.387118581954399854e+00
9.509674421492572138e-01
5.554022489473293689e-01
1.387141051834924976e+00
5.622021624373548798e-01
7.636308530739489564e-01
1.496897569373747627e+00
3.152327095490937703e-01
1.226137551618415866e+00
1.203966040088621847e+00
