# {'window': 104, 'contam': 0.9732234545456507, 'q': 0.09911561316930213, 'thres': 0.06890719039321169}
1.180021340653674145e-01
1.377790784770978050e+00
1.124201076259496723e+00
3.886906130529297343e-01
1.404023223103421536e+00
9.059534736363081819e-01
7.558122914481613108e-01
1.544318922258834270e+00
5.474437025176843719e-01
1.114045397922058811e+00
1.388724236799521172e+00
6.023987528603402808e-02
1.373836654115941691e+00
1.380090851102474758e+00
1.162935178772741551e-01
1.415038499861149823e+00
9.511792726590835301e-01
5.112858270534070826e-01
1.363449381985382125e+00
7.960064664298656112e-01
7.786914452256228358e-01
1.440814689009728866e+00
4.204154908622896869e-01
1.095781504706742737e+00
1.374723097314814346e+00
1.283559635314972525e-01
1.319819612468874581e+00
1.177689716048050173e+00
2.922414740317664794e-01
1.486534070326270829e+00
8.459200993030364657e-01
7.173452598405578584e-01
1.578702172455693997e+00
4.120751664752537735e-01
1.094937209120491417e+00
1.500590844946027680e+00
3.199437454728704111e-01
1.177434135148335947e+00
1.237809410957913414e+00
1.851317050051060065e-01
1.495889450726293646e+00
1.025583499951941313e+00
6.752076600440783949e-01
1.541798211932714935e+00
7.075649238783761064e-01
6.605034251073362839e-01
1.499957828555980477e+00
3.981029751340194878e-01
1.127112142856254273e+00
1.486544741671634640e+00
1.688087586514903649e-01
1.370599341743406363e+00
1.217008397284820020e+00
4.764035837087128300e-01
1.545587043503601876e+00
9.468308060578900509e-01
7.248792798893468614e-01
1.636837740448651601e+00
6.956648478557525550e-01
1.033396367416992589e+00
1.359609172629665075e+00
3.159192440869196261e-01
1.306521590238907571e+00
1.087782550394708281e+00
2.136591607431617135e-01
1.179352581361230001e+00
1.157428191024531650e+00
4.970368818846484515e-01
1.593543681841704363e+00
7.832542099545811709e-01
8.322029009928737509e-01
1.425641320669982726e+00
2.914522868493207852e-01
1.274996705530407226e+00
1.435132133837854873e+00
4.480207212193043631e-02
1.362267441148824254e+00
1.208379753249798405e+00
3.449784982070314143e-01
1.380157422608800921e+00
9.581435905077517745e-01
6.784644164121269583e-01
1.446138972729930749e+00
5.474778910568618429e-01
1.064011037190011777e+00
1.411301985227632727e+00
2.872533877320835316e-01
1.224428095162605423e+00
1.260463415480575833e+00
2.096114814660623438e-01
1.449564215544627110e+00
1.059114851797651191e+00
5.518276111177753407e-01
1.445293176152639525e+00
6.669884393932372646e-01
8.009224475801079990e-01
1.521141756334461803e+00
3.082510813668104532e-01
1.197365769899858989e+00
1.421812554227705583e+00
5.563129089707619102e-02
1.318093437269798329e+00
1.255835288402461281e+00
3.785944162077630182e-01
1.498631761851671129e+00
9.627428104296491540e-01
7.795842344832024651e-01
1.531984171191624000e+00
5.637798005951726310e-01
9.418573872243474199e-01
1.380282146503648555e+00
2.607020935249213522e-01
1.248292394959199747e+00
1.309202854064888122e+00
1.871813033749125665e-01
1.360485933259884206e+00
1.114001587517949865e+00
4.681886332210911661e-01
1.550136872761295415e+00
8.407814959045127878e-01
7.347342990961118758e-01
1.543287242846285601e+00
4.505638642342546518e-01
1.158070799047716370e+00
1.458700108570690546e+00
1.763567271832320316e-01
1.420632724005847614e+00
1.290878454681441134e+00
4.886188743846959781e-01
1.480641592232831094e+00
9.217077192749805192e-01
6.475382566779863680e-01
1.478876645287285463e+00
5.455652807782538360e-01
8.948458499233824526e-01
1.426661651386032403e+00
1.657015343925296591e-01
1.135849370945579473e+00
1.200061385057481722e+00
2.297457938644527076e-01
1.338316681381868989e+00
9.716496732777510914e-01
5.620459961733716980e-01
1.464253706087251139e+00
7.396340626745780966e-01
8.588477868466446452e-01
1.527821085118820754e+00
3.117341304470286900e-01
1.280972566579867689e+00
1.384991149333931304e+00
4.054539642634669150e-02
1.281648025818306280e+00
1.174846678725216975e+00
2.882279576643753671e-01
1.603591750844484132e+00
8.689499164487299865e-01
6.713420917001489130e-01
1.627787868133230731e+00
5.659668742505861161e-01
8.759781057931075310e-01
1.525366460770781529e+00
1.993044227727542861e-01
1.217327305104413782e+00
1.393979656635493392e+00
3.082114644354421173e-01
1.474388472849920362e+00
9.868937892387066313e-01
4.646049379396197665e-01
1.537313353662298709e+00
7.365070969476690266e-01
9.339946245614862974e-01
1.412356069368386535e+00
3.050478768957969322e-01
1.338059003576966610e+00
1.361621702153029467e+00
1.412349763817477566e-02
1.458099360209099693e+00
1.175213109945735468e+00
2.943294847024189309e-01
1.474096801165743820e+00
8.068991260097799767e-01
6.220022200226953402e-01
1.437609954063312045e+00
6.773259648255764986e-01
1.121878264847035567e+00
1.308333984270631412e+00
2.490307710795480745e-02
1.356653965452458088e+00
1.219895510976634512e+00
2.356636865969150563e-01
1.514131865890727013e+00
9.970256987738705945e-01
4.324941679991614052e-01
1.396171030002085978e+00
6.311689382551026739e-01
8.608466302031585471e-01
1.456774319755730573e+00
4.496325957698346087e-01
1.185708978772186839e+00
1.375225413901907778e+00
1.172621617654314718e-01
1.416488422918027013e+00
1.088798482153682912e+00
3.138938997093081440e-01
1.415860964115815079e+00
9.110703680902494384e-01
7.475027998111265504e-01
1.475396078690756951e+00
6.682393575982414902e-01
9.187255961698301832e-01
1.369647282582625358e+00
1.988312275925263606e-01
1.321338533438826346e+00
1.160232454035210026e+00
1.194838999321863326e-01
1.418734846527651250e+00
8.434811032731142078e-01
4.879923579697145186e-01
1.593607452094283339e+00
6.690864969033292198e-01
8.195712734506424013e-01
1.439843999803263053e+00
3.676601380907866812e-01
1.184931923624438888e+00
1.521379426638218568e+00
4.763093901738457703e-02
1.374754020256155229e+00
1.185962943903626332e+00
3.558037439228831644e-01
1.453028469800418776e+00
8.453414932635627821e-01
7.934529707578850122e-01
1.575107469644288827e+00
5.349671453656039688e-01
1.044328567045194056e+00
1.451006553007557542e+00
1.969887309667583963e-01
1.287423675730148709e+00
1.388311964387238362e+00
2.762285495083549591e-01
1.419768479073329814e+00
1.133762438642505366e+00
5.081745669906450047e-01
1.468807720054684296e+00
6.377138746704620331e-01
7.975645484466333812e-01
1.397499301641842884e+00
3.339204246491851436e-01
1.121154369032952403e+00
1.393950425445034114e+00
5.945960256863624949e-02
1.405651593337077898e+00
1.126866805335713373e+00
3.981418784796497690e-01
1.461238088092223997e+00
8.770003710567371158e-01
5.629234964736751223e-01
1.520667760424271542e+00
6.168748544570989978e-01
9.555228480506068323e-01
1.337928995703394186e+00
2.285706916898782026e-01
1.077435285472968296e+00
1.248124923432987643e+00
2.259182549276559371e-01
1.280028922453811724e+00
1.134906082674294048e+00
5.705878726328350581e-01
1.571484249735803473e+00
7.593759852521460019e-01
8.380406710022949568e-01
1.441219163783975077e+00
3.721698517512717075e-01
1.153238064558081533e+00
1.364388395298620438e+00
1.521839553571942005e-01
1.375965796339835734e+00
1.134614890878072657e+00
3.692110717290679744e-01
1.498477155148390416e+00
9.872470591387223493e-01
6.590882522685701517e-01
1.556580762599605983e+00
6.590993516741843194e-01
1.090035234011686782e+00
1.482347017131614209e+00
2.438415520178329743e-01
1.270780423370577950e+00
1.209137280675091297e+00
2.068449639379084104e-01
1.367275834029587855e+00
1.021193529239469378e+00
4.871746505585008435e-01
1.402863718214161004e+00
7.426214793734082775e-01
8.278360770013755143e-01
1.549046955978619522e+00
3.001826348314624582e-01
1.138202501145031853e+00
1.479544522652865624e+00
2.340082816909561103e-02
1.315672711145177587e+00
1.161584396436388111e+00
4.954831839867823717e-01
1.447840723473100333e+00
8.591840178949201601e-01
8.408101072886200456e-01
1.532610792290420854e+00
6.695899038560915173e-01
1.021212359883277188e+00
1.524936589280495802e+00
1.238513184177190141e-01
1.308546087543509984e+00
1.429768313202107066e+00
2.493490003641074537e-01
1.546113994841089578e+00
1.119979716556410487e+00
5.755091703378347745e-01
1.441027671587033154e+00
7.065039195764093449e-01
9.085952857395103166e-01
1.305505736949130302e+00
4.587442764797007300e-01
1.159413738603888966e+00
1.346976812322545847e+00
9.796538441101443340e-02
1.309672330373807370e+00
1.168143854656040759e+00
3.233694570970166993e-01
1.388187267204934905e+00
1.050465875126871396e+00
7.489224996325098971e-01
1.403101006999825096e+00
5.449355578044476900e-01
1.060865164660593329e+00
1.354812949483124918e+00
2.185668343522193524e-01
1.326211821419770232e+00
1.272757557473965129e+00
1.603361869428869824e-01
1.551444943299690848e+00
1.108330673724973181e+00
4.693191998197772108e-01
1.421369407060653955e+00
8.538425079583635835e-01
9.189139581779137700e-01
1.600096578892486576e+00
3.727567328307754835e-01
1.032886560141802690e+00
1.422559319514604681e+00
4.899418934908528200e-02
1.366723937219619600e+00
1.187649396890963160e+00
3.530661985976299988e-01
1.515859682516063067e+00
9.061083396392364264e-01
7.066755598031049246e-01
1.598329882484646802e+00
5.348697861805238318e-01
9.211118857191893383e-01
1.486032345151963696e+00
1.845064112862999650e-01
1.307720456173202095e+00
1.339927507896867098e+00
2.652611374297331182e-01
1.381723465603112544e+00
1.018618360009977408e+00
5.270496241509601276e-01
1.562548798531636862e+00
7.873857514611479758e-01
8.766214714734603675e-01
1.439875673443974158e+00
4.016748411512445216e-01
1.235464844431855447e+00
1.399306812400095801e+00
7.573481751531740969e-02
1.325921320703537631e+00
1.101550599809352882e+00
2.509842560684347745e-01
1.603994745983523096e+00
7.456914635494618082e-01
7.654639461400964962e-01
1.567515911636419901e+00
7.823957458728969527e-01
9.356110375375523702e-01
1.402785479959829829e+00
2.006090844981844867e-01
1.361723743602366810e+00
1.206052122719818875e+00
1.397558176479378744e-01
1.539044636893872386e+00
1.053968117302851226e+00
6.531789192362893459e-01
1.376025790690380113e+00
7.293117964461339753e-01
8.355576955747556767e-01
1.346198642106267940e+00
4.213954821583012489e-01
1.283694608635846279e+00
1.366000584194285494e+00
2.815304175932453745e-02
1.435732746662156778e+00
1.069928789157667204e+00
3.147577160189269918e-01
1.580472761303454377e+00
8.771767982251024165e-01
7.927231478101877116e-01
1.516850473514198328e+00
5.218243978312848697e-01
9.632819900322449058e-01
1.522372599964640472e+00
1.970212328515570377e-01
1.319143007258654521e+00
1.314065192987436070e+00
8.021341107207824450e-02
1.489646676329992481e+00
9.892817717863868765e-01
5.875380266103773508e-01
1.395138605386994080e+00
7.404062350564055706e-01
9.488769967266277305e-01
1.579404183633583258e+00
2.830403133037693308e-01
1.054610661350406708e+00
1.389114610355726143e+00
3.484396092679276080e-02
1.358403180910626062e+00
1.211121827991915367e+00
4.603817359578421531e-01
1.387136472424559841e+00
8.799111149739458071e-01
7.354833651909675751e-01
1.505743573357335663e+00
5.846964517264403582e-01
9.916247106833067093e-01
1.374609446292377690e+00
2.098071905377709712e-01
1.306943954217897996e+00
1.308020724213130315e+00
1.441741408392998025e-01
1.432880984850728900e+00
1.084450461857025871e+00
6.347036655505311487e-01
1.478129009625193113e+00
7.554047467556355144e-01
8.022338630151040206e-01
1.441357231935523231e+00
3.305125519799121392e-01
1.223593592806078156e+00
1.451947468260097018e+00
5.676083802150078128e-02
1.298340058703109534e+00
1.094868882381935471e+00
4.351643076372457841e-01
1.450892193474442315e+00
1.050262212129180028e+00
8.376642399303992903e-01
1.603919977956901555e+00
5.851061128816041901e-01
1.000328241233053639e+00
1.503662340509708706e+00
2.550127896416221063e-01
1.392015168407610304e+00
1.228957549986176012e+00
1.896331151824162120e-01
1.570848226215802335e+00
1.126338877187772702e+00
5.421221873415316139e-01
1.465517702487921348e+00
7.282038281040774663e-01
9.016416881225399749e-01
1.434370738474682661e+00
2.735633712758271940e-01
1.115485158748490413e+00
1.312392621803325277e+00
2.497758064332522565e-02
1.380140112023532595e+00
1.133253127386410597e+00
2.504542991140592534e-01
1.470931507662458948e+00
9.167978377513703592e-01
6.668006390627088109e-01
1.563775855592176356e+00
4.731681720021985171e-01
9.881760615688985894e-01
1.358590601844676726e+00
1.611799942685507858e-01
1.272183514426973083e+00
1.186304226924483451e+00
1.750206607501905154e-01
1.426022403911001213e+00
1.212105722244436024e+00
4.355023433439191294e-01
1.588016943058070396e+00
7.810358712269103165e-01
9.562156202368381486e-01
1.555773402568849662e+00
3.738663339126127028e-01
1.050051962320509347e+00
1.407739432042145467e+00
5.450394927258539468e-02
1.333453522429110194e+00
1.130448740060385759e+00
4.717952084478476138e-01
1.473609863434032441e+00
9.051367846342399659e-01
6.740615292088216748e-01
1.606316671632867177e+00
6.222347848347116184e-01
1.024966695424727625e+00
1.468472341708047857e+00
1.150576669109977246e-01
1.113033233194872906e+00
1.352740195965290937e+00
2.695436419284273910e-01
1.513689417230089873e+00
9.845454605108248103e-01
5.686706173899196415e-01
1.540979510671498964e+00
8.022253440060032048e-01
9.075879546095944050e-01
1.591609626513130316e+00
3.964575097915084001e-01
1.059127338906683313e+00
1.405688537431307950e+00
5.068986208581893749e-02
1.232809544904925225e+00
1.186364623750067793e+00
3.753082306474411212e-01
1.480126419250511027e+00
7.486285993645624970e-01
6.611733260582814964e-01
1.486270813659590573e+00
5.080204510287771313e-01
1.008695868287735387e+00
1.414664366800481687e+00
2.879717457304415973e-01
1.255714443512224499e+00
1.381584809386070312e+00
1.186074505485619213e-01
1.317636408387159896e+00
9.682561787785779472e-01
5.802370412369528552e-01
1.426500324578425349e+00
6.564508638873469692e-01
8.767142481034051471e-01
1.730442543363790442e+00
4.676076257202010922e-01
1.311592246309218446e+00
1.414487585990376495e+00
1.039442832991399612e-01
1.379464455309325821e+00
1.150659265027350386e+00
4.260440961420464134e-01
1.426821163039235785e+00
8.491193975789261827e-01
7.896713007395526063e-01
1.567761525648183607e+00
5.310498479085801193e-01
9.639293223636826724e-01
1.328720654553251279e+00
2.774500623065154770e-01
1.367142625130932210e+00
1.353582832952196391e+00
2.093124647476960476e-01
1.405777426585705037e+00
1.066763203636397428e+00
5.108628962474828228e-01
1.468670995110826105e+00
7.816945953294380800e-01
8.467015486972631066e-01
1.530190958192947370e+00
2.060854488448020660e-01
1.095958918298031826e+00
1.297326860027789408e+00
4.273297427598077292e-02
1.321440743960007325e+00
1.204319026017310890e+00
3.162315570615596982e-01
1.448045323116748939e+00
9.581783448593537145e-01
6.544771344531294943e-01
1.419549890863823549e+00
5.605827349598575537e-01
9.217895012047891967e-01
1.452205798100083101e+00
7.059173318177514034e-02
1.298104524075027300e+00
1.258578756046095926e+00
2.075271234411655286e-01
1.517181669052710014e+00
1.072603115795390138e+00
5.671074954193260353e-01
1.565670742433361795e+00
6.944158230976071877e-01
8.941845278716833434e-01
1.492495555822547004e+00
4.774395328263256744e-01
1.149272374536223218e+00
1.350837063824664064e+00
4.916222261299729723e-02
1.318286428955210532e+00
1.247916726022108236e+00
3.834191982728389902e-01
1.468882181292057609e+00
9.235447309987936393e-01
7.289365686190025784e-01
1.530799516756482070e+00
6.236759445928958812e-01
1.019812990749716874e+00
1.260078502574376813e+00
1.091352987644649275e-01
1.320535570983041751e+00
1.248132426746291657e+00
2.602122893282752258e-01
1.345493497003218408e+00
9.724542083498644018e-01
4.320095538174131278e-01
1.428144473577217965e+00
7.067977227916051319e-01
8.865871346989369073e-01
1.375081236460546918e+00
4.347927031482132776e-01
1.128265729491150893e+00
1.360611186614082868e+00
9.538055978769577337e-02
1.414448758641840165e+00
1.185078857394167073e+00
3.515703650937149760e-01
1.507597353174718435e+00
1.001042417460382694e+00
6.655207982488295926e-01
1.432412984132713341e+00
6.097837437172701769e-01
1.034338271142287269e+00
1.468211292237334042e+00
2.974618723587179048e-01
1.332969035734310026e+00
1.287300109381162017e+00
2.759303527942051915e-01
1.403296113025027658e+00
1.143647006721897341e+00
4.930592649990659382e-01
1.649993279896593279e+00
7.525112755241734064e-01
8.795042586771675275e-01
1.498330330886008532e+00
4.242477083622446798e-01
1.160344924660911659e+00
1.353890050513464338e+00
1.280039625721585139e-02
1.371401357659900455e+00
1.159980613225203960e+00
4.642771949234090201e-01
1.477399416060499959e+00
8.019103684296622347e-01
7.223378376878955009e-01
1.476159266915528789e+00
5.887448238293702119e-01
1.064389517462688062e+00
1.483343080929927282e+00
2.264175365130416395e-01
1.221426136250615357e+00
1.371522958240342760e+00
2.656461137322416732e-01
1.406168229776802114e+00
1.022008683276290242e+00
6.439961192784835475e-01
1.443910932846769413e+00
8.433401342184065896e-01
9.859937794844393366e-01
1.337824488138365631e+00
3.156173502036763168e-01
1.134994639955769991e+00
1.422584569078054528e+00
1.220370004241910777e-01
1.275556377689408549e+00
1.193344525609598250e+00
1.595519680562169640e-01
1.438910426090030725e+00
8.250010163962615550e-01
7.095505057519098102e-01
1.454036708309037529e+00
6.807360770799757432e-01
1.091513042140275225e+00
1.372876957934482611e+00
1.578597472402503143e-01
1.235360184445308818e+00
1.214963698387438562e+00
5.062939212729489213e-02
1.400865786970872939e+00
1.060681524290601807e+00
4.388697946469042321e-01
1.444566640371009569e+00
8.445974485754712546e-01
8.100219138894475535e-01
1.534934540648407619e+00
3.087143070956592794e-01
1.062422390514448978e+00
1.372353579114688138e+00
7.971334174098831937e-02
1.303233077805729501e+00
1.191723076255986058e+00
4.255310307900952438e-01
1.431975750960479132e+00
9.711305696272063415e-01
6.534318619303869369e-01
1.435857120349821159e+00
5.848800651100107828e-01
1.060550706024465661e+00
1.508776889850006242e+00
1.583603789741001577e-01
1.271201013118387735e+00
1.240832217443432306e+00
2.307069614829346804e-01
1.528306298723332013e+00
1.063073974980562220e+00
5.340761837320497918e-01
1.541417045315186307e+00
8.219320322187533279e-01
8.264584057369335213e-01
1.443120674627377475e+00
4.177748481261041036e-01
1.251575939988367026e+00
1.397776503195001574e+00
1.179823604711298657e-01
1.407698701556042487e+00
1.058371587595129171e+00
3.450902116324554569e-01
1.445248017703550936e+00
7.583618046579081451e-01
8.867926155264536092e-01
1.562010314139046230e+00
5.111673963806033782e-01
8.947615595618003681e-01
1.443930203945464896e+00
1.620042473674594419e-01
1.162339654057554128e+00
1.381292936128365234e+00
8.951920764778265038e-02
1.457634239345612315e+00
1.099675548703111794e+00
6.355142381278797714e-01
1.503722129077448955e+00
6.324489437467155639e-01
7.921843693713688239e-01
1.476453549480314820e+00
4.222935910569356466e-01
1.264508489621434251e+00
1.313103792147654048e+00
1.063755314987266942e-01
1.329533021987206354e+00
1.154173938411977574e+00
2.811231415997132999e-01
1.420785942697311732e+00
8.992490555173722200e-01
6.619727743202448167e-01
1.550172808705992722e+00
6.491816672778591979e-01
9.602858029140977081e-01
1.413746941212237651e+00
9.435862369533154492e-02
1.278495554553596314e+00
1.412759020273884225e+00
1.397930670523432894e-01
1.477389070222938194e+00
1.115101789611650851e+00
3.803403781755401170e-01
1.536234640787946581e+00
7.011662860169645128e-01
7.814484592707477972e-01
1.419205877672396809e+00
4.929589012416206728e-01
1.081805069857392887e+00
1.504700260553299529e+00
4.252285406634292997e-02
1.365048047039249646e+00
1.236349032968696804e+00
2.797957823214751727e-01
1.516059127923116812e+00
8.996744523773747559e-01
6.569046863112877332e-01
1.580666566392726402e+00
5.302394249070996324e-01
9.215249336389925716e-01
1.395324459558490382e+00
1.994621565722161094e-01
1.312072632332401234e+00
1.359489576918338827e+00
5.973812625791996567e-02
1.416232754421442586e+00
1.000295711644451302e+00
5.000441687772694266e-01
1.405874078313436470e+00
6.668944128046137010e-01
7.670459726739862205e-01
1.416378399014586620e+00
3.951273711127436528e-01
1.240873216407323731e+00
1.435184186809896900e+00
1.177360362909460889e-01
1.396202595466463414e+00
1.104273522885292458e+00
4.444028187254289719e-01
1.551561632818314607e+00
9.003353018086821535e-01
5.490547558563587671e-01
1.430174142690350259e+00
5.728772469910756726e-01
1.082449136022721525e+00
1.379961765942755214e+00
3.007344257277821953e-01
1.067097175173515211e+00
1.312119335935660658e+00
3.226963454449904845e-01
1.398216146924784908e+00
9.982823998548822075e-01
5.584102798494967601e-01
1.545824461551079665e+00
8.058910016478684213e-01
9.228948252191599977e-01
1.582875771887660932e+00
3.324191408665289060e-01
1.268233837634669570e+00
1.323657591003447820e+00
1.029852918987508303e-01
1.346762192316872664e+00
1.137822083102940418e+00
3.863063405130562344e-01
1.533637257791740538e+00
1.044068160049288707e+00
7.400253434628805138e-01
1.470423365598608534e+00
5.542236678789294047e-01
1.021397459200297675e+00
1.437656894304045530e+00
2.327887251013232017e-01
1.259588219227623540e+00
1.341448840248339103e+00
1.230948830252662773e-01
1.405026863169172024e+00
9.892471582245834227e-01
6.163255961448657061e-01
1.612331826468952123e+00
6.467947917037628613e-01
8.156388966208201197e-01
1.370516043066371203e+00
2.908582592352084717e-01
1.145869726445368997e+00
1.362512962114559301e+00
1.589504343585446122e-02
1.323896494513514988e+00
1.076901842015991484e+00
4.260649034494532472e-01
1.474246378347505271e+00
8.536873865123579819e-01
6.531718353082238693e-01
1.651870911991939472e+00
6.055371029566654073e-01
1.084081785382942087e+00
1.503740431591518600e+00
2.163621607460228802e-01
1.287111946499389425e+00
1.227276587653939544e+00
2.595545646341177459e-01
1.437568697392658024e+00
1.103500311312099136e+00
5.835638237865756750e-01
1.584646155709561022e+00
6.158223482873497190e-01
9.053456143108356002e-01
1.437969467097226506e+00
5.012894761819399747e-01
1.086164245233930181e+00
1.428483419391894493e+00
4.105526258010883112e-02
1.452076507453115894e+00
1.082226801616009482e+00
3.287033808426462755e-01
1.467513395508265539e+00
9.826738687306733055e-01
6.410954383280493829e-01
1.506624893929721765e+00
5.629702733829713424e-01
1.006042149401643826e+00
1.410444170685781984e+00
1.965116690512669351e-01
1.253257284174325470e+00
1.266507158841569947e+00
1.968876275499038542e-01
1.310577004607189622e+00
1.042443177163147716e+00
6.015020193233198142e-01
1.480739181548308636e+00
7.797714584627399859e-01
8.606566726769102615e-01
1.510988289152061625e+00
4.691755309765213156e-01
1.044423183673409028e+00
1.374152263737983048e+00
3.795238131536926574e-03
1.320929341328291429e+00
1.278958113266629226e+00
4.942453539949029917e-01
1.558993330348780404e+00
7.995780391941451626e-01
7.757122072750863850e-01
1.571276489363844675e+00
4.745616952748523687e-01
1.047549539525137519e+00
1.490531136624542619e+00
2.017992639563193080e-01
1.347270988508840972e+00
1.266459207269820197e+00
1.074695042537587852e-01
1.472950086998413788e+00
1.080956713577881700e+00
5.101808376895773378e-01
1.595825129662829411e+00
7.846355952837003045e-01
8.110233141807547952e-01
1.442683147663016641e+00
3.886334071741615048e-01
1.132954407770185412e+00
1.366626030867250208e+00
7.681467088721305458e-03
1.199327915399981848e+00
1.213401785769283592e+00
4.516118782815290444e-01
1.470138937096814757e+00
9.408136934913802207e-01
8.816195569369185137e-01
1.488873354243617442e+00
6.744667082188797735e-01
9.765899929171872884e-01
1.353565446512395631e+00
1.339207871005791972e-01
1.226055768644971344e+00
1.322582172500856856e+00
1.778954238834113966e-01
1.466499505512258494e+00
9.163782777186337825e-01
5.419603513557511576e-01
1.586114285781833111e+00
8.035848116652939410e-01
9.025751290068315669e-01
1.481801549363692239e+00
4.683270796921839008e-01
1.219207512225894519e+00
1.350584824059397171e+00
5.913574532334564537e-02
1.278647380662625288e+00
1.196063367857780335e+00
3.628194540361171505e-01
1.413948609154106251e+00
8.645533826515823250e-01
9.758124355761372826e-01
1.492099510272709040e+00
4.922981860227544360e-01
1.073579308021161971e+00
1.531654436697071020e+00
3.177457048008847096e-02
1.198897685250689626e+00
1.342238056653917155e+00
1.640036117237242408e-01
1.533763457466369218e+00
9.715136909072912275e-01
5.757243896957255913e-01
1.618009612148937570e+00
5.437752759878495823e-01
8.948624929264781258e-01
1.420854567945642799e+00
4.194019722851027865e-01
1.071474097393221747e+00
1.355323583012561173e+00
3.768389390002013783e-03
1.351153121314752070e+00
1.126654140590257036e+00
3.502488362851607917e-01
1.486681943536209083e+00
9.109394950937570457e-01
7.934203815672056237e-01
1.513985612026869099e+00
4.949756412921511028e-01
1.052547169316204290e+00
1.387976434670491699e+00
2.329589189372969216e-01
1.210388446526398099e+00
1.248103559274508889e+00
1.459603995041307556e-01
1.328287315644270272e+00
9.677900117603872587e-01
5.563257698430605913e-01
1.483892840224608101e+00
6.984136654341570605e-01
9.341739794029271238e-01
1.488195187933190944e+00
4.630256074573209091e-01
1.108512039383525938e+00
1.558156508873318025e+00
1.187467194244424817e-01
1.299290322692371547e+00
1.189325537214627637e+00
2.079919329499011482e-01
1.419157403450625132e+00
8.328391985657699337e-01
7.226695329815528979e-01
1.501698209860172106e+00
5.416267222810153825e-01
9.629324976894420018e-01
1.401709934329367968e+00
1.122939518227203948e-01
1.205255271350014645e+00
1.254959339940596053e+00
2.997251467733441643e-01
1.295329286499397270e+00
1.019215603184021823e+00
6.283301717158620292e-01
1.447101801986601544e+00
7.344673614704912978e-01
1.044191125406502607e+00
1.499857815879229506e+00
5.257562508475901453e-01
1.281846041857876095e+00
1.372928584915126038e+00
1.363564049697565395e-01
1.408157547722510117e+00
1.131148949219752176e+00
4.238492653325822701e-01
1.416646492127989099e+00
9.302722144319242048e-01
6.609556534003084849e-01
1.459380249965284371e+00
6.660863405251413738e-01
1.005404296772669959e+00
1.395809295530891170e+00
1.741464566291455185e-01
1.289207327194917596e+00
1.297801683401353046e+00
9.794196855830161752e-02
1.435273876755708500e+00
1.001749856803188621e+00
4.875244428740099778e-01
1.498743854702314415e+00
7.190315701862521891e-01
8.002819970088710377e-01
1.539610121230219342e+00
3.498058596148903021e-01
1.235696075559899576e+00
1.278141202149810418e+00
3.108352055085195076e-02
1.358949374841403213e+00
1.268360082019043489e+00
3.289139510083760598e-01
1.475240622815363167e+00
7.988608962948786640e-01
7.403563588672419371e-01
1.409037885271796853e+00
5.872362457349922238e-01
9.999629017777742490e-01
1.516025251656358819e+00
3.749495194767398232e-01
1.231080080949321420e+00
1.413920419008345419e+00
2.135923998006594715e-01
1.397360943842858028e+00
1.036403857760753056e+00
4.940097906054754517e-01
1.649222861683919739e+00
6.353188703629122358e-01
9.337606080296367850e-01
1.526277280019074034e+00
3.880024910160324580e-01
1.198970055997286011e+00
1.432764423597132186e+00
6.463636104599590482e-02
1.324582108343975939e+00
1.159821379279264875e+00
4.868495039386893097e-01
1.504718057658780417e+00
9.425289771662050953e-01
7.529916523769903947e-01
1.456984155019892313e+00
5.719782261377783783e-01
9.174926037308193116e-01
1.445761798626212347e+00
1.245279843793047903e-01
1.265962179829832834e+00
1.244647749134013104e+00
3.177961669143485324e-01
1.315737486099877174e+00
1.077467245719388345e+00
5.034786574495662137e-01
1.494212472751442533e+00
8.016881526566708160e-01
9.621939503002048255e-01
1.477180348090122664e+00
4.005401521295448575e-01
1.100195016184736474e+00
1.400980801924515795e+00
1.933726621251796729e-02
1.392742509395803907e+00
1.093735254432434800e+00
3.039564041013065321e-01
1.407464501422420078e+00
9.112796150426882846e-01
7.266190063973576585e-01
1.422127049240432761e+00
5.501260499929392367e-01
1.060449519280264319e+00
1.414634249824525902e+00
1.128579554177822075e-01
1.131974687131727109e+00
1.314941011816193495e+00
1.618932666886268024e-01
1.296176255517854869e+00
1.178557849622859699e+00
5.791472906834194134e-01
1.461751196967417954e+00
7.327409234296631269e-01
8.256818719790839367e-01
1.602586903678719032e+00
3.863257242442195150e-01
1.154844787605871836e+00
1.401091105641756762e+00
8.917337427226179614e-02
1.426835280571655318e+00
1.158760227363186068e+00
4.393175356242409180e-01
1.401952576742834466e+00
8.347350533207551493e-01
7.047866232000661313e-01
1.601090722696048907e+00
7.285531662118582830e-01
9.411074232867688849e-01
1.446113263167705831e+00
2.409779174435877636e-01
1.276694857537191474e+00
1.303926709725394595e+00
2.718585450267418935e-01
1.378465653305855909e+00
1.171699358902393406e+00
4.821161683164945089e-01
1.503884263663796794e+00
7.444642830212169216e-01
8.477794325978296186e-01
1.517792189649126655e+00
4.502480120948630926e-01
1.176775582202248316e+00
1.434506692333552103e+00
2.530049752233587412e-02
1.456670593742271258e+00
1.079921944949688850e+00
3.727151920828228882e-01
1.268739980380068744e+00
1.028449621453422225e+00
7.472802027254124013e-01
1.455817636041834895e+00
5.945095249433247631e-01
9.260119196654281737e-01
1.445667886488690712e+00
2.830267251803162409e-01
1.280004517277116172e+00
1.111966488046628676e+00
1.435272032191416969e-01
1.314509895788201987e+00
9.825191594386488703e-01
5.672830129040553615e-01
1.472631762541011469e+00
7.090302185143668723e-01
9.087598976328257194e-01
1.548715955525260313e+00
3.892975694310614188e-01
1.094205080714297118e+00
1.343651657818289102e+00
9.503508742289668021e-02
1.390138590010252528e+00
1.197162171668055386e+00
2.347449201065918700e-01
1.458839436857514826e+00
9.932470285882617489e-01
7.769375891354481922e-01
1.604765102131536558e+00
4.643760315840079755e-01
9.617287946659711650e-01
1.478233799962747952e+00
2.071299669705712887e-01
1.372408994133083482e+00
1.306289065710674713e+00
8.401186011755434890e-02
1.403695641300673813e+00
1.050633322047330509e+00
5.717288067599781698e-01
1.461284816645673779e+00
7.271109991286319740e-01
9.643900672679226460e-01
1.406163498596214367e+00
2.976586772733211816e-01
1.233667773488277497e+00
1.265230193015465687e+00
6.257805989792419865e-02
1.340563469147634912e+00
1.167225301179119157e+00
4.300783071798388590e-01
1.621942757322273998e+00
1.017890773196981513e+00
8.171515718357644786e-01
1.413123653802535351e+00
6.582116676961673463e-01
1.143387130271029228e+00
1.411497417768353912e+00
2.720643757025831277e-01
1.305575779399227976e+00
1.162226917661170589e+00
1.679008018519612122e-01
1.401182449498656446e+00
1.127181531517028823e+00
5.923640357674582191e-01
1.334058073083738805e+00
7.997083291246269710e-01
9.808899118167078157e-01
1.450131748123805409e+00
4.063046037327699977e-01
1.141379028988782629e+00
1.453308108753081918e+00
8.891636569735528184e-02
1.295331871229574716e+00
1.138853079856266604e+00
4.735952375199481423e-01
1.492482682802335425e+00
9.145243126775230991e-01
7.588296102148985867e-01
1.552927750411724261e+00
5.991923395941576302e-01
9.498749308091989363e-01
1.523318397842493788e+00
3.109375492606938352e-01
1.327181524731965823e+00
1.205265818596958027e+00
1.708779092689658441e-01
1.470291377872162464e+00
1.018230743224148860e+00
6.363858895833738316e-01
1.414793158940972795e+00
8.477712462014430628e-01
8.592109658591162713e-01
1.420673118837052940e+00
5.538558512292723890e-01
1.010440398770931836e+00
1.349995077245988995e+00
1.210341009677460278e-01
1.540530003038210083e+00
1.109268019918791204e+00
3.643691973512241944e-01
1.470609385528778290e+00
9.101566203948801004e-01
7.258413233260991859e-01
1.516339222709810031e+00
6.260576351545132923e-01
1.032361743421512656e+00
1.411407227089059191e+00
1.845074034371503302e-01
1.180360219811936950e+00
1.155011015841826527e+00
2.162350039321019324e-01
1.466274211671558803e+00
1.015716843932001900e+00
5.426847885864463095e-01
1.542527993185812463e+00
6.786872159574528496e-01
1.056531841449177556e+00
1.466180626845488888e+00
3.067507208645423589e-01
1.096138939773296350e+00
1.329027629737423055e+00
2.108508421309718273e-02
1.421294175325729547e+00
1.194141498606022367e+00
4.136566844768907458e-01
1.384651913494280073e+00
9.719526731625105498e-01
7.513047093539402255e-01
1.428269259455120732e+00
5.243993186034723308e-01
1.077777270640420504e+00
1.421694840907088420e+00
2.078401567329892785e-01
1.257833669288898726e+00
1.428509173012488809e+00
1.390226349721324084e-02
1.441366291048064241e+00
9.907134303554396837e-01
4.556769255682109332e-01
1.463482900039429602e+00
8.425422487501244007e-01
6.908938365056354058e-01
1.524605843859484722e+00
4.296975597554588688e-01
1.125907837032446679e+00
1.344280400998500546e+00
5.146203084917466697e-02
1.352372702732220766e+00
1.014261237306739005e+00
2.874982509273396047e-01
1.385548354753404432e+00
9.526121585136397840e-01
6.772803918052012762e-01
1.490983356797370263e+00
6.082019928909057072e-01
9.755880354290944467e-01
1.507075655524091395e+00
1.438186505198686405e-01
1.314857020818839040e+00
1.296906816046465849e+00
4.958185716654117670e-02
1.375938400196631939e+00
1.006888082127743722e+00
4.865359561313464809e-01
1.657285213207416952e+00
7.395573905343653109e-01
9.200008591353281417e-01
1.563340217246117270e+00
4.172164989882602981e-01
1.070358639935284906e+00
1.395887936483764413e+00
5.734458318569402024e-02
1.313290254612855534e+00
1.222625541859839515e+00
4.504791867451389820e-01
1.568594155089016340e+00
8.329344367269087002e-01
6.463307244159519627e-01
1.621997245520654829e+00
3.637937515993634463e-01
1.052440958073097121e+00
1.433964169742247385e+00
1.363445885140226466e-01
1.235968222175001685e+00
1.223498921282373253e+00
1.008397535407867807e-01
1.412566912238902184e+00
1.050991105371525514e+00
6.190082229752338350e-01
1.535911898541468368e+00
7.596851664605654975e-01
7.408932317827794378e-01
1.428568031862249121e+00
4.134010524449340807e-01
1.249558707021198423e+00
1.363013026797850635e+00
5.818769000183632301e-02
1.315883449418924656e+00
1.077214498033409740e+00
3.885953496614593661e-01
1.372671770529866109e+00
8.859852927711342474e-01
6.900764329071469305e-01
1.507096374382802750e+00
5.996688793963169672e-01
1.060834022671113708e+00
1.337908932219357361e+00
2.033810721991136106e-01
1.198820210699860667e+00
1.250601357562044491e+00
1.712714815097555743e-01
1.422555197302942886e+00
1.013307262328924097e+00
5.388149039379381833e-01
1.442748422753614257e+00
8.108190322694817098e-01
8.443109097422176745e-01
1.447050841282503164e+00
4.987772664415190960e-01
9.867865349970008637e-01
1.276799176927583268e+00
1.530205967043860582e-01
1.429225993383282933e+00
1.146281136476038576e+00
3.607854925906304189e-01
1.324339003856962016e+00
8.191905211035317436e-01
6.532349697454922222e-01
1.618849380350711797e+00
5.410725645912712878e-01
1.003514887670107214e+00
1.314673365732356380e+00
2.612719210661369473e-01
1.280640210598533280e+00
1.175724816528985528e+00
1.337925065201472918e-01
1.455327230760522284e+00
9.847017429658970755e-01
4.975951485813308039e-01
1.540387910489513068e+00
6.750645761723452765e-01
9.308022688634727260e-01
1.445533217123782244e+00
4.805559680015791812e-01
1.113311159940145956e+00
1.420056361558489577e+00
1.364010953862386799e-01
1.445279529495321569e+00
1.157103964575547650e+00
3.446404123086992399e-01
1.431173506017770158e+00
8.971192809203785146e-01
6.994494117000442657e-01
1.522264775861980723e+00
6.640770334728447466e-01
1.022418118858571923e+00
1.450996816905275821e+00
3.036964049159740497e-01
1.203797698853479758e+00
1.402557186502356501e+00
2.002493140091390345e-01
1.408214451567408432e+00
1.118819254497163129e+00
4.984220708252413701e-01
1.536889448377385392e+00
7.855497762029806097e-01
9.629166597959288865e-01
1.395379485341526227e+00
2.868971749450466291e-01
1.277957743418820513e+00
1.420815760586685350e+00
5.241626190554526943e-02
1.378404232844428812e+00
1.095843265668855260e+00
3.882679258196661820e-01
1.458102080144507262e+00
9.572935175844090594e-01
8.097304585837754587e-01
1.312438291521694111e+00
6.408003196314320249e-01
9.214704112793343782e-01
1.465491285184104875e+00
3.121989754583927024e-01
1.359014175963587867e+00
1.214286894915000303e+00
2.617157532495735239e-01
1.268781199877784260e+00
1.002287454879208006e+00
4.040985378796477789e-01
1.393608271016520739e+00
7.457435889248973382e-01
8.049634105737109024e-01
1.375353121266632783e+00
2.389366359277760310e-01
1.158640697847159728e+00
1.419520122920007843e+00
1.124930678071045520e-02
1.310688103351600908e+00
1.133169122429253051e+00
3.945170874651555692e-01
1.368884139300440950e+00
8.492352635796089899e-01
7.428456367864821885e-01
1.418757659032060303e+00
5.289898881305701295e-01
1.015572390657242252e+00
1.460901220173024484e+00
1.827433760435912546e-01
1.136455143255953537e+00
1.135711606491939918e+00
5.732667547521685947e-02
1.349618066182199705e+00
1.106866150261532233e+00
5.211155450765030395e-01
1.578113054939622728e+00
7.545124191214096498e-01
8.517337274165690530e-01
1.347273573902667110e+00
3.364854144544775494e-01
1.251223777391473391e+00
1.477559661731451257e+00
8.403778294864583387e-02
1.237220809056002402e+00
1.097860964429521857e+00
4.196368646538921610e-01
1.403861276204689368e+00
8.475893514590620015e-01
6.905515969828295297e-01
1.398453455316519545e+00
5.780388661693294239e-01
1.056782753089546389e+00
1.395265822372220299e+00
3.631051463012830993e-01
1.141862310968647876e+00
1.372045035998421980e+00
1.632261291443084517e-01
1.554451620310959292e+00
1.022647668249950570e+00
5.906082131673890956e-01
1.484963770707407704e+00
6.766791428826124388e-01
8.461523550044187658e-01
1.433016526865796614e+00
2.655360072078405409e-01
1.177724476967057399e+00
1.443784381281217222e+00
2.027073420423164407e-02
1.237768917862632101e+00
1.152285283277899808e+00
3.239430361572788186e-01
1.567645249214607794e+00
8.905507457221499834e-01
7.875795436324128929e-01
1.549834694253402922e+00
5.163770707529522497e-01
9.086477846705180994e-01
1.378627541750184093e+00
2.781508949315636414e-02
1.239603214056625546e+00
1.300382186774011295e+00
1.360677811190127429e-01
1.459292046874733906e+00
1.077448057662314440e+00
6.699686098430541747e-01
1.504478488068922815e+00
7.089113808469509337e-01
8.615566297314147803e-01
1.542811610581453330e+00
4.736718380557825014e-01
1.297285616043126311e+00
1.381938967958583397e+00
2.010729117241893960e-02
1.358365502758572596e+00
1.133699356848934414e+00
4.020332064863092469e-01
1.438102491323872023e+00
9.132235161159112380e-01
7.237299696761416712e-01
1.718978219218248782e+00
4.102644693318309166e-01
9.677591928044240177e-01
1.416677496238818890e+00
1.872095663594928183e-01
1.164386327046192271e+00
1.238018930677075247e+00
3.397090595792917611e-01
1.405870767556560708e+00
1.000826845849237756e+00
3.632063543819192830e-01
1.482691277778211969e+00
7.666195815405547620e-01
7.997323437831855841e-01
1.497483061940002358e+00
4.370420689694478611e-01
1.182438834573907194e+00
1.318705372327388936e+00
9.032580529714451245e-03
1.338942649843034793e+00
1.132218814690181929e+00
3.995767710981334986e-01
1.393967557557311387e+00
9.913892043252889863e-01
6.870717400697854416e-01
1.592937170590981388e+00
5.422597377516806816e-01
1.000714890994570894e+00
1.424103045069826656e+00
1.434054613065143258e-01
1.271124147588047926e+00
1.372206760423386740e+00
2.336022329346265636e-01
1.453918220625475044e+00
1.154984860386213619e+00
6.117096221161295588e-01
1.504182179693003718e+00
7.643739714886006453e-01
8.787134445852133879e-01
1.425269919091268989e+00
4.048388759973899909e-01
1.123507628284301951e+00
1.403951078175258438e+00
1.542484405506794332e-02
1.321511732875149114e+00
1.069758812970440509e+00
4.848248021056242862e-01
1.475459157972387914e+00
9.662577049046348066e-01
7.312595119839500057e-01
1.528200260877721206e+00
4.905859350212669057e-01
1.028786799551547837e+00
1.389003015521435458e+00
1.560496434982878711e-01
1.328095015729490846e+00
1.369173901952469130e+00
1.296501344298146563e-01
1.421630160838317281e+00
1.007297375868159151e+00
6.101014290805784057e-01
1.547408736588426592e+00
6.723293560955205805e-01
8.663930834008137793e-01
1.586162503292461778e+00
3.132327173409272802e-01
1.093839753701820960e+00
1.399994918994308613e+00
1.991387905814079318e-02
1.506816913952147452e+00
1.072984792477156724e+00
4.389466307999754235e-01
1.566648559792864326e+00
9.004645692111781230e-01
7.721742055516092051e-01
1.584309571967216890e+00
6.199671717011518979e-01
1.015044257099349423e+00
1.304535013221378215e+00
3.268474991302934285e-01
1.305372259256420975e+00
1.261931802528015290e+00
2.760240123911881227e-01
1.542707589462811946e+00
1.114283489673934646e+00
4.186789303074407442e-01
1.543960933371314681e+00
6.944134888025148555e-01
8.872776153126853416e-01
1.427370935018908327e+00
3.904523723750115138e-01
1.097380958469438283e+00
1.459804923708278857e+00
2.737607495806670954e-02
1.357556938644083999e+00
1.298614443703607790e+00
3.917881996852132787e-01
1.377498058056992214e+00
8.564960180078493579e-01
6.542731723578620873e-01
1.561531359780125250e+00
5.259912226226921561e-01
1.104702609533273261e+00
1.353519366632583321e+00
1.544758883820769313e-01
1.434815636735856437e+00
1.446102213377065127e+00
1.472640719170801304e-01
1.439188776636536993e+00
1.152140388941421456e+00
5.382843289979719614e-01
1.491948371133044127e+00
7.283616533687489181e-01
8.855674365847576723e-01
1.391502126904362591e+00
2.961527936094956459e-01
1.231414319321897821e+00
1.489923010993451591e+00
1.000409659948502394e-01
1.458867302777839825e+00
1.092425822337612651e+00
3.544290144268993359e-01
1.563352846881718605e+00
9.027833929376933852e-01
7.306118512153307876e-01
1.480145434088735001e+00
6.365118358970134338e-01
9.162345593836960234e-01
1.367257683343413355e+00
2.220057573420408659e-01
1.226772409485580972e+00
1.315023789320187930e+00
1.346471447754566952e-01
1.490936345969016585e+00
1.000682811355732227e+00
6.099354093050290970e-01
1.460112101586401145e+00
6.363470228954763996e-01
9.258651877132617614e-01
1.464634638264106670e+00
3.713027888971982549e-01
1.144842020174770880e+00
1.347419750402737648e+00
1.761938329863355079e-02
1.433880645068673410e+00
1.109040215530873397e+00
3.321965224416834062e-01
1.520558234266308872e+00
9.582314997892051878e-01
6.231808972636319055e-01
1.640088460557295846e+00
5.210282706659929985e-01
9.480896241358838239e-01
1.352556762778063693e+00
1.415769284878463097e-01
1.189945310619656915e+00
1.164901008644901204e+00
2.486603667211477742e-01
1.438989989403957281e+00
1.113675703785851567e+00
4.744144865419723800e-01
1.594696961232418886e+00
7.069609720292664434e-01
8.754868585746482523e-01
1.506177546783825427e+00
4.565449241736976305e-01
1.239763792365738304e+00
1.410679062526154048e+00
4.562762762784533521e-02
1.368705473344517642e+00
1.207628591998335388e+00
4.213070856338108072e-01
1.399198078733556727e+00
8.951499126913757820e-01
6.600750245166651098e-01
1.490929429957521535e+00
5.962246255917742488e-01
8.021457978771593389e-01
1.297866297623768261e+00
1.322804445784919736e-01
1.234292346682816621e+00
1.240579519886542137e+00
8.790224101750965247e-02
1.441736619022930377e+00
1.017082456666996038e+00
3.293641962644411336e-01
1.502675441029964531e+00
7.722983486339138892e-01
9.504930148518440092e-01
1.382557747644168167e+00
4.182808072674530919e-01
1.245015564634342375e+00
1.459597302387598994e+00
1.500471410726245125e-02
1.383377787717011032e+00
1.213579442826600463e+00
3.520899907951218211e-01
1.578894856948628522e+00
9.022057332085982040e-01
6.513324830928626241e-01
1.507533087489462353e+00
6.513338994350332811e-01
1.110062402669233173e+00
1.265403059569495170e+00
2.455072474185273634e-01
1.256486780493359490e+00
1.320946242221586076e+00
3.081592843418459182e-01
1.382104789920782117e+00
1.025926947005229906e+00
5.097951757222380920e-01
1.646552211271012034e+00
6.962900562900991019e-01
8.634551257299509786e-01
1.300523913439744383e+00
5.007783635012845735e-01
1.206537972894529354e+00
1.459980684822445696e+00
5.921707155607247586e-02
1.330796786692041600e+00
1.199915615817108261e+00
3.129994963753404136e-01
1.482794888473319972e+00
9.524897259219207157e-01
7.236739115471753081e-01
1.594726436668176817e+00
6.104426608830815226e-01
9.168565178095224866e-01
1.509302751640140272e+00
2.193549248979129729e-01
1.246660222224472925e+00
1.241776586936078175e+00
8.081002105218093590e-02
1.339781361843770391e+00
1.011532067613417851e+00
6.447326928873353680e-01
1.630191511817884020e+00
6.734456273392925851e-01
9.341912258899958132e-01
1.507292670088811626e+00
3.606379375527595244e-01
1.239900379231690053e+00
1.408420123160658122e+00
5.661418042701704678e-02
1.244967623982978111e+00
1.088692978958594182e+00
4.524240603882834222e-01
1.538932577971390714e+00
9.283858168037069092e-01
7.438191289957511998e-01
1.378219556651685274e+00
6.493301401877822343e-01
9.751866285906016785e-01
1.477659534849269818e+00
2.110958619307670148e-01
1.391511367978930380e+00
1.391069938485792967e+00
6.457357248863626609e-02
1.240019625024728178e+00
9.620489103613127924e-01
5.346621965098767859e-01
1.574586901714924103e+00
8.469674894269072496e-01
8.194634854119282608e-01
1.365534298052598849e+00
3.676254769744691231e-01
1.042067697877957499e+00
1.463615677785951696e+00
1.195695555373266217e-01
1.214302350325768387e+00
1.134671103781506041e+00
3.462046505922229400e-01
1.417335856788557891e+00
1.089593419896711879e+00
7.353269648622342558e-01
1.517429160024023282e+00
5.877753958103442145e-01
1.051051439073847682e+00
1.470501639486959888e+00
2.756045794942760807e-01
1.207930410730909898e+00
1.181006890084390193e+00
2.255081379615431203e-01
1.337930699641323606e+00
9.217128824322200487e-01
4.978330899875968996e-01
1.606958093322472969e+00
6.589476511860912211e-01
9.512441134820122102e-01
1.457839083586833340e+00
3.149505319149366045e-01
1.271456359411216042e+00
1.436102183451601455e+00
6.707682889003940829e-02
1.234232639715153290e+00
1.271308607763668164e+00
4.547509800409850200e-01
1.479336537655341566e+00
8.791437933830712481e-01
6.447401803678038945e-01
1.614198795013459531e+00
4.094172154427404564e-01
1.169334099070700184e+00
1.426647724773137504e+00
1.690402153163610421e-01
1.312909371175653206e+00
1.439078821787656004e+00
1.777989661126575527e-01
1.564797199629246016e+00
1.038590242393983232e+00
5.043709645745169112e-01
1.461373333481136960e+00
7.271769976619406606e-01
9.850709959163888030e-01
1.557046726832893135e+00
5.576300463852099654e-01
1.091704469455276438e+00
1.418092024431668818e+00
9.238934926134412251e-02
1.522478377604109312e+00
1.239699524626098892e+00
4.274487150035879424e-01
1.587717284228477688e+00
7.901176064876382910e-01
6.390451008237540975e-01
1.446329445224635357e+00
4.942513564294284123e-01
9.605488635851946455e-01
1.380112187729477746e+00
2.802546272849193443e-01
1.299642445379316946e+00
1.229939815935030545e+00
2.123993178514966829e-01
1.472071331053543375e+00
9.594382812424999685e-01
5.087975872590533299e-01
1.465348776280595011e+00
7.602831114440151694e-01
9.714070502124041440e-01
1.456455993650928704e+00
4.338457621948634824e-01
1.079200580925980368e+00
1.212679478320783488e+00
5.446959092108993872e-02
1.313114068477694296e+00
1.090762335385264237e+00
3.545732741406002475e-01
1.497275603931485399e+00
9.062583446218770433e-01
6.821951881922281302e-01
1.627266783736763145e+00
5.507828515422321658e-01
9.841823984218525112e-01
1.453146279778419370e+00
2.601336566823864160e-01
1.309959770513071220e+00
1.322488454706525651e+00
1.137261941919041064e-01
1.369357675210254754e+00
1.069232737617777040e+00
5.706249904190130451e-01
1.617771715245406305e+00
6.385236247115759767e-01
8.809652952941782189e-01
1.232384462441699746e+00
3.017629380294897246e-01
1.173895802847627401e+00
1.374344466337447557e+00
1.982984476708438137e-02
1.387315980464214782e+00
1.138581445047255336e+00
3.880902476616254759e-01
1.582315335550587676e+00
1.053814351702553331e+00
8.091892761626411357e-01
1.599768485442329080e+00
4.585615934172624364e-01
9.617769059213703287e-01
1.357873218346539623e+00
1.051938129437930414e-01
1.281848407780058707e+00
1.335679454103382291e+00
9.733316618193654790e-03
1.350731664679419630e+00
1.078513161053475500e+00
4.270423446545441593e-01
1.478359088478271133e+00
7.816652074793823957e-01
8.728784942484120180e-01
1.481117676104499736e+00
4.150418335027783456e-01
1.110739365158324610e+00
1.334658939771005137e+00
3.226742395515813655e-02
1.335338789372456425e+00
1.093013633105597293e+00
3.338216857307312324e-01
1.532073915484313709e+00
8.145101372593810396e-01
6.119488957890331093e-01
1.381725537761148814e+00
4.845668030098329027e-01
9.950982845597877713e-01
1.327862805733382778e+00
1.482578184275658018e-01
1.172699024805686996e+00
1.375957576569978968e+00
1.956110985046795037e-01
1.368925700754435759e+00
1.016251901216257636e+00
4.996261534322536946e-01
1.502587368702078763e+00
7.851413605009343044e-01
7.828197237469547431e-01
1.413589570942741069e+00
4.487544032301071795e-01
1.081947978782237030e+00
1.486975229009569688e+00
2.692672394810813330e-02
1.306986826754774178e+00
1.189014739702398238e+00
4.698897752069628453e-01
1.417343058407416478e+00
8.708618419873603855e-01
7.073801148969085517e-01
1.421401712518062688e+00
6.132131533495837061e-01
1.035249853883153826e+00
1.314728620024501637e+00
1.753380792203254046e-01
1.148783242197517040e+00
1.271772593977734900e+00
1.425594266701475377e-01
1.371315818112254448e+00
9.696576717416647284e-01
5.405655075074156102e-01
1.374061517621067097e+00
6.583987676346003681e-01
9.064840427285405511e-01
1.427214657061502301e+00
2.956318312672712167e-01
1.074996827046724057e+00
1.367195055651568403e+00
3.133677057664474574e-02
1.345921114430900900e+00
1.130364459272266586e+00
3.852522133751010713e-01
1.468499061421487006e+00
1.004063371987147235e+00
7.661828258908132128e-01
1.439836725330194689e+00
6.253770477672517814e-01
9.958933994895433628e-01
1.606833196337625225e+00
1.341847627468535364e-01
1.268281338204030995e+00
1.277262178603443488e+00
2.703769566676896829e-01
1.500518645138611440e+00
1.060642485412042646e+00
4.913304274195517962e-01
1.458946652738537075e+00
7.448963552248368813e-01
1.027882863763391441e+00
1.608915183181924391e+00
4.939762275503110089e-01
1.221413849553487196e+00
1.479281921223686069e+00
