# {'model_name': 'NHiTSModel', 'window': 115, 'n_steps': 1, 'val_split': 0.1, 'model_params': {}}
6.886409079650520937e+01
6.804829837927698577e+01
6.761766555497527520e+01
6.681880982140182823e+01
6.619661825331031935e+01
6.566300906920909597e+01
6.500295034030555996e+01
6.452144792201102064e+01
6.386264621259748964e+01
6.345540056670188989e+01
6.297894166344880773e+01
6.242247236700832502e+01
6.203327487463235457e+01
6.159732066782295590e+01
6.116063871288775999e+01
6.094830606805264495e+01
6.059001361275196018e+01
6.030784140611171296e+01
6.011635764243185065e+01
5.991278002807974445e+01
5.969681746380507548e+01
5.954828407133101820e+01
5.941653519699453767e+01
5.916197772378205855e+01
5.877306140681832858e+01
5.832998298691689598e+01
5.777328985279530116e+01
5.725582013735651543e+01
5.656683452310144844e+01
5.562549452768742952e+01
5.435037836762248986e+01
5.352452207593351119e+01
5.259084879675984325e+01
5.175344556814163610e+01
5.126872782630950098e+01
5.072288254985689804e+01
5.045978837059914923e+01
5.032916088996559267e+01
5.019905385950684007e+01
5.004974420236527521e+01
4.994000860618531590e+01
4.998261605365306082e+01
4.994253918489545185e+01
4.991796996710925782e+01
4.979799186738311789e+01
4.972479363771259386e+01
4.975314273515819963e+01
4.999378478208660681e+01
4.990575813302874053e+01
5.019099570298671154e+01
5.036838541129708346e+01
5.069851291148096095e+01
5.106154785873472690e+01
5.125557212496280357e+01
5.159885091589868011e+01
5.179115505019306909e+01
5.188887177581071342e+01
5.220060158284485397e+01
5.212715194927632467e+01
5.218729481862961705e+01
5.221809730937808780e+01
5.207969725823134155e+01
5.207513008741766214e+01
5.194928258879214411e+01
5.181998600510984687e+01
5.174144764790415252e+01
5.150724176129430276e+01
5.132116428407012876e+01
5.110765731839567394e+01
5.092024012303083680e+01
5.073633486369728729e+01
5.048331007214367361e+01
5.010178150130539620e+01
4.978246216343819697e+01
4.945208436200499591e+01
4.917299185311525633e+01
4.882017184319078495e+01
4.839362984547495472e+01
4.818129058474778503e+01
4.791536039309680461e+01
4.762139315357535452e+01
4.730955969756573154e+01
4.701852660616963675e+01
4.660596674498274439e+01
4.638913419090315671e+01
4.620708083002000421e+01
4.579706643330037252e+01
4.556778387302636446e+01
4.542092705786332374e+01
4.519924119563876985e+01
4.509752626592397462e+01
4.482259046687848780e+01
4.470201142362422786e+01
4.459448553538985038e+01
4.435299086537315816e+01
4.424697064390510093e+01
4.417182458534940537e+01
4.400579601766645510e+01
4.403822877448155992e+01
4.380017519531875791e+01
4.370007233796745538e+01
4.364184201274171215e+01
4.353115648472785892e+01
4.348932695590063702e+01
4.339605886636405785e+01
4.337955056171968238e+01
4.325081853415920818e+01
4.326053342031418936e+01
4.308159283664181771e+01
4.293432831713102615e+01
4.286321050984889069e+01
4.279591420721367001e+01
4.274759559093147487e+01
4.268117038074984748e+01
4.240388483737699232e+01
4.240866619769587942e+01
4.226236208518139392e+01
4.226669370267178749e+01
4.234225366797402046e+01
4.199558423236116766e+01
4.201919965904310317e+01
4.189700358150631132e+01
4.173935900302707580e+01
4.162818196936614612e+01
4.147085440238110721e+01
4.143148012757637844e+01
4.153530345938970925e+01
4.128686230946436098e+01
4.124920816659332701e+01
4.105223879466868908e+01
4.084679494743339490e+01
4.117456884401954653e+01
4.113139339465286071e+01
4.101965042655925942e+01
4.095992187744575830e+01
4.105714227332837396e+01
4.113293861894040759e+01
4.135715795432786734e+01
4.168298098974499766e+01
4.219170766600511513e+01
4.287152723748340577e+01
4.396537016060307224e+01
4.524637005400016676e+01
4.686923955332591873e+01
4.838017587766155003e+01
5.015208984712242568e+01
5.187895565627246697e+01
5.375135234555333597e+01
5.521474466430127137e+01
5.688424738140880521e+01
5.853234327713131790e+01
5.983866439471125176e+01
6.121950471507489056e+01
6.238525356361746788e+01
6.364402626501500038e+01
6.464373386541485900e+01
6.567499927090584322e+01
6.669649300383507295e+01
6.765684927830577067e+01
6.848052783886075190e+01
6.923197850057958647e+01
6.976368010247230700e+01
7.017081989409506093e+01
7.037154385367512077e+01
7.050293767513811360e+01
7.044006244236707914e+01
7.019647411817788907e+01
6.986900510395049935e+01
6.955640420446276551e+01
6.919464722702383597e+01
6.864108892308652798e+01
6.814240062253654173e+01
6.767034128749847355e+01
6.708475545013428132e+01
6.646885339008748872e+01
6.589816654162585507e+01
6.520628757724642810e+01
6.465452659065007879e+01
6.406924949491499888e+01
6.340382748285412617e+01
6.289545351633906023e+01
6.229683437163114235e+01
6.166587454127251533e+01
6.119545153686880923e+01
6.064049727970838433e+01
6.020359700033544925e+01
5.979893596293509006e+01
5.936167842539131101e+01
5.904778963225066235e+01
5.857510840335964986e+01
5.841573156381129905e+01
5.805794963484733984e+01
5.774317982541501237e+01
5.751540679117768917e+01
5.732699280141025611e+01
5.692144413182615637e+01
5.665928830659120763e+01
5.610232502354413242e+01
5.551183791281759738e+01
5.498316969743102334e+01
5.404934425274014131e+01
5.322378677884221077e+01
5.218274308489739610e+01
5.111805970599979076e+01
5.037950452054023742e+01
4.970432186240434191e+01
4.911908997526496279e+01
4.880038756933167576e+01
4.847087314181133877e+01
4.838241811374306423e+01
4.840849796021461060e+01
4.837712925937130848e+01
4.832883820930599938e+01
4.845367954101517682e+01
4.837220041979207963e+01
4.853286515299334525e+01
4.848441642416744912e+01
4.849122803635999190e+01
4.852814581666245886e+01
4.863339032478734225e+01
4.885573777621716118e+01
4.906868845563485593e+01
4.923172443481266214e+01
4.954352481136202613e+01
4.987139077911257345e+01
5.036236164158314210e+01
5.058784998776495456e+01
5.081501546258211022e+01
5.105303430831163780e+01
5.125935531256824618e+01
5.143162321778117985e+01
5.156365216488122627e+01
5.153929465564071677e+01
5.144887636160581934e+01
5.153807733150303250e+01
5.139230827925830880e+01
5.124819430267542231e+01
5.114504151908784735e+01
5.097585000367939045e+01
5.098016356529772253e+01
5.071663383981316997e+01
5.037765648136019081e+01
5.023998307569056720e+01
4.989320999110221777e+01
4.970808189438759683e+01
4.930317496633261243e+01
4.895105458699271139e+01
4.860364692809164211e+01
4.826410942411154537e+01
4.800841070951997835e+01
4.764657213607907238e+01
4.732300870346009702e+01
4.694356854921311140e+01
4.667595626700773437e+01
4.627921059312402718e+01
4.601885649582474969e+01
4.576393625119805364e+01
4.545691199738636357e+01
4.519782760003685951e+01
4.492769852222978955e+01
4.467806658065050840e+01
4.450816661346807734e+01
4.433501107607141023e+01
4.418156758904561343e+01
4.394789455740816919e+01
4.373682665060378127e+01
4.368893834296717671e+01
4.361394775787472611e+01
4.354257854669458538e+01
4.352760760996594769e+01
4.345479971792652663e+01
4.323349923141404361e+01
4.320975865410744632e+01
4.314582019235111687e+01
4.318800808199785024e+01
4.313806774517625087e+01
4.307556382934667027e+01
4.306962027732387099e+01
4.290408238830148946e+01
4.276400190057336914e+01
4.277176675254582960e+01
4.263392133368283510e+01
4.256911040116205669e+01
4.246863085145700722e+01
4.236235715862467544e+01
4.226896446978777533e+01
4.230574538382339966e+01
4.207608874998624771e+01
4.202177875429495657e+01
4.194416110873326176e+01
4.184346433723914771e+01
4.178087055554252061e+01
4.167926216925598482e+01
4.160488713778659076e+01
4.136489572249224267e+01
4.143650000458687543e+01
4.132529547362459255e+01
4.123651502636597854e+01
4.103880598392674273e+01
4.109572705168147877e+01
4.097679502097062709e+01
4.102353822795777916e+01
4.084538314363557276e+01
4.081711192075267292e+01
4.084202544058776851e+01
4.107469271880212602e+01
4.109721886642380895e+01
4.134774312644369587e+01
4.161390046372182638e+01
4.196147806834999017e+01
4.278258318472757793e+01
4.387893849285423187e+01
4.510950213318794511e+01
4.666399363152786606e+01
4.837388471564381831e+01
5.005681328302352995e+01
5.173945295645027898e+01
5.351768234619974862e+01
5.526328546429157029e+01
5.708000721665203514e+01
5.872136482631891852e+01
6.015418510789155704e+01
6.157952171290397558e+01
6.292765526825666456e+01
6.409360700415551548e+01
6.531984936433016742e+01
6.640201744327426070e+01
6.741417394721985090e+01
6.829408759022236097e+01
6.917295592228055057e+01
6.995046878809213808e+01
7.065874634357273010e+01
7.109496518606424331e+01
7.145302829044044302e+01
7.161402602354168323e+01
7.156813378566980077e+01
7.142513348424911612e+01
7.118422239104390314e+01
7.082867994153976099e+01
7.044419958019733485e+01
6.994808045106113070e+01
6.948072060467779920e+01
6.880607603909551528e+01
6.829187126638471739e+01
6.776917609887301808e+01
6.712993096636712664e+01
6.651142665544628585e+01
6.588731868395686320e+01
6.535499518821120546e+01
6.476433055104791947e+01
6.419696267509937115e+01
6.368661717275261935e+01
6.304877460936188527e+01
6.253117808932542232e+01
6.208633432889461545e+01
6.159526753598927939e+01
6.123779765660047048e+01
6.077424856403946762e+01
6.057414649831235209e+01
6.028590972395717529e+01
6.006803296158194172e+01
5.982925439091503250e+01
5.956379392759978231e+01
5.947986472101985811e+01
5.937410307066619453e+01
5.927579973595320695e+01
5.919270192647456952e+01
5.891320254022359393e+01
5.869298485471039584e+01
5.851001464145362263e+01
5.804994109751760334e+01
5.741851594941794446e+01
5.677258986858755208e+01
5.574530833276092778e+01
5.445883489133893818e+01
5.361823398156195708e+01
5.277158724909752152e+01
5.191159736501157340e+01
5.128975092595547380e+01
5.070408790318399639e+01
5.043690069204300386e+01
5.027152323840289938e+01
5.007707996567815201e+01
4.991120411483674957e+01
4.998853396909415636e+01
4.990218224337428410e+01
4.982163596293061403e+01
4.970547302762150821e+01
4.971918225860326856e+01
4.963255156276851920e+01
4.961540206791936924e+01
4.972176135385512907e+01
4.980459893824636453e+01
5.009082117347151097e+01
5.051045617988437186e+01
5.083033566327869579e+01
5.117297271268546410e+01
5.152507710361957294e+01
5.182174914034187196e+01
5.200209615239977268e+01
5.220702561402797670e+01
5.231680311085760593e+01
5.230495956143468561e+01
5.244019611353158439e+01
5.233043295113473903e+01
5.232773697512328681e+01
5.223413753965973427e+01
5.220579726340353233e+01
5.205378170641242974e+01
5.205765972180395806e+01
5.185326394213467438e+01
5.172417245110600703e+01
5.143456728974461356e+01
5.128219557723134159e+01
5.105563325123965512e+01
5.079602564709364998e+01
5.040791646896034450e+01
5.001451016659021320e+01
4.956444591600551774e+01
4.926777718722924249e+01
4.895003959888696698e+01
4.863634266661583894e+01
4.820963141232832783e+01
4.787721812144025790e+01
4.766897795716404573e+01
4.731467984669014726e+01
4.705356326783179810e+01
4.671903619943290664e+01
4.644920979868724942e+01
4.621222854536130598e+01
4.587532471774250098e+01
4.573303672736614800e+01
4.541394784307211552e+01
4.537159896671875714e+01
4.510279361864655812e+01
4.497533266934669882e+01
4.483504047307290108e+01
4.457729441555321159e+01
4.447791379308431914e+01
4.443923067225247081e+01
4.424232077444076339e+01
4.426054783270798509e+01
4.408873173778980714e+01
4.394507122547469891e+01
4.394966899478912126e+01
4.376789239872351089e+01
4.374088412206724286e+01
4.367355556695826380e+01
4.363586675956949534e+01
4.362496073718286738e+01
4.345803985105931133e+01
4.347186927074670137e+01
4.335458824968069536e+01
4.337156407736345898e+01
4.324107470347649951e+01
4.291753993972308479e+01
4.307894923644244045e+01
4.282151936343043985e+01
4.281932288726896019e+01
4.275425917253933505e+01
4.259321926312625095e+01
4.266033018295291157e+01
4.255308409181993312e+01
4.246441142846934014e+01
4.231460240930888261e+01
4.227024643670405624e+01
4.225810062371298415e+01
4.221605538923863321e+01
4.200499037688702231e+01
4.195683081767625566e+01
4.175387537283926775e+01
4.168412677954986378e+01
4.161092207181837210e+01
4.156520708472105952e+01
4.157839600335910291e+01
4.147692544815700444e+01
4.138139527486275426e+01
4.154577028302579578e+01
4.156597094459097264e+01
4.214570530109676838e+01
4.265274368440370978e+01
4.345277663326925932e+01
4.468469349918991185e+01
4.596505716430127109e+01
4.763978753877907479e+01
4.966660466181218681e+01
5.126207003360718062e+01
5.317241878764807694e+01
5.492572611203521404e+01
5.675025792496382593e+01
5.841868445696412948e+01
6.010345003703713473e+01
6.150711739027976677e+01
6.302556826533853496e+01
6.442471034841716460e+01
6.561165210450171514e+01
6.682099527107655490e+01
6.780575977662682874e+01
6.879286851326108376e+01
6.973772154735505069e+01
7.074524913216113475e+01
7.147843552121996424e+01
7.209023352289676723e+01
7.265125014247476543e+01
7.288585408525645448e+01
7.316901426510989381e+01
7.298870253780960127e+01
7.285308116132497958e+01
7.249926545964657976e+01
7.207866673829137483e+01
7.172940056504785389e+01
7.116347936416148912e+01
7.065941454867005689e+01
7.018241975816070521e+01
6.962917460644722212e+01
6.906674880186200483e+01
6.848084319638192596e+01
6.791082896361231747e+01
6.744854571173071633e+01
6.677429148377954959e+01
6.623976930657505591e+01
6.565532581323861905e+01
6.516872695276617833e+01
6.463482005352258852e+01
6.416710956486045347e+01
6.369623667979716686e+01
6.336618967296659832e+01
6.293982850963353570e+01
6.269673196675359605e+01
6.242962855691194335e+01
6.220143541352927485e+01
6.218497948469698144e+01
6.213159585172414268e+01
6.224191585170208896e+01
6.203542283425211679e+01
6.193911970423638280e+01
6.178692992875456724e+01
6.177682966688752231e+01
6.150153137208997833e+01
6.124441134335577175e+01
6.094833032632350722e+01
6.041534083077787898e+01
5.991859319189667588e+01
5.932735958801686138e+01
5.847956389563262292e+01
5.764946902243524818e+01
5.667319270638853368e+01
5.569762429079145249e+01
5.477564239552348369e+01
5.398289643826067419e+01
5.328614156143844127e+01
5.289483359949767305e+01
5.243217434441774571e+01
5.225759087698638439e+01
5.208514324003934348e+01
5.190078479210018969e+01
5.177650746518850156e+01
5.158350094368785221e+01
5.148235387804090379e+01
5.137128738490968516e+01
5.112541878325968980e+01
5.104479642005741624e+01
5.097352451762288439e+01
5.101929546414046968e+01
5.094885385615855000e+01
5.124376716824352229e+01
5.136646219430595295e+01
5.157818507442355127e+01
5.186459034932881451e+01
5.213632598625599712e+01
5.249259508123725482e+01
5.273390423061429999e+01
5.276323909597575579e+01
5.290779633732616816e+01
5.295205444986104482e+01
5.295532600848108018e+01
5.287248291084647178e+01
5.277307361951201869e+01
5.280516510656207174e+01
5.267797788979589768e+01
5.257041340885788117e+01
5.249975016849219855e+01
5.246338260987877788e+01
5.229791143110126228e+01
5.214339396426558437e+01
5.201372799327700847e+01
5.178799375644057790e+01
5.157105314279078812e+01
5.119355916345595858e+01
5.085497324528276408e+01
5.051408279137790203e+01
5.014080534057795546e+01
4.977364207668333762e+01
4.943099620608717260e+01
4.910550424093484878e+01
4.868971031118288550e+01
4.845788724836066308e+01
4.811568850180238144e+01
4.773853744620561201e+01
4.747584297709271084e+01
4.721813082601978806e+01
4.688283576281845200e+01
4.657072443934261230e+01
4.647342396359994865e+01
4.621583696315168766e+01
4.603570496758550235e+01
4.580356323929607498e+01
4.553125753300368217e+01
4.547533835940166824e+01
4.538501103388249902e+01
4.520504443561762287e+01
4.508179587992012216e+01
4.498327256679638708e+01
4.476260472496144160e+01
4.486352381799473932e+01
4.471449395795456638e+01
4.464728779684855908e+01
4.468045298804633347e+01
4.456038254149362388e+01
4.455383198137499079e+01
4.445508620888098505e+01
4.440907709024950378e+01
4.432504313204541546e+01
4.420233211757719261e+01
4.414932448780268004e+01
4.399665836809307251e+01
4.390890572723105123e+01
4.389247267835877864e+01
4.366461143222741725e+01
4.361976119735382440e+01
4.355911552020452859e+01
4.336345960959896217e+01
4.336616936871885741e+01
4.327464181011646360e+01
4.321066889058902660e+01
4.301638936119258005e+01
4.297514864675804347e+01
4.285387410785175888e+01
4.265221965062070097e+01
4.252421798997662705e+01
4.239012626286699970e+01
4.225074885150056048e+01
4.226365576773985566e+01
4.219705413377016612e+01
4.196947130642935520e+01
4.187711855312447540e+01
4.188966352493606138e+01
4.210314512969098644e+01
4.223722252236782992e+01
4.231201242540135610e+01
4.278691052945434592e+01
4.336580163538560129e+01
4.420910100213355776e+01
4.526328744130312742e+01
4.692995414601742965e+01
4.857609063504367697e+01
5.029878181630849809e+01
5.209760427272050975e+01
5.419583002662390214e+01
5.615589390149443716e+01
5.795688195990502578e+01
5.961177678736030572e+01
6.124481050217627853e+01
6.280780838372290020e+01
6.434147581050277154e+01
6.569853199893712770e+01
6.701102574380219323e+01
6.818851118484616336e+01
6.933690434323727914e+01
7.037114028425990853e+01
7.138904599839925424e+01
7.237526379490375916e+01
7.311104361364722592e+01
7.378672025838970683e+01
7.429469727138160806e+01
7.459562332669376872e+01
7.473989828998327312e+01
7.461691988321125280e+01
7.443551873901962779e+01
7.408420384453714291e+01
7.371331032017350537e+01
7.332808015773177601e+01
7.286587850185215132e+01
7.238015293913066728e+01
7.189095403308152754e+01
7.135983021909474644e+01
7.069310708159684964e+01
7.029404529417037395e+01
6.961530328611016216e+01
6.907730335498332863e+01
6.856697549501538447e+01
6.803897658737480469e+01
6.751006248133360543e+01
6.711491068611024957e+01
6.665038244152545133e+01
6.622750564800679740e+01
6.594600605705856822e+01
6.554741620326518614e+01
6.520983369538664931e+01
6.493433030793546834e+01
6.467758959034561883e+01
6.455678560676156508e+01
6.452249984884738865e+01
6.435790748106420267e+01
6.428413366878508839e+01
6.422874542052029767e+01
6.433984830105781327e+01
6.412376885602354548e+01
6.423013475785135995e+01
6.394974443147062715e+01
6.392491719389438032e+01
6.373770288588583099e+01
6.343613729434191839e+01
6.316022592688083392e+01
6.281843571165680373e+01
6.223901588568568144e+01
6.142765170553803245e+01
6.055154440576314556e+01
5.944110882537543716e+01
5.836178006677061347e+01
5.738867166036843770e+01
5.636666188785910236e+01
5.566399460883915395e+01
5.480979473294794246e+01
5.441739294352113632e+01
5.390691512333333435e+01
5.373464391017436981e+01
5.347410787584364300e+01
5.322384411657333203e+01
5.313032296916573927e+01
5.288433417881011422e+01
5.275820991536706117e+01
5.261877999035745290e+01
5.248401096129894228e+01
5.243565981688082189e+01
5.251832759337603562e+01
5.256341710301219905e+01
5.273809429558097861e+01
5.294967493401944125e+01
5.319950866030632852e+01
5.351855233600467443e+01
5.387230959730327129e+01
5.397350187154590628e+01
5.427466279102593205e+01
5.433057479741155760e+01
5.442443004736780665e+01
5.442746012592792226e+01
5.440805130394279843e+01
5.453135058147936576e+01
5.426787268048256152e+01
5.428056526938557624e+01
5.412776131859153139e+01
5.405942907752573490e+01
5.373772250527620287e+01
5.366981147600441915e+01
5.339431470444529992e+01
5.323414064990460304e+01
5.300900404865026161e+01
5.275264925809680960e+01
5.235495034443318474e+01
5.207422371020644647e+01
5.172006067419528819e+01
5.143047646315872612e+01
5.098864954950391848e+01
5.072548369808226454e+01
5.034024912504582971e+01
5.000114165404915667e+01
4.974130800692468313e+01
4.938977864727481659e+01
4.898944881387159000e+01
4.880544541880592391e+01
4.844017485136270551e+01
4.824120796244695697e+01
4.800837432211368849e+01
4.776548011526569582e+01
4.746973209813341299e+01
4.715422847600757450e+01
4.701389327643543226e+01
4.674437616864323530e+01
4.656359857227757004e+01
4.643695882057875224e+01
4.626501729937374563e+01
4.615883498855038880e+01
4.599198053700953182e+01
4.579277382200687896e+01
4.581635561790421463e+01
4.552092792021214507e+01
4.555155619246988863e+01
4.541149059049889303e+01
4.537271539850264190e+01
4.526654687078773520e+01
4.515967375056921895e+01
4.506336620995878661e+01
4.502562475109576923e+01
4.483612520370736121e+01
4.478830222800478111e+01
4.472065032117172478e+01
4.458563429880991436e+01
4.454722077557921267e+01
4.437155533413506703e+01
4.435449570515297069e+01
4.420920988869026047e+01
4.409656908891268046e+01
4.404789927902735513e+01
4.398203779798105018e+01
4.391829698599978826e+01
4.371803393356606193e+01
4.351093556199327139e+01
4.349249431422084200e+01
4.345828601737610342e+01
4.323000769438326074e+01
4.323865907589077295e+01
4.304305995169199406e+01
4.298630414340748729e+01
4.279895365828752318e+01
4.266400076256237384e+01
4.263566517256304422e+01
4.248229942226886635e+01
4.234515542579453040e+01
4.223144271367333857e+01
4.227316432076144537e+01
4.235165457491866903e+01
4.263175228590715449e+01
4.304790802225574708e+01
4.358550024903483688e+01
4.466922637055731826e+01
4.570574727529763948e+01
4.732728698032080672e+01
4.904290467033266765e+01
5.078508737223327074e+01
5.267625665521353540e+01
5.461251544782995637e+01
5.665377396056532433e+01
5.856441160855919037e+01
6.040713271403789264e+01
6.216688943052768224e+01
6.381221326748013212e+01
6.550570079857587302e+01
6.713094319785118103e+01
6.852625026883661974e+01
6.987999630594730149e+01
7.095063067974626847e+01
7.217463907370448339e+01
7.325698798703133718e+01
7.426152298333227009e+01
7.505972153829515037e+01
7.574819111297010465e+01
7.623638219812988837e+01
7.656125337207794246e+01
7.680416246468305985e+01
7.676404148997842469e+01
7.650092525774716989e+01
7.615199208440363066e+01
7.587235376441955736e+01
7.540438084537267116e+01
7.492156406985699846e+01
7.431985750885785080e+01
7.379770925508915980e+01
7.321916493216633626e+01
7.263779562333702700e+01
7.196383249463617915e+01
7.139637199619889429e+01
7.076184840532123133e+01
7.028121487418293611e+01
6.950553240517258757e+01
6.911184272209285950e+01
6.848426361257314454e+01
6.804526830071687016e+01
6.768910395735979080e+01
6.744587950723349934e+01
6.700831763865529922e+01
6.689533143418013594e+01
6.650587592201411269e+01
6.642617647575318074e+01
6.634884110825240100e+01
6.612702347951113779e+01
6.603993849242209535e+01
6.614025746891378787e+01
6.596182686025380804e+01
6.602560626493871609e+01
6.581006050186336154e+01
6.573067420782625447e+01
6.576232463540613082e+01
6.572888791697204169e+01
6.556454033719479924e+01
6.538506441759049892e+01
6.532192013854265156e+01
6.502979542495786802e+01
6.476867939742386682e+01
6.420701000983000029e+01
6.336451364697992261e+01
6.233310710245847730e+01
6.132810899371385460e+01
6.006469855198740504e+01
5.911118972579121333e+01
5.802431885024636671e+01
5.715009707970648378e+01
5.645048965076088621e+01
5.580225352095543911e+01
5.537259764338016055e+01
5.505806380076437989e+01
5.479720799831777356e+01
5.460803979685633891e+01
5.438259224867552177e+01
5.414423268450528326e+01
5.409089977337151822e+01
5.397081581937253247e+01
5.388660433473169320e+01
5.383979248786449290e+01
5.378095846248894674e+01
5.395543717829614394e+01
5.406659629391610622e+01
5.418151544151931631e+01
5.443880417550087003e+01
5.464361014047741349e+01
5.492956884266912709e+01
5.512769275667250213e+01
5.530246257173001823e+01
5.541831566276133003e+01
5.542736840838670531e+01
5.554022008972346214e+01
5.546939034940778868e+01
5.543674312742530930e+01
5.531097060890972017e+01
5.521679338554024241e+01
5.509649331240087378e+01
5.490364336701213688e+01
5.479563231336057072e+01
5.460229389460861427e+01
5.429967417093097737e+01
5.418545741053402054e+01
5.379536236213624534e+01
5.366367523612558443e+01
5.332751955563306723e+01
5.299615598628401614e+01
5.264141405971825094e+01
5.210647618396311742e+01
5.178329978102922126e+01
5.134349512504518032e+01
5.085726454923033657e+01
5.040162916621297029e+01
5.006168147692560666e+01
4.964944524312495844e+01
4.938826415931909963e+01
4.907974085463315106e+01
4.861664936127245085e+01
4.837885380189970164e+01
4.807284508751808971e+01
4.783815954873442422e+01
4.758252589041471481e+01
4.727659325879171348e+01
4.707972029971062966e+01
4.681801600910826977e+01
4.661932147441535790e+01
4.636512070804938190e+01
4.625818253155901516e+01
4.619602567440002616e+01
4.604718574559419864e+01
4.595405162787169218e+01
4.577624952895671129e+01
4.586111488426207927e+01
4.573390396054938378e+01
4.570570868259400044e+01
4.566992332248121045e+01
4.554365847133203715e+01
4.562803700724720812e+01
4.544192093731939508e+01
4.536797786846860703e+01
4.535639619810610412e+01
4.516930042483016194e+01
4.508553606422722027e+01
4.491573147615521577e+01
4.474140685550041496e+01
4.470228515615790599e+01
4.459736868601396509e+01
4.456440776048331998e+01
4.434296034603483605e+01
4.433691865827992018e+01
4.406361533059842372e+01
4.391299352153308178e+01
4.386509556572057278e+01
4.368873242332703910e+01
4.346626836679979533e+01
4.325930837763577586e+01
4.309856866432458133e+01
4.301034932741067962e+01
4.288553445926971364e+01
4.279615513594924892e+01
4.261610694168239633e+01
4.259740698496449340e+01
4.240564811044011151e+01
4.226209772516146046e+01
4.213207904442783303e+01
4.211806010699935143e+01
4.195256356730229896e+01
4.202657389772228669e+01
4.211615927851396890e+01
4.209366193758893360e+01
4.240112325376934876e+01
4.288462890904500568e+01
4.332684064708754335e+01
4.411052614018424833e+01
4.514110183892875483e+01
4.668403371987968598e+01
4.802717613600298563e+01
4.978176639212399124e+01
5.160388340445339139e+01
5.343416883817046426e+01
5.528403951766073732e+01
5.720012094216525611e+01
5.898541279668092585e+01
6.076473491126775173e+01
6.245454180108487208e+01
6.396912017399549200e+01
6.561571426222204195e+01
6.683598908776521341e+01
6.815811777675628491e+01
6.931997207017720086e+01
7.032018468367040498e+01
7.139586477780818541e+01
7.230132017472863026e+01
7.317122176775812648e+01
7.388241031574189321e+01
7.447995989123462834e+01
7.481787098841846273e+01
7.505662309551715339e+01
7.515571592668175072e+01
7.492597907515346378e+01
7.463368455367266563e+01
7.424995619872689190e+01
7.382666921990096398e+01
7.333728727417171456e+01
7.282964767167449338e+01
7.226771144310116313e+01
7.169828823002158913e+01
7.101846342096209241e+01
7.040895231263816356e+01
6.980178323010086672e+01
6.926800864869832708e+01
6.857135080495953616e+01
6.809219923364102556e+01
6.759392993958771001e+01
6.698239877889037075e+01
6.664379301304101944e+01
6.602181535879253715e+01
6.565639979304849305e+01
6.523480868788540477e+01
6.496852344336092244e+01
6.471891686270117816e+01
6.440510966556250594e+01
6.416569817455589941e+01
6.390644341798603278e+01
6.386268811324715244e+01
6.368929440373658935e+01
6.346223257789492322e+01
6.326823256993770173e+01
6.321401753986358329e+01
6.306099857257783015e+01
6.286854888865828173e+01
6.267839932987570251e+01
6.253418170431732648e+01
6.222214977154612114e+01
6.166721756735920934e+01
6.123718237863957370e+01
6.041026864687084696e+01
5.960989346342265094e+01
5.866480556516080469e+01
5.756438754798948310e+01
5.665583260564237378e+01
5.577863037573277438e+01
5.506766456278145228e+01
5.448193207314341890e+01
5.394516931383043357e+01
5.363652140984415695e+01
5.338705155762016830e+01
5.297585071092575504e+01
5.280950402909994068e+01
5.244051147105276556e+01
5.218212780693649933e+01
5.201809448203175634e+01
5.189428357550978177e+01
5.175195037653773511e+01
5.170921281652628920e+01
5.175116088008611825e+01
5.175906907638638899e+01
5.190773037610679808e+01
5.214833603562891540e+01
5.245158537170022583e+01
5.263562405152350721e+01
5.292217928664862825e+01
5.312373684862732404e+01
5.334862645657837277e+01
5.354691687053173155e+01
5.362049330869793806e+01
5.367364869339495925e+01
5.373815364090830116e+01
5.369379849528997539e+01
5.360391057526796743e+01
5.355988071100890124e+01
5.354074755119263784e+01
5.340693121058970405e+01
5.325156911486863720e+01
5.298185573561221418e+01
5.282259908476948596e+01
5.259671047711849212e+01
5.241070467205822325e+01
5.205339467672735054e+01
5.160841970110416099e+01
5.143756098089843931e+01
5.105050703754752561e+01
5.072809697544306573e+01
5.036597061069786463e+01
4.997006239848315090e+01
4.963764138905435175e+01
4.934732722459465037e+01
4.891755281228676466e+01
4.863920073198258365e+01
4.838627352483674571e+01
4.807502171600341256e+01
4.784592329805821009e+01
4.759108244413614131e+01
4.719639155605911895e+01
4.706563451420619515e+01
4.684132765608012505e+01
4.662483140984654284e+01
4.633509613594144128e+01
4.605218791131034095e+01
4.583913137761980039e+01
4.578842497563093872e+01
4.557338753359496053e+01
4.540034446636318677e+01
4.520001580633326910e+01
4.502267296059161339e+01
4.500769017038970787e+01
4.480748004509239735e+01
4.474058813885889663e+01
4.458264998016982616e+01
4.444819575730814876e+01
4.441391275601565525e+01
4.430577103849604725e+01
4.414598732158645333e+01
4.416674495856381810e+01
4.400387768463335902e+01
4.393694277510150670e+01
4.394717535480960890e+01
4.383662986317753507e+01
4.376654744300164168e+01
4.374963170967168935e+01
4.366126020724058066e+01
4.360253148481353946e+01
4.342690050114050138e+01
4.333817697811975478e+01
4.327522014934673678e+01
4.312900066511809172e+01
4.302897058257936891e+01
4.281475819741479683e+01
4.264315243273146194e+01
4.265911988820053580e+01
4.239358086116715896e+01
4.234594864368542488e+01
4.224629980192623435e+01
4.220758746090449165e+01
4.201278265724528183e+01
4.190597417980536221e+01
4.172945873406354167e+01
4.168603477525163470e+01
4.159141470060787782e+01
4.137835072403877490e+01
4.133538643189343986e+01
4.116904209319606167e+01
4.132448178781766046e+01
4.121900365600466642e+01
4.135915733203861322e+01
4.141447776740986342e+01
4.140168028905160469e+01
4.161859581744402448e+01
4.198106248713668265e+01
4.212601489020615730e+01
4.282370426178082568e+01
4.372117317434504002e+01
4.479872391196072101e+01
4.629981468627333641e+01
4.777554233575343545e+01
4.951079930132358697e+01
5.127601853935151865e+01
5.292218259459465202e+01
5.472858465800165817e+01
5.633154914343833752e+01
5.792520176081090710e+01
5.946683802956819420e+01
6.081376528726994479e+01
6.209361842604457848e+01
6.328767447138309166e+01
6.433929477142274322e+01
6.548190564015983739e+01
6.644781264806270826e+01
6.740515648635208379e+01
6.810942040065407355e+01
6.890123241448878844e+01
6.938200046876549720e+01
6.992216379659355141e+01
7.021874100552976472e+01
7.039560364777325674e+01
7.043938100548565728e+01
7.011966581674396082e+01
7.004779958667337780e+01
6.961539811389624788e+01
6.922763847539305004e+01
6.873847926469623815e+01
6.822340119423448357e+01
6.786012476692080497e+01
6.719403013916790712e+01
6.658170727672158762e+01
6.591688290024279695e+01
6.535658079700648670e+01
6.471457022162257999e+01
6.406878417717396701e+01
6.353967379966854878e+01
6.293568696120858164e+01
6.236835657531499777e+01
6.187948405327379220e+01
6.117901545571267263e+01
6.075584094705163807e+01
6.017866831908106207e+01
5.973108557934045848e+01
5.932219919221579829e+01
5.883967351595043738e+01
5.856819479616462587e+01
5.812336426751792118e+01
5.787912207266419529e+01
5.754577483834803076e+01
5.724438677324086200e+01
5.702798204684734173e+01
5.664965997835724920e+01
5.620496397284895096e+01
5.576516041951357749e+01
5.516799125781386692e+01
5.442092472722858076e+01
5.378793271536111575e+01
5.277173279872268097e+01
5.177368799252539588e+01
5.080545219062000228e+01
5.010423709990561036e+01
4.931853761900320166e+01
4.883655499721049864e+01
4.841398915061831332e+01
4.832031638901784731e+01
4.822110502312063574e+01
4.816249483542620879e+01
4.808897352969378147e+01
4.794188736360624148e+01
4.798515584895491060e+01
4.797928424475818332e+01
4.805575072510271895e+01
4.811062127981438863e+01
4.809843480665340820e+01
4.818633299714058182e+01
4.829353911725907977e+01
4.853619239537149355e+01
4.874835633495926857e+01
4.910834962584182506e+01
4.942430257730290322e+01
4.991147536641091165e+01
5.023569377234309741e+01
5.055174485953628505e+01
5.075589144060491975e+01
5.106753303574502212e+01
5.121563088199227565e+01
5.128911138972371475e+01
5.134082450995325786e+01
5.134533213773846683e+01
5.137506505927174771e+01
5.131164181010901615e+01
5.126332815574586022e+01
5.116657624771922741e+01
5.097897821797162266e+01
5.091418217120796186e+01
5.071246803311735363e+01
5.051696842296153278e+01
5.035179826727240737e+01
4.991298709774493858e+01
4.964294182123720134e+01
4.940617337910562412e+01
4.916199954846977960e+01
4.872474531887203142e+01
4.831011413214832118e+01
4.798619399268284269e+01
4.763102423843100297e+01
4.736178499810501563e+01
4.693103033112465994e+01
4.665779619464754546e+01
4.626645074265181989e+01
4.601393316948890089e+01
4.571273751657560069e+01
4.545493880758166227e+01
4.522126219233602029e+01
4.498231546774610479e+01
4.467906530468828663e+01
4.445604110263391817e+01
4.436166044058381885e+01
4.418833785191282004e+01
4.386626354633003189e+01
4.363018894587747099e+01
4.353473788762568830e+01
4.353040172170951649e+01
4.340213280659273209e+01
4.327530560461908493e+01
4.304102777018315606e+01
4.304584276128664300e+01
4.299033515130273742e+01
4.292018684786848581e+01
4.299650116269580735e+01
4.287375017721309689e+01
4.286171972883969516e+01
4.263553850579645399e+01
4.272464285610347901e+01
4.261116004623111309e+01
4.263485445012442199e+01
4.257282205443467404e+01
4.238442046946484254e+01
4.236366986187278627e+01
4.234076536792434098e+01
4.212392826541896795e+01
4.219913827759783231e+01
4.191636940019309066e+01
4.188107857801124112e+01
4.180768986578203084e+01
4.171986513926285767e+01
4.158131829801119750e+01
4.150513988463312387e+01
4.146787153096740752e+01
4.140114453962642216e+01
4.135067141674795721e+01
4.106403561935398727e+01
4.103376446743600070e+01
4.080251933035079048e+01
4.077749306468862756e+01
4.061288305452663394e+01
4.057572420765750110e+01
4.052208517368521257e+01
4.044054196100785958e+01
4.052613561576336565e+01
4.057590724733761789e+01
4.060103812679286506e+01
4.071434685600559789e+01
4.083870467627059497e+01
4.100150703176029054e+01
4.138435919450234479e+01
4.194521551652915292e+01
4.284266265178203525e+01
4.390120620719260813e+01
4.532069408796831311e+01
4.660973063623636392e+01
4.851160829182818190e+01
5.019464216215639851e+01
5.200027237149059545e+01
5.357512593159555792e+01
5.515995074367254603e+01
5.703341810481726526e+01
5.862853834757685689e+01
6.008956327961861632e+01
6.142512002417921479e+01
6.255230483794689178e+01
6.381150757232784798e+01
6.483588803948939017e+01
6.595458686905085699e+01
6.691726752692937907e+01
6.782022211665392319e+01
6.857089210311055183e+01
6.925205993825673545e+01
6.983823238471626382e+01
7.035603620270370584e+01
7.046081208514154071e+01
7.052120194779813289e+01
7.043954419748961016e+01
7.027792898113011688e+01
7.002261288562893071e+01
6.959780204633355538e+01
6.924197952406585443e+01
6.863528237516165120e+01
6.821672575915336267e+01
6.754869708562374342e+01
6.704452200526475281e+01
6.643113839479266858e+01
6.586315744618057977e+01
6.523701398523628825e+01
6.457058415228604531e+01
6.401856294060229402e+01
6.327569529617309030e+01
6.278703007208287801e+01
6.221361527079820064e+01
6.163655290769516881e+01
6.101973123865305837e+01
6.053745696628570272e+01
6.017958131218433238e+01
5.965783001193880608e+01
5.930891668627142366e+01
5.884779342079639264e+01
5.871286781562596246e+01
5.835371749965577948e+01
5.819421826610445692e+01
5.795429735140979233e+01
5.770842323651640982e+01
5.747161950962721733e+01
5.743666223866969034e+01
5.693367691623151217e+01
5.675467513555764754e+01
5.626675750726938219e+01
5.571676516914844512e+01
5.513971383253216629e+01
5.439295824887334874e+01
5.339461131693899176e+01
5.248260728953510323e+01
5.158224943744122726e+01
5.083262917252361746e+01
5.013934322843432057e+01
4.956536662764951018e+01
4.920836923321812861e+01
4.884889694383471692e+01
4.871517763631522513e+01
4.856174241915449130e+01
4.838319823768093642e+01
4.840289374832168079e+01
4.845938023466720779e+01
4.850531437318876016e+01
4.845081155181035371e+01
4.857269282315030523e+01
4.847667527914151009e+01
4.866710105141729059e+01
4.875168578263475894e+01
4.902988624874606671e+01
4.920816193526714954e+01
4.957725759096547336e+01
4.986000152094393911e+01
5.022353486539900302e+01
5.045513519318878082e+01
5.071116139443694948e+01
5.108681946372717420e+01
5.137770369755207867e+01
5.153483774969458153e+01
5.166325331708520707e+01
5.171651565870374156e+01
5.168077219924062149e+01
5.161610295707463791e+01
5.153725916618585501e+01
5.138214185847073168e+01
5.131143451215802997e+01
5.109962562544375686e+01
5.103807798167794374e+01
5.076857741361587983e+01
5.057638905743240798e+01
5.028919649137287706e+01
5.007707224713742278e+01
4.982773471275448429e+01
4.946771992022275555e+01
4.915128290599316330e+01
4.891233121948420859e+01
4.860662407951533481e+01
4.826095033565640335e+01
4.784184239531040106e+01
4.760188674718245494e+01
4.730885455373778825e+01
4.706631319446593409e+01
4.672121778983726870e+01
4.630581750566243926e+01
4.604050479726969769e+01
4.578271656343817142e+01
4.550981708083406119e+01
4.529445601141184596e+01
4.508586906412720197e+01
4.482577574323966729e+01
4.469629226060688154e+01
4.451772602615982066e+01
4.440270874282449398e+01
4.439928694832242684e+01
4.404898869591868760e+01
4.404508201166159864e+01
4.372937963711201803e+01
4.368788641613080870e+01
4.365712968530237248e+01
4.361960820485010260e+01
4.349228315699949832e+01
4.332283748107135324e+01
4.333605382809519568e+01
4.311460503533586319e+01
4.301956030312098278e+01
4.304583228612422374e+01
4.294588600488483365e+01
4.297754856160014469e+01
4.289164258160732146e+01
4.295483840948075027e+01
4.278841647188283304e+01
4.261137699235800369e+01
4.265950250729090953e+01
4.248255509893048298e+01
4.262313040025170352e+01
4.233940235633041738e+01
4.225255953845672252e+01
4.218035093597240603e+01
4.203636996638599754e+01
4.192725902068067256e+01
4.187494564607843728e+01
4.179579118392534554e+01
4.158478033918991201e+01
4.151022323285798876e+01
4.145312346710228724e+01
4.141735416431083650e+01
4.126734060382108993e+01
4.112672684762731024e+01
4.116765875151718035e+01
4.115993724742077120e+01
4.107105866443004061e+01
4.106574127902381122e+01
4.103524077618133248e+01
4.096146434511162226e+01
4.105673029621701176e+01
4.123124098883580047e+01
4.153385630191873190e+01
4.202550170971650090e+01
4.274803168848261237e+01
4.382229543039679243e+01
4.488420068595662116e+01
4.658938787082313837e+01
4.836661605557530663e+01
5.031425197722494147e+01
5.213837360484629357e+01
5.397675358248978483e+01
5.565526273397832568e+01
5.725034769198030205e+01
5.896531592192232551e+01
6.034311513723909570e+01
6.179214104639470406e+01
6.318437393287300807e+01
6.434113619471072809e+01
6.555932921955465531e+01
6.666264389479637487e+01
6.776815504619955277e+01
6.878432078072904687e+01
6.967248444112121319e+01
7.049109963895857334e+01
7.122254384311020203e+01
7.169941734226524943e+01
7.207092834988712582e+01
7.217517275566339663e+01
7.217270282263039860e+01
7.200669906454264435e+01
7.177490467058598256e+01
7.138430681439220393e+01
7.097817043306410767e+01
7.042055438200115702e+01
7.004001929761946599e+01
6.954154050031780798e+01
6.899832283565878299e+01
6.854622805753827208e+01
6.784613877112150249e+01
6.728785230966389008e+01
6.664869538905203683e+01
6.617528200144052164e+01
6.555052567252992901e+01
6.499556479947744947e+01
6.447460740627825260e+01
6.390474313372850190e+01
6.341168716261267235e+01
6.288663453223287547e+01
6.252775546783685456e+01
6.223634527059375898e+01
6.180579404229402485e+01
6.154138109522044431e+01
6.123814168298721228e+01
6.107000099176644881e+01
6.101488840567051852e+01
6.081631240571022090e+01
6.082065463619410650e+01
6.068502443852007389e+01
6.058091896647691499e+01
6.018958674626529159e+01
6.003460285903990012e+01
5.985090379500865509e+01
5.939500046836316471e+01
5.918924181493103021e+01
5.867048751378536053e+01
5.808433160705595810e+01
5.719254023252159413e+01
5.620976821312785177e+01
5.529871466888219089e+01
5.434664700450479558e+01
5.350520697908579848e+01
5.271295831637561236e+01
5.203743714509636220e+01
5.159444142384558774e+01
5.135825187226861743e+01
5.110827921224861825e+01
5.105685388332337027e+01
5.099880825175076637e+01
5.100512863395839958e+01
5.083029817322373134e+01
5.079283017123221811e+01
5.064585041074186478e+01
5.055613009331852226e+01
5.042415297070622415e+01
5.034762915263056726e+01
5.049335630422562105e+01
5.038921113683014852e+01
5.068586553117364701e+01
5.089848155671834462e+01
5.120223259793698389e+01
5.149599584745347158e+01
5.183853365847944872e+01
5.210878182234346667e+01
5.227434893155574258e+01
5.240470957120984252e+01
5.255221198717236319e+01
5.259296036897330850e+01
5.249602542126655180e+01
5.249441004095702823e+01
5.247774350622773198e+01
5.232481385348468450e+01
5.231934692135184406e+01
5.215544811958551463e+01
5.212501722144067173e+01
5.193264582557707598e+01
5.180547625118970245e+01
5.166777527930319280e+01
5.157494549261510031e+01
5.127636477103560964e+01
5.096836742976784507e+01
5.065841509239852058e+01
5.030973222030430492e+01
5.015835068630158844e+01
4.974840796174585478e+01
4.931193330476164505e+01
4.906723130541026023e+01
4.859402080515503286e+01
4.832623485578328371e+01
4.801880758388072223e+01
4.770429028099506752e+01
4.735732257891550034e+01
4.701924443045734847e+01
4.665168862363427849e+01
4.644437633821844713e+01
4.619561879703879015e+01
4.580092349836706944e+01
4.558199260385811158e+01
4.538430147945985027e+01
4.515348513487830218e+01
4.503571508912473575e+01
4.478953609187259843e+01
4.477883405949093287e+01
4.463840568610571324e+01
4.459716469600900979e+01
4.443006462947569446e+01
4.439727737111143568e+01
4.433264038141921048e+01
4.421781716425076070e+01
4.417306368679843587e+01
4.404953616098605096e+01
4.399574041307076300e+01
4.388671905757031766e+01
4.387920588515802933e+01
4.381594748197227318e+01
4.369732839673861235e+01
4.369858265960692734e+01
4.362083324752852320e+01
4.365346172448351325e+01
4.345926379108905735e+01
4.330736511485755358e+01
4.324666733755834258e+01
4.315531702973052575e+01
4.319513946230627255e+01
4.300608455799623897e+01
4.279662899921752484e+01
4.282045558312080402e+01
4.273126205610215322e+01
4.268300794476747484e+01
4.247760310372907355e+01
4.237743505227483354e+01
4.225635320122457728e+01
4.222951349198456228e+01
4.211570733038812619e+01
4.206193887302755741e+01
4.197129743046696859e+01
4.183177529646187764e+01
4.163166137726150140e+01
4.162809141434367177e+01
4.173910084540594312e+01
4.170975688319291663e+01
4.177387163090623545e+01
4.176429250836942231e+01
4.207971825593255488e+01
4.261203692759025330e+01
4.323897719003364415e+01
4.433265002959512202e+01
4.555637145923554243e+01
4.706869436428054598e+01
4.879383397692918578e+01
5.072946425980060781e+01
5.263298210529714538e+01
5.433245481340318861e+01
5.620535982372343398e+01
5.784991621719777299e+01
5.958683487432181636e+01
6.113870703073322233e+01
6.268884361812948924e+01
6.412585947791218643e+01
6.542133935371518305e+01
6.659277566412568206e+01
6.769225312197684730e+01
6.877532096224010161e+01
6.968478117914973780e+01
7.069248077714919987e+01
7.150609877118944269e+01
7.223064480522751296e+01
7.283907311255215689e+01
7.317352189289509568e+01
7.341456971453607139e+01
7.337619092473863702e+01
7.324172953466057834e+01
7.303528503375231651e+01
7.260907383063911880e+01
7.223049263971030598e+01
7.181654730046271595e+01
7.130206024969101009e+01
7.090733187155902328e+01
7.033654578471660557e+01
6.986319855602562257e+01
6.934838953184068089e+01
6.871142247149825266e+01
6.815368733437836113e+01
6.751782292271137464e+01
6.707739416757702600e+01
6.645285836840152172e+01
6.599913828613340172e+01
6.535832959780573503e+01
6.505656773479759636e+01
6.456762464324116024e+01
6.430418202700197128e+01
6.399519560987234001e+01
6.368498525271296273e+01
6.351201275499641952e+01
6.325324095854639950e+01
6.304250715429067498e+01
6.289021372983336278e+01
6.274092171507060556e+01
6.270393005730688429e+01
6.256758534329116372e+01
6.238647088775515215e+01
6.236833231704413549e+01
6.218814188109814722e+01
6.204589579137146416e+01
6.178066026838600067e+01
6.156897157037735013e+01
6.127062130237101911e+01
6.083678197572111657e+01
6.018334354946493647e+01
5.940237718800187139e+01
5.846976245155661900e+01
5.753325757058441070e+01
5.647196593901246331e+01
5.568580279434203817e+01
5.458799364393681230e+01
5.400516332561254274e+01
5.347121673101663220e+01
5.315092375436901762e+01
5.290822416501223557e+01
5.270870429778575783e+01
5.263480257826029884e+01
5.248706309283256388e+01
5.226746068528026257e+01
5.210782692859053356e+01
5.182241734543919165e+01
5.167784907760202628e+01
5.161075400835007088e+01
5.154142607553034594e+01
5.151797053290635375e+01
5.160779560195386040e+01
5.184196510115742740e+01
5.213460916226834030e+01
5.239902100669323914e+01
5.269609771547943211e+01
5.298669526064872315e+01
5.324298940552502302e+01
5.341087538490175746e+01
5.357033712839811557e+01
5.359049795677989181e+01
5.377669562270968839e+01
5.369571489868789627e+01
5.362978202113986015e+01
5.364574065541952308e+01
5.354173001116245700e+01
5.345976462187349654e+01
5.332832007857143708e+01
5.316443450858920272e+01
5.298214573221385137e+01
5.279622042050689146e+01
5.272377529988169442e+01
5.240557956101476833e+01
5.224329062631457532e+01
5.200973861036926138e+01
5.176376525709509480e+01
5.145421869443833884e+01
5.106941966762870067e+01
5.078398251826047272e+01
5.048504233321278889e+01
5.003641538517653942e+01
4.979089411785930253e+01
4.935469567436828697e+01
4.913801693977892171e+01
4.867047625901281549e+01
4.833194437062471849e+01
4.808746951690047666e+01
4.778401122890516461e+01
4.748636389942943481e+01
4.716978850279107149e+01
4.684002653064310095e+01
4.666029259124874784e+01
4.640572409154951572e+01
4.612416550889714983e+01
4.610254973558812708e+01
4.573190871777116939e+01
4.565198763912647451e+01
4.553308517318323112e+01
4.542236656570911180e+01
4.524057287858902754e+01
4.504954781675814957e+01
4.498266114810585492e+01
4.492102363847300239e+01
4.486816789855352994e+01
4.475000779083102742e+01
4.464470484232634107e+01
4.458142659146442810e+01
4.455849811490729451e+01
4.448063981627218055e+01
4.438144416311859430e+01
4.429959041700802658e+01
4.427931601581267529e+01
4.420791041722625181e+01
4.410664261154934707e+01
4.394494635051220399e+01
4.401777684684946479e+01
4.374140622621506225e+01
4.379883382320507934e+01
4.372435293746284657e+01
4.357067816987737530e+01
4.355278576548315073e+01
4.334260907447069400e+01
4.333695303809001587e+01
4.330467520341380805e+01
4.316514245641521796e+01
4.308430810900509300e+01
4.292840681808173287e+01
4.283187764508753759e+01
4.256133479836501010e+01
4.254413664914306281e+01
4.242008591653417682e+01
4.237001753463513865e+01
4.222949240382865099e+01
4.224672432166628511e+01
4.224793117064155012e+01
4.226963184789858730e+01
4.272856663141503475e+01
4.303620064994424155e+01
4.383854571525111510e+01
4.499418162146687195e+01
4.624157498853384851e+01
4.785834463538706274e+01
4.951726137388601501e+01
5.136546870784938079e+01
5.333929694613545536e+01
5.532398517122596360e+01
5.728361791046440032e+01
5.916114191608607342e+01
6.078007716493785040e+01
6.247300455050646661e+01
6.415760914387286107e+01
6.567171337785303820e+01
6.710214642504334392e+01
6.851369551101804234e+01
6.966193870918930031e+01
7.082780443849145513e+01
7.191446029754459346e+01
7.291093493202805575e+01
7.383989438811421735e+01
7.451527993360637936e+01
7.513136282803594668e+01
7.547418512242019517e+01
7.574182883011280865e+01
7.577259934404969499e+01
7.564783244112611271e+01
7.544031175511061349e+01
7.501769739197671072e+01
7.458004069561242488e+01
7.409089251140237309e+01
7.355407461965560856e+01
7.294490753771840730e+01
7.247488810272992055e+01
7.191942662717877965e+01
7.125540938953041348e+01
7.077227725649356671e+01
7.017675875986098788e+01
6.962468462104081368e+01
6.902653961526334569e+01
6.848644024105846029e+01
6.795282444106518938e+01
6.762253705682337568e+01
6.720903939293800988e+01
6.684909296462416251e+01
6.645738584386289460e+01
6.602587310591816561e+01
6.570628802972018434e+01
6.548411755340278262e+01
6.516988693917274134e+01
6.512297144333004439e+01
6.488159282708645037e+01
6.506214713709532305e+01
6.487899057621240217e+01
6.493949290903388771e+01
6.495347228894114266e+01
6.487059280390023730e+01
6.475756028818071286e+01
6.463811035717010611e+01
6.441973960818826583e+01
6.415902053417741513e+01
6.389247065397083247e+01
6.355876505883514938e+01
6.310339541414856512e+01
6.261009024443208659e+01
6.199970363305985899e+01
6.119387474926292469e+01
6.026337379032850095e+01
5.943205166915535642e+01
5.873778988098829501e+01
5.780361158872127447e+01
5.705344220476329298e+01
5.630837808417260248e+01
5.578812307817965177e+01
5.514830346571385888e+01
5.476694690806895238e+01
5.432458520980655692e+01
5.392615634271979275e+01
5.368077400913566066e+01
5.345004697909682534e+01
5.318314535396277876e+01
5.300337392451345409e+01
5.290979323407739088e+01
5.292628775561332333e+01
5.311152611719548133e+01
5.322502725860208272e+01
5.339466644937276385e+01
5.358446867382257750e+01
5.378770115913927441e+01
5.400034475090086517e+01
5.425016304010629398e+01
5.444123551583021481e+01
5.466345561133801567e+01
5.481709536982804565e+01
5.492511634731769021e+01
5.496016954870998461e+01
5.501650497218697922e+01
5.488322892943501330e+01
5.490282299639761021e+01
5.474800450647353500e+01
5.464504358375548776e+01
5.453425495809047874e+01
5.443656469604104586e+01
5.424766223291039324e+01
5.397807455560296575e+01
5.379259802190691175e+01
5.354459910301595471e+01
5.328411599582165081e+01
5.301805789692431148e+01
5.270867783421754638e+01
5.235305819930612614e+01
5.204935346933185514e+01
5.164750859664857074e+01
5.130208625668763744e+01
5.082225324848770498e+01
5.053387643775075588e+01
5.007223933799296134e+01
4.968415221283316185e+01
4.947002666125177939e+01
4.897116745015710393e+01
4.881469498721986611e+01
4.852884875519305297e+01
4.821173912527143557e+01
4.794747834371506912e+01
4.776676856024294437e+01
4.747372203236550092e+01
4.724395651197164625e+01
4.707138427572429151e+01
4.677825284389882654e+01
4.662635747561335364e+01
4.650812597138911286e+01
4.634249380590497935e+01
4.619668505830794203e+01
4.608903843004360823e+01
4.591384299259736679e+01
4.577209364609896625e+01
4.586307980420171759e+01
4.561912429800361224e+01
4.556978407772361805e+01
4.546435377329692074e+01
4.539575855052202513e+01
4.528076001221418068e+01
4.527847036223962363e+01
4.514324428530513700e+01
4.502371716888725217e+01
4.497908801507308851e+01
4.494919686345487264e+01
4.474120148718461110e+01
4.473341237694128836e+01
4.453730686133831540e+01
4.452700178247980745e+01
4.454347562935307536e+01
4.439419794902309491e+01
4.428003659672207704e+01
4.420350257914617487e+01
4.403242250221885712e+01
4.408515695078402530e+01
4.382960929906099778e+01
4.378539363850011767e+01
4.355753404634177173e+01
4.350977502426236754e+01
4.330399018292419555e+01
4.327265263190597011e+01
4.299642756089671991e+01
4.300816194810077064e+01
4.278733560051873042e+01
4.280115730166539123e+01
4.260760745002992422e+01
4.255894646133400272e+01
4.256757868432077885e+01
4.231463300780962555e+01
4.262215428051177213e+01
4.279042715174249878e+01
4.331199155303753656e+01
4.378137586238897683e+01
4.467285849529422848e+01
4.583144260840594342e+01
4.735658380430295722e+01
4.902405158327996304e+01
5.087496647106587488e+01
5.271214456165313322e+01
5.479692020701348554e+01
5.676146634874969266e+01
5.878009079212426968e+01
6.053183345804094984e+01
6.242976528534769898e+01
6.404111431131244103e+01
6.565203330429375228e+01
6.726323457533597150e+01
6.868949961053311881e+01
7.007546724723755460e+01
7.131689307967305069e+01
7.249696312921226138e+01
7.363881537566065560e+01
7.461504758576035101e+01
7.550522688793122938e+01
7.610639315107941627e+01
7.652924568632721503e+01
7.698528794670581021e+01
7.706489035988330727e+01
7.709408408621429487e+01
7.691944217840313058e+01
7.657926183024525812e+01
7.618147690998493715e+01
7.566908489169657059e+01
7.520277035625755957e+01
7.456870105663418258e+01
7.387262100080131688e+01
7.330234654294430641e+01
7.261092628041386376e+01
7.189221766846358719e+01
7.119677273826778219e+01
7.049270068483531304e+01
6.989186301099240950e+01
6.920248705910623244e+01
6.869273037115216596e+01
6.805805240945994683e+01
6.753548514919459933e+01
6.713789650039851153e+01
6.667818683052539086e+01
6.639912188785254443e+01
6.599897729942679803e+01
6.576512315774439799e+01
6.558381904663622208e+01
6.540195699529826356e+01
6.535457838701188393e+01
6.521515948848903577e+01
6.526307839462637617e+01
6.516722735056757188e+01
6.514718119764805238e+01
6.518583785491168214e+01
6.523324954265832787e+01
6.504498330781339632e+01
6.489066100979327700e+01
6.505641777457773856e+01
6.480277770506322099e+01
6.470042544441402299e+01
6.439146328555524690e+01
6.395221877509832353e+01
6.345582839438795730e+01
6.270921174446225166e+01
6.171325535485625124e+01
6.077296949157595662e+01
5.951662923315643638e+01
5.866379884692013036e+01
5.771317785760491859e+01
5.691250385636567444e+01
5.619216883761912129e+01
5.557141291810303585e+01
5.507550108691781787e+01
5.466530806111276064e+01
5.433516953444212305e+01
5.397442699378460418e+01
5.378753796713530733e+01
5.352386820526897537e+01
5.340723443897545053e+01
5.316377622732996855e+01
5.311744513528525857e+01
5.314545351429015341e+01
5.321760643301635696e+01
5.341293513262748149e+01
5.362410558575868436e+01
5.374220918273657333e+01
5.398749779118328718e+01
5.434568770015716410e+01
5.448405908243834972e+01
5.462406459005653403e+01
5.479967682870208989e+01
5.485111538941144715e+01
5.487282213123619101e+01
5.485925844987958300e+01
5.476614417983323335e+01
5.471373969888418287e+01
5.462401827881216576e+01
5.443091362157940694e+01
5.427012539172648786e+01
5.411514701774447644e+01
5.393707697520136435e+01
5.381524532305180486e+01
5.346544215990334692e+01
5.330153674224495575e+01
5.292208886945724089e+01
5.257368607012659112e+01
5.231671489896356775e+01
5.191953974342077771e+01
5.170637570148437590e+01
5.124963877244024957e+01
5.089546360729366370e+01
5.046201241297751494e+01
5.013558540174841482e+01
4.985162910955131110e+01
4.944142615990817546e+01
4.917490880783751095e+01
4.887817006087034599e+01
4.858611757077380844e+01
4.830338466728210278e+01
4.802724615419387533e+01
4.768564228659599991e+01
4.756974674359067734e+01
4.722678165620296653e+01
4.705445365663722157e+01
4.683705489246278830e+01
4.660480951519787141e+01
4.644885695111110380e+01
4.634936771774768260e+01
4.602475952550872762e+01
4.599557517169147758e+01
4.574965254025637762e+01
4.569034658124774495e+01
4.554539238637417498e+01
4.543703620368718532e+01
4.522283842861756398e+01
4.525553802641212542e+01
4.501922277288615248e+01
4.506331824474141001e+01
4.482172736862778351e+01
4.484608598051696760e+01
4.470815510638162493e+01
4.473571581002428843e+01
4.462846999455347685e+01
4.456050107622623102e+01
4.455127631740748484e+01
4.437711764537833403e+01
4.432104327397524912e+01
4.427099790986731165e+01
4.407473030490904620e+01
4.388340008505723944e+01
4.381955204049229025e+01
4.359194550620495789e+01
4.346692830203205204e+01
4.345677924796111569e+01
4.317178729299559592e+01
4.309233869930833549e+01
4.280122621720760634e+01
4.279803845988690369e+01
4.257775544243968824e+01
4.243160294411807598e+01
4.232491947947173827e+01
4.215893680953990241e+01
4.209643716647394029e+01
4.195052146195538256e+01
4.164677607181120322e+01
4.140614725666690532e+01
4.140610852613217929e+01
4.125806732846062630e+01
4.144699832262575256e+01
4.218968678664520411e+01
4.386639062658987598e+01
4.664699905881762021e+01
4.989810795651852970e+01
5.352893818387865821e+01
5.705450405543773940e+01
6.011619665572523985e+01
6.296809160048245957e+01
6.551517034540056272e+01
6.792652627015590383e+01
7.013103191929042168e+01
7.199715012701332739e+01
7.334565417232096252e+01
7.412652570599793478e+01
7.434667171934724195e+01
7.409337567621946619e+01
7.351833557078718684e+01
7.273960979143261341e+01
7.171403405310690005e+01
7.056216975668549196e+01
6.908898702034831274e+01
6.756267867082833334e+01
6.612335165942191395e+01
6.494199812682450101e+01
6.399697749013185444e+01
6.313449010679602225e+01
6.221853087859332021e+01
6.145885445775568456e+01
6.060688634278356801e+01
5.991278884926914827e+01
5.921381544331192970e+01
5.817997204521775245e+01
5.691963137740373213e+01
5.520321647239953222e+01
5.354736344324528829e+01
5.228334103150397283e+01
5.150280911361902980e+01
5.101300705874442798e+01
5.088907927146285459e+01
5.064988500224530554e+01
5.050034709682792311e+01
5.042469216590851033e+01
5.073721257204294233e+01
5.110631760025501080e+01
5.142929221848130084e+01
5.187755749775200798e+01
5.216266936576097635e+01
5.226841888697921945e+01
5.212947523003548156e+01
5.176094909237802000e+01
5.137659333033591480e+01
5.090908021578669462e+01
5.052439035119592603e+01
5.002674956688761654e+01
4.957113072360038331e+01
4.901988632790848044e+01
4.853280340466752563e+01
4.801057300357251734e+01
4.750295655669748385e+01
4.707696919126539825e+01
4.677195947658374564e+01
4.638558586746557921e+01
4.625332315884634227e+01
4.607118103474482496e+01
4.607417086662828609e+01
4.585516278671205015e+01
4.559825997976690104e+01
4.537467425387456643e+01
4.504607612740352351e+01
4.477955905099503298e+01
4.459138185503065444e+01
4.446017465685598324e+01
4.437868836841649767e+01
4.423385188128903422e+01
4.407867833849146422e+01
4.406024618757061262e+01
4.403251953530229201e+01
4.403823566603578143e+01
4.398924333141289367e+01
4.382640004009112289e+01
4.382013313634425344e+01
4.368750379704042786e+01
4.362112710340052502e+01
4.358525160175852164e+01
4.340974907665617621e+01
4.320777719443768206e+01
4.303312646543711395e+01
4.294394313791870843e+01
4.274691635934740219e+01
4.263789155806984610e+01
4.250473928763169340e+01
4.227273856054164014e+01
4.222332280882738331e+01
4.220655345210909815e+01
4.233539905248314028e+01
4.251530872651014192e+01
4.294776409124128236e+01
4.345897158919006387e+01
4.427344441161594801e+01
4.522805836744710462e+01
4.653611891331254924e+01
4.780378833554789253e+01
4.939188194962322598e+01
5.094817793252050819e+01
5.247946253551274509e+01
5.410400585552781649e+01
5.563937687451124248e+01
5.689965910194545984e+01
5.825969685239821416e+01
5.948341745505213396e+01
6.075338645110010560e+01
6.200955469632625494e+01
6.322637823151528380e+01
6.439459480779349576e+01
6.566489680374145621e+01
6.688615960249781267e+01
6.785942568766057548e+01
6.860296594778179724e+01
6.927323961401462782e+01
6.961459759095787092e+01
6.996980042466998384e+01
6.996920719968258595e+01
7.000336284505307560e+01
6.977019455084680999e+01
6.944435084076702935e+01
6.894052419738947890e+01
6.841380877280711559e+01
6.795896839948474621e+01
6.715612107770621719e+01
6.654947244534372430e+01
6.587200950974703062e+01
6.533580469066380658e+01
6.478862851725995142e+01
6.412965699995041291e+01
6.361073289090871441e+01
6.311549808601021283e+01
6.264627476336538336e+01
6.207037459196627083e+01
6.147142906325041878e+01
6.088770449685036823e+01
6.038683074662566241e+01
5.995650666395306416e+01
5.951147324795007165e+01
5.913435857975959209e+01
5.877778184579789666e+01
5.847277599038660156e+01
5.824972008718281558e+01
5.804135808022796539e+01
5.781394561210750993e+01
5.754705391081154175e+01
5.721317409718513147e+01
5.696292577499627896e+01
5.639975127196043303e+01
5.605834588112413286e+01
5.564004177166253129e+01
5.505879265153884461e+01
5.435460040940075999e+01
5.358936663923888943e+01
5.269568422222614146e+01
5.185896132784068158e+01
5.111362044243246316e+01
5.042160364696859887e+01
4.987854145577281173e+01
4.940859920619159595e+01
4.910499371459811613e+01
4.889890095861732533e+01
4.879478225479006426e+01
4.868521646650611956e+01
4.870323925910621909e+01
4.867899477135494379e+01
4.874937242571368756e+01
4.871273582082346110e+01
4.865882898105412124e+01
4.866242361573606701e+01
4.865962840134381651e+01
4.872744350018083992e+01
4.885055973803728335e+01
4.911412199165776116e+01
4.926663208657979709e+01
4.974259369528024877e+01
4.996503321787446339e+01
5.044022297250211295e+01
5.072688736984610358e+01
5.087833396012067766e+01
5.119843176795274076e+01
5.135503544608235416e+01
5.145094382787227261e+01
5.153946997678011144e+01
5.157925905423343238e+01
5.146335413871437225e+01
5.137480593683302033e+01
5.127394555984169244e+01
5.117445908309996128e+01
5.109815800005674191e+01
5.088186684647678959e+01
5.057566351460396703e+01
5.054367126593470516e+01
5.029598108867287465e+01
5.006144330481171068e+01
4.968294370988488140e+01
4.955208853229984101e+01
4.915842917205869611e+01
4.878334337743103077e+01
4.855046728512376575e+01
4.808669986812501662e+01
4.791039847405731678e+01
4.755778851870551449e+01
4.721800677804380086e+01
4.686408797871425236e+01
4.656271535068854206e+01
4.623469335815041603e+01
4.603044478207930723e+01
4.568171394476770786e+01
4.559642737766831999e+01
4.529530670486494870e+01
4.512276203483447290e+01
4.492097429494477723e+01
4.467535213527373372e+01
4.449127541407115416e+01
4.435431459510802910e+01
4.410138297736748569e+01
4.391443881828441675e+01
4.392519184816733002e+01
4.375708451206899952e+01
4.364070959255203519e+01
4.358807576067849965e+01
4.350246501486852679e+01
4.329337305449053019e+01
4.331213682700052203e+01
4.323988081062316269e+01
4.326111837543651006e+01
4.315166808960132272e+01
4.302179950691863297e+01
4.302285997928224504e+01
4.291508323847420314e+01
4.287577877511374425e+01
4.287634250424905957e+01
4.276058865159853895e+01
4.260635043053991922e+01
4.250860048763092180e+01
4.242414228534895670e+01
4.225633169957540503e+01
4.226787725819378494e+01
4.222081180213123019e+01
4.218252646180905430e+01
4.196995592052221014e+01
4.187967931684210754e+01
4.185375825177982279e+01
4.168381417865037264e+01
4.161582844493083400e+01
4.138273251204389425e+01
4.137624666361940484e+01
4.108755525343224235e+01
4.105558967507781176e+01
4.095974021607648297e+01
4.097075057659402120e+01
4.088931755986867245e+01
4.079676943100161424e+01
4.075797094555210265e+01
4.073305522041965077e+01
4.084337025847855784e+01
4.085540525527775202e+01
4.109424502294614712e+01
4.124565936074696282e+01
4.159648399006213992e+01
4.214735954977210497e+01
4.294643622657387994e+01
4.382675123369425307e+01
4.504756249781802069e+01
4.663662368610605569e+01
4.841362472523108096e+01
5.021365844121307020e+01
5.179100729527056046e+01
5.371374099923401957e+01
5.539741605976700356e+01
5.713598207401215490e+01
5.875677969647675525e+01
6.012533099735259867e+01
6.168241206610679228e+01
6.292578738140046113e+01
6.412619027251481896e+01
6.523342596644639002e+01
6.643459630103885161e+01
6.745398838559269450e+01
6.837633636022090400e+01
6.924013589548050618e+01
7.006708491200684819e+01
7.072228096025168043e+01
7.124444244580448071e+01
7.144796272242545854e+01
7.152967339987038997e+01
7.158356645653128680e+01
7.145091782087564525e+01
7.111086537996411039e+01
7.087067541899263290e+01
7.033671118201792183e+01
6.990005789594829366e+01
6.937550586806713682e+01
6.889162393393098682e+01
6.832660469966113226e+01
6.773360685790061098e+01
6.709300987811863592e+01
6.653211013930022943e+01
6.596064482087373904e+01
6.544055410953342289e+01
6.481600066797912518e+01
6.422892625490307239e+01
6.370259896265446997e+01
6.312100250819801772e+01
6.259741860585391038e+01
6.231455173054813912e+01
6.161375233838438703e+01
6.135486366117476820e+01
6.103970020616531400e+01
6.058253765473246233e+01
6.047244921097635739e+01
6.013828050339698450e+01
5.993113692322850028e+01
5.965362671518802529e+01
5.947188816050171312e+01
5.928036690676688636e+01
5.918366902852535105e+01
5.899530135000228626e+01
5.874591088848292486e+01
5.845233288394391025e+01
5.819361952787369319e+01
5.766864739084720526e+01
5.703578218357741747e+01
5.632872084958582803e+01
5.542698909724235534e+01
5.428532319842010168e+01
5.366970231378554956e+01
5.256309182165294658e+01
5.209792955407976933e+01
5.135010219590842695e+01
5.098418161707103025e+01
5.048357691312313023e+01
5.032345578571885625e+01
5.008173865633189337e+01
5.001616413960337582e+01
4.990110495561837922e+01
4.987138747116654969e+01
4.982073620161145300e+01
4.967945051888108310e+01
4.964206411289155341e+01
4.960247847411885402e+01
4.971143835695564661e+01
4.984865857401966593e+01
5.000343295799672205e+01
5.023684604020893119e+01
5.051107145784526864e+01
5.081661761110752451e+01
5.114963405082106362e+01
5.144306319778888792e+01
5.170547704281389656e+01
5.192470234451919708e+01
5.218616239843994009e+01
5.230297920441358883e+01
5.229283042600482645e+01
5.230938669586657852e+01
5.224870352866231826e+01
5.228827097373186916e+01
5.212923154467820552e+01
5.201093718947947053e+01
5.194318824956297931e+01
5.195071051882683832e+01
5.163174843913048306e+01
5.163108133668183797e+01
5.142276894891738692e+01
5.132212799901246569e+01
5.099698336819290745e+01
5.069753927270054561e+01
5.044808926815271377e+01
5.010873590650140841e+01
4.970116938984125454e+01
4.950023427303984391e+01
4.895677843626692294e+01
4.874737938823282235e+01
4.831048793004929820e+01
4.796567314950853245e+01
4.761611422304167718e+01
4.727083357343553871e+01
4.699940281886711091e+01
4.668881811248242286e+01
4.643653871143340695e+01
4.611203251419692606e+01
4.591470030194252416e+01
4.575658599512755842e+01
4.542836276920616001e+01
4.526871026748895588e+01
4.503926010461628238e+01
4.475049681551858782e+01
4.467799049789189780e+01
4.455761820126429029e+01
4.441979538669913552e+01
4.432538164518877721e+01
4.419452260833337931e+01
4.409624463453992860e+01
4.410597826572239200e+01
4.393512395611136867e+01
4.393308019679143683e+01
4.385545924328371825e+01
4.379350885708920060e+01
4.384290779341116462e+01
4.374617159812815004e+01
4.361774693388596091e+01
4.352450723755277551e+01
4.347761848094045689e+01
4.344689979149132597e+01
4.344049946725472466e+01
4.331210457452677076e+01
4.317076982393033546e+01
4.300674614720150402e+01
4.301013127863511443e+01
4.289668085906758677e+01
4.279544061960756807e+01
4.275442319152980986e+01
4.260653760515257460e+01
4.246352793121814528e+01
4.251112817188828785e+01
4.228353927997976314e+01
4.227702593425392763e+01
4.209878663513913466e+01
4.211954592608950776e+01
4.195174678029596294e+01
4.199176176289665818e+01
4.180295536803185286e+01
4.170049642612330132e+01
4.177399609237547651e+01
4.154887175808764965e+01
4.163147392698667915e+01
4.154485094969265191e+01
4.153648942695568991e+01
4.169770093606889105e+01
4.181278217302739364e+01
4.230156069426901411e+01
4.275357304940104086e+01
4.363037281254410260e+01
4.468522662982448423e+01
4.604429074149683032e+01
4.770037257025122557e+01
4.944581249633908016e+01
5.120799614256351617e+01
5.300206508053570786e+01
5.474880502941191196e+01
5.652628572071075297e+01
5.828228461051463682e+01
5.987325889425456182e+01
6.141785136411070312e+01
6.279252346778392280e+01
6.419337686160683631e+01
6.533068619551241341e+01
6.660921395057916072e+01
6.770181749658763692e+01
6.867148674177110479e+01
6.967175228240073181e+01
7.048520708443700755e+01
7.139020377950846807e+01
7.209807114968180031e+01
7.257816217767178557e+01
7.286828227596461716e+01
7.299239420557498192e+01
7.299559629732847554e+01
7.276627624699949592e+01
7.247241816969692252e+01
7.212932462373852616e+01
7.171379808629035324e+01
7.123912767918884015e+01
7.076855912515998170e+01
7.014677994767308178e+01
6.969943317474901789e+01
6.906591961005806013e+01
6.847617458189010620e+01
6.792885506415844077e+01
6.726308682041346287e+01
6.680001627737760828e+01
6.622255034485935710e+01
6.569168014006793044e+01
6.512459454218029009e+01
6.469670510778307460e+01
6.429715815493941022e+01
6.377939623760163812e+01
6.344169684896349537e+01
6.305339691260933677e+01
6.291041645886480893e+01
6.264257868500530435e+01
6.239784360619366055e+01
6.233347979771077263e+01
6.232975505048513298e+01
6.229191214794396814e+01
6.229880590746283531e+01
6.216390786850929118e+01
6.210986044103383819e+01
6.192998977320372944e+01
6.177007263580441077e+01
6.137522737691283226e+01
6.110731021234869331e+01
6.055415106723189211e+01
6.021085022332250958e+01
5.943912626305699121e+01
5.863097740644693090e+01
5.772916846869617302e+01
5.680255875693737977e+01
5.582101067757338342e+01
5.499803340157598086e+01
5.426272220851957684e+01
5.352483412550866149e+01
5.306282874109327707e+01
5.274408057523995552e+01
5.228292312765597671e+01
5.216826751308619947e+01
5.188955652063816615e+01
5.178832014044850496e+01
5.156253848971903153e+01
5.146339052612066212e+01
5.132075189346551269e+01
5.100849832831054442e+01
5.099498757409035932e+01
5.100941352671116391e+01
5.103257576478749513e+01
5.110177689300954285e+01
5.127352986129104551e+01
5.147452066185056907e+01
5.173585721911966573e+01
5.196046013841509392e+01
5.229738215973704740e+01
5.261814265942305013e+01
5.288956514412641496e+01
5.294794267295032597e+01
5.300379954690217943e+01
5.306182202285259564e+01
5.310237744113534575e+01
5.309247675867855065e+01
5.296209186075359554e+01
5.290495481168954939e+01
5.280982600251316939e+01
5.275769938903033562e+01
5.254171036118745519e+01
5.240531492533266089e+01
5.224251215634971857e+01
5.221675097534537002e+01
5.193987368764459944e+01
5.179532967807828925e+01
5.154254746923326991e+01
5.118596411937951984e+01
5.090037039389937945e+01
5.072809587279438404e+01
5.029056046778440248e+01
4.997385661257534650e+01
4.960390254488319073e+01
4.921798432966798487e+01
4.884373985597967760e+01
4.847973953981056638e+01
4.812611569900169428e+01
4.788934725687011706e+01
4.756049055928468050e+01
4.722043977234616818e+01
4.694751878809287859e+01
4.662942780085011663e+01
4.646109965935453801e+01
4.622649351127549977e+01
4.598809039248257591e+01
4.571012258524179117e+01
4.558505245393246241e+01
4.555649716118454506e+01
4.527279006758809032e+01
4.527328405419468282e+01
4.501157425034894999e+01
4.489944811184063411e+01
4.469379531268134542e+01
4.458349130110919134e+01
4.453359810251846795e+01
4.453256051011487671e+01
4.442052589144661567e+01
4.437420692853733328e+01
4.420141940013609627e+01
4.427150457693367969e+01
4.415961991848528356e+01
4.406502396428130197e+01
4.399347777798875825e+01
4.390741632453269716e+01
4.395389710113510517e+01
4.395395554151490103e+01
4.374047200712479366e+01
4.370613718134455183e+01
4.364416005591965586e+01
4.354478384404546887e+01
4.354900064824253292e+01
4.338588638100877404e+01
4.339722491733834175e+01
4.335933680620148323e+01
4.320754729218884904e+01
4.317650442402914024e+01
4.301216649242780932e+01
4.282063586617923789e+01
4.278744145479156913e+01
4.261883958076230527e+01
4.258210952639683455e+01
4.238770457071355935e+01
4.233867777831956403e+01
4.223131521992024062e+01
4.223139116484775712e+01
4.207937229991063077e+01
4.219821811727818073e+01
4.218651970398716600e+01
4.245897922976978123e+01
4.263499228120885221e+01
4.313398518845542640e+01
4.377458244389958253e+01
4.488821542978390511e+01
4.630834808437257522e+01
4.780221209926634884e+01
4.977269710676848291e+01
5.140037856491386492e+01
5.331371549686520694e+01
5.521352513486623792e+01
5.711317709410667476e+01
5.879778279012172959e+01
6.054582827502965614e+01
6.205383486183464470e+01
6.364234803373098259e+01
6.515553045341849270e+01
6.643968612732469126e+01
6.765632882813095250e+01
6.881824266458033890e+01
6.989809738660335370e+01
7.086847232693909859e+01
7.194866666475415684e+01
7.276238169187783456e+01
7.351749314719914707e+01
7.404435412140666983e+01
7.442736575471342064e+01
7.467741339484334162e+01
7.466057594956934906e+01
7.454093856828392006e+01
7.414601171339035091e+01
7.385361795352875447e+01
7.347633568273961657e+01
7.304586605044185887e+01
7.252544895509362277e+01
7.197922547014533734e+01
7.153649438457667031e+01
7.086863551894306568e+01
7.033224545488238277e+01
6.976338459262728975e+01
6.926695451656460989e+01
6.874486139522969097e+01
6.821466160083294028e+01
6.762924777666211185e+01
6.716603168400108359e+01
6.669318505780874773e+01
6.625641048038482950e+01
6.582247412065147785e+01
6.556136911960422253e+01
6.516431194746971300e+01
6.493634374441683121e+01
6.467234759854257220e+01
6.462957144582748015e+01
6.451444389762460219e+01
6.451163434879958913e+01
6.439935383947670289e+01
6.445783170933007966e+01
6.445809634501218000e+01
6.421857017854333094e+01
6.396312176520108750e+01
6.391469564067303821e+01
6.356066161455690633e+01
6.357972420485794629e+01
6.318532000543653737e+01
6.291018490264296048e+01
6.258895026402652206e+01
6.209332071090221206e+01
6.140389183187961208e+01
6.051477107243716347e+01
5.961039627121865436e+01
5.849739262206583845e+01
5.748167897349327404e+01
5.661381507521599588e+01
5.570450481852620328e+01
5.508900412259727375e+01
5.449278544405579083e+01
5.429738396963208658e+01
5.379991630116581547e+01
5.375646532746135620e+01
5.338165409235387671e+01
5.322935846259921533e+01
5.311867899915307589e+01
5.285932831214844896e+01
5.263896397436141683e+01
5.237760977471351254e+01
5.232552726717769787e+01
5.235181551424890500e+01
5.238874873163282331e+01
5.250915245374768858e+01
5.259874265862733012e+01
5.301193378618091145e+01
5.317458659494399598e+01
5.354840654889225959e+01
5.392886665316402883e+01
5.410427931239932775e+01
5.416316626491128972e+01
5.436108398361235317e+01
5.439330117261141595e+01
5.447128600018203315e+01
5.440558467885583127e+01
5.436491017451614027e+01
5.427457457913190098e+01
5.426260091716527967e+01
5.413924430189758397e+01
5.402101500297069236e+01
5.379790948057651434e+01
5.361400752918898860e+01
5.342762682357906812e+01
5.307159810600906269e+01
5.287353594033151438e+01
5.247303299108624230e+01
5.224350012956291067e+01
5.178112646048992929e+01
5.159724545942723495e+01
5.120175845900654821e+01
5.091895884526997662e+01
5.056900792719900295e+01
5.013759663293242141e+01
4.999502415919780418e+01
4.963367075117408689e+01
4.927272091256558895e+01
4.893610101698070736e+01
4.858198539486259193e+01
4.826647240022301588e+01
4.800520861776649895e+01
4.765960434077411634e+01
4.744478632582455901e+01
4.715238925801693881e+01
4.692590301478385584e+01
4.682921175243436807e+01
4.659777351399987566e+01
4.656507942944869427e+01
4.628867352405666935e+01
4.614112479684978751e+01
4.599315430652454495e+01
4.584427468236639669e+01
4.575042439432918684e+01
4.558918738646536895e+01
4.558348448751598170e+01
4.539990616351470010e+01
4.533205081800102931e+01
4.528073906188934927e+01
4.509340732179686029e+01
4.501920678448036028e+01
4.491272565586596244e+01
4.485808279810577659e+01
4.477383465039648058e+01
4.473091625600225996e+01
4.454376617727905341e+01
4.453145124554738032e+01
4.447356990862741810e+01
4.430389626008562232e+01
4.426593123920365969e+01
4.407091321085683688e+01
4.410979784073412446e+01
4.396201480068370415e+01
4.396378510313212473e+01
4.368016511878102648e+01
4.357574869981139898e+01
4.358142155158437703e+01
4.343559047535165973e+01
4.333640005977928666e+01
4.328034829267404859e+01
4.303568902095883431e+01
4.303310634209878316e+01
4.293184570363826680e+01
4.278582745279289412e+01
4.260885551049943842e+01
4.257944621635239457e+01
4.239966527655824535e+01
4.250167323515854179e+01
4.240092643098078184e+01
4.254516955528978173e+01
4.266857840853847250e+01
4.309550357666901732e+01
4.369002279793947707e+01
4.455087991520866098e+01
4.562551910899683349e+01
4.703939588632538715e+01
4.864726991498946518e+01
5.039755928995191425e+01
5.225877512166380257e+01
5.432166539611398548e+01
5.620938890198349469e+01
5.822557538913667230e+01
6.009792135657846757e+01
6.180865210766076956e+01
6.353654668802499828e+01
6.518753813916922013e+01
6.671382443571567933e+01
6.823378593945979276e+01
6.956039138207316341e+01
7.069654734546422503e+01
7.194550867894768942e+01
7.287536569105564865e+01
7.398006088243901957e+01
7.489596056761324405e+01
7.560235700445353757e+01
7.612454715887189138e+01
7.654478421146154687e+01
7.668519108319759425e+01
7.676240074874937136e+01
7.664016552718460673e+01
7.630466261470795075e+01
7.606051635028897806e+01
7.555499603854596558e+01
7.510535355107963085e+01
7.460124683493852160e+01
7.390002402568340756e+01
7.337516546147048757e+01
7.279820895264029446e+01
7.207327478626847039e+01
7.149622124435484238e+01
7.086186084548116071e+01
7.025487700792133694e+01
6.968897786000847816e+01
6.914235080564498048e+01
6.871263097444652601e+01
6.823367567459224858e+01
6.783135666297852140e+01
6.746413495870410770e+01
6.721609413916348785e+01
6.700459289142966668e+01
6.667121809089660189e+01
6.646297406735003221e+01
6.617385296875714573e+01
6.609146526502549079e+01
6.596987399028718357e+01
6.576927132206141380e+01
6.575718408728121744e+01
6.549047101507066770e+01
6.547408565575361195e+01
6.542351157160580044e+01
6.541121042298257748e+01
6.541297907145798263e+01
6.538965584667504061e+01
6.527476205999136027e+01
6.519803314926207349e+01
6.501298003265738146e+01
6.467001659924268608e+01
6.419811163501917406e+01
6.337220572413981046e+01
6.244263099009275209e+01
6.137081016631901065e+01
6.024823221871733381e+01
5.926421310367166484e+01
5.833516212774544840e+01
5.752662624145030890e+01
5.675644819462775814e+01
5.612391929520398293e+01
5.563121727431297359e+01
5.526039431946455949e+01
5.490708032293349561e+01
5.462309425922214956e+01
5.425605890257388353e+01
5.414008231489091827e+01
5.387416756032138920e+01
5.371816703101723789e+01
5.366579893747448438e+01
5.368507544161855805e+01
5.374632757553934681e+01
5.392936946096002515e+01
5.410114007162034255e+01
5.429797719461947736e+01
5.443888136090814811e+01
5.469311686070739853e+01
5.482164379561424283e+01
5.493016758089989082e+01
5.511827282903819736e+01
5.519520793506979572e+01
5.533895362699508524e+01
5.532670871345430186e+01
5.533776386907427991e+01
5.534293308606475392e+01
5.525512806939065058e+01
5.525054546149551271e+01
5.510331870770185958e+01
5.504844319107115069e+01
5.488402393913000310e+01
5.478923915634035779e+01
5.459674536647379028e+01
5.448097938468783497e+01
5.410243458116531201e+01
5.384001412024825584e+01
5.356041218767046530e+01
5.317803237205475142e+01
5.278435040751575968e+01
5.243668307485162927e+01
5.195020109513878737e+01
5.159953345542877656e+01
5.120895434426248016e+01
5.081964438172161636e+01
5.047438192581861927e+01
5.018516048619627412e+01
4.994136486405610498e+01
4.966381496066331636e+01
4.938096352243900355e+01
4.907326224234058998e+01
4.874191907199203655e+01
4.849474328033730330e+01
4.817867069149493631e+01
4.788412897201359186e+01
4.762053694687887884e+01
4.741967681018739711e+01
4.725800866669148093e+01
4.692343528704821409e+01
4.665470161113992020e+01
4.651140414590120287e+01
4.631603685358643219e+01
4.606984517587452643e+01
4.601019739577650824e+01
4.580954400571167184e+01
4.562322945902228355e+01
4.548197850972518097e+01
4.536531221529573088e+01
4.516707803642481167e+01
4.511896837206661104e+01
4.497645874930649512e+01
4.483088403889082230e+01
4.481280887047864070e+01
4.471432663101806781e+01
4.475496006169460372e+01
4.463868879115312893e+01
4.461726598136230848e+01
4.452658746224000907e+01
4.454412205713904882e+01
4.439120646316661833e+01
4.432413510086119146e+01
4.416476322323187986e+01
4.406688716488063307e+01
4.408826035548105438e+01
4.395680258039489274e+01
4.385662915352835967e+01
4.387305641349509244e+01
4.367983983742177401e+01
4.375459087208948716e+01
4.350197350922144324e+01
4.352580863865196648e+01
4.335754941269859586e+01
4.314140270609512839e+01
4.293836263297230005e+01
4.277996439412340379e+01
4.273102829458296270e+01
4.248684826154831740e+01
4.233697211864974008e+01
4.228588130576640225e+01
4.217307924362003746e+01
4.230026315244018775e+01
4.233249440020985332e+01
4.265000732388451610e+01
4.289470573962770317e+01
4.355107941665790605e+01
4.435400530215456882e+01
4.528408339532196436e+01
4.661877015007763703e+01
4.813942577116295496e+01
4.995301103936612463e+01
5.162109244233101180e+01
5.366294197475641425e+01
5.554822972970187323e+01
5.747951337149470419e+01
5.938401588225841010e+01
6.106385041745483733e+01
6.273902515934884150e+01
6.434085171135247094e+01
6.587682808445870819e+01
6.728416725779055696e+01
6.858708339626073780e+01
6.980712666558206081e+01
7.096027444506168536e+01
7.188800334522605340e+01
7.294630790153622968e+01
7.374743729667842729e+01
7.446011221507667699e+01
7.498138717109441131e+01
7.534009863289176678e+01
7.551938930751859402e+01
7.561513229200720332e+01
7.536833746546983548e+01
7.508123421395301023e+01
7.476313109757482778e+01
7.431609968217193796e+01
7.390161183977603798e+01
7.330548468107461701e+01
7.279150264339625664e+01
7.220667322302341518e+01
7.158616429681062243e+01
7.092521021718263796e+01
7.030550842980026971e+01
6.958743053289234126e+01
6.906123996907949447e+01
6.847876801157474347e+01
6.786342168646037010e+01
6.732414268287003267e+01
6.670594711357831841e+01
6.624890585349976391e+01
6.584383683608949411e+01
6.534352764198661134e+01
6.500623402806103002e+01
6.482409631455421106e+01
6.458428566472709065e+01
6.451198278578102929e+01
6.425752234565197796e+01
6.424981483141064587e+01
6.419797049598872718e+01
6.419685461552917616e+01
6.395790182637154686e+01
6.380042595313965847e+01
6.360841732869028675e+01
6.348611815350233911e+01
6.316663452098249820e+01
6.283943234773456510e+01
6.270614197054982242e+01
6.222340458573877697e+01
6.193867864476620611e+01
6.146459925735473462e+01
6.085026295842706645e+01
5.997269354650854467e+01
5.888715356791495736e+01
5.792886475971072713e+01
5.708971493559062083e+01
5.615519702753156395e+01
5.529390491535991004e+01
5.465552867001026272e+01
5.417312869569390443e+01
5.376031577663599847e+01
5.350887438858031686e+01
5.322764384390890058e+01
5.297594333341449158e+01
5.288080790834605693e+01
5.267677600273966476e+01
5.255661817127942470e+01
5.241311395941406204e+01
5.235128514023601554e+01
5.226808147648453229e+01
5.226728426149219331e+01
5.235378263948589250e+01
5.259828064883231491e+01
5.274105380462586368e+01
5.295655546175419914e+01
5.323587621891974919e+01
5.355309390841156159e+01
5.375840268118410847e+01
5.396509968863904305e+01
5.414924863332986860e+01
5.419585428489476442e+01
5.428528240041911346e+01
5.419480456335573848e+01
5.412949247701197919e+01
5.408093844523757099e+01
5.387600898360937407e+01
5.375811930047451881e+01
5.359130840355634717e+01
5.333836520800470993e+01
5.324203010117739154e+01
5.293108538000016949e+01
5.282371717052637905e+01
5.250650389162927922e+01
5.217596179554342939e+01
5.180210876213490678e+01
5.159077952759444230e+01
5.130971879081904774e+01
5.090289104877143700e+01
5.056070498267292379e+01
5.021743942352115653e+01
4.974762508118629256e+01
4.938102968135952864e+01
4.900071016479387254e+01
4.864136798795416894e+01
4.830415652135491200e+01
4.801638230811908414e+01
4.774794414205580750e+01
4.739371494712411703e+01
4.720256528599291812e+01
4.709716585572913061e+01
4.681321232015370981e+01
4.652430789202555417e+01
4.624955375434934979e+01
4.607186081765323848e+01
4.594174165805905830e+01
4.591052291743561398e+01
4.559494762314587746e+01
4.556466337727486859e+01
4.539360066706418451e+01
4.522683277344435027e+01
4.511787068531020850e+01
4.494067752412624372e+01
4.490273345356911250e+01
4.471891833576477637e+01
4.459977273578859780e+01
4.459527833978749811e+01
4.451365725254743921e+01
4.445508620888098505e+01
4.446450806615046503e+01
4.441426064167275456e+01
4.429221369736931990e+01
4.416447763722494102e+01
4.407587457857198388e+01
4.403816482085838402e+01
4.395232279448873669e+01
4.387333841589383354e+01
4.377273798832774077e+01
4.360483712319388871e+01
4.355381646633252046e+01
4.346482555100798351e+01
4.317082743732362360e+01
4.321385830188273758e+01
4.292885504476829794e+01
4.275177490507356737e+01
4.261148532759036556e+01
4.260178835947635889e+01
4.244940920408453167e+01
4.232704717792208982e+01
4.224998264850221119e+01
4.202631711841199547e+01
4.185267076452366553e+01
4.179593549307074341e+01
4.166758194966811146e+01
4.157698861015598624e+01
4.154149696808412529e+01
4.144815954951207715e+01
4.136987976342077644e+01
4.145688232752132762e+01
4.143776102117832494e+01
4.152395120886723845e+01
4.148381355660140457e+01
4.174075357793934415e+01
4.182260263779304665e+01
4.208958792639534607e+01
4.248643587094370133e+01
4.317277361223577969e+01
4.427276545569404931e+01
4.554583234319567708e+01
4.697715412521839085e+01
4.846211590603098074e+01
5.019193957025289166e+01
5.196339318389176753e+01
5.361652818406104615e+01
5.545069273581832192e+01
5.707166678207099153e+01
5.860641039395808605e+01
6.008692133339226160e+01
6.131171922380208628e+01
6.257066173309564050e+01
6.382761947477340669e+01
6.489056397670984211e+01
6.602408681506395283e+01
6.697855935620248147e+01
6.782130050705849555e+01
6.869927569368958586e+01
6.931183231765508879e+01
6.994149102257668460e+01
7.034676513264059849e+01
7.058489093529163938e+01
7.060429093608736650e+01
7.059050782764434473e+01
7.036427078301191784e+01
7.007080745393514576e+01
6.968959534326671701e+01
6.923959559762954541e+01
6.879469670476495935e+01
6.823034126499771901e+01
6.770647508459269659e+01
6.715506032968043826e+01
6.668743364231764303e+01
6.606143793629586014e+01
6.537699523458361739e+01
6.490873562688112486e+01
6.436954042459011305e+01
6.380264889286934960e+01
6.326062208877980453e+01
6.264856827261030503e+01
6.207630022594809560e+01
6.150063602136552277e+01
6.113763525622069750e+01
6.058336905183374910e+01
6.008923248501598380e+01
5.961592715697467071e+01
5.920116585770725948e+01
5.894825353631853915e+01
5.843742838179796451e+01
5.836479360560059604e+01
5.796187144516139966e+01
5.789375973383068441e+01
5.748441905545174535e+01
5.733887494353681546e+01
5.681419721370667020e+01
5.639848543128102420e+01
5.579862249886721060e+01
5.510869081204861430e+01
5.424520553166150449e+01
5.321227292137324838e+01
5.235989903168857040e+01
5.145891046455233919e+01
5.083645426077872287e+01
5.012766176836669274e+01
4.955377999536796807e+01
4.904824590051650546e+01
4.842887104846641222e+01
4.830964219851523467e+01
4.795855665495723485e+01
4.761366138106316015e+01
4.749004564335673706e+01
