# {'window': 98, 'n_steps': 1, 'contam': 0.906735928680337, 'q': 0.00019883040362957843, 'thres': 0.8907461527481764}
5.243128538131713867e-02
4.452060461044311523e-01
7.421897798776626587e-01
8.209633752703666687e-01
6.266993880271911621e-01
2.226389646530151367e-01
2.918069660663604736e-01
6.321744918823242188e-01
8.421271964907646179e-01
7.980836629867553711e-01
4.492369294166564941e-01
5.026620626449584961e-02
4.938712716102600098e-01
7.863811515271663666e-01
8.363667875528335571e-01
5.960427522659301758e-01
2.191128730773925781e-01
2.788171768188476562e-01
6.669879406690597534e-01
8.018756806850433350e-01
7.710679918527603149e-01
3.853110820055007935e-01
7.554900646209716797e-02
4.935984313488006592e-01
7.389439344406127930e-01
8.514174520969390869e-01
5.635479539632797241e-01
1.663972735404968262e-01
3.022312223911285400e-01
6.863718777894973755e-01
8.056112304329872131e-01
6.941978037357330322e-01
3.611240684986114502e-01
1.206281185150146484e-01
5.374243259429931641e-01
7.870798185467720032e-01
8.166603744029998779e-01
5.077476501464843750e-01
8.090257644653320312e-02
3.681214749813079834e-01
6.990035399794578552e-01
8.544643819332122803e-01
7.122226357460021973e-01
3.313781023025512695e-01
1.777276396751403809e-01
5.848889499902725220e-01
7.814856171607971191e-01
8.080786466598510742e-01
4.822007566690444946e-01
7.001775503158569336e-02
4.178419262170791626e-01
7.566013485193252563e-01
8.449977710843086243e-01
6.484835296869277954e-01
3.327252566814422607e-01
2.532304972410202026e-01
5.737163126468658447e-01
8.347232043743133545e-01
7.987123429775238037e-01
4.690857529640197754e-01
1.331967115402221680e-02
4.120786190032958984e-01
7.418314367532730103e-01
9.028786420822143555e-01
6.679499298334121704e-01
2.236330807209014893e-01
2.455937266349792480e-01
6.266519352793693542e-01
7.935874909162521362e-01
7.651377618312835693e-01
4.703970104455947876e-01
9.902358055114746094e-03
4.844839423894882202e-01
7.818384915590286255e-01
8.471717387437820435e-01
6.127706915140151978e-01
1.814351081848144531e-01
2.923507392406463623e-01
6.162489205598831177e-01
8.483951464295387268e-01
7.202679067850112915e-01
4.495795667171478271e-01
3.445869684219360352e-02
5.198130905628204346e-01
8.145959004759788513e-01
7.951971739530563354e-01
5.715751945972442627e-01
1.476930677890777588e-01
3.308667242527008057e-01
6.952093020081520081e-01
8.032407313585281372e-01
6.900473535060882568e-01
3.475400507450103760e-01
1.245376467704772949e-01
5.244933515787124634e-01
7.869742512702941895e-01
7.859345823526382446e-01
5.774573683738708496e-01
1.118344068527221680e-01
3.860461413860321045e-01
7.481044977903366089e-01
8.067935407161712646e-01
6.854918152093887329e-01
3.320615291595458984e-01
1.740249693393707275e-01
6.039920747280120850e-01
7.890436574816703796e-01
7.480298429727554321e-01
5.189034938812255859e-01
1.552355289459228516e-02
3.978797197341918945e-01
7.599126733839511871e-01
8.179566562175750732e-01
6.721546500921249390e-01
2.611403465270996094e-01
1.828806400299072266e-01
6.001032292842864990e-01
8.191882520914077759e-01
7.840723693370819092e-01
4.513032436370849609e-01
3.942000865936279297e-02
4.300620257854461670e-01
7.609373927116394043e-01
8.490385860204696655e-01
6.460305154323577881e-01
2.576026618480682373e-01
2.682226151227951050e-01
6.017081141471862793e-01
8.786265831440687180e-01
7.462227493524551392e-01
4.298157691955566406e-01
1.916214823722839355e-02
4.887030720710754395e-01
7.728504687547683716e-01
8.233233392238616943e-01
5.958742797374725342e-01
2.030987739562988281e-01
2.807679474353790283e-01
6.712975874543190002e-01
8.275370448827743530e-01
7.571749836206436157e-01
3.925061970949172974e-01
4.874765872955322266e-02
5.432766377925872803e-01
8.256287872791290283e-01
8.556477949023246765e-01
5.733534842729568481e-01
1.517579555511474609e-01
2.950688600540161133e-01
7.097767889499664307e-01
8.326001018285751343e-01
7.079959511756896973e-01
3.512737751007080078e-01
1.371034085750579834e-01
5.286277234554290771e-01
8.174916245043277740e-01
8.279224932193756104e-01
5.695442855358123779e-01
1.039998531341552734e-01
3.636541664600372314e-01
7.153012529015541077e-01
8.464543372392654419e-01
7.184089273214340210e-01
3.299709856510162354e-01
1.899121999740600586e-01
5.867450982332229614e-01
8.363179862499237061e-01
7.931970804929733276e-01
5.411977618932723999e-01
6.134510040283203125e-02
4.632262587547302246e-01
7.528504431247711182e-01
8.465393930673599243e-01
6.116385459899902344e-01
2.770602703094482422e-01
2.594225257635116577e-01
6.547869443893432617e-01
8.701456189155578613e-01
7.910264432430267334e-01
4.882374107837677002e-01
3.839650750160217285e-02
4.425740540027618408e-01
7.891698069870471954e-01
8.362872153520584106e-01
6.380037963390350342e-01
2.382487654685974121e-01
2.266163229942321777e-01
6.878143548965454102e-01
7.926626205444335938e-01
7.674387544393539429e-01
4.818403869867324829e-01
9.938538074493408203e-03
5.395325422286987305e-01
7.715685963630676270e-01
8.231744170188903809e-01
6.112004965543746948e-01
2.097198963165283203e-01
3.036092519760131836e-01
6.943948566913604736e-01
8.526775017380714417e-01
7.278562039136886597e-01
3.825257718563079834e-01
1.204443275928497314e-01
5.067407488822937012e-01
8.155084550380706787e-01
8.143532127141952515e-01
5.954454541206359863e-01
1.286619901657104492e-01
3.051969707012176514e-01
7.215092554688453674e-01
8.143223971128463745e-01
7.083006501197814941e-01
3.345225602388381958e-01
1.197298765182495117e-01
5.712869167327880859e-01
8.184083700180053711e-01
7.697813808917999268e-01
6.144190281629562378e-01
9.357184171676635742e-02
4.297291636466979980e-01
7.342247217893600464e-01
8.743332624435424805e-01
6.836924850940704346e-01
3.324896097183227539e-01
1.765944361686706543e-01
6.040537357330322266e-01
8.344329521059989929e-01
7.542667388916015625e-01
5.259069800376892090e-01
4.086470603942871094e-02
4.337388873100280762e-01
7.516813874244689941e-01
8.317027240991592407e-01
6.947263032197952271e-01
2.759649008512496948e-01
2.152609825134277344e-01
6.487241238355636597e-01
7.633056044578552246e-01
8.156453818082809448e-01
4.462439715862274170e-01
1.435440778732299805e-02
4.720720201730728149e-01
7.522406578063964844e-01
8.741087242960929871e-01
5.994800031185150146e-01
2.432097196578979492e-01
2.381162345409393311e-01
6.322661638259887695e-01
8.204747587442398071e-01
7.526774257421493530e-01
4.380251467227935791e-01
6.304478645324707031e-02
4.858743548393249512e-01
7.860232517123222351e-01
7.996487915515899658e-01
6.402787566184997559e-01
1.547369956970214844e-01
2.798204421997070312e-01
6.768761053681373596e-01
8.710368573665618896e-01
7.685048431158065796e-01
3.842580467462539673e-01
8.595591783523559570e-02
5.138103961944580078e-01
8.092736899852752686e-01
8.488661199808120728e-01
5.694407075643539429e-01
1.274684667587280273e-01
2.935251295566558838e-01
7.099778950214385986e-01
8.913040906190872192e-01
7.050409913063049316e-01
3.499115109443664551e-01
1.016996800899505615e-01
5.603102445602416992e-01
8.241828531026840210e-01
8.178391307592391968e-01
5.978188812732696533e-01
6.478589773178100586e-02
3.619784712791442871e-01
7.257300615310668945e-01
8.043100833892822266e-01
7.280753552913665771e-01
3.443340659141540527e-01
1.372466087341308594e-01
6.063741967082023621e-01
7.858961224555969238e-01
8.244818896055221558e-01
5.220980048179626465e-01
6.500595808029174805e-02
4.078664332628250122e-01
7.512605190277099609e-01
8.169880881905555725e-01
6.415147632360458374e-01
2.719388604164123535e-01
2.213284969329833984e-01
6.450835466384887695e-01
8.270051628351211548e-01
7.638554424047470093e-01
4.774033725261688232e-01
2.449974417686462402e-02
4.314744770526885986e-01
7.820280343294143677e-01
7.862825393676757812e-01
6.003423631191253662e-01
1.994716525077819824e-01
2.388797402381896973e-01
6.704908460378646851e-01
8.095204681158065796e-01
7.621065676212310791e-01
4.307707995176315308e-01
3.093206882476806641e-02
5.156012475490570068e-01
7.914119809865951538e-01
8.367259651422500610e-01
6.333262920379638672e-01
1.840063929557800293e-01
3.369099646806716919e-01
6.764191091060638428e-01
8.849309124052524567e-01
7.142532914876937866e-01
3.871081173419952393e-01
1.100442409515380859e-01
5.210748314857482910e-01
8.307269737124443054e-01
8.276784121990203857e-01
5.526510775089263916e-01
1.057126820087432861e-01
3.763638436794281006e-01
7.098089605569839478e-01
8.167753964662551880e-01
7.053221315145492554e-01
3.363419920206069946e-01
1.279932856559753418e-01
5.995877683162689209e-01
8.249040246009826660e-01
8.417615443468093872e-01
5.661839395761489868e-01
8.245348930358886719e-02
3.736644387245178223e-01
7.676991373300552368e-01
8.628596514463424683e-01
6.948280781507492065e-01
3.285606801509857178e-01
1.962814331054687500e-01
5.969170331954956055e-01
7.726822271943092346e-01
7.900968343019485474e-01
5.125925838947296143e-01
4.764461517333984375e-02
4.427199363708496094e-01
7.416944354772567749e-01
8.373483866453170776e-01
6.664775460958480835e-01
2.663482725620269775e-01
1.914213895797729492e-01
6.041862666606903076e-01
7.925425469875335693e-01
7.796947360038757324e-01
4.520732909440994263e-01
4.532557725906372070e-02
4.866403192281723022e-01
8.161862790584564209e-01
8.565843403339385986e-01
6.043215543031692505e-01
1.991594433784484863e-01
2.598593235015869141e-01
6.721199154853820801e-01
8.770121522247791290e-01
7.395023554563522339e-01
4.551627039909362793e-01
5.392900109291076660e-02
4.773617386817932129e-01
7.853494361042976379e-01
8.222822248935699463e-01
5.475260317325592041e-01
1.375046074390411377e-01
2.927804589271545410e-01
6.891632378101348877e-01
8.263551443815231323e-01
7.255203276872634888e-01
3.479163050651550293e-01
6.076622009277343750e-02
5.426212251186370850e-01
7.572329938411712646e-01
8.249014243483543396e-01
5.651255398988723755e-01
7.958674430847167969e-02
3.905481100082397461e-01
7.424117326736450195e-01
8.669839501380920410e-01
7.087470591068267822e-01
3.405205607414245605e-01
1.584902107715606689e-01
5.879945755004882812e-01
8.276218362152576447e-01
8.236785084009170532e-01
5.282768607139587402e-01
9.718728065490722656e-02
3.455306589603424072e-01
7.466158419847488403e-01
8.292002528905868530e-01
6.637383401393890381e-01
3.086277246475219727e-01
1.509833931922912598e-01
5.951382070779800415e-01
7.829013168811798096e-01
7.606510967016220093e-01
4.936600923538208008e-01
5.474334955215454102e-02
4.735665917396545410e-01
7.779211401939392090e-01
8.352282866835594177e-01
6.788654923439025879e-01
2.516777515411376953e-01
2.696779817342758179e-01
6.666622757911682129e-01
8.261975944042205811e-01
7.645859569311141968e-01
4.511936306953430176e-01
2.005904912948608398e-02
4.501273036003112793e-01
7.898736372590065002e-01
8.016354143619537354e-01
6.453495025634765625e-01
1.740731894969940186e-01
2.552380561828613281e-01
6.633959040045738220e-01
8.322558850049972534e-01
7.112617492675781250e-01
3.655113279819488525e-01
5.410993099212646484e-02
5.096038579940795898e-01
7.585444152355194092e-01
8.278043195605278015e-01
5.668975561857223511e-01
1.732204556465148926e-01
3.292784690856933594e-01
6.667273193597793579e-01
8.889600150287151337e-01
6.902400404214859009e-01
3.321391940116882324e-01
1.132051348686218262e-01
5.135799646377563477e-01
8.290054127573966980e-01
8.385337442159652710e-01
5.371458530426025391e-01
1.475785970687866211e-01
3.726384043693542480e-01
7.204786315560340881e-01
8.303916156291961670e-01
7.388654053211212158e-01
3.171155005693435669e-01
1.329973340034484863e-01
5.851162746548652649e-01
8.076545298099517822e-01
8.036052733659744263e-01
5.039851218461990356e-01
1.474976539611816406e-03
3.873525559902191162e-01
7.486614286899566650e-01
8.302661478519439697e-01
6.626318693161010742e-01
2.997992336750030518e-01
2.102341949939727783e-01
5.957296490669250488e-01
8.284846693277359009e-01
7.900634258985519409e-01
4.769560098648071289e-01
1.707747578620910645e-02
4.478123188018798828e-01
7.911240980029106140e-01
8.617247194051742554e-01
6.857463568449020386e-01
2.174269855022430420e-01
1.984416246414184570e-01
6.476434394717216492e-01
8.503227233886718750e-01
8.039774745702743530e-01
4.265643656253814697e-01
1.212424039840698242e-02
4.942490756511688232e-01
7.720319330692291260e-01
8.589366972446441650e-01
6.428024321794509888e-01
2.349141538143157959e-01
2.399325370788574219e-01
6.448182314634323120e-01
8.453007414937019348e-01
7.689606547355651855e-01
4.039637148380279541e-01
1.134823560714721680e-01
5.349361896514892578e-01
7.824031189084053040e-01
8.202778548002243042e-01
5.994873046875000000e-01
1.735210120677947998e-01
3.406764864921569824e-01
7.013323232531547546e-01
8.165764659643173218e-01
7.349634766578674316e-01
3.463210761547088623e-01
9.007304906845092773e-02
5.458632856607437134e-01
7.940486818552017212e-01
7.938387840986251831e-01
5.549223423004150391e-01
1.760315895080566406e-01
3.521723449230194092e-01
7.251736968755722046e-01
8.243615478277206421e-01
6.936192959547042847e-01
3.543579280376434326e-01
1.737414002418518066e-01
5.800187885761260986e-01
8.628883976489305496e-01
7.673008441925048828e-01
5.193952322006225586e-01
7.904478907585144043e-02
4.166193604469299316e-01
7.458981797099113464e-01
8.048725277185440063e-01
6.791165024042129517e-01
2.944131493568420410e-01
1.539543867111206055e-01
6.047783493995666504e-01
8.241414874792098999e-01
8.391300514340400696e-01
4.842578917741775513e-01
4.273194074630737305e-02
4.155568182468414307e-01
7.099146991968154907e-01
8.373423963785171509e-01
6.614300459623336792e-01
2.949060797691345215e-01
2.660288363695144653e-01
6.543453931808471680e-01
8.387437015771865845e-01
7.639097720384597778e-01
4.580996632575988770e-01
7.076233625411987305e-03
4.631677567958831787e-01
7.873765900731086731e-01
8.632389307022094727e-01
6.054729521274566650e-01
2.200977802276611328e-01
2.744455635547637939e-01
7.166281044483184814e-01
8.782929033041000366e-01
7.538205832242965698e-01
4.651139676570892334e-01
7.411146163940429688e-02
5.207034796476364136e-01
7.936519384384155273e-01
8.257834985852241516e-01
5.410318523645401001e-01
1.912258267402648926e-01
3.496766984462738037e-01
6.879669576883316040e-01
8.533731177449226379e-01
7.498161643743515015e-01
3.950439691543579102e-01
8.556777238845825195e-02
5.177136063575744629e-01
8.086149990558624268e-01
8.116826117038726807e-01
5.304388403892517090e-01
9.318625926971435547e-02
3.610844314098358154e-01
7.437500096857547760e-01
8.503871858119964600e-01
6.657438874244689941e-01
3.118452876806259155e-01
1.106215119361877441e-01
5.880946964025497437e-01
8.231424689292907715e-01
7.901790440082550049e-01
5.645041614770889282e-01
9.360724687576293945e-02
4.092105031013488770e-01
7.439545840024948120e-01
8.156090378761291504e-01
6.945237070322036743e-01
2.910256385803222656e-01
2.265640497207641602e-01
6.108322739601135254e-01
8.562881164252758026e-01
8.055423498153686523e-01
4.767862558364868164e-01
1.033487915992736816e-02
4.019816517829895020e-01
7.854936607182025909e-01
7.791738808155059814e-01
6.118002235889434814e-01
2.316930890083312988e-01
2.224203348159790039e-01
6.389844343066215515e-01
8.351508975028991699e-01
7.427767962217330933e-01
4.980674386024475098e-01
1.854497194290161133e-02
4.866818189620971680e-01
7.312841266393661499e-01
8.374940454959869385e-01
5.866737514734268188e-01
1.690377593040466309e-01
2.980302274227142334e-01
6.447915434837341309e-01
8.573058359324932098e-01
7.581112235784530640e-01
4.449946880340576172e-01
7.811060547828674316e-02
4.917684197425842285e-01
8.036696128547191620e-01
8.360725939273834229e-01
6.000207960605621338e-01
1.327717304229736328e-01
3.094913661479949951e-01
6.874733790755271912e-01
8.379454016685485840e-01
7.343950271606445312e-01
3.900756090879440308e-01
1.192539334297180176e-01
6.042589768767356873e-01
7.829048931598663330e-01
8.373231589794158936e-01
5.737398713827133179e-01
1.122891902923583984e-01
3.427550643682479858e-01
7.252358645200729370e-01
8.888050615787506104e-01
6.927253454923629761e-01
3.724727034568786621e-01
1.655955314636230469e-01
5.916296243667602539e-01
8.174080699682235718e-01
8.239570856094360352e-01
5.115465223789215088e-01
1.073544025421142578e-01
4.080864191055297852e-01
7.399324402213096619e-01
8.537521064281463623e-01
7.033937424421310425e-01
3.074055463075637817e-01
1.829862594604492188e-01
5.607181042432785034e-01
8.324178010225296021e-01
8.170686662197113037e-01
4.921777248382568359e-01
1.119244098663330078e-02
4.337534308433532715e-01
7.616946250200271606e-01
8.321185186505317688e-01
6.655908077955245972e-01
2.680488526821136475e-01
3.044278323650360107e-01
5.140954852104187012e-01
7.337054312229156494e-01
7.798423320055007935e-01
7.202338129281997681e-01
4.955942630767822266e-01
2.901795431971549988e-01
8.239698410034179688e-02
2.292279899120330811e-02
6.294178962707519531e-02
2.251828946173191071e-01
4.344998598098754883e-01
6.392263919115066528e-01
7.831526398658752441e-01
8.286164924502372742e-01
7.166483402252197266e-01
5.470114275813102722e-01
2.645255923271179199e-01
6.791701912879943848e-02
3.671014308929443359e-02
7.221771776676177979e-02
2.131110429763793945e-01
4.020926356315612793e-01
5.855222344398498535e-01
6.667900383472442627e-01
6.459312885999679565e-01
5.572383105754852295e-01
3.566946983337402344e-01
1.392329633235931396e-01
5.707412958145141602e-02
1.579191982746124268e-01
1.239897608757019043e-01
1.515659689903259277e-02
1.429557204246520996e-01
3.114980161190032959e-01
3.728795647621154785e-01
3.259133100509643555e-01
1.631143093109130859e-01
5.906030535697937012e-02
2.206920981407165527e-01
3.159330785274505615e-01
4.020313024520874023e-01
3.447282016277313232e-01
2.937017977237701416e-01
1.065928339958190918e-01
4.033219814300537109e-02
2.299225330352783203e-02
2.528667449951171875e-03
9.196662902832031250e-02
2.891054153442382812e-01
4.676907062530517578e-01
5.602233558893203735e-01
5.751685500144958496e-01
5.782474204897880554e-01
4.937503635883331299e-01
3.502802550792694092e-01
2.362434267997741699e-01
2.011002600193023682e-01
1.918356418609619141e-01
3.548153191804885864e-01
3.969470262527465820e-01
5.584488660097122192e-01
6.210839450359344482e-01
6.480188108980655670e-01
5.694991350173950195e-01
4.645883515477180481e-01
3.743334412574768066e-01
2.820479422807693481e-01
2.012597322463989258e-01
2.372363880276679993e-01
2.551693916320800781e-01
3.747685998678207397e-01
4.276217520236968994e-01
4.194593131542205811e-01
4.336118400096893311e-01
3.579027056694030762e-01
2.739867568016052246e-01
2.166200280189514160e-01
9.264236688613891602e-02
3.920775651931762695e-02
3.221118450164794922e-02
7.304039597511291504e-02
7.053309679031372070e-02
1.009018421173095703e-01
1.064615845680236816e-01
9.687992930412292480e-02
2.982881665229797363e-02
1.211512088775634766e-02
8.153200149536132812e-02
1.488367021083831787e-01
2.031146585941314697e-01
1.789684295654296875e-01
1.897860467433929443e-01
2.078348398208618164e-01
2.667046338319778442e-01
2.477944493293762207e-01
2.434606850147247314e-01
3.068054914474487305e-01
3.272686600685119629e-01
3.352040648460388184e-01
3.259270191192626953e-01
3.831357359886169434e-01
3.905345350503921509e-01
3.887170553207397461e-01
4.505850598216056824e-01
4.372853636741638184e-01
4.377158060669898987e-01
4.435054063796997070e-01
4.207978174090385437e-01
4.340646266937255859e-01
4.064864516258239746e-01
4.067670702934265137e-01
4.428611397743225098e-01
4.220162630081176758e-01
4.643593393266201019e-01
4.231187701225280762e-01
4.208880588412284851e-01
3.836528658866882324e-01
4.077918604016304016e-01
3.476673364639282227e-01
3.365501314401626587e-01
3.227855563163757324e-01
3.251266777515411377e-01
2.514792084693908691e-01
2.681583315134048462e-01
2.108281850814819336e-01
2.308590710163116455e-01
1.562182307243347168e-01
1.027428805828094482e-01
1.058310270309448242e-01
9.918344020843505859e-02
8.201009035110473633e-02
6.508451700210571289e-02
2.717733383178710938e-02
1.313322782516479492e-02
3.384247422218322754e-02
6.995022296905517578e-02
8.134135603904724121e-02
9.275841712951660156e-02
1.651724576950073242e-01
2.073042988777160645e-01
1.988131701946258545e-01
2.182116508483886719e-01
2.716134935617446899e-01
2.579370141029357910e-01
3.176589906215667725e-01
2.781351208686828613e-01
3.683286011219024658e-01
3.192833662033081055e-01
4.005310013890266418e-01
3.818522095680236816e-01
4.265445023775100708e-01
3.978412747383117676e-01
4.498346596956253052e-01
3.923088908195495605e-01
4.370598420500755310e-01
4.635712504386901855e-01
5.001621004194021225e-01
4.468100070953369141e-01
4.311820194125175476e-01
4.206062555313110352e-01
4.067111536860466003e-01
4.323714375495910645e-01
3.749925047159194946e-01
4.169099926948547363e-01
3.886296302080154419e-01
3.805612921714782715e-01
2.511357069015502930e-01
1.118475198745727539e-02
2.326116263866424561e-01
3.669716715812683105e-01
4.089819788932800293e-01
3.541091978549957275e-01
1.564587652683258057e-01
9.762808680534362793e-02
3.220775127410888672e-01
4.773071501404047012e-01
3.903661370277404785e-01
3.041412383317947388e-01
1.201063394546508789e-02
2.252978086471557617e-01
4.140979573130607605e-01
4.628073573112487793e-01
4.015132486820220947e-01
1.647647321224212646e-01
1.027143001556396484e-01
3.528266549110412598e-01
4.752936661243438721e-01
5.033512488007545471e-01
2.952407002449035645e-01
1.019269227981567383e-02
2.360313832759857178e-01
4.253855049610137939e-01
5.205982550978660583e-01
3.987495303153991699e-01
1.796242594718933105e-01
1.239306926727294922e-01
3.899064660072326660e-01
5.599669292569160461e-01
5.266949236392974854e-01
3.710250258445739746e-01
6.632834672927856445e-03
2.519385814666748047e-01
4.660207703709602356e-01
5.221415460109710693e-01
4.517659544944763184e-01
2.041148543357849121e-01
1.115776300430297852e-01
4.703666269779205322e-01
5.808503031730651855e-01
5.662184208631515503e-01
3.216606974601745605e-01
5.606478452682495117e-02
2.910488396883010864e-01
5.614070296287536621e-01
6.436551958322525024e-01
4.873409271240234375e-01
1.913263797760009766e-01
1.588194668292999268e-01
4.752703309059143066e-01
6.580839529633522034e-01
5.953061580657958984e-01
3.724339902400970459e-01
3.154486417770385742e-03
3.944852352142333984e-01
5.971790328621864319e-01
6.762516200542449951e-01
5.194643735885620117e-01
1.782058477401733398e-01
1.819797754287719727e-01
5.150472819805145264e-01
6.942500025033950806e-01
6.242050826549530029e-01
3.944891691207885742e-01
2.530503273010253906e-02
3.786916285753250122e-01
6.301815509796142578e-01
6.977493315935134888e-01
5.090459436178207397e-01
1.691263914108276367e-01
2.514106333255767822e-01
6.001933217048645020e-01
7.529027089476585388e-01
6.898186206817626953e-01
3.340741395950317383e-01
5.941364169120788574e-02
4.432091116905212402e-01
7.000776082277297974e-01
7.641357034444808960e-01
5.345386266708374023e-01
1.604411602020263672e-01
2.596727609634399414e-01
6.145291328430175781e-01
8.096634149551391602e-01
6.497763395309448242e-01
3.668104261159896851e-01
6.551504135131835938e-02
4.995549470186233521e-01
7.454216033220291138e-01
7.868906706571578979e-01
5.894150882959365845e-01
1.690246462821960449e-01
3.035439401865005493e-01
6.387512087821960449e-01
7.934843748807907104e-01
7.507039308547973633e-01
4.062430858612060547e-01
1.639716327190399170e-01
5.442748665809631348e-01
8.122772574424743652e-01
7.687200307846069336e-01
5.478379726409912109e-01
1.162495315074920654e-01
3.880841434001922607e-01
7.036905065178871155e-01
8.323295116424560547e-01
6.859973818063735962e-01
2.972438037395477295e-01
1.528468728065490723e-01
6.236319243907928467e-01
7.855689525604248047e-01
8.008041977882385254e-01
5.190173685550689697e-01
7.276093959808349609e-02
4.483651965856552124e-01
7.530237138271331787e-01
8.788645006716251373e-01
6.397770345211029053e-01
2.688142061233520508e-01
2.233624160289764404e-01
6.440759301185607910e-01
8.062349185347557068e-01
7.912248373031616211e-01
4.595089852809906006e-01
5.510747432708740234e-04
4.540735483169555664e-01
7.764575779438018799e-01
8.271360844373703003e-01
6.229235827922821045e-01
1.956346631050109863e-01
2.701765298843383789e-01
6.366538554430007935e-01
8.446307778358459473e-01
7.307664453983306885e-01
4.724987596273422241e-01
4.573673009872436523e-02
5.516029223799705505e-01
7.580062747001647949e-01
8.178593665361404419e-01
6.216411590576171875e-01
1.466282606124877930e-01
3.143303692340850830e-01
6.466766148805618286e-01
8.451866582036018372e-01
7.166865020990371704e-01
3.910669982433319092e-01
8.590644598007202148e-02
5.281786918640136719e-01
8.099081069231033325e-01
8.302879929542541504e-01
5.874191820621490479e-01
1.491413414478302002e-01
3.090442717075347900e-01
6.963217407464981079e-01
8.544159531593322754e-01
7.057050764560699463e-01
3.399287015199661255e-01
9.199863672256469727e-02
5.330760478973388672e-01
8.020310401916503906e-01
8.137108236551284790e-01
5.088925659656524658e-01
7.069122791290283203e-02
3.927983641624450684e-01
7.064834982156753540e-01
8.293344825506210327e-01
6.667489707469940186e-01
2.909163832664489746e-01
1.950920224189758301e-01
6.053993105888366699e-01
8.561120890080928802e-01
7.406149953603744507e-01
4.507538378238677979e-01
6.531780958175659180e-02
4.048309326171875000e-01
7.653858773410320282e-01
8.021549135446548462e-01
6.769257336854934692e-01
2.597120702266693115e-01
1.798886656761169434e-01
6.463820934295654297e-01
8.461126536130905151e-01
7.743245512247085571e-01
4.283337444067001343e-01
2.546417713165283203e-02
4.386767894029617310e-01
7.389752566814422607e-01
8.604396134614944458e-01
6.547897309064865112e-01
2.212952375411987305e-01
2.347943782806396484e-01
6.377027034759521484e-01
9.003950599581003189e-01
7.590285539627075195e-01
4.495912790298461914e-01
4.736489057540893555e-02
5.093391537666320801e-01
7.758555933833122253e-01
8.019795268774032593e-01
5.597848892211914062e-01
1.571771204471588135e-01
2.827433645725250244e-01
7.144784107804298401e-01
8.480070829391479492e-01
7.318025380373001099e-01
3.898285925388336182e-01
8.055645227432250977e-02
5.567019134759902954e-01
7.808866351842880249e-01
7.939298599958419800e-01
5.271783620119094849e-01
1.662924885749816895e-01
3.723926246166229248e-01
7.084288150072097778e-01
8.933655768632888794e-01
6.892780810594558716e-01
3.382098376750946045e-01
1.542263329029083252e-01
5.783410072326660156e-01
8.453882001340389252e-01
7.981962561607360840e-01
5.367843508720397949e-01
6.558844447135925293e-02
4.353806972503662109e-01
7.177741751074790955e-01
8.639623224735260010e-01
7.015910893678665161e-01
2.820472568273544312e-01
1.392899155616760254e-01
6.521289125084877014e-01
8.008368462324142456e-01
7.928495109081268311e-01
4.919601529836654663e-01
1.569706201553344727e-02
4.182402044534683228e-01
7.331767082214355469e-01
8.269500210881233215e-01
6.714989542961120605e-01
2.422477602958679199e-01
2.150846719741821289e-01
6.204157769680023193e-01
8.020195290446281433e-01
7.227146476507186890e-01
4.828299283981323242e-01
6.442701816558837891e-02
4.786753654479980469e-01
7.996346652507781982e-01
7.832410931587219238e-01
6.408762037754058838e-01
1.810571253299713135e-01
2.863179445266723633e-01
6.646244525909423828e-01
8.191061168909072876e-01
7.931607365608215332e-01
3.975958675146102905e-01
2.213770151138305664e-02
5.054708719253540039e-01
7.379880100488662720e-01
8.368453904986381531e-01
6.087957471609115601e-01
1.937044262886047363e-01
2.870334386825561523e-01
6.854484677314758301e-01
8.269120454788208008e-01
7.607670724391937256e-01
3.738737106323242188e-01
9.936657547950744629e-02
5.253934860229492188e-01
8.400091119110584259e-01
8.413716405630111694e-01
5.384596288204193115e-01
7.887440919876098633e-02
3.601480424404144287e-01
7.049332112073898315e-01
8.434354811906814575e-01
6.936114877462387085e-01
2.951188236474990845e-01
1.346045136451721191e-01
5.552322119474411011e-01
7.940450161695480347e-01
8.376843258738517761e-01
5.237253904342651367e-01
5.037754774093627930e-02
3.952120095491409302e-01
7.400821000337600708e-01
8.695014268159866333e-01
6.727198958396911621e-01
2.825441062450408936e-01
2.157351672649383545e-01
6.444530487060546875e-01
8.110866323113441467e-01
7.525944560766220093e-01
5.289236307144165039e-01
1.490622758865356445e-02
4.119166135787963867e-01
7.569607049226760864e-01
8.332133442163467407e-01
6.407241225242614746e-01
2.804591059684753418e-01
2.565494179725646973e-01
6.183574348688125610e-01
8.243305087089538574e-01
7.831863015890121460e-01
4.916561692953109741e-01
6.343126296997070312e-04
4.243257492780685425e-01
7.304754406213760376e-01
8.191675990819931030e-01
6.161897182464599609e-01
2.350990772247314453e-01
2.851247489452362061e-01
6.329543292522430420e-01
8.512771725654602051e-01
7.194856107234954834e-01
4.417266249656677246e-01
1.117987930774688721e-01
4.709299802780151367e-01
7.904647141695022583e-01
8.140198439359664917e-01
5.727950930595397949e-01
1.812122762203216553e-01
3.093671500682830811e-01
6.767875850200653076e-01
8.358096778392791748e-01
7.172493934631347656e-01
3.917308300733566284e-01
1.248260736465454102e-01
5.343195647001266479e-01
7.846842855215072632e-01
8.078976422548294067e-01
5.735057592391967773e-01
1.188784241676330566e-01
3.451449126005172729e-01
7.109095007181167603e-01
8.759827576577663422e-01
6.897863000631332397e-01
3.370644450187683105e-01
1.408714652061462402e-01
5.461672246456146240e-01
8.347041644155979156e-01
8.341190367937088013e-01
5.296464264392852783e-01
5.806812644004821777e-02
3.928152918815612793e-01
7.899599913507699966e-01
8.299331367015838623e-01
6.793043464422225952e-01
2.521814703941345215e-01
1.779176592826843262e-01
6.149135604500770569e-01
7.885075956583023071e-01
7.839019596576690674e-01
4.409730285406112671e-01
7.558226585388183594e-03
4.685420989990234375e-01
7.501224130392074585e-01
8.669648095965385437e-01
6.289876252412796021e-01
2.267867922782897949e-01
2.584147453308105469e-01
6.329699754714965820e-01
8.476408869028091431e-01
7.933555394411087036e-01
4.514272511005401611e-01
1.213791966438293457e-02
4.527527093887329102e-01
7.821552157402038574e-01
8.175516426563262939e-01
6.251861751079559326e-01
1.863490045070648193e-01
2.611369788646697998e-01
6.794032230973243713e-01
8.040809035301208496e-01
7.707357555627822876e-01
3.651695251464843750e-01
4.793131351470947266e-02
5.179843306541442871e-01
7.809007316827774048e-01
8.224809169769287109e-01
5.784941762685775757e-01
1.876109242439270020e-01
3.242306113243103027e-01
6.961372941732406616e-01
8.581935763359069824e-01
6.994899064302444458e-01
3.738801479339599609e-01
1.035303175449371338e-01
5.562376976013183594e-01
7.933896929025650024e-01
8.184101730585098267e-01
5.556329488754272461e-01
9.873670339584350586e-02
3.540818095207214355e-01
6.962017938494682312e-01
8.324764966964721680e-01
7.191802859306335449e-01
3.290463387966156006e-01
1.260904669761657715e-01
6.194037348031997681e-01
8.517485558986663818e-01
7.908141016960144043e-01
4.976608753204345703e-01
7.297807931900024414e-02
4.199344366788864136e-01
7.551003247499465942e-01
8.679635375738143921e-01
6.414226740598678589e-01
3.165791332721710205e-01
2.029481530189514160e-01
5.944561362266540527e-01
8.439951725304126740e-01
7.916138023138046265e-01
4.824387729167938232e-01
1.327347755432128906e-02
4.189485311508178711e-01
7.575861439108848572e-01
8.376955986022949219e-01
6.497177183628082275e-01
2.423133254051208496e-01
2.185594439506530762e-01
6.815373897552490234e-01
8.120743781328201294e-01
7.600685060024261475e-01
4.422897398471832275e-01
2.398788928985595703e-03
5.121772140264511108e-01
7.799027264118194580e-01
8.235684558749198914e-01
6.295305192470550537e-01
2.085132598876953125e-01
2.754785418510437012e-01
6.611074358224868774e-01
8.281642720103263855e-01
7.215646207332611084e-01
4.081898331642150879e-01
1.162847876548767090e-01
4.862373471260070801e-01
8.152063563466072083e-01
8.048259615898132324e-01
6.087118983268737793e-01
1.666086018085479736e-01
3.186856508255004883e-01
6.978449970483779907e-01
8.267943263053894043e-01
6.972008198499679565e-01
3.740272521972656250e-01
1.084579825401306152e-01
5.365410894155502319e-01
7.777880877256393433e-01
7.644942402839660645e-01
5.501049309968948364e-01
1.198858618736267090e-01
4.059876501560211182e-01
6.771898269653320312e-01
8.386706635355949402e-01
7.156690806150436401e-01
3.200481235980987549e-01
1.722948551177978516e-01
5.656647682189941406e-01
8.240130990743637085e-01
7.973067313432693481e-01
5.193199217319488525e-01
4.427826404571533203e-02
4.132637083530426025e-01
6.970134600996971130e-01
8.196905106306076050e-01
6.185831725597381592e-01
2.540609091520309448e-01
1.708551645278930664e-01
6.106388792395591736e-01
7.883642464876174927e-01
7.732737660408020020e-01
4.877774864435195923e-01
4.544931650161743164e-02
4.572788625955581665e-01
7.300532758235931396e-01
8.656667172908782959e-01
6.025972515344619751e-01
2.160767912864685059e-01
2.808778733015060425e-01
6.830369532108306885e-01
8.349682390689849854e-01
7.931553125381469727e-01
4.476553201675415039e-01
3.752380609512329102e-03
4.612960815429687500e-01
7.707087174057960510e-01
8.074056208133697510e-01
6.176106035709381104e-01
1.833653151988983154e-01
2.707518637180328369e-01
6.680576652288436890e-01
8.369398862123489380e-01
6.979827880859375000e-01
3.855765610933303833e-01
3.259444236755371094e-02
5.290052592754364014e-01
7.807821333408355713e-01
8.108620345592498779e-01
5.531837791204452515e-01
1.708163022994995117e-01
3.208285421133041382e-01
6.808257102966308594e-01
8.366252332925796509e-01
7.229866981506347656e-01
3.394943177700042725e-01
1.228591203689575195e-01
5.729508996009826660e-01
8.072184771299362183e-01
7.769484668970108032e-01
5.477989315986633301e-01
1.210300922393798828e-01
3.907142877578735352e-01
7.168122455477714539e-01
8.335200995206832886e-01
6.897091269493103027e-01
3.072906434535980225e-01
1.222130656242370605e-01
5.798065960407257080e-01
7.837156951427459717e-01
7.515553832054138184e-01
5.308558940887451172e-01
1.004014015197753906e-01
4.391592293977737427e-01
7.204310297966003418e-01
8.537633717060089111e-01
6.475007981061935425e-01
3.219720125198364258e-01
2.384957373142242432e-01
6.285883188247680664e-01
8.122010231018066406e-01
7.669050693511962891e-01
4.559615254402160645e-01
1.372489333152770996e-02
4.473657906055450439e-01
7.706234827637672424e-01
7.995027005672454834e-01
6.519728302955627441e-01
2.149861156940460205e-01
2.102680206298828125e-01
6.248653382062911987e-01
8.310879319906234741e-01
7.636896818876266479e-01
4.482159167528152466e-01
1.308590173721313477e-02
5.049839913845062256e-01
7.719502300024032593e-01
8.477863967418670654e-01
5.872377157211303711e-01
1.948421001434326172e-01
2.766909003257751465e-01
6.841850727796554565e-01
8.472995460033416748e-01
7.435917705297470093e-01
4.087286591529846191e-01
7.070884108543395996e-02
5.158218741416931152e-01
8.184661567211151123e-01
7.796969115734100342e-01
5.989194810390472412e-01
1.321220993995666504e-01
3.557052314281463623e-01
6.593032926321029663e-01
8.303989619016647339e-01
7.459933310747146606e-01
4.016402661800384521e-01
8.041608333587646484e-02
5.796629637479782104e-01
8.100316822528839111e-01
8.153183609247207642e-01
5.559860467910766602e-01
9.868592023849487305e-02
3.884483575820922852e-01
7.323120832443237305e-01
8.132110163569450378e-01
6.939822882413864136e-01
3.109935820102691650e-01
1.769815981388092041e-01
6.009691059589385986e-01
7.905739843845367432e-01
7.996473312377929688e-01
5.171929299831390381e-01
3.757223486900329590e-02
3.777684271335601807e-01
7.429848834872245789e-01
8.105576038360595703e-01
6.699931770563125610e-01
2.469549477100372314e-01
2.257348299026489258e-01
6.482522562146186829e-01
8.104955106973648071e-01
7.561424821615219116e-01
4.427690207958221436e-01
1.346325874328613281e-02
4.432326555252075195e-01
7.408620566129684448e-01
8.818600662052631378e-01
6.611228734254837036e-01
2.575737237930297852e-01
2.810892015695571899e-01
6.716592907905578613e-01
8.446398079395294189e-01
7.576610893011093140e-01
4.290771186351776123e-01
1.886150240898132324e-02
4.592196643352508545e-01
7.788438573479652405e-01
7.666855156421661377e-01
6.423145830631256104e-01
1.762888729572296143e-01
2.604874372482299805e-01
6.729982718825340271e-01
8.267191052436828613e-01
6.895186156034469604e-01
3.742419928312301636e-01
4.869496822357177734e-02
5.157894939184188843e-01
7.745366990566253662e-01
8.702611327171325684e-01
5.875667035579681396e-01
1.373676061630249023e-01
3.196577429771423340e-01
6.583023518323898315e-01
8.671865053474903107e-01
7.127617001533508301e-01
3.953409790992736816e-01
1.358529031276702881e-01
5.099399387836456299e-01
7.899417802691459656e-01
7.736331373453140259e-01
5.531955361366271973e-01
1.250590384006500244e-01
3.830071687698364258e-01
7.387766353785991669e-01
8.340700268745422363e-01
6.588034331798553467e-01
3.290910869836807251e-01
1.531001925468444824e-01
6.003033593297004700e-01
8.481171578168869019e-01
8.028009086847305298e-01
5.200633257627487183e-01
3.774839639663696289e-02
3.928295522928237915e-01
7.354089766740798950e-01
8.655609115958213806e-01
6.970637291669845581e-01
2.884647250175476074e-01
2.316672801971435547e-01
6.242790222167968750e-01
8.657727688550949097e-01
7.784194797277450562e-01
4.419411718845367432e-01
9.679496288299560547e-04
4.338103830814361572e-01
7.674438655376434326e-01
8.051791787147521973e-01
6.378619372844696045e-01
2.268595695495605469e-01
2.072709202766418457e-01
6.462798789143562317e-01
8.266641944646835327e-01
8.070223629474639893e-01
3.902414292097091675e-01
3.504222631454467773e-02
4.906973391771316528e-01
7.279710620641708374e-01
8.349607288837432861e-01
5.941869616508483887e-01
1.928099393844604492e-01
2.980151176452636719e-01
6.327086538076400757e-01
8.477415665984153748e-01
7.275266796350479126e-01
4.180011749267578125e-01
1.303031444549560547e-01
5.304457247257232666e-01
7.960834130644798279e-01
8.019068241119384766e-01
5.439075231552124023e-01
1.611844003200531006e-01
3.584575653076171875e-01
6.926202997565269470e-01
8.370831459760665894e-01
7.107844501733779907e-01
3.618838638067245483e-01
1.038374900817871094e-01
5.602205991744995117e-01
8.053824603557586670e-01
8.110810816287994385e-01
5.087783038616180420e-01
7.643914222717285156e-02
4.107951670885086060e-01
6.664697825908660889e-01
8.639238402247428894e-01
7.096210718154907227e-01
2.929006814956665039e-01
1.956789195537567139e-01
5.754536986351013184e-01
8.531231321394443512e-01
7.481070756912231445e-01
5.405454039573669434e-01
2.287316322326660156e-02
4.473509490489959717e-01
7.358357310295104980e-01
8.191166520118713379e-01
6.789189279079437256e-01
3.011711835861206055e-01
2.134184837341308594e-01
6.351369023323059082e-01
8.036006987094879150e-01
7.844878137111663818e-01
4.537056833505630493e-01
5.270653963088989258e-02
4.893414825201034546e-01
7.421373426914215088e-01
8.481675609946250916e-01
5.957594066858291626e-01
2.491707503795623779e-01
2.562559247016906738e-01
6.253990530967712402e-01
8.917724303901195526e-01
7.614287734031677246e-01
4.145824611186981201e-01
5.292659997940063477e-02
4.810548424720764160e-01
7.995118722319602966e-01
8.062923401594161987e-01
6.259363293647766113e-01
1.428624689579010010e-01
2.802900075912475586e-01
6.832179129123687744e-01
8.565222173929214478e-01
7.718445956707000732e-01
3.778406679630279541e-01
1.123568415641784668e-01
5.082467645406723022e-01
8.231933414936065674e-01
8.304553702473640442e-01
5.703467428684234619e-01
1.664571762084960938e-01
3.422627002000808716e-01
6.854011565446853638e-01
8.772619962692260742e-01
7.190201878547668457e-01
3.937374651432037354e-01
1.626134812831878662e-01
5.571349859237670898e-01
7.935475781559944153e-01
8.460141718387603760e-01
5.398449599742889404e-01
6.743109226226806641e-02
3.907763361930847168e-01
7.337681502103805542e-01
8.559176027774810791e-01
6.695433259010314941e-01
3.331206589937210083e-01
1.523790359497070312e-01
5.995545610785484314e-01
7.627778053283691406e-01
8.290525004267692566e-01
4.871928244829177856e-01
6.105250120162963867e-02
4.609528183937072754e-01
7.577432692050933838e-01
8.154052495956420898e-01
6.257028579711914062e-01
2.773334085941314697e-01
2.471480667591094971e-01
6.268339157104492188e-01
8.656031079590320587e-01
7.586379349231719971e-01
4.849583804607391357e-01
3.827959299087524414e-02
4.547237753868103027e-01
8.183325976133346558e-01
7.886872589588165283e-01
6.551856994628906250e-01
1.805596053600311279e-01
2.427922487258911133e-01
6.320722401142120361e-01
8.165061473846435547e-01
7.635138034820556641e-01
4.113266468048095703e-01
2.680420875549316406e-03
4.975278824567794800e-01
7.532861381769180298e-01
8.389817178249359131e-01
5.878515839576721191e-01
1.664856672286987305e-01
3.617651462554931641e-01
6.552127301692962646e-01
8.785401731729507446e-01
7.219258695840835571e-01
4.001598060131072998e-01
1.059023141860961914e-01
5.591653883457183838e-01
7.800743579864501953e-01
8.138660341501235962e-01
5.635132491588592529e-01
1.224921643733978271e-01
3.640873134136199951e-01
6.997248530387878418e-01
8.414988964796066284e-01
7.007920444011688232e-01
3.454670161008834839e-01
8.514553308486938477e-02
5.547330826520919800e-01
8.025007694959640503e-01
8.088620603084564209e-01
5.384397655725479126e-01
7.900393009185791016e-02
3.788881748914718628e-01
7.331446409225463867e-01
8.347333073616027832e-01
6.666747033596038818e-01
3.080143928527832031e-01
1.667576134204864502e-01
5.674254596233367920e-01
8.290525525808334351e-01
7.904778122901916504e-01
4.683567881584167480e-01
4.228970408439636230e-02
4.355202913284301758e-01
6.974795609712600708e-01
8.271349370479583740e-01
6.832298338413238525e-01
2.785360217094421387e-01
2.107751369476318359e-01
6.270733028650283813e-01
7.980990260839462280e-01
7.482523471117019653e-01
4.498936086893081665e-01
1.305377483367919922e-02
4.609164893627166748e-01
7.635094970464706421e-01
8.452851101756095886e-01
6.204275935888290405e-01
1.920973062515258789e-01
2.620579898357391357e-01
6.641847491264343262e-01
8.662430308759212494e-01
7.628145664930343628e-01
4.272629022598266602e-01
6.483405828475952148e-02
4.940581917762756348e-01
8.288055155426263809e-01
8.282887935638427734e-01
5.749753415584564209e-01
1.622421145439147949e-01
2.541114687919616699e-01
6.593607217073440552e-01
8.457410484552383423e-01
7.494253069162368774e-01
3.909147977828979492e-01
8.559280633926391602e-02
5.520335733890533447e-01
8.016557991504669189e-01
7.715135514736175537e-01
5.318822860717773438e-01
1.414535641670227051e-01
3.834598660469055176e-01
7.135964483022689819e-01
8.392461761832237244e-01
6.773304939270019531e-01
3.428206741809844971e-01
1.293995678424835205e-01
5.649577081203460693e-01
8.198579549789428711e-01
7.882849723100662231e-01
5.242267549037933350e-01
5.349311232566833496e-02
3.986618816852569580e-01
7.167044579982757568e-01
8.211126327514648438e-01
6.930892467498779297e-01
2.979943454265594482e-01
1.207789778709411621e-01
6.229912862181663513e-01
7.870341837406158447e-01
7.763164937496185303e-01
5.175531804561614990e-01
5.481421947479248047e-02
4.499360918998718262e-01
7.412560135126113892e-01
8.728111162781715393e-01
6.564221382141113281e-01
2.461420893669128418e-01
2.342954874038696289e-01
6.537365615367889404e-01
8.098236024379730225e-01
7.919843792915344238e-01
4.757924079895019531e-01
2.306252717971801758e-03
4.789412319660186768e-01
8.069921620190143585e-01
8.368750810623168945e-01
6.079132854938507080e-01
2.193567156791687012e-01
2.352582216262817383e-01
6.582226529717445374e-01
8.041542917490005493e-01
7.464846670627593994e-01
3.912033289670944214e-01
5.025708675384521484e-02
5.176969766616821289e-01
7.268693745136260986e-01
8.329206854104995728e-01
5.689897686243057251e-01
1.879544258117675781e-01
3.422096967697143555e-01
6.612877249717712402e-01
8.699283823370933533e-01
7.432048022747039795e-01
3.643645644187927246e-01
1.308362185955047607e-01
5.524522066116333008e-01
7.817753404378890991e-01
7.760893851518630981e-01
5.605196654796600342e-01
1.523111462593078613e-01
2.968703508377075195e-01
7.109335437417030334e-01
8.398088514804840088e-01
6.927034109830856323e-01
3.293038308620452881e-01
1.458734273910522461e-01
5.754058808088302612e-01
7.983345836400985718e-01
8.009062111377716064e-01
5.379065871238708496e-01
7.689559459686279297e-02
4.215880632400512695e-01
6.812852174043655396e-01
8.539066910743713379e-01
6.767567098140716553e-01
3.201490044593811035e-01
1.919333040714263916e-01
5.609475374221801758e-01
8.417597338557243347e-01
7.564135789871215820e-01
5.247379839420318604e-01
4.290774464607238770e-02
4.097730517387390137e-01
7.813087515532970428e-01
8.496840298175811768e-01
6.407367289066314697e-01
2.698385715484619141e-01
2.138893604278564453e-01
6.655762121081352234e-01
8.008458018302917480e-01
7.801823914051055908e-01
4.759591668844223022e-01
7.587254047393798828e-03
4.568727761507034302e-01
7.712835371494293213e-01
8.014780879020690918e-01
5.758894085884094238e-01
1.892715692520141602e-01
2.452118694782257080e-01
6.353668719530105591e-01
8.570170663297176361e-01
7.527984976768493652e-01
4.019637107849121094e-01
8.196833729743957520e-02
5.060657262802124023e-01
8.447831012308597565e-01
8.163839727640151978e-01
6.203798949718475342e-01
1.299084126949310303e-01
3.217393755912780762e-01
6.945145279169082642e-01
7.912015616893768311e-01
7.101559042930603027e-01
3.419318497180938721e-01
7.135558128356933594e-02
5.578487962484359741e-01
7.918297350406646729e-01
8.083394467830657959e-01
5.789466202259063721e-01
1.301502585411071777e-01
3.633006215095520020e-01
7.074579447507858276e-01
8.163382634520530701e-01
6.889367252588272095e-01
3.416839241981506348e-01
1.238945126533508301e-01
5.643419325351715088e-01
8.220240436494350433e-01
8.035180866718292236e-01
4.940709769725799561e-01
9.780600666999816895e-02
3.985750675201416016e-01
7.252186909317970276e-01
8.122285753488540649e-01
6.767686605453491211e-01
3.263057172298431396e-01
1.448837518692016602e-01
5.888109058141708374e-01
8.231098204851150513e-01
7.835761755704879761e-01
4.719526767730712891e-01
1.243406534194946289e-02
4.496855139732360840e-01
7.635312229394912720e-01
8.338118195533752441e-01
6.814911961555480957e-01
2.608044445514678955e-01
2.491447627544403076e-01
6.596841216087341309e-01
8.341497704386711121e-01
7.462533861398696899e-01
5.142132341861724854e-01
2.283123135566711426e-02
4.797977805137634277e-01
7.885519564151763916e-01
8.099236786365509033e-01
6.167696118354797363e-01
1.816877424716949463e-01
2.844388484954833984e-01
6.877057552337646484e-01
7.987529784440994263e-01
7.382426708936691284e-01
3.901634812355041504e-01
4.250603914260864258e-02
5.752867534756660461e-01
7.156208157539367676e-01
8.234749287366867065e-01
5.862460732460021973e-01
1.946420073509216309e-01
3.000423908233642578e-01
7.197750955820083618e-01
8.422199934720993042e-01
7.252774536609649658e-01
3.890314102172851562e-01
1.015204787254333496e-01
5.261300802230834961e-01
8.069391176104545593e-01
8.436651527881622314e-01
5.391332209110260010e-01
1.089160144329071045e-01
3.428019285202026367e-01
6.834766939282417297e-01
8.603177070617675781e-01
7.134273350238800049e-01
3.214847147464752197e-01
1.408662199974060059e-01
6.155281513929367065e-01
8.187497258186340332e-01
7.775521427392959595e-01
4.862499386072158813e-01
8.632904291152954102e-02
4.340751916170120239e-01
7.228184044361114502e-01
8.198435530066490173e-01
6.517925858497619629e-01
3.014456331729888916e-01
1.696413159370422363e-01
5.804114639759063721e-01
8.731639534235000610e-01
7.949905842542648315e-01
4.729696214199066162e-01
3.201442956924438477e-02
3.938421607017517090e-01
7.691387608647346497e-01
8.155865520238876343e-01
6.759017407894134521e-01
2.338297367095947266e-01
1.916620731353759766e-01
6.423951536417007446e-01
8.017300218343734741e-01
7.421336174011230469e-01
4.363385885953903198e-01
1.659035682678222656e-03
4.852797091007232666e-01
7.386366277933120728e-01
8.237066492438316345e-01
6.218135356903076172e-01
1.880521774291992188e-01
3.042782843112945557e-01
6.924381107091903687e-01
8.229087963700294495e-01
7.296491861343383789e-01
4.044556915760040283e-01
5.041655898094177246e-02
5.078519582748413086e-01
8.138759694993495941e-01
8.153944909572601318e-01
6.208716034889221191e-01
1.142487227916717529e-01
2.813957333564758301e-01
6.477481722831726074e-01
8.510607779026031494e-01
7.882160842418670654e-01
3.943700939416885376e-01
9.894317388534545898e-02
5.609175562858581543e-01
7.568883150815963745e-01
8.291124701499938965e-01
5.847810506820678711e-01
1.462026834487915039e-01
3.391169458627700806e-01
7.147799283266067505e-01
8.081619665026664734e-01
6.400771588087081909e-01
3.458302021026611328e-01
1.334598958492279053e-01
6.214030981063842773e-01
8.039632961153984070e-01
7.879159599542617798e-01
5.158717334270477295e-01
4.633057117462158203e-02
3.852705657482147217e-01
7.590531185269355774e-01
8.346645683050155640e-01
6.498364508152008057e-01
3.094883710145950317e-01
1.836006045341491699e-01
6.300565227866172791e-01
8.567064255475997925e-01
7.839744985103607178e-01
4.606086909770965576e-01
4.642301797866821289e-02
4.609614759683609009e-01
7.402997016906738281e-01
8.392815664410591125e-01
6.493949443101882935e-01
2.531001865863800049e-01
2.774055451154708862e-01
6.537310183048248291e-01
8.233040049672126770e-01
7.402461767196655273e-01
4.131528139114379883e-01
2.993661165237426758e-02
4.662311673164367676e-01
7.972114309668540955e-01
8.018181473016738892e-01
6.150929629802703857e-01
2.097932696342468262e-01
2.500256299972534180e-01
6.704961210489273071e-01
8.016878962516784668e-01
7.306517213582992554e-01
3.804523348808288574e-01
5.096560716629028320e-02
5.387759655714035034e-01
7.871725708246231079e-01
8.292688056826591492e-01
5.830991119146347046e-01
1.850500106811523438e-01
3.283057957887649536e-01
7.221301347017288208e-01
8.751927092671394348e-01
7.312910109758377075e-01
3.341407477855682373e-01
1.153756082057952881e-01
5.728274583816528320e-01
8.046242445707321167e-01
7.834403067827224731e-01
5.873138308525085449e-01
1.087332069873809814e-01
3.317342400550842285e-01
7.061550393700599670e-01
8.358162790536880493e-01
7.414739876985549927e-01
3.155455738306045532e-01
1.076009869575500488e-01
5.667553842067718506e-01
7.878917902708053589e-01
8.303812816739082336e-01
4.809512346982955933e-01
8.900845050811767578e-02
3.995373398065567017e-01
7.442625761032104492e-01
8.017950505018234253e-01
