# {'window': 41, 'n_steps': 1, 'contam': 0.9674511354577784, 'q': 0.014582421236248408, 'thres': 1.0932798411803017}
4.805926084518432617e-01
4.297252297401428223e-01
7.712293118238449097e-01
3.152100741863250732e-01
5.804408788681030273e-01
9.541611056774854660e-01
1.041572839021682739e-01
6.528350114822387695e-01
6.252236068248748779e-01
9.505221247673034668e-02
8.105842769145965576e-01
4.996311962604522705e-01
2.712471485137939453e-01
7.305466979742050171e-01
3.339501023292541504e-01
3.915973901748657227e-01
8.052457273006439209e-01
1.303808093070983887e-01
6.073897946625947952e-01
7.154127210378646851e-01
6.363993883132934570e-02
6.604290530085563660e-01
6.232910901308059692e-01
2.134764194488525391e-01
7.716068029403686523e-01
5.124224573373794556e-01
3.745697736740112305e-01
7.572046220302581787e-01
3.125526607036590576e-01
5.410622060298919678e-01
6.711041033267974854e-01
1.011667847633361816e-01
6.376730203628540039e-01
5.929229557514190674e-01
1.143635064363479614e-01
7.250342965126037598e-01
4.945059418678283691e-01
3.332155123353004456e-01
7.778743654489517212e-01
3.005397319793701172e-01
4.757428579032421112e-01
7.879557907581329346e-01
1.551346182823181152e-01
5.896328389644622803e-01
7.149411141872406006e-01
9.423732757568359375e-03
6.808717623353004456e-01
6.013612598180770874e-01
2.208642959594726562e-01
7.601929828524589539e-01
4.488051235675811768e-01
4.111253321170806885e-01
7.522814720869064331e-01
2.452111244201660156e-01
5.583260953426361084e-01
6.863585114479064941e-01
8.147409558296203613e-02
6.907966732978820801e-01
9.587873797863721848e-01
9.999068081378936768e-02
7.195572555065155029e-01
4.855726361274719238e-01
2.796170264482498169e-01
7.417642176151275635e-01
3.158295154571533203e-01
4.698241949081420898e-01
7.417031675577163696e-01
1.384914517402648926e-01
5.508726835250854492e-01
6.548776924610137939e-01
7.906585931777954102e-02
6.593433842062950134e-01
5.735835433006286621e-01
2.060301303863525391e-01
7.762321420013904572e-01
4.257654845714569092e-01
4.230172038078308105e-01
7.268555760383605957e-01
2.717087715864181519e-01
5.380969345569610596e-01
7.101427018642425537e-01
7.637593150138854980e-02
6.535151004791259766e-01
5.672409236431121826e-01
1.139778047800064087e-01
6.847529560327529907e-01
4.712783396244049072e-01
3.033835142850875854e-01
7.764183580875396729e-01
3.446081876754760742e-01
4.931703954935073853e-01
7.288504838943481445e-01
1.108112931251525879e-01
1.061483204364776611e+00
6.735774874687194824e-01
4.733818769454956055e-02
7.120295576751232147e-01
5.882081091403961182e-01
2.328056097030639648e-01
7.267718762159347534e-01
4.007216095924377441e-01
4.293099045753479004e-01
7.794224023818969727e-01
2.356475591659545898e-01
5.788500905036926270e-01
7.036329954862594604e-01
1.116275489330291748e-01
7.414052188396453857e-01
6.346226930618286133e-01
1.390579193830490112e-01
7.610168457031250000e-01
4.921528100967407227e-01
2.705490142107009888e-01
8.134998828172683716e-01
3.433986306190490723e-01
4.364101365208625793e-01
1.166862517595291138e+00
1.382377743721008301e-01
5.795630440115928650e-01
7.412089258432388306e-01
6.232923269271850586e-02
7.222247719764709473e-01
5.717417299747467041e-01
2.381521463394165039e-01
1.151555836200714111e+00
4.725430607795715332e-01
4.096250534057617188e-01
7.627509981393814087e-01
3.112084716558456421e-01
5.899006128311157227e-01
7.155226320028305054e-01
2.055363934487104416e-01
6.418396234512329102e-01
6.198177933692932129e-01
1.205477863550186157e-01
7.695103287696838379e-01
4.903005659580230713e-01
2.940153032541275024e-01
8.149587810039520264e-01
3.344802856445312500e-01
4.849550984799861908e-01
7.700734138488769531e-01
1.929846405982971191e-01
6.075985971838235855e-01
7.217362523078918457e-01
5.268514156341552734e-03
6.917381212115287781e-01
6.061448603868484497e-01
2.074780464172363281e-01
7.093003690242767334e-01
4.424375444650650024e-01
4.432348012924194336e-01
7.357609421014785767e-01
3.181304335594177246e-01
1.111973822116851807e+00
6.608662605285644531e-01
1.432929188013076782e-01
7.505626976490020752e-01
6.124146282672882080e-01
1.039341837167739868e-01
7.719242572784423828e-01
4.350699782371520996e-01
2.791992574930191040e-01
8.215505182743072510e-01
3.095547556877136230e-01
4.876193068921566010e-01
7.861471176147460938e-01
1.014401912689208984e-01
6.311041451990604401e-01
7.114794254302978516e-01
7.589775323867797852e-02
7.176983579993247986e-01
5.709341764450073242e-01
2.757242918014526367e-01
7.421203106641769409e-01
4.422123432159423828e-01
4.695472419261932373e-01
7.490601986646652222e-01
2.815896570682525635e-01
5.912887454032897949e-01
6.997829824686050415e-01
1.075016856193542480e-01
7.136023342609405518e-01
6.095969378948211670e-01
1.607817411422729492e-01
8.131002634763717651e-01
9.344086032360792160e-01
3.028629794716835022e-01
7.855576574802398682e-01
3.423556685447692871e-01
4.697393700480461121e-01
7.589350491762161255e-01
1.656328439712524414e-01
5.849591121077537537e-01
6.390435099601745605e-01
2.854669094085693359e-02
6.753615960478782654e-01
5.450566112995147705e-01
1.984797716140747070e-01
7.449949532747268677e-01
4.516604393720626831e-01
3.484502434730529785e-01
7.403796911239624023e-01
2.671290040016174316e-01
5.500159263610839844e-01
6.940698474645614624e-01
5.615378916263580322e-02
6.728274822235107422e-01
6.233626306056976318e-01
6.656241416931152344e-02
7.421077489852905273e-01
9.358385186642408371e-01
2.793406248092651367e-01
7.816889286041259766e-01
3.398417830467224121e-01
4.598262868821620941e-01
7.232809215784072876e-01
1.735051274299621582e-01
5.728389285504817963e-01
6.437360644340515137e-01
1.113188266754150391e-02
6.312381178140640259e-01
5.613996982574462891e-01
1.910535097122192383e-01
7.169415280222892761e-01
4.500224143266677856e-01
3.232260346412658691e-01
1.051733896136283875e+00
3.022973239421844482e-01
4.890367388725280762e-01
7.127294540405273438e-01
9.185877442359924316e-02
6.405089795589447021e-01
6.222426593303680420e-01
1.546240597963333130e-01
7.282113283872604370e-01
5.212068259716033936e-01
3.056242316961288452e-01
1.114190146327018738e+00
3.273991942405700684e-01
4.248961880803108215e-01
7.933756709098815918e-01
1.606044173240661621e-01
5.479178726673126221e-01
6.916050910949707031e-01
9.641110897064208984e-03
6.594960168004035950e-01
6.613550782203674316e-01
5.675728321075439453e-01
6.933816000819206238e-01
4.946203529834747314e-01
4.354099631309509277e-01
6.821423321962356567e-01
3.535501956939697266e-01
6.361960470676422119e-01
7.110797613859176636e-01
1.285163462162017822e-01
6.859720647335052490e-01
6.718984246253967285e-01
7.122848927974700928e-02
7.746363282203674316e-01
4.657013416290283203e-01
2.205961048603057861e-01
8.280207812786102295e-01
3.477862477302551270e-01
4.664335697889328003e-01
7.561150342226028442e-01
1.561280488967895508e-01
6.274254154413938522e-01
7.481934130191802979e-01
1.002457737922668457e-01
7.111429721117019653e-01
5.999475270509719849e-01
2.721698880195617676e-01
1.252363294363021851e+00
4.386365711688995361e-01
3.963792324066162109e-01
7.086235284805297852e-01
2.624630779027938843e-01
5.991871953010559082e-01
7.004516422748565674e-01
6.692115962505340576e-02
6.643127202987670898e-01
6.028997004032135010e-01
1.239649504423141479e-01
7.593157291412353516e-01
4.574886858463287354e-01
2.982160821557044983e-01
8.298566490411758423e-01
3.069858551025390625e-01
4.967106319963932037e-01
8.076555430889129639e-01
1.231631636619567871e-01
5.562099963426589966e-01
7.046904265880584717e-01
5.990463495254516602e-02
7.375980466604232788e-01
6.293688714504241943e-01
2.677704095840454102e-01
7.844746671617031097e-01
4.772802144289016724e-01
4.181624650955200195e-01
7.574447840452194214e-01
2.576706409454345703e-01
5.645638108253479004e-01
7.043992429971694946e-01
8.702646195888519287e-02
7.106629610061645508e-01
6.305513679981231689e-01
4.591115117073059082e-01
7.678331136703491211e-01
4.862759411334991455e-01
3.045804202556610107e-01
7.811460196971893311e-01
3.338412046432495117e-01
4.799966812133789062e-01
7.571734935045242310e-01
1.445416212081909180e-01
6.389231197535991669e-01
9.834575653076171875e-01
4.590004682540893555e-02
6.794617846608161926e-01
6.415129154920578003e-01
2.671889066696166992e-01
7.230846732854843140e-01
4.484422057867050171e-01
3.913429975509643555e-01
1.273284703493118286e+00
2.873752117156982422e-01
5.439059734344482422e-01
6.777555644512176514e-01
6.741704046726226807e-02
7.065230309963226318e-01
5.973010659217834473e-01
7.495848834514617920e-02
7.356183528900146484e-01
4.922664463520050049e-01
3.144229725003242493e-01
7.909310460090637207e-01
3.435956239700317383e-01
4.576553627848625183e-01
7.744347602128982544e-01
1.698529720306396484e-01
6.110750846564769745e-01
7.384519577026367188e-01
2.734208106994628906e-02
6.784514561295509338e-01
6.221572458744049072e-01
2.074151635169982910e-01
7.263759076595306396e-01
4.376716762781143188e-01
4.028491973876953125e-01
7.382769882678985596e-01
2.814959883689880371e-01
5.849242210388183594e-01
7.529561817646026611e-01
1.152267754077911377e-01
6.641649305820465088e-01
6.359072327613830566e-01
8.034281432628631592e-02
7.621370851993560791e-01
4.759181439876556396e-01
2.403536140918731689e-01
7.817170470952987671e-01
3.069460391998291016e-01
4.339484721422195435e-01
7.442343235015869141e-01
1.372533440589904785e-01
6.183889769017696381e-01
6.940741837024688721e-01
5.102783441543579102e-02
6.711408719420433044e-01
6.241681873798370361e-01
2.673743963241577148e-01
1.160990744829177856e+00
4.426509737968444824e-01
4.051367640495300293e-01
7.601347565650939941e-01
2.758281230926513672e-01
5.570659041404724121e-01
6.989428848028182983e-01
5.988965928554534912e-02
6.710185110569000244e-01
6.764280200004577637e-01
1.348827481269836426e-01
7.389190793037414551e-01
4.753012061119079590e-01
2.796921730041503906e-01
8.010179400444030762e-01
2.997155785560607910e-01
4.467854425311088562e-01
7.796711027622222900e-01
1.644543409347534180e-01
5.518874004483222961e-01
7.057517319917678833e-01
6.991124153137207031e-02
6.927400268614292145e-01
9.796810746192932129e-01
2.295073270797729492e-01
7.288125008344650269e-01
4.992023259401321411e-01
3.872848749160766602e-01
7.589186728000640869e-01
2.786922603845596313e-01
5.634770393371582031e-01
6.950203478336334229e-01
1.963559370487928391e-01
1.150504469871520996e+00
6.234818994998931885e-01
8.804030716419219971e-02
7.546787559986114502e-01
4.911694824695587158e-01
2.478680014610290527e-01
7.602813094854354858e-01
3.186012506484985352e-01
4.006064906716346741e-01
8.348632454872131348e-01
1.821915507316589355e-01
5.918110162019729614e-01
7.000609338283538818e-01
3.556489944458007812e-02
6.614013686776161194e-01
5.920592844486236572e-01
2.756698727607727051e-01
7.238265424966812134e-01
4.710445106029510498e-01
4.145284593105316162e-01
7.765167504549026489e-01
2.962729036808013916e-01
1.073097884654998779e+00
6.740097403526306152e-01
1.241737604141235352e-01
7.165436446666717529e-01
5.999028384685516357e-01
7.252269983291625977e-02
7.815547138452529907e-01
4.323391020298004150e-01
2.905658781528472900e-01
8.753584474325180054e-01
2.805961966514587402e-01
4.772529304027557373e-01
1.210672110319137573e+00
1.326825022697448730e-01
6.523758396506309509e-01
1.060190215706825256e+00
9.309279918670654297e-02
6.885681487619876862e-01
6.400263905525207520e-01
3.133749365806579590e-01
7.263854667544364929e-01
5.605150908231735229e-01
8.584176898002624512e-01
7.960467711091041565e-01
3.191751241683959961e-01
6.066732704639434814e-01
7.071367949247360229e-01
1.363202184438705444e-01
7.586985975503921509e-01
5.764924585819244385e-01
4.603542387485504150e-02
8.084864765405654907e-01
5.048808157444000244e-01
1.973520219326019287e-01
8.527239561080932617e-01
3.128242492675781250e-01
4.646823219954967499e-01
8.600487411022186279e-01
1.447696685791015625e-01
5.618414841592311859e-01
7.718548178672790527e-01
8.408904075622558594e-03
6.737309843301773071e-01
6.692094057798385620e-01
2.189912199974060059e-01
7.440961152315139771e-01
4.859659373760223389e-01
4.299785494804382324e-01
7.188938856124877930e-01
3.223999887704849243e-01
5.627024769783020020e-01
7.194265425205230713e-01
6.223459541797637939e-02
6.776605099439620972e-01
6.429597139358520508e-01
1.534889489412307739e-01
7.995613515377044678e-01
4.868578314781188965e-01
3.328567594289779663e-01
7.927301228046417236e-01
2.732159495353698730e-01
4.501846134662628174e-01
7.295485585927963257e-01
1.702901721000671387e-01
6.075983755290508270e-01
6.945299208164215088e-01
3.552061319351196289e-02
6.837475076317787170e-01
5.701407492160797119e-01
2.664070129394531250e-01
8.021426163613796234e-01
4.240332096815109253e-01
4.334120452404022217e-01
7.597711682319641113e-01
2.203844785690307617e-01
5.787022113800048828e-01
7.317714840173721313e-01
5.879244208335876465e-02
6.438665390014648438e-01
6.272034943103790283e-01
1.695579141378402710e-01
7.682924568653106689e-01
4.349438250064849854e-01
3.133170306682586670e-01
7.594683170318603516e-01
2.470853328704833984e-01
4.846990853548049927e-01
7.166214585304260254e-01
1.464266777038574219e-01
6.162683889269828796e-01
6.827619373798370361e-01
6.015038490295410156e-02
6.744413152337074280e-01
5.704734921455383301e-01
7.024526596069335938e-01
7.157960683107376099e-01
4.058209359645843506e-01
4.720846414566040039e-01
7.802465260028839111e-01
2.379074394702911377e-01
6.278864145278930664e-01
6.709240674972534180e-01
3.680332005023956299e-02
6.900389492511749268e-01
6.096026003360748291e-01
1.542753130197525024e-01
8.008393049240112305e-01
4.705592691898345947e-01
3.266936317086219788e-01
8.111990541219711304e-01
3.089464902877807617e-01
5.056219771504402161e-01
7.994701117277145386e-01
1.181930899620056152e-01
6.129267886281013489e-01
7.203002572059631348e-01
1.215174794197082520e-01
7.122094407677650452e-01
6.258505433797836304e-01
2.547495365142822266e-01
1.295183211565017700e+00
4.800657033920288086e-01
4.843948483467102051e-01
8.050375431776046753e-01
1.987341642379760742e-01
6.293373405933380127e-01
7.103908956050872803e-01
8.768419921398162842e-02
7.087594270706176758e-01
5.911332070827484131e-01
1.054088473320007324e-01
7.753275781869888306e-01
9.593714457005262375e-01
2.697723805904388428e-01
7.841943204402923584e-01
3.499786257743835449e-01
4.846930354833602905e-01
7.877961099147796631e-01
1.729569435119628906e-01
6.010653935372829437e-01
7.182392925024032593e-01
5.608975887298583984e-03
7.234374228864908218e-01
5.860806703567504883e-01
1.952118873596191406e-01
7.189477235078811646e-01
4.496606290340423584e-01
3.723222613334655762e-01
7.234149426221847534e-01
2.728237062692642212e-01
5.239311456680297852e-01
1.008272148668766022e+00
1.232129931449890137e-01
6.176956295967102051e-01
6.276443004608154297e-01
9.284240007400512695e-02
1.273328930139541626e+00
5.252583026885986328e-01
2.490695416927337646e-01
7.375297993421554565e-01
3.923882246017456055e-01
4.330448880791664124e-01
7.697145044803619385e-01
1.244932413101196289e-01
5.248949900269508362e-01
7.307092547416687012e-01
3.069549798965454102e-02
6.469026505947113037e-01
5.892283618450164795e-01
2.021557092666625977e-01
7.437538504600524902e-01
4.626798033714294434e-01
4.299328327178955078e-01
7.312654107809066772e-01
3.410505056381225586e-01
5.497147142887115479e-01
6.847079992294311523e-01
1.312420070171356201e-01
7.116484045982360840e-01
5.885114371776580811e-01
1.113782972097396851e-01
7.438194751739501953e-01
4.884472787380218506e-01
2.651494741439819336e-01
8.057382255792617798e-01
3.232856392860412598e-01
8.943788409233093262e-01
7.675201743841171265e-01
1.411911845207214355e-01
5.840991139411926270e-01
6.878184378147125244e-01
4.429221153259277344e-02
7.060534730553627014e-01
6.019818782806396484e-01
2.181692123413085938e-01
1.219401389360427856e+00
4.299582540988922119e-01
4.158327579498291016e-01
1.201309174299240112e+00
2.934444844722747803e-01
5.743504166603088379e-01
6.978450417518615723e-01
8.720561861991882324e-02
7.092285752296447754e-01
6.279891729354858398e-01
9.194827079772949219e-02
7.300766408443450928e-01
5.147576630115509033e-01
6.640643179416656494e-01
7.611704915761947632e-01
3.629262447357177734e-01
4.621342867612838745e-01
7.662750035524368286e-01
1.957108974456787109e-01
5.514688938856124878e-01
7.444107383489608765e-01
2.590060234069824219e-02
7.106562554836273193e-01
6.583451032638549805e-01
2.108360528945922852e-01
7.173876166343688965e-01
4.672406762838363647e-01
4.260376691818237305e-01
7.698636651039123535e-01
2.630521059036254883e-01
5.766414105892181396e-01
6.804167330265045166e-01
7.092997431755065918e-02
7.214156240224838257e-01
9.797779899090528488e-01
9.624868631362915039e-02
7.354677617549896240e-01
5.144089162349700928e-01
6.480152606964111328e-01
1.203535959124565125e+00
3.438917994499206543e-01
4.634259194135665894e-01
7.965442538261413574e-01
1.269420981407165527e-01
5.777383744716644287e-01
7.352699488401412964e-01
3.619575500488281250e-02
6.871582567691802979e-01
6.066143065690994263e-01
2.047027945518493652e-01
7.713660597801208496e-01
4.667055755853652954e-01
3.686437606811523438e-01
7.379616945981979370e-01
3.014941215515136719e-01
5.560432374477386475e-01
7.008764445781707764e-01
1.292238533496856689e-01
6.841928362846374512e-01
6.195543408393859863e-01
7.756376266479492188e-02
7.332049012184143066e-01
4.672182202339172363e-01
2.903270199894905090e-01
7.669152617454528809e-01
2.925164103507995605e-01
4.537055492401123047e-01
7.634401023387908936e-01
1.139776110649108887e-01
5.760083273053169250e-01
7.102917432785034180e-01
6.751686334609985352e-02
6.715231053531169891e-01
6.067679375410079956e-01
2.437030076980590820e-01
7.496271654963493347e-01
5.022256374359130859e-01
4.185591936111450195e-01
7.527319788932800293e-01
1.658675950020551682e-01
5.761494934558868408e-01
6.924441307783126831e-01
1.729196310043334961e-02
6.781646907329559326e-01
6.123399138450622559e-01
1.282450854778289795e-01
7.341465204954147339e-01
4.607940316200256348e-01
3.075534254312515259e-01
7.645346820354461670e-01
2.847084403038024902e-01
4.804255738854408264e-01
7.642882764339447021e-01
1.454750895500183105e-01
5.716675072908401489e-01
6.927590817213058472e-01
9.612280130386352539e-02
7.032028287649154663e-01
5.931939482688903809e-01
2.646015286445617676e-01
7.620617300271987915e-01
4.264924526214599609e-01
4.299686253070831299e-01
7.614456415176391602e-01
2.186258882284164429e-01
6.155874431133270264e-01
7.182954847812652588e-01
7.357382774353027344e-02
7.046859562397003174e-01
5.764828920364379883e-01
1.590054184198379517e-01
7.445221841335296631e-01
4.582706689834594727e-01
3.087682127952575684e-01
7.699678838253021240e-01
3.353415131568908691e-01
4.736374318599700928e-01
7.582310438156127930e-01
1.001866459846496582e-01
6.106349937617778778e-01
6.837437152862548828e-01
6.494587659835815430e-02
6.595289707183837891e-01
5.781245976686477661e-01
2.550126314163208008e-01
7.440743967890739441e-01
4.473612904548645020e-01
4.193876385688781738e-01
7.344458252191543579e-01
2.330665290355682373e-01
5.826321244239807129e-01
7.086045593023300171e-01
7.832905650138854980e-02
7.009133696556091309e-01
6.145176589488983154e-01
1.253977715969085693e-01
7.572043091058731079e-01
4.512860476970672607e-01
2.749598920345306396e-01
7.555043548345565796e-01
3.162124752998352051e-01
9.139308631420135498e-01
7.184787392616271973e-01
1.537104845046997070e-01
6.036835685372352600e-01
7.177166491746902466e-01
7.511746883392333984e-02
7.036743536591529846e-01
5.577987432479858398e-01
2.013006806373596191e-01
8.086272738873958588e-01
4.658624231815338135e-01
4.166111648082733154e-01
7.780923694372177124e-01
2.542091608047485352e-01
5.299533009529113770e-01
6.870819032192230225e-01
5.378207564353942871e-02
6.545842289924621582e-01
5.832634866237640381e-01
1.702918708324432373e-01
7.604276686906814575e-01
4.977744817733764648e-01
3.349567353725433350e-01
7.436755895614624023e-01
2.892765998840332031e-01
5.060770176351070404e-01
7.542552351951599121e-01
1.619428992271423340e-01
6.116988062858581543e-01
6.794618964195251465e-01
5.752766132354736328e-02
6.951091736555099487e-01
6.006647199392318726e-01
2.525054812431335449e-01
7.373302131891250610e-01
3.874562382698059082e-01
4.224314391613006592e-01
7.621254920959472656e-01
2.263023704290390015e-01
5.401884913444519043e-01
7.132738977670669556e-01
4.714936017990112305e-02
6.917865872383117676e-01
5.581999719142913818e-01
1.272040456533432007e-01
7.615378946065902710e-01
5.062709450721740723e-01
3.328662365674972534e-01
7.739732563495635986e-01
3.221110105514526367e-01
5.450265551917254925e-01
7.819411903619766235e-01
9.969347715377807617e-02
6.202116683125495911e-01
6.432609111070632935e-01
4.980319738388061523e-02
7.363815810531377792e-01
5.581808537244796753e-01
2.660342454910278320e-01
7.896342538297176361e-01
3.833620697259902954e-01
4.142896533012390137e-01
7.754346877336502075e-01
2.123128324747085571e-01
5.730387568473815918e-01
7.041325569152832031e-01
2.541984599083662033e-01
6.637446582317352295e-01
6.086229383945465088e-01
1.507402658462524414e-01
7.399159520864486694e-01
4.889885485172271729e-01
2.989287674427032471e-01
7.864044010639190674e-01
3.593756556510925293e-01
4.953974038362503052e-01
7.385682612657546997e-01
1.433594822883605957e-01
6.485241018235683441e-01
6.834696233272552490e-01
6.069946289062500000e-02
7.184362560510635376e-01
5.649458020925521851e-01
2.470304965972900391e-01
7.806186825037002563e-01
4.159026890993118286e-01
4.405313134193420410e-01
7.807838320732116699e-01
2.641028314828872681e-01
5.728559494018554688e-01
1.077150464057922363e+00
5.079266428947448730e-02
6.901126205921173096e-01
6.511759459972381592e-01
1.740910857915878296e-01
7.202464789152145386e-01
4.901257753372192383e-01
3.609498292207717896e-01
7.695742249488830566e-01
3.623122572898864746e-01
4.668675661087036133e-01
7.237032204866409302e-01
1.165962815284729004e-01
5.515792593359947205e-01
6.853499561548233032e-01
1.651984453201293945e-02
6.839301437139511108e-01
5.554572194814682007e-01
2.888959050178527832e-01
7.659515067934989929e-01
4.718347191810607910e-01
3.945708274841308594e-01
7.401440292596817017e-01
2.496413886547088623e-01
5.843656957149505615e-01
6.948190033435821533e-01
9.160010516643524170e-02
6.804053783416748047e-01
6.278164684772491455e-01
1.059040874242782593e-01
7.238005399703979492e-01
4.722649455070495605e-01
2.952805832028388977e-01
7.700024247169494629e-01
3.036969900131225586e-01
4.529637023806571960e-01
7.534452378749847412e-01
1.168373823165893555e-01
5.647023022174835205e-01
7.056434750556945801e-01
7.180279493331909180e-02
7.038666978478431702e-01
5.934618115425109863e-01
2.822859883308410645e-01
7.057876884937286377e-01
4.512425363063812256e-01
3.713957667350769043e-01
7.489504516124725342e-01
2.221481651067733765e-01
5.603545904159545898e-01
6.484221816062927246e-01
1.177560985088348389e-01
6.556027531623840332e-01
5.656506121158599854e-01
1.200782507658004761e-01
7.342522442340850830e-01
5.054436624050140381e-01
2.982499599456787109e-01
7.604867219924926758e-01
3.155753612518310547e-01
4.665961712598800659e-01
7.165995836257934570e-01
2.064422965049743652e-01
5.617760717868804932e-01
6.720825582742691040e-01
8.069097995758056641e-02
7.383631225675344467e-01
5.622248351573944092e-01
2.537932991981506348e-01
7.420879825949668884e-01
4.189168810844421387e-01
4.418270289897918701e-01
6.838961243629455566e-01
2.522667497396469116e-01
6.126084625720977783e-01
6.789902150630950928e-01
2.647128682583570480e-01
7.044105529785156250e-01
9.393878560513257980e-01
1.787598878145217896e-01
7.657933235168457031e-01
4.666284322738647461e-01
3.067068904638290405e-01
7.903535664081573486e-01
3.455669283866882324e-01
4.805724620819091797e-01
7.117188870906829834e-01
1.636441946029663086e-01
6.144020818173885345e-01
6.671905219554901123e-01
2.690482139587402344e-02
1.208779811859130859e+00
5.863134860992431641e-01
2.536312937736511230e-01
7.872346341609954834e-01
4.147994965314865112e-01
4.183376431465148926e-01
7.818200737237930298e-01
1.701987963169813156e-01
1.049802780151367188e+00
7.299645841121673584e-01
7.803413271903991699e-02
6.877816915512084961e-01
6.036895811557769775e-01
1.331682354211807251e-01
7.875289767980575562e-01
4.790152907371520996e-01
3.231080919504165649e-01
8.150918781757354736e-01
1.072765588760375977e-01
4.784332066774368286e-01
8.191435635089874268e-01
1.005246639251708984e-01
6.229099109768867493e-01
7.479646503925323486e-01
8.144366741180419922e-02
6.757856681942939758e-01
6.458338499069213867e-01
3.324831128120422363e-01
8.092596083879470825e-01
4.641674458980560303e-01
5.003842115402221680e-01
7.970722019672393799e-01
2.871056795120239258e-01
5.981628000736236572e-01
7.120669037103652954e-01
5.547863245010375977e-02
7.099034786224365234e-01
6.059336066246032715e-01
1.308396905660629272e-01
8.657561838626861572e-01
4.694881141185760498e-01
2.974884659051895142e-01
8.172272890806198120e-01
3.218734264373779297e-01
5.139051750302314758e-01
7.766975760459899902e-01
8.046144247055053711e-02
6.083417013287544250e-01
6.996586918830871582e-01
1.198999285697937012e-01
6.993250995874404907e-01
5.461722463369369507e-01
2.731040716171264648e-01
1.136694133281707764e+00
4.468656331300735474e-01
4.545545578002929688e-01
7.636065930128097534e-01
2.573000490665435791e-01
5.954338312149047852e-01
6.990829259157180786e-01
3.210929036140441895e-02
6.889194846153259277e-01
6.243502497673034668e-01
1.281147450208663940e-01
7.141801714897155762e-01
4.650564789772033691e-01
2.924685031175613403e-01
7.489894181489944458e-01
3.207610845565795898e-01
9.028605222702026367e-01
7.995460331439971924e-01
1.626352071762084961e-01
6.717160297557711601e-01
6.920365840196609497e-01
5.086356401443481445e-02
7.367076333612203598e-01
5.523652285337448120e-01
2.072728276252746582e-01
7.579792290925979614e-01
4.314746260643005371e-01
3.751460313796997070e-01
7.500218152999877930e-01
2.779509425163269043e-01
6.179798841476440430e-01
7.024148106575012207e-01
7.540465891361236572e-02
6.776785850524902344e-01
6.136125624179840088e-01
9.422828257083892822e-02
7.654854953289031982e-01
5.034049749374389648e-01
2.930735945701599121e-01
7.454338669776916504e-01
3.532907962799072266e-01
4.630595371127128601e-01
7.890928387641906738e-01
1.675038337707519531e-01
5.866304710507392883e-01
7.055641710758209229e-01
9.738236665725708008e-02
7.217434719204902649e-01
6.165886968374252319e-01
2.517014145851135254e-01
7.678308859467506409e-01
4.485199153423309326e-01
4.428247809410095215e-01
1.123308151960372925e+00
2.635448127985000610e-01
5.472597181797027588e-01
7.034710943698883057e-01
9.529095888137817383e-02
7.400436401367187500e-01
9.596043806523084641e-01
1.446413993835449219e-01
7.133579254150390625e-01
4.920762181282043457e-01
3.027123883366584778e-01
7.627107501029968262e-01
3.321436047554016113e-01
4.712521396577358246e-01
7.208065539598464966e-01
1.549515724182128906e-01
5.663597807288169861e-01
6.952619552612304688e-01
7.621413469314575195e-02
6.557554304599761963e-01
6.418688148260116577e-01
1.901085376739501953e-01
7.277968898415565491e-01
9.471462219953536987e-01
3.908659815788269043e-01
7.313123494386672974e-01
2.957172095775604248e-01
5.760904550552368164e-01
7.055425941944122314e-01
9.459300339221954346e-02
6.504281759262084961e-01
6.412991881370544434e-01
6.074750423431396484e-02
6.791472733020782471e-01
4.841478466987609863e-01
2.746359109878540039e-01
7.771903723478317261e-01
3.804726004600524902e-01
4.285582527518272400e-01
7.868298292160034180e-01
1.264219880104064941e-01
5.543161444365978241e-01
6.920800507068634033e-01
3.266883492469787598e-01
6.388388201594352722e-01
5.808333754539489746e-01
2.469999790191650391e-01
7.295833155512809753e-01
4.364755451679229736e-01
8.367605805397033691e-01
7.063345462083816528e-01
3.150745332241058350e-01
6.090716719627380371e-01
6.959815770387649536e-01
9.295770525932312012e-02
6.976021081209182739e-01
5.801265537738800049e-01
1.020967811346054077e-01
7.685288190841674805e-01
5.175920426845550537e-01
2.691119164228439331e-01
8.221941292285919189e-01
2.775972485542297363e-01
4.805136471986770630e-01
8.050790280103683472e-01
1.580390930175781250e-01
6.370638534426689148e-01
7.420461773872375488e-01
7.037866115570068359e-02
7.238070890307426453e-01
6.213856637477874756e-01
2.858306765556335449e-01
7.411261126399040222e-01
4.492224156856536865e-01
4.543025195598602295e-01
7.395884096622467041e-01
2.802852392196655273e-01
1.170920848846435547e+00
7.143353670835494995e-01
4.987618327140808105e-02
7.737070918083190918e-01
6.175198256969451904e-01
5.888235569000244141e-02
7.842155396938323975e-01
4.565954506397247314e-01
2.808141261339187622e-01
8.241369426250457764e-01
2.807354927062988281e-01
4.732781313359737396e-01
8.405973911285400391e-01
1.446131467819213867e-01
6.324960030615329742e-01
1.083832532167434692e+00
5.767178535461425781e-02
6.715961694717407227e-01
5.926932990550994873e-01
2.151443958282470703e-01
7.515427917242050171e-01
4.667976796627044678e-01
8.464263975620269775e-01
7.339418083429336548e-01
3.291173428297042847e-01
6.202203035354614258e-01
1.013214409351348877e+00
1.330420970916748047e-01
7.215533554553985596e-01
5.822459459304809570e-01
8.074678480625152588e-02
8.313367366790771484e-01
4.411244392395019531e-01
2.500095963478088379e-01
8.081877231597900391e-01
1.086653470993041992e-01
4.069631844758987427e-01
8.263088464736938477e-01
1.030790209770202637e-01
5.698884129524230957e-01
7.190622240304946899e-01
7.585310935974121094e-02
7.349137831479310989e-01
6.656089723110198975e-01
2.649784684181213379e-01
7.440736740827560425e-01
4.435785710811614990e-01
4.364734292030334473e-01
7.201044708490371704e-01
2.836231887340545654e-01
5.867833495140075684e-01
6.904820948839187622e-01
1.080060303211212158e-01
7.322588562965393066e-01
5.869820117950439453e-01
1.339225172996520996e-01
8.237295448780059814e-01
4.699880182743072510e-01
3.447024673223495483e-01
8.427155166864395142e-01
2.969182729721069336e-01
4.485241696238517761e-01
8.164409697055816650e-01
9.335899353027343750e-02
6.608703248202800751e-01
7.223475873470306396e-01
3.365687131881713867e-01
7.469269782304763794e-01
5.815774947404861450e-01
3.161129355430603027e-01
8.047053888440132141e-01
4.295748770236968994e-01
4.774760007858276367e-01
7.230316549539566040e-01
2.419402897357940674e-01
6.386002898216247559e-01
7.052648514509201050e-01
6.859456002712249756e-02
6.993075460195541382e-01
6.173828840255737305e-01
1.878014206886291504e-01
7.664989382028579712e-01
4.518671035766601562e-01
3.343439251184463501e-01
8.123740553855895996e-01
1.304278969764709473e-01
4.459077641367912292e-01
7.926854491233825684e-01
9.880244731903076172e-02
6.143022924661636353e-01
7.286593914031982422e-01
7.216721773147583008e-02
6.665257066488265991e-01
6.158692389726638794e-01
3.001757860183715820e-01
7.735946923494338989e-01
4.005950540304183960e-01
5.069618523120880127e-01
8.053528517484664917e-01
2.540521770715713501e-01
6.310258805751800537e-01
6.670439541339874268e-01
3.570675849914550781e-02
7.304432392120361328e-01
6.150787174701690674e-01
1.824043691158294678e-01
7.432455271482467651e-01
4.826315045356750488e-01
3.695150837302207947e-01
8.165841102600097656e-01
2.844113111495971680e-01
4.981025010347366333e-01
7.984202206134796143e-01
1.244463920593261719e-01
6.091218888759613037e-01
7.110206484794616699e-01
6.063807010650634766e-02
1.186540752649307251e+00
5.629101991653442383e-01
2.629398107528686523e-01
8.004118502140045166e-01
4.098196625709533691e-01
4.413888454437255859e-01
7.663775533437728882e-01
2.102034538984298706e-01
5.459722578525543213e-01
7.022920846939086914e-01
2.813172340393066406e-02
6.693135797977447510e-01
6.600396633148193359e-01
1.215699315071105957e-01
7.346085011959075928e-01
4.879961907863616943e-01
3.580486774444580078e-01
8.354058414697647095e-01
3.240650892257690430e-01
5.042071454226970673e-01
7.599926590919494629e-01
1.226420402526855469e-01
6.640087661799043417e-01
9.922835230827331543e-01
1.893424987792968750e-02
6.624264791607856750e-01
5.964721739292144775e-01
2.420419454574584961e-01
7.756002619862556458e-01
4.065618515014648438e-01
3.907651901245117188e-01
7.744576334953308105e-01
2.381485253572463989e-01
5.958221256732940674e-01
7.175685614347457886e-01
6.482666730880737305e-02
6.989567279815673828e-01
6.423788368701934814e-01
6.987781822681427002e-02
7.744562327861785889e-01
5.101443231105804443e-01
2.588267028331756592e-01
7.913485467433929443e-01
3.035078644752502441e-01
4.942937679588794708e-01
7.105435281991958618e-01
1.084651350975036621e-01
5.910739935934543610e-01
9.786242097616195679e-01
2.893911004066467285e-01
6.822376698255538940e-01
6.155523955821990967e-01
2.027146220207214355e-01
7.649063020944595337e-01
4.288833588361740112e-01
4.082161188125610352e-01
7.175290137529373169e-01
2.858282029628753662e-01
5.882749855518341064e-01
9.798168241977691650e-01
1.217857003211975098e-01
7.114850580692291260e-01
5.828618407249450684e-01
1.309052854776382446e-01
7.670529931783676147e-01
4.572897553443908691e-01
2.786321938037872314e-01
7.267466634511947632e-01
2.889558672904968262e-01
4.519654959440231323e-01
7.774222344160079956e-01
1.406702399253845215e-01
6.051388680934906006e-01
6.815940141677856445e-01
4.861122369766235352e-02
6.716957539319992065e-01
5.652346163988113403e-01
2.465502023696899414e-01
7.468134835362434387e-01
4.452637583017349243e-01
4.195225536823272705e-01
7.523392438888549805e-01
2.814780622720718384e-01
5.462698042392730713e-01
6.848097592592239380e-01
5.554202198982238770e-02
6.941689848899841309e-01
9.598210435360670090e-01
7.514183223247528076e-02
7.440955787897109985e-01
4.451961517333984375e-01
3.141628131270408630e-01
7.512055039405822754e-01
3.497222065925598145e-01
4.822292886674404144e-01
7.253730893135070801e-01
1.999081373214721680e-01
5.717355050146579742e-01
6.891530305147171021e-01
1.276969909667968750e-03
7.213529162108898163e-01
9.780506491661071777e-01
2.180073261260986328e-01
7.460183799266815186e-01
4.539546221494674683e-01
3.923356533050537109e-01
7.306448519229888916e-01
1.433110814541578293e-01
5.250056385993957520e-01
6.880578100681304932e-01
5.720522999763488770e-02
6.842802762985229492e-01
6.054664254188537598e-01
5.468551814556121826e-02
7.515853494405746460e-01
5.408668518066406250e-01
2.662120163440704346e-01
7.690845727920532227e-01
3.729736804962158203e-01
4.411220476031303406e-01
7.242342829704284668e-01
1.168920993804931641e-01
5.970946662127971649e-01
9.672572314739227295e-01
7.250261306762695312e-02
1.194519579410552979e+00
6.079623699188232422e-01
2.607404589653015137e-01
7.273607030510902405e-01
4.869218617677688599e-01
4.149436056613922119e-01
7.141201347112655640e-01
1.241796594113111496e-01
1.084395945072174072e+00
7.060645073652267456e-01
8.043482899665832520e-02
6.694784909486770630e-01
6.625663638114929199e-01
8.400523662567138672e-02
7.922738939523696899e-01
4.903660118579864502e-01
2.957359328866004944e-01
8.656938672065734863e-01
3.282288312911987305e-01
4.993298389017581940e-01
8.538911938667297363e-01
1.864090561866760254e-01
6.536935083568096161e-01
7.355756014585494995e-01
6.580197811126708984e-02
6.600456684827804565e-01
6.444076895713806152e-01
6.649035811424255371e-01
8.337830454111099243e-01
4.932146668434143066e-01
4.692789614200592041e-01
7.559781968593597412e-01
3.048374652862548828e-01
5.905880331993103027e-01
7.054378986358642578e-01
1.089560240507125854e-01
7.681244462728500366e-01
5.897864103317260742e-01
1.298040151596069336e-01
8.400726765394210815e-01
5.214044153690338135e-01
2.866443693637847900e-01
8.369112908840179443e-01
3.363487124443054199e-01
4.746709987521171570e-01
7.835515290498733521e-01
1.054633855819702148e-01
6.413103751838207245e-01
7.193860709667205811e-01
1.156650781631469727e-01
7.474509142339229584e-01
5.967048257589340210e-01
2.632958292961120605e-01
7.689495235681533813e-01
8.225868456065654755e-02
4.196320772171020508e-01
1.198863476514816284e+00
1.898609977215528488e-01
5.751422643661499023e-01
7.062097489833831787e-01
4.170373082160949707e-02
7.098384797573089600e-01
6.133143603801727295e-01
2.063249945640563965e-01
7.636957019567489624e-01
5.160444974899291992e-01
3.923017233610153198e-01
8.311897665262222290e-01
3.258791565895080566e-01
5.510870739817619324e-01
7.907409071922302246e-01
1.265193819999694824e-01
6.365243420004844666e-01
7.044395804405212402e-01
9.262931346893310547e-02
6.968972012400627136e-01
5.705878734588623047e-01
2.923855781555175781e-01
7.914423570036888123e-01
4.136088192462921143e-01
4.092795550823211670e-01
1.132866322994232178e+00
2.267057895660400391e-01
1.128280997276306152e+00
7.383324354887008667e-01
5.041235685348510742e-02
7.064647227525711060e-01
6.385093331336975098e-01
1.514928340911865234e-01
7.512183785438537598e-01
5.011185705661773682e-01
2.755357474088668823e-01
8.123780488967895508e-01
3.264065384864807129e-01
4.742102175951004028e-01
7.934935092926025391e-01
1.417610049247741699e-01
5.870960578322410583e-01
7.483857721090316772e-01
7.733744382858276367e-02
7.291812654584646225e-01
6.545983850955963135e-01
2.263160347938537598e-01
1.267425090074539185e+00
4.842640310525894165e-01
3.829136788845062256e-01
7.374172806739807129e-01
2.825070321559906006e-01
5.556190013885498047e-01
7.271082699298858643e-01
9.509181976318359375e-02
7.129164040088653564e-01
6.548986732959747314e-01
5.739314854145050049e-02
7.239615023136138916e-01
5.636425316333770752e-01
2.561635226011276245e-01
8.207420557737350464e-01
3.630610704421997070e-01
5.002062022686004639e-01
7.933753430843353271e-01
1.782596707344055176e-01
6.278125224635004997e-01
7.616054415702819824e-01
6.849724054336547852e-02
7.139360085129737854e-01
6.169056743383407593e-01
2.336607575416564941e-01
7.009837329387664795e-01
4.574311524629592896e-01
4.016935229301452637e-01
7.894678190350532532e-01
2.405619472265243530e-01
5.554198026657104492e-01
7.363845556974411011e-01
1.452962309122085571e-01
6.806083321571350098e-01
6.217246055603027344e-01
9.472358226776123047e-02
7.851385176181793213e-01
5.175978839397430420e-01
2.955410182476043701e-01
7.892239838838577271e-01
3.285676836967468262e-01
4.274851903319358826e-01
7.461483776569366455e-01
1.507548093795776367e-01
5.740127563476562500e-01
6.936613321304321289e-01
2.931028604507446289e-02
6.805315725505352020e-01
5.959941148757934570e-01
2.110372185707092285e-01
7.789233662188053131e-01
3.897821456193923950e-01
4.389082193374633789e-01
7.592345178127288818e-01
2.657721638679504395e-01
5.703268647193908691e-01
6.937651485204696655e-01
6.439501047134399414e-02
7.201867699623107910e-01
5.676413774490356445e-01
1.444979906082153320e-01
7.542636394500732422e-01
4.255513548851013184e-01
3.251358494162559509e-01
7.833338677883148193e-01
3.019342422485351562e-01
4.601410254836082458e-01
7.627003192901611328e-01
1.491246819496154785e-01
5.890330895781517029e-01
6.917461305856704712e-01
2.664369344711303711e-02
6.749278828501701355e-01
5.682426393032073975e-01
2.148123979568481445e-01
7.637103348970413208e-01
4.509247690439224243e-01
3.992524445056915283e-01
7.536935210227966309e-01
2.674449086189270020e-01
5.580883622169494629e-01
6.918184608221054077e-01
6.860342621803283691e-02
7.070983350276947021e-01
6.086777746677398682e-01
1.424439251422882080e-01
7.245769500732421875e-01
4.719968140125274658e-01
3.600558266043663025e-01
7.723986357450485229e-01
3.003615736961364746e-01
4.987732581794261932e-01
7.375225722789764404e-01
1.189729571342468262e-01
6.245517488569021225e-01
6.980484724044799805e-01
1.123815774917602539e-01
7.135646604001522064e-01
5.703975111246109009e-01
2.577574253082275391e-01
7.051470279693603516e-01
3.976569771766662598e-01
4.330085217952728271e-01
7.589345574378967285e-01
2.564618289470672607e-01
5.507442355155944824e-01
6.860892623662948608e-01
6.398281455039978027e-02
6.658987402915954590e-01
6.104159653186798096e-01
1.251246035099029541e-01
7.646755725145339966e-01
4.687333405017852783e-01
2.878758460283279419e-01
7.973230183124542236e-01
3.000152111053466797e-01
4.961752109229564667e-01
7.927733212709426880e-01
1.056191325187683105e-01
6.007171943783760071e-01
7.045649886131286621e-01
6.484347581863403320e-02
1.226982384920120239e+00
5.481883585453033447e-01
2.148881554603576660e-01
7.641462460160255432e-01
4.580522179603576660e-01
4.165888428688049316e-01
7.818302959203720093e-01
2.314794659614562988e-01
5.448808670043945312e-01
7.317263036966323853e-01
4.832985997200012207e-02
6.797327995300292969e-01
5.979949831962585449e-01
1.539334058761596680e-01
7.604606151580810547e-01
4.497569799423217773e-01
3.277754187583923340e-01
8.045600354671478271e-01
3.076894879341125488e-01
4.678432792425155640e-01
7.923640459775924683e-01
1.320882439613342285e-01
5.818118527531623840e-01
7.093393802642822266e-01
4.969155788421630859e-02
7.263840455561876297e-01
6.280052065849304199e-01
2.480455636978149414e-01
8.048106990754604340e-01
4.771660566329956055e-01
4.508675932884216309e-01
1.132041931152343750e+00
2.881424874067306519e-01
5.747735202312469482e-01
6.748526990413665771e-01
8.344246447086334229e-02
6.930953562259674072e-01
6.394110918045043945e-01
4.296184554696083069e-01
7.363931238651275635e-01
5.160010755062103271e-01
2.972181737422943115e-01
8.530504703521728516e-01
3.205581903457641602e-01
4.609563499689102173e-01
7.919457554817199707e-01
1.424481868743896484e-01
1.144504398107528687e+00
7.362711727619171143e-01
5.345565080642700195e-02
7.036975175142288208e-01
6.074524223804473877e-01
2.263263463973999023e-01
7.515536770224571228e-01
4.285467863082885742e-01
4.082059264183044434e-01
7.863265424966812134e-01
2.997090518474578857e-01
5.714411735534667969e-01
7.870933711528778076e-01
1.188094019889831543e-01
7.027834504842758179e-01
6.284294128417968750e-01
4.238088726997375488e-01
7.825842052698135376e-01
5.443368554115295410e-01
2.707062661647796631e-01
8.224874138832092285e-01
3.597964048385620117e-01
4.621400609612464905e-01
7.579037994146347046e-01
1.606122255325317383e-01
6.204639412462711334e-01
7.661158293485641479e-01
2.836680412292480469e-02
7.374788336455821991e-01
6.107728481292724609e-01
2.291007041931152344e-01
7.728866264224052429e-01
4.300721287727355957e-01
4.439275860786437988e-01
7.542965710163116455e-01
2.565688490867614746e-01
5.910363495349884033e-01
7.707751244306564331e-01
6.721428036689758301e-02
6.697173118591308594e-01
5.885551571846008301e-01
1.208304017782211304e-01
7.753669023513793945e-01
4.870063066482543945e-01
3.206375464797019958e-01
8.161890208721160889e-01
3.089512586593627930e-01
4.906557500362396240e-01
7.750608474016189575e-01
1.013506650924682617e-01
5.651677846908569336e-01
6.405586004257202148e-01
9.551167488098144531e-02
6.953259482979774475e-01
5.947648286819458008e-01
2.363319396972656250e-01
7.471623569726943970e-01
4.068284630775451660e-01
4.343851804733276367e-01
7.789209261536598206e-01
2.350399643182754517e-01
5.696458518505096436e-01
6.913725733757019043e-01
9.770402312278747559e-02
6.561046242713928223e-01
6.048978567123413086e-01
1.351992487907409668e-01
7.411669790744781494e-01
4.595269262790679932e-01
2.975610196590423584e-01
7.846160382032394409e-01
3.239549994468688965e-01
8.736969232559204102e-01
7.452851533889770508e-01
1.299014091491699219e-01
6.108420193195343018e-01
7.389342784881591797e-01
4.838031530380249023e-02
7.250621058046817780e-01
5.806066244840621948e-01
2.474912405014038086e-01
7.359446883201599121e-01
4.540065079927444458e-01
4.677047133445739746e-01
7.946524173021316528e-01
2.776711285114288330e-01
6.184458434581756592e-01
6.741570234298706055e-01
5.018100142478942871e-02
6.886298209428787231e-01
5.963431000709533691e-01
1.101714968681335449e-01
7.692768275737762451e-01
4.713433384895324707e-01
2.698663026094436646e-01
7.805426567792892456e-01
2.958146929740905762e-01
4.651862829923629761e-01
7.794990539550781250e-01
1.323968768119812012e-01
5.938796252012252808e-01
6.669815331697463989e-01
6.280624866485595703e-02
6.879101693630218506e-01
5.622526109218597412e-01
2.331370711326599121e-01
7.544819489121437073e-01
4.147877246141433716e-01
4.369149804115295410e-01
7.933009117841720581e-01
2.692849636077880859e-01
5.794460177421569824e-01
6.746922135353088379e-01
4.840181767940521240e-02
6.648106426000595093e-01
6.384436190128326416e-01
1.205039918422698975e-01
7.684155851602554321e-01
4.707975089550018311e-01
3.007766008377075195e-01
7.163083851337432861e-01
2.653492093086242676e-01
5.028617344796657562e-01
7.018871158361434937e-01
1.408761739730834961e-01
6.079165190458297729e-01
6.411822587251663208e-01
5.286586284637451172e-02
6.710140109062194824e-01
5.651100575923919678e-01
2.509690523147583008e-01
7.398895770311355591e-01
4.321797192096710205e-01
4.741770923137664795e-01
7.684956640005111694e-01
2.144149690866470337e-01
9.776495099067687988e-01
7.181187421083450317e-01
5.598939955234527588e-02
7.395835965871810913e-01
6.245340108871459961e-01
1.369169652462005615e-01
7.673540115356445312e-01
4.431614279747009277e-01
2.685618251562118530e-01
7.662270069122314453e-01
3.127281665802001953e-01
4.335800558328628540e-01
7.411894798278808594e-01
1.519339084625244141e-01
5.751222521066665649e-01
6.978074163198471069e-01
8.019047975540161133e-02
7.080182395875453949e-01
5.746646672487258911e-01
2.557598352432250977e-01
1.139729678630828857e+00
4.669031053781509399e-01
4.195578396320343018e-01
7.529410868883132935e-01
2.619270235300064087e-01
5.348982214927673340e-01
7.006263583898544312e-01
6.044761836528778076e-02
6.483069360256195068e-01
6.338010728359222412e-01
1.340278834104537964e-01
7.715364396572113037e-01
4.831306040287017822e-01
2.890026345849037170e-01
7.824713885784149170e-01
3.599953651428222656e-01
4.535293206572532654e-01
7.531382441520690918e-01
1.838400959968566895e-01
5.985763520002365112e-01
6.772869527339935303e-01
8.604282140731811523e-02
7.275286018848419189e-01
6.069496870040893555e-01
2.597423791885375977e-01
7.481177598237991333e-01
4.153308272361755371e-01
3.994733691215515137e-01
7.123947292566299438e-01
2.481544613838195801e-01
5.852078795433044434e-01
7.152145802974700928e-01
9.304451942443847656e-02
6.709279119968414307e-01
5.722295641899108887e-01
1.542310714721679688e-01
7.395482063293457031e-01
4.760037064552307129e-01
2.890387177467346191e-01
1.208551272749900818e+00
3.095438480377197266e-01
4.320752844214439392e-01
7.814117670059204102e-01
1.139812469482421875e-01
1.105419486761093140e+00
6.904180049896240234e-01
5.704528093338012695e-02
6.691083014011383057e-01
6.433994472026824951e-01
2.158673405647277832e-01
7.553058341145515442e-01
4.319716393947601318e-01
4.469831585884094238e-01
7.059762924909591675e-01
2.886109948158264160e-01
5.870115160942077637e-01
7.259287387132644653e-01
8.584189414978027344e-02
7.178845405578613281e-01
6.096677780151367188e-01
7.262600958347320557e-02
7.991826683282852173e-01
4.878701865673065186e-01
2.850934192538261414e-01
7.992401272058486938e-01
3.603854775428771973e-01
4.610169902443885803e-01
8.062242567539215088e-01
1.325966119766235352e-01
5.839493237435817719e-01
6.893785297870635986e-01
4.262816905975341797e-02
6.996142789721488953e-01
5.786455273628234863e-01
2.268900871276855469e-01
7.517875060439109802e-01
4.966511130332946777e-01
4.056569933891296387e-01
7.581917643547058105e-01
2.915029674768447876e-01
6.037632524967193604e-01
7.363308519124984741e-01
5.725501477718353271e-02
7.202959060668945312e-01
6.275697946548461914e-01
1.298669129610061646e-01
7.865246981382369995e-01
9.302290659397840500e-01
3.073871806263923645e-01
7.734226882457733154e-01
3.201331496238708496e-01
4.850326403975486755e-01
7.582821249961853027e-01
1.627258062362670898e-01
5.730248913168907166e-01
6.543131470680236816e-01
1.685857772827148438e-02
6.404126808047294617e-01
5.578930526971817017e-01
1.943387985229492188e-01
7.150385007262229919e-01
4.356816262006759644e-01
4.159724712371826172e-01
7.284666150808334351e-01
2.695492506027221680e-01
5.531749725341796875e-01
6.263250112533569336e-01
1.036156415939331055e-01
6.674262285232543945e-01
5.905060172080993652e-01
1.068864762783050537e-01
7.001500129699707031e-01
4.422586262226104736e-01
2.428478151559829712e-01
7.655936777591705322e-01
3.056759834289550781e-01
4.340520128607749939e-01
7.163128852844238281e-01
1.439987421035766602e-01
6.113010868430137634e-01
6.982839703559875488e-01
2.928513288497924805e-02
6.909454986453056335e-01
5.813250094652175903e-01
1.887973546981811523e-01
7.206009179353713989e-01
4.023236185312271118e-01
3.982723355293273926e-01
7.630413174629211426e-01
1.489407103508710861e-01
5.587144196033477783e-01
6.789693534374237061e-01
3.393733501434326172e-02
6.796749234199523926e-01
5.875548422336578369e-01
1.703316420316696167e-01
7.428101599216461182e-01
4.547770917415618896e-01
3.383204042911529541e-01
8.039423525333404541e-01
3.414310812950134277e-01
5.116510614752769470e-01
7.784954160451889038e-01
1.059433817863464355e-01
6.303307935595512390e-01
6.712767928838729858e-01
7.413673400878906250e-02
6.829598248004913330e-01
5.173529088497161865e-01
3.063182234764099121e-01
1.247637987136840820e+00
3.838060796260833740e-01
4.667777419090270996e-01
7.974659055471420288e-01
2.564672529697418213e-01
5.735292434692382812e-01
7.149628251791000366e-01
5.360460281372070312e-02
6.565093994140625000e-01
6.120580732822418213e-01
1.224110275506973267e-01
7.753666490316390991e-01
5.032925903797149658e-01
3.421591967344284058e-01
7.927874922752380371e-01
3.013080358505249023e-01
5.237230062484741211e-01
1.132883384823799133e+00
1.878869533538818359e-01
6.216946672648191452e-01
7.270375490188598633e-01
6.518870592117309570e-02
7.221804633736610413e-01
6.308357417583465576e-01
2.827789783477783203e-01
7.135062739253044128e-01
4.642151892185211182e-01
4.548151493072509766e-01
7.110710740089416504e-01
2.786652743816375732e-01
6.140745282173156738e-01
7.158964574337005615e-01
9.948126971721649170e-02
7.425282299518585205e-01
5.925515890121459961e-01
7.362727820873260498e-02
7.839983254671096802e-01
5.007375478744506836e-01
2.809458747506141663e-01
8.322190791368484497e-01
2.969375252723693848e-01
4.932651109993457794e-01
7.864643633365631104e-01
1.145969629287719727e-01
6.186459213495254517e-01
7.070794403553009033e-01
6.281244754791259766e-02
7.140810862183570862e-01
6.069926321506500244e-01
1.984053850173950195e-01
7.583451569080352783e-01
