# {'window': 37, 'contam': 0.9967718818124622, 'q': 0.04046880861561189, 'thres': -1.2421750658471864}
1.492518210439560455e+00
2.845003133477264079e+00
3.023351125498483505e-01
1.144094519032224477e+00
2.894076129762159777e+00
3.979627282888029693e-01
6.212271874646795311e-01
2.871765883090003246e+00
7.595422939894391767e-01
8.042254591434350175e-02
2.670232285458563837e+00
1.019530563305993009e+00
3.781537941301806871e-01
2.292293946638858326e+00
1.147515139481819713e+00
3.251345898656621269e-01
1.938298536958846796e+00
1.457395556560373118e+00
6.126771091614909848e-01
1.581932131113092499e+00
1.680704371184040813e+00
8.321777018352340960e-01
1.029761548358513412e+00
1.742657255417555895e+00
8.054915028490856610e-01
3.985135942609219217e-01
1.759649765163298518e+00
8.266880726462908502e-01
8.464560832438128291e-03
1.793494658261888475e+00
5.834998472324334218e-01
4.170368577568476787e-01
1.575411141224243528e+00
3.550114074588998081e-01
9.939474124055185378e-01
1.496964901345418264e+00
2.320015557088242475e-02
1.379164771871131068e+00
1.218350615580946483e+00
1.783268852172201213e-01
1.369249781942739386e+00
9.913465317507521579e-01
5.401350256073637057e-01
1.514417593270030338e+00
7.664495908464442619e-01
8.452407885992578862e-01
1.483072577693362648e+00
3.823306472164418879e-01
1.207349623298629382e+00
1.451215440889038755e+00
5.585630537446225480e-02
1.272693863500228950e+00
1.090737012789884552e+00
2.589806772494979148e-01
1.313822110156515510e+00
9.084027535263854425e-01
7.696884565611654683e-01
1.632579258396049449e+00
5.335010365472243610e-01
1.036630970154187148e+00
1.496364308181967306e+00
1.798946560400179751e-01
1.236099027162949282e+00
1.261789131518501472e+00
1.982434440677106058e-01
1.422002969264587913e+00
9.689034409390310243e-01
7.280943301748117324e-01
1.332734675633975741e+00
8.495550501163871004e-01
9.078102851853201427e-01
1.559586150154169015e+00
5.254101471262713208e-01
1.209748806463682991e+00
1.420545198991141511e+00
8.858907875496999096e-02
1.496544443796345991e+00
1.014629009211879707e+00
4.191723850282970676e-01
1.515355246746997286e+00
1.013550290294462197e+00
7.027765332013068411e-01
1.529337121028964797e+00
5.164455726095561472e-01
1.116644338934835723e+00
1.492574263796543566e+00
3.168063388610059539e-01
1.419883699751962602e+00
1.266836273048678851e+00
2.867783337519818065e-01
1.376959990533055844e+00
1.119788764409157089e+00
5.640020272302910254e-01
1.601822907924872030e+00
6.800090319461150612e-01
7.204686448416384170e-01
1.567760481602989975e+00
3.772286712612993309e-01
1.209389069549354323e+00
1.376717960301904853e+00
1.091439798967471647e-01
1.281446987526438264e+00
1.180406471372824395e+00
3.847703634082166868e-01
1.432322982327015826e+00
8.654010375228134988e-01
6.450290245506903331e-01
1.481257542256475324e+00
5.759023136698045997e-01
1.047322914201649136e+00
1.474702313323856151e+00
2.570379870060314764e-01
1.238358343017219587e+00
1.242311741012211312e+00
2.358549174842976548e-01
1.464923094103153023e+00
9.310435812370364550e-01
7.489884700410675000e-01
1.581836026900394154e+00
7.452234749928252633e-01
8.700184181821926099e-01
1.475323500218497008e+00
4.311732339569582240e-01
1.174412059214581028e+00
1.426698988449371930e+00
5.477964887489748108e-02
1.347491389811044771e+00
1.049963818652045910e+00
3.586698831152391187e-01
1.592587875288903776e+00
8.511372236643812705e-01
7.180809960179435070e-01
1.426620247423209475e+00
5.412774698382604166e-01
9.791252729761907858e-01
1.561415303087734907e+00
2.196417841502817103e-01
1.385329436807015480e+00
1.249919657375630377e+00
2.268090839449775076e-01
1.518493449267134254e+00
1.096984942377440042e+00
5.778635411999643035e-01
1.536709708442002276e+00
7.137297961752402387e-01
9.104526322916951520e-01
1.400086387345395034e+00
3.591561153573992748e-01
1.207079060040781693e+00
1.285516406650679677e+00
3.922672082126541643e-02
1.321273620508304880e+00
1.132018575111439551e+00
3.237980202223145754e-01
1.397999864909491130e+00
9.475852616816768936e-01
7.372396543594870177e-01
1.486627623012081623e+00
5.044636837883269553e-01
1.171787498427597107e+00
1.451169891128387013e+00
2.601913181394703289e-01
1.283179390044485446e+00
1.364456238393610299e+00
1.519188736549684227e-01
1.457387325315948834e+00
9.828484860919274313e-01
5.347436732987614905e-01
1.550148995081199299e+00
7.671560804971885306e-01
8.974696642409477620e-01
1.551672009053237877e+00
3.826315715596325107e-01
1.286609411575584838e+00
1.401964781446785935e+00
1.248222367715892400e-01
1.369041819988958464e+00
1.168145760366528618e+00
3.144163670400644262e-01
1.404051658721891860e+00
8.371298606681436549e-01
7.910528552057172202e-01
1.638679415918411708e+00
6.196385288005762382e-01
1.082021389439559167e+00
1.395549113475612169e+00
1.439416906210416458e-01
1.315623158458304909e+00
1.360337220949630277e+00
3.044085899395972961e-01
1.516215149132823958e+00
1.021974856392011910e+00
5.789283023247564497e-01
1.449766447119338109e+00
7.928790149788417230e-01
9.798139829430679848e-01
1.466050788306429542e+00
3.761150665649066194e-01
9.886590486592549132e-01
1.419726753183780721e+00
1.373403825075575901e-01
1.301200324219285553e+00
1.162125789478393401e+00
3.799090382301912316e-01
1.538011313331392405e+00
8.943725832551118193e-01
7.837115320759033832e-01
1.601119555062918698e+00
5.818100351719385221e-01
9.787356186160058868e-01
1.434704036153348961e+00
9.684735203664085468e-02
1.413558691165933912e+00
1.005824761353107055e+00
2.085323810293956970e-01
1.420702494436837604e+00
1.137722670364852862e+00
5.145467397541773069e-01
1.473641519124806232e+00
8.653651178575575420e-01
9.040726545418207305e-01
1.420340245832462545e+00
3.342414571704296344e-01
1.092080901888190514e+00
1.444431346242911030e+00
3.955614201003965213e-02
1.278921901689099139e+00
1.080757985156812317e+00
3.232079796497364099e-01
1.484403105737894579e+00
8.271309122769028299e-01
7.524011064133299120e-01
1.648320330454692950e+00
7.178079682127886940e-01
1.013836590145602123e+00
1.500276142751872488e+00
1.540665743794970288e-01
1.311828622479903839e+00
1.323592776501115287e+00
1.738635964430555458e-01
1.396634809525549414e+00
1.097006817856319705e+00
5.204189456071683928e-01
1.555413086085505991e+00
7.151662146773871687e-01
9.210011922805899642e-01
1.564931343055506963e+00
4.481732845421667610e-01
1.076723673959381511e+00
1.313445528632661174e+00
7.605681376031640795e-02
1.383295063643184442e+00
1.255826276706864419e+00
4.116630547050068589e-01
1.395764236963279670e+00
7.807100265526217830e-01
5.402075049698865650e-01
1.614619841823628166e+00
4.738842255721912866e-01
1.185345439715918658e+00
1.269040157922959544e+00
1.767445206781979306e-01
1.232631506424568091e+00
1.192435183245095454e+00
2.500579736483413695e-01
1.420284545446760971e+00
1.080269407234019541e+00
6.141933285561953504e-01
1.446767094089391303e+00
7.630535736172584516e-01
9.179568380554762319e-01
1.526101668429897584e+00
4.018207591876730156e-01
1.128259874028653131e+00
1.431243044188312386e+00
2.455975013546539409e-02
1.353115566365743705e+00
1.184312897115570307e+00
2.249227736878338657e-01
1.531588395781501299e+00
9.419763771491972415e-01
6.886261715029654562e-01
1.475638998045849526e+00
5.789595384594689031e-01
1.107319140532107005e+00
1.393944450706370297e+00
1.648068709583270230e-01
1.334011045346346513e+00
1.312421123487794050e+00
1.212290824867180011e-01
1.455075770678013747e+00
1.066681601883531672e+00
5.862326935304497111e-01
1.588234454469458878e+00
5.443937939785514768e-01
8.960893637187546945e-01
1.528749371536439750e+00
3.789289214714267606e-01
1.025125493970387103e+00
1.524048848500156872e+00
3.304978417153565246e-03
1.382949818903987715e+00
1.152684783898460630e+00
4.470518627278691204e-01
1.459947888272537408e+00
9.269662402991630801e-01
6.859078487310580341e-01
1.530225790348151760e+00
6.171693869296338564e-01
9.694108644133295760e-01
1.449750374509675810e+00
4.205360441767801855e-02
1.289302881894241803e+00
1.288769898042647855e+00
1.094465885838656061e-01
1.553589394791913714e+00
9.794145478549605155e-01
6.150579413960225450e-01
1.408148005323658802e+00
6.349726053190120068e-01
9.492120322692522150e-01
1.369301176547014887e+00
5.023545846260392134e-01
1.213661120852361996e+00
1.435184983672068926e+00
1.688907251894655043e-02
1.262108239654443853e+00
1.160150237685549479e+00
3.181456720703166319e-01
1.606267257363154011e+00
8.778665579358212456e-01
7.310315446448082399e-01
1.538758066853777473e+00
5.106712491626975714e-01
1.085362135976961406e+00
1.387319134079169292e+00
5.006722787239878403e-02
1.295282159309686154e+00
1.264655488965119368e+00
1.340589432109943746e-01
1.475438840645729055e+00
1.041511503432115182e+00
5.887849139295391332e-01
1.449906069518542617e+00
8.124344935331618833e-01
9.726147443306889517e-01
1.592002043319217242e+00
2.138514102115904314e-01
1.257443312431636206e+00
1.320162070554928180e+00
6.896698531994273004e-03
1.218681710274495567e+00
1.192864607107130048e+00
4.726940612901421312e-01
1.565812282719079240e+00
8.154668996945868553e-01
6.148193390860876573e-01
1.377224787604025780e+00
7.066850953341683450e-01
9.001802289416435121e-01
1.541886419043768663e+00
2.165468154247784383e-01
1.354456376518103466e+00
1.174367804280832983e+00
2.442930290045909336e-01
1.444478675182295557e+00
1.261000913714882099e+00
5.374714709257271128e-01
1.495190230431897804e+00
6.968437768992793435e-01
8.072530732080750449e-01
1.485674467004948429e+00
4.112654689006530195e-01
1.013797961372477685e+00
1.536610964331593276e+00
6.970216220870451007e-02
1.258431615822901417e+00
1.147228906739123255e+00
2.362355770629032681e-01
1.457597188799748977e+00
8.128058157808664141e-01
6.472101800351818257e-01
1.573362027370012406e+00
5.781963136256016433e-01
9.753363990385727211e-01
1.404822428232382237e+00
1.940220337985396615e-01
1.288296929943031577e+00
1.265342016057948049e+00
2.389916944185850878e-01
1.394554326240758257e+00
1.040714613956682522e+00
4.975445746667424562e-01
1.547024293189712241e+00
6.055505686755091599e-01
8.640173885655039188e-01
1.490243527917735955e+00
3.619236893809033573e-01
1.099041860677680837e+00
1.323533937290610973e+00
4.510268894113946686e-02
1.377199455534658279e+00
1.062220436944467439e+00
4.283065926265148260e-01
1.446568523999537836e+00
9.443225851950771688e-01
7.524314404689953495e-01
1.555289928346859973e+00
4.194838846611700367e-01
1.181768872597002140e+00
1.378460161450848931e+00
2.817121851403696642e-01
1.337123627502646128e+00
1.207653505384032044e+00
1.660098969784858658e-01
1.482833786155822287e+00
1.067139620838911007e+00
5.892410167309471980e-01
1.504868529567182645e+00
8.266023204163231997e-01
9.344411089543692706e-01
1.421421289135476496e+00
3.871843211586235012e-01
1.284249891056394421e+00
1.444191887985312839e+00
3.069938872984140019e-02
1.433846232736299964e+00
1.200785402993414408e+00
3.275698958821828821e-01
1.497953255976595344e+00
7.463421462953184760e-01
7.608322135445797496e-01
1.439568885652714458e+00
4.531832675265885513e-01
1.121963975341990549e+00
1.380502106227177617e+00
2.307163430039487761e-01
1.239593896420138952e+00
1.386312008887900404e+00
2.916945062568697677e-01
1.364929318005284609e+00
1.059608275118430809e+00
5.354189744859014777e-01
1.408183075952464058e+00
7.583245855168646576e-01
8.834738329553474268e-01
1.543156094142507540e+00
4.937267939284238349e-01
1.212615672209652162e+00
1.398512883560805387e+00
1.421380117605888435e-02
1.326090291497640683e+00
1.129464467907102865e+00
5.097732927946531101e-01
1.445368410207821031e+00
8.747301856956093413e-01
7.888489745602336178e-01
1.412969023318405126e+00
5.196245666165338895e-01
1.003088616581901960e+00
1.406859410949659939e+00
1.724008343102168550e-01
1.307657665306992012e+00
1.232959473017272822e+00
1.793150020018281221e-01
1.509913206249889228e+00
1.006107346876543795e+00
5.813084111057659209e-01
1.448187929304040500e+00
4.950057604250038823e-01
1.020595108069037193e+00
1.299423154762380461e+00
3.182787506862544413e-01
1.234085365150362046e+00
1.428916782427467336e+00
2.491045904218210788e-02
1.504643611997138253e+00
1.169624576849912057e+00
3.498212361798288539e-01
1.456035148069822149e+00
8.861905318018917788e-01
7.049604021878316251e-01
1.542114981148677400e+00
4.898356261236256892e-01
1.068147341400177197e+00
1.296959699864921101e+00
1.498908336405573860e-01
1.156854877198558063e+00
1.287322030322030741e+00
3.090894030733387643e-01
1.432719687168011014e+00
1.001758805383294426e+00
6.001352929958053695e-01
1.627917213951920683e+00
6.248222012939074199e-01
8.542168955374065398e-01
1.415064259652323742e+00
4.041848534240095603e-01
1.098611353002693081e+00
1.345983105523007817e+00
2.483199779869649584e-02
1.372762735980029625e+00
1.180669065600665535e+00
4.546170532192769231e-01
1.489198738851744030e+00
1.031234779073270325e+00
7.391971997582347242e-01
1.625056418391070956e+00
5.604492220912615785e-01
1.125499750910852859e+00
1.308568359747156684e+00
3.016361092554367129e-01
1.364698608971413929e+00
1.246399980183800382e+00
2.048867444827500439e-01
1.443376300518316224e+00
1.194605181872313571e+00
5.000045874464285056e-01
1.534434200942708770e+00
8.274029008079812897e-01
9.211673054713396258e-01
1.465981503080726389e+00
3.275061504682057478e-01
1.180595531348857863e+00
1.326769180701194761e+00
8.181874116938996078e-02
1.442628719553379790e+00
1.246746974922302353e+00
3.113508032851254326e-01
1.516424425610785720e+00
7.664256729941494317e-01
6.517254047817907514e-01
1.623239774406143088e+00
5.335567806376931843e-01
1.060827721371662591e+00
1.467504660180444009e+00
6.899489501364602928e-02
1.393614436566487536e+00
1.304411696927013642e+00
1.638316443863931104e-01
1.375003254406964137e+00
1.006957459812178213e+00
4.977582764864968978e-01
1.586790180839349196e+00
6.901938602546829893e-01
8.567868329511668657e-01
1.522898667383843607e+00
3.524369089891522533e-01
1.174814048876160255e+00
1.282845868261737410e+00
7.438322308477252065e-02
1.245722662120807511e+00
1.123626117414569414e+00
4.950719778666877735e-01
1.535378465195290421e+00
8.139953189058151128e-01
7.825626286144989896e-01
1.447138364707034164e+00
4.948223279723977241e-01
1.058033565653694552e+00
1.443314762196822754e+00
2.168230442878344433e-01
1.204935302455439006e+00
1.329952927578991639e+00
2.943241811584445533e-01
1.490671759998839274e+00
1.053572803505743671e+00
5.792821793962219523e-01
1.503786550020032697e+00
5.774125249565689177e-01
9.530337844040626116e-01
1.316072098314050143e+00
3.565946464075664402e-01
1.113366145693293063e+00
1.389869055788414132e+00
4.413545683684919063e-02
1.347795716706090552e+00
1.060958641978048789e+00
4.459866111981195536e-01
1.439988437212510908e+00
8.798785982743596579e-01
7.600962260897211609e-01
1.426405778248707401e+00
7.217414694142051390e-01
1.019805518172780756e+00
1.565009915498554172e+00
5.636261012811432519e-02
1.258580513019777580e+00
1.326175729929933711e+00
1.728071349604941298e-01
1.396976789196067381e+00
9.592306626346147613e-01
5.406833026148312182e-01
1.534902497073921790e+00
6.545462396644793346e-01
9.293806604206994448e-01
1.345180311765687309e+00
2.730790911802414289e-01
1.219023720337422123e+00
1.265518277031444594e+00
6.946798507285091573e-02
1.347602576999217705e+00
1.062132299988990169e+00
3.852370632246425730e-01
1.614406624027636905e+00
8.631140532825650746e-01
6.523914709419995628e-01
1.466065300882389844e+00
5.402255034873213457e-01
1.077266919166771642e+00
1.565827504086918287e+00
2.080557316830582426e-01
1.255017701004253361e+00
1.319109159671295162e+00
3.049831888533109381e-01
1.529109605989053211e+00
8.970581943188410401e-01
6.150938738772334657e-01
1.521461774667907108e+00
6.554187698447041521e-01
8.974060306122920716e-01
1.506645858163118135e+00
3.337556868513585906e-01
1.116300113022831608e+00
1.331451617630021733e+00
8.972294921713215576e-02
1.363419463400494358e+00
1.250159236962314013e+00
5.071976755545667404e-01
1.286056608802238266e+00
8.588924584555507336e-01
8.159332825001653910e-01
1.418175136664995728e+00
5.377710950301997084e-01
9.863892994103555800e-01
1.399363470827073685e+00
1.677468428905252718e-01
1.393047823841085719e+00
1.266913557583190020e+00
2.494184151831412011e-01
1.387381062322428527e+00
1.111135806646770696e+00
6.965901696476926030e-01
1.548524838639171453e+00
7.647390576540125107e-01
8.335457588242791704e-01
1.553451849499090542e+00
3.245520406834440652e-01
1.246052384830256266e+00
1.328399395774968683e+00
8.165122482613128285e-02
1.308873254699378430e+00
1.202143493486858894e+00
6.352285887697213251e-01
1.496433547503625894e+00
7.530008712132213455e-01
7.549826393319911677e-01
1.476635187909538294e+00
4.922528316648973057e-01
9.990600061885380745e-01
1.555419134124043312e+00
1.487583223495150264e-01
1.243561915484416858e+00
1.323398777864810194e+00
2.372111938549731902e-01
1.418876141826624027e+00
1.080339559171665131e+00
6.463965731193708208e-01
1.577243084102966098e+00
8.164150802008862673e-01
9.760204476208200752e-01
1.478049279271509420e+00
3.240034320426520842e-01
1.031428973095499968e+00
1.276554581675868993e+00
4.987655989523071681e-03
1.413174398078062888e+00
1.106682888228103456e+00
5.347742610136662078e-01
1.371616994815784585e+00
8.448316080175560794e-01
7.603441610266357120e-01
1.444403848377878719e+00
5.143925744925319510e-01
1.095741422025769962e+00
1.561775579321136753e+00
7.848321801393995378e-02
1.332808027536841466e+00
1.281556056793200060e+00
2.342027371676935754e-01
1.491604631321710617e+00
1.004610734279400397e+00
6.249464805039091075e-01
1.583906190127143621e+00
6.164595263076056986e-01
9.464798930526373555e-01
1.596482226053304254e+00
3.230398405294955810e-01
1.277562992583508805e+00
1.390373769100176515e+00
3.648019569627264369e-02
1.438327908219688256e+00
1.262562614845510245e+00
3.212842217699390934e-01
1.619772705455670314e+00
1.032741227523263250e+00
7.831553617244353394e-01
1.457717957827693533e+00
4.601367029280453158e-01
1.110810940783022449e+00
1.553569124504048604e+00
1.125008345420685507e-01
1.314701586057054783e+00
1.158627282210987319e+00
2.198195368011111317e-01
1.507103418137466955e+00
1.053254248599810872e+00
6.121953017890449100e-01
1.677981177562143156e+00
7.232684932447721593e-01
8.341639152453315109e-01
1.471255638755024853e+00
4.002578129836368293e-01
1.223048883954883648e+00
1.376886373566388988e+00
4.904806364109128708e-02
1.530294706303754637e+00
1.108572576380130625e+00
3.279378487362897276e-01
1.522580480379459589e+00
8.030145736674897394e-01
7.517357305853018534e-01
1.541817377203768880e+00
5.279799608004981382e-01
1.080754182024968868e+00
1.472779386590113093e+00
1.320362777861610881e-01
1.350690561556079139e+00
1.303822191455886514e+00
1.703358862741636559e-01
1.454866233094254557e+00
9.590923335422053553e-01
5.596856095803428577e-01
1.493402636466086619e+00
7.374766603377589380e-01
8.891662228538261825e-01
1.555253861127502413e+00
3.830346593723376603e-01
1.103146704997542527e+00
1.193873951110884679e+00
7.055230875902555876e-02
1.318248719307318684e+00
1.194995612522444128e+00
4.431816639528275981e-01
1.502084679093090180e+00
1.088378189606930668e+00
8.035019038197601660e-01
1.456615289826522774e+00
5.481613776091618373e-01
1.003566693338138860e+00
1.427242280944747588e+00
8.996679771435213413e-02
1.364977409653090445e+00
1.306206069389080238e+00
2.305221117435961864e-01
1.510891231109456667e+00
1.077595071482508882e+00
4.348036493739725339e-01
1.560185310097680134e+00
6.898718758478193935e-01
9.565595512796216671e-01
1.571676734826524369e+00
2.770180412111838963e-01
1.229561709458936392e+00
1.381827908417644357e+00
2.840437379643440119e-02
1.446043774472659527e+00
1.110422916212311595e+00
4.239501437025856578e-01
1.364952303977379433e+00
8.953807409387436467e-01
6.482926564627327082e-01
1.555640549034407405e+00
6.277825325890931119e-01
8.872835623759838253e-01
1.404961527432836643e+00
1.659755736833986861e-01
1.208160872495894766e+00
1.276524724149096457e+00
3.376510143390829000e-01
1.521541949920253822e+00
9.840816009793293961e-01
5.532690144781727826e-01
1.556766847825849620e+00
8.789226033836111673e-01
9.680124746780589540e-01
1.533178411429372057e+00
4.342634860878591962e-01
1.088738280068605402e+00
1.502475928030979402e+00
2.345995542749732682e-02
1.377002489708832433e+00
1.140465368065126883e+00
4.581131156516446978e-01
1.458782069411830529e+00
8.733126706717426746e-01
7.132555452796635054e-01
1.493875644172320438e+00
4.377856953407702756e-01
1.068282726151113193e+00
1.428511770709086415e+00
7.059090769554310363e-02
1.311680565175663560e+00
1.238576972443043767e+00
3.494102127245078959e-01
1.373467267891185450e+00
1.082710633897397523e+00
4.336511543289388038e-01
1.572170851848022854e+00
6.521448072634794535e-01
9.028938353998943178e-01
1.361077353067010387e+00
3.717599167692253737e-01
1.263594553960622369e+00
1.380271313686530332e+00
3.130617708514872588e-02
1.416603581811682444e+00
1.046449912914994229e+00
3.710729089979958872e-01
1.518710145970337821e+00
8.083028954459205995e-01
7.317130987530096053e-01
1.410156228573645754e+00
5.772117803616610976e-01
9.777537707510166598e-01
1.365964434833745855e+00
8.530753870249267734e-02
1.337340206928856690e+00
1.326751824463064056e+00
8.882940957651923319e-02
1.566927390149438271e+00
9.560102374628877131e-01
4.620653074798375393e-01
1.348041115343284524e+00
5.238338828303333861e-01
9.939075849578405952e-01
1.432413728677485620e+00
3.422842672151620858e-01
1.114504225156398132e+00
1.447765973864848288e+00
8.678866488303302318e-02
1.223158548810409085e+00
1.203516516047254736e+00
3.108523186376450087e-01
1.583780600718956988e+00
1.048462518932080645e+00
7.103250941132344121e-01
1.466093359497364634e+00
5.732717184588540515e-01
1.114840060347644046e+00
1.514623168760842242e+00
9.082464702668763268e-02
1.319415969258860288e+00
1.210364974393636883e+00
2.365345738705129097e-01
1.389555627897399726e+00
9.569680172253997030e-01
5.475631110264921331e-01
1.505036555098328455e+00
6.363475747475156874e-01
9.513830587792279081e-01
1.535308539026405850e+00
3.171507773530006236e-01
1.248652199864835444e+00
1.419259234375461975e+00
2.165562018678362025e-03
1.502600631259684461e+00
1.139327383364302504e+00
3.217860154999634958e-01
1.491492616178809794e+00
9.294465125993929266e-01
6.410976840564850399e-01
1.575082053917837177e+00
4.817292258545899930e-01
9.552328543485532064e-01
1.468011238438729826e+00
1.766745770013396777e-01
1.239242296906195362e+00
1.268652237847001762e+00
1.222774063454175192e-01
1.507335133399390958e+00
9.546711327029870908e-01
5.892797413978301257e-01
1.542113978903582483e+00
6.983521180312916021e-01
9.666717436218458248e-01
1.443565223633352046e+00
3.467146816413643196e-01
1.167198888704546356e+00
1.384123991559165212e+00
5.745306795738320399e-02
1.381492829041097270e+00
1.264937063450997101e+00
2.711304978681357003e-01
1.505925812158437349e+00
1.017565962144423741e+00
6.886230210161398135e-01
1.427491945654812300e+00
5.658390456506675603e-01
1.069155606778419365e+00
1.335294210149967853e+00
2.049019255853811172e-01
1.268810610637836955e+00
1.214306363195561733e+00
2.176317472245363482e-01
1.518097303993904967e+00
9.275591133515678210e-01
4.792472482994002969e-01
1.571578956375492941e+00
8.078890019040435577e-01
8.236985268196037602e-01
1.554290857039378526e+00
4.121595028137833849e-01
1.280457325128101731e+00
1.429377012691549931e+00
7.932463336241324381e-02
1.564712691149031221e+00
1.225406420173308364e+00
4.944128386084351567e-01
1.365509487080974971e+00
6.675875147251679742e-01
6.678909916951881742e-01
1.573168877046110303e+00
4.266177103204060739e-01
1.127204984464306836e+00
1.496407789134680533e+00
8.246201808546141376e-02
1.257358985882524927e+00
1.198208465469528194e+00
1.927264464706454350e-01
1.474228395396610214e+00
1.027445648166618763e+00
6.334597148660481292e-01
1.516928450226800118e+00
8.599106147189651272e-01
9.039938531811867461e-01
1.395874058695995235e+00
3.897918823619984652e-01
1.090792680294486061e+00
1.463692517471583798e+00
8.027627101742607074e-02
1.439776592241025499e+00
1.337882774945793996e+00
3.658940095683874683e-01
1.549068894038030164e+00
8.547952281642192673e-01
8.473490120364285394e-01
1.454481235134380990e+00
6.338000344456852231e-01
1.030083431853298315e+00
1.319828341546643635e+00
2.317273309781595347e-01
1.339457470190118960e+00
1.248878973904391065e+00
2.213591382993541634e-01
1.440027844183265016e+00
9.343243155916882703e-01
5.947443138259578266e-01
1.581559837326331541e+00
7.806483873609749713e-01
8.592352194982258995e-01
1.436790899613415551e+00
3.624755710618706162e-01
1.088738839837235739e+00
1.297012058828197478e+00
5.072264473507740595e-02
1.480382348902394618e+00
1.004571821269139908e+00
2.689826016790539120e-01
1.522790905791393756e+00
8.686805280356363346e-01
7.499756656999549964e-01
1.558544017134315007e+00
6.295058490295020182e-01
1.055184371883145955e+00
1.488685306678512621e+00
1.692343350303667782e-01
1.262067467334725190e+00
1.173814403746588741e+00
3.625294547758099450e-01
1.509843952989753602e+00
1.265882085928618839e+00
6.604867291295841714e-01
1.531402869341581541e+00
6.051801778897015760e-01
9.905516796892860354e-01
1.410081217017660427e+00
4.531313919964112258e-01
1.078057860235756227e+00
1.372843897840057226e+00
6.912770638577683813e-02
1.331104529343839049e+00
1.117907565963798699e+00
3.736596280152250094e-01
1.485006538451361990e+00
1.036550671266208923e+00
7.597007554785508709e-01
1.499648639233939873e+00
4.872634695387679793e-01
1.015103840107948407e+00
1.544403808891851249e+00
1.257055431412551216e-01
1.283239559818249775e+00
1.446142872719051287e+00
1.564144654354771846e-01
1.576813123231402214e+00
1.075862292328474190e+00
6.853220746597996627e-01
1.580833635432478568e+00
8.125962828341153354e-01
7.867666547663774157e-01
1.668321894666945582e+00
3.593200131494152516e-01
1.080913009004413672e+00
1.419697337711564478e+00
5.784503828318911939e-02
1.375822315985728128e+00
1.123029336938494493e+00
3.533604380533519329e-01
1.465506724411814954e+00
8.022097448893129590e-01
6.207029825119566580e-01
1.470902718118133334e+00
6.293295299296445267e-01
1.047566466304225230e+00
1.433603734274097929e+00
1.645111862388097812e-01
1.260113265419612993e+00
1.231566500295045108e+00
2.117393546582972408e-01
1.421193992726451416e+00
1.087300453166597070e+00
6.250515660860275213e-01
1.548597075218719921e+00
7.239792408315746108e-01
9.617327849364890602e-01
1.407379399435671807e+00
4.100325382133602203e-01
1.196371103838810068e+00
1.437002970032686511e+00
4.496131354427716775e-02
1.280822748372501652e+00
1.205027299306105748e+00
4.191596114315424559e-01
1.479428067617778897e+00
8.668803295247534679e-01
8.253492053021390662e-01
1.477017487258894590e+00
5.303698646893786339e-01
1.003547757934289519e+00
1.544482517838371427e+00
9.623974490152006900e-02
1.204527895609211585e+00
1.254345955368242782e+00
4.997931873835873007e-02
1.458764654587539900e+00
9.099006617278978526e-01
4.799157435544780248e-01
1.503152943316507839e+00
6.892575086409368224e-01
8.367551924077210046e-01
1.442148894796817293e+00
3.910064351266298033e-01
1.310358953250522207e+00
1.377991862095402587e+00
4.498114562239206859e-02
1.308308291655830846e+00
1.186962548498331049e+00
3.302154888584712400e-01
1.581259381862465174e+00
8.603475121488248778e-01
6.729404341226685737e-01
1.349847169761915433e+00
6.846091938864848903e-01
1.065506373854770983e+00
1.497303795991731468e+00
1.999704633055267300e-01
1.191088959362456068e+00
1.220906660827764556e+00
2.833936468340135170e-02
1.399531616454819716e+00
1.113751273047907775e+00
5.209111427360086921e-01
1.521837176754486487e+00
7.227848248557523503e-01
8.457180480079095064e-01
1.449121365078571033e+00
4.509762611139768174e-01
1.123616847600098723e+00
1.426641187625602880e+00
3.369745990064788865e-02
1.503627298377683053e+00
1.209559766000977588e+00
3.027532220176151201e-01
1.603498759968145393e+00
9.050076769443087255e-01
6.480985338456631828e-01
1.531417326571995696e+00
5.900114849788880012e-01
1.081473316966389264e+00
1.443116831283761226e+00
2.357902499092120741e-01
1.252246565395951361e+00
1.156484297793745730e+00
1.514889113266989495e-01
1.490960388123804492e+00
1.022117895436010837e+00
6.548735284984510407e-01
1.468551652005383179e+00
7.135800958684125339e-01
8.635566134150443052e-01
1.568165990185074854e+00
4.846048150398515331e-01
1.108135716245358671e+00
1.365646849037357002e+00
1.347280828181031745e-02
1.390861166649123959e+00
1.143572003234995416e+00
3.913019741608688706e-01
1.578111752753552866e+00
9.394418506938465585e-01
7.098961282715194887e-01
1.450809555537754258e+00
5.321135474702308743e-01
9.684783684557490835e-01
1.422781513103932749e+00
2.588559357940551919e-01
1.289342713370465354e+00
1.221904489932771121e+00
3.220301087801171608e-02
1.490697970480231005e+00
1.029265259324886772e+00
3.803653815950332473e-01
1.363267466130549055e+00
7.462551127751178015e-01
9.451450680595980813e-01
1.507894191815078333e+00
3.451832009395260359e-01
1.363048896272511357e+00
1.361481278614842694e+00
5.199975102952664185e-02
1.401692180577481794e+00
1.268100360191000808e+00
3.584325015473691645e-01
1.493978780851612065e+00
8.602114322860393569e-01
6.494451379081876974e-01
1.439031540431945144e+00
4.607072146698019677e-01
1.077924767514027771e+00
1.461989530310613183e+00
2.773975527921377152e-02
1.258081674507959047e+00
1.259266634597736578e+00
3.393062859611267745e-01
1.348383893536683198e+00
1.131757431054485563e+00
4.504189416222135200e-01
1.486864765057566595e+00
6.367959258265817324e-01
8.811080230943737490e-01
1.380002728354697616e+00
3.999015918181654805e-01
1.043401814514223425e+00
1.412729978951927201e+00
3.563282156362471143e-02
1.373233553936740847e+00
1.106338966303443083e+00
5.260695731394950947e-01
1.486491277637887132e+00
8.440573218999812832e-01
7.150057440138291032e-01
1.424729123188503310e+00
4.687172240425486747e-01
1.080974853656957002e+00
1.458259601947513806e+00
2.829631295251981982e-01
1.264280143248452282e+00
1.321723952330758900e+00
9.637035043316001526e-02
1.421489353786313359e+00
1.032291246085637049e+00
6.591390372100304207e-01
1.433270093192195338e+00
7.140711920617930364e-01
7.874140419259452184e-01
1.547475510385876385e+00
3.480764532132278322e-01
1.232495678587585797e+00
1.203531269358969258e+00
3.889057418290463308e-02
1.319914812563681705e+00
1.195241618626843083e+00
2.955411100649690814e-01
1.486612528888724638e+00
8.508394835054114980e-01
6.917987691312517118e-01
1.623395240861713162e+00
5.109587601142628888e-01
1.137376177336712590e+00
1.509858949478528167e+00
3.157273669710221609e-01
1.308858014312347162e+00
1.341035733488284976e+00
1.395092560707492102e-01
1.450204635368619988e+00
1.030282316773368345e+00
5.671289201242046829e-01
1.498403890677498351e+00
5.726741359011539023e-01
9.411305973678496528e-01
1.635677360210954889e+00
4.275433845163787439e-01
1.045946191605364062e+00
1.406524678045570687e+00
3.431902635284338893e-02
1.366852251541106344e+00
1.109058367545034063e+00
3.272253490307385770e-01
1.529853790641787059e+00
9.096207846585806500e-01
7.455178427247716177e-01
1.531743559785361919e+00
6.767052886738234019e-01
1.008700671637446922e+00
1.349765083621270234e+00
1.742564336987297013e-01
1.271247914985015326e+00
1.325107123479386084e+00
2.030672838646153111e-01
1.334417931227223519e+00
1.076099355465280238e+00
5.364448953376756979e-01
1.412423465333680683e+00
7.013157221763208771e-01
9.961305666274570259e-01
1.529328827300077576e+00
1.192815392202294933e-01
1.107173316495270621e+00
1.430074213686564288e+00
8.053600283540938987e-02
1.404861130589823315e+00
1.097987935843808049e+00
3.126759860416057912e-01
1.581358127309103301e+00
9.311232568362836082e-01
7.597996041828222191e-01
1.625277996528192714e+00
5.301028212804963502e-01
1.108257596542499446e+00
1.532663053134198927e+00
1.703010846439811654e-01
1.383778609794116932e+00
1.322861649091627401e+00
1.969546515558326938e-01
1.340886536949262187e+00
1.058494563914290643e+00
5.597850391173265772e-01
1.518022839879717312e+00
6.644737267265813374e-01
9.200321142469221058e-01
1.532096251894365713e+00
3.355357470986023993e-01
1.195077392654134707e+00
1.218668063105011745e+00
9.017356744503714217e-02
1.363447793044253675e+00
1.233001053609047437e+00
4.349902839465937254e-01
1.420779597279322237e+00
8.131051879453613518e-01
7.740050439808714433e-01
1.505354866946490677e+00
5.976270304075039785e-01
1.059294803372767824e+00
1.450808596639397319e+00
8.070364598032947479e-02
1.231521023603388665e+00
1.248928347977781073e+00
1.756928531519581504e-01
1.363279307721011246e+00
9.490604293471818220e-01
5.798981256229919223e-01
1.541892477951481544e+00
6.371510027970791468e-01
1.152805153006335903e+00
1.554935199346751729e+00
4.297395971978719698e-01
1.154154064639614896e+00
1.342486446473210249e+00
1.231153697176760597e-01
1.329538363574574333e+00
1.159836488851808234e+00
4.177919017206499497e-01
1.391190653870386651e+00
7.982592533445483918e-01
7.561180310240029900e-01
1.527289225238336545e+00
5.753170009487256209e-01
1.119613959866929909e+00
1.445667757214626370e+00
2.367577147782255476e-01
1.337328296714787257e+00
1.365584519610557601e+00
1.206859658463702717e-01
1.403651910829880167e+00
1.117517200123496535e+00
7.378280914534349755e-01
1.490820361455799103e+00
7.091369273316603383e-01
8.966794865759399880e-01
1.553314478728954340e+00
3.540589795585668553e-01
1.227704219026733101e+00
1.438682491528513019e+00
2.237687938584984396e-02
1.380170391152557130e+00
1.194005858099887352e+00
4.259326306703795084e-01
1.473219723541846271e+00
8.629737796910025294e-01
7.191434713055565586e-01
1.303530291106227201e+00
4.892593492910962683e-01
9.715088483053319068e-01
1.412812995862228194e+00
9.169214362200964197e-02
1.321615586175457047e+00
1.294763666217386033e+00
2.002689678038829246e-01
1.627700258274597189e+00
9.718162882154683935e-01
6.607808223085329669e-01
1.512785107036498822e+00
7.665358528927863624e-01
8.648664052023362636e-01
1.595391318745157827e+00
4.748431064465167273e-01
1.134711615587906675e+00
1.454742825182751220e+00
2.708165159705561501e-03
1.475239305827896974e+00
1.256824853278003529e+00
3.678841246775415574e-01
1.533086120939304298e+00
8.654038381539234104e-01
6.019311380413377988e-01
1.557021928199500360e+00
5.344297053383076923e-01
1.116517169447368119e+00
1.418214531479660145e+00
8.954462251719266797e-02
1.254026559071474756e+00
1.387121122934448447e+00
2.315741325212284374e-01
1.440332903645864082e+00
1.003133746822025385e+00
5.803080854248199305e-01
1.419371220222651386e+00
7.407039048619853405e-01
8.998721601729429143e-01
1.497841209254545003e+00
2.884882156191591052e-01
1.086987223648879342e+00
1.476083307561124158e+00
3.836861985336813274e-02
1.356321498793151115e+00
1.115636967872619900e+00
3.778516586425378909e-01
1.563951523316148950e+00
9.328698344970176581e-01
6.144923816116701909e-01
1.417408058949993110e+00
4.498792896691799492e-01
9.512958626541505591e-01
1.343389579575548831e+00
3.163886694675414057e-01
1.313564178676302374e+00
1.208449769277078367e+00
1.327691197677171309e-01
1.602847494461417943e+00
9.656189482946307967e-01
5.377205372605797784e-01
1.473579470525020474e+00
7.522736936830226595e-01
8.839802754213031966e-01
1.497517539128397246e+00
2.944905587141810610e-01
1.222139276510049832e+00
1.430255897221266670e+00
3.659421308659116523e-02
1.326720250006083734e+00
1.180554867604733493e+00
4.737346702054413550e-01
1.522188044559315889e+00
8.292430234962878677e-01
6.056234331420070616e-01
1.584416715230819284e+00
6.492212759628501750e-01
9.955522223870941767e-01
1.469052090083016182e+00
2.216382600907663702e-01
1.314332023732663446e+00
1.308175505463478716e+00
3.263847630873932815e-01
1.341493152157115842e+00
9.575406515209352598e-01
6.145913847622002102e-01
1.624235564979578994e+00
7.122383305244075480e-01
8.040661813650248346e-01
1.327973847065438529e+00
4.490423075330619018e-01
1.239112837220032404e+00
1.420611057179515635e+00
2.226412219345627261e-02
1.395161595264991394e+00
1.130705734247815064e+00
2.982960312069491970e-01
1.525089025201750159e+00
7.199027237801188805e-01
7.444235953712499132e-01
1.599945472842551952e+00
6.730825343258587390e-01
9.819667274476246988e-01
1.504636944064426940e+00
3.147749521661163397e-01
1.345967527767481853e+00
1.267278415906170963e+00
1.617234300455421270e-01
1.435786551899395302e+00
1.027760947411286763e+00
6.442494445784779922e-01
1.535044485092454281e+00
7.224836753882644125e-01
8.331571832881362605e-01
1.478453730721941639e+00
4.636672200653276232e-01
1.140201000705661993e+00
1.348744397505550863e+00
1.260225401952579441e-02
1.326460578867081352e+00
1.185865807470090294e+00
4.370115643234460112e-01
1.510509487994533773e+00
7.801398090971205512e-01
8.300194927261267397e-01
1.371121426170635926e+00
4.997540158506342256e-01
1.214733608606697768e+00
1.518185422801339612e+00
2.418443695806672400e-01
1.276442856393280811e+00
1.239748756293444831e+00
2.704498307146051550e-01
1.487641043323765899e+00
9.974271577099402819e-01
6.177028048844256380e-01
1.455079753547787513e+00
6.612042914638209812e-01
8.622423689321626616e-01
1.383380515760288088e+00
4.151459406055504897e-01
1.142732263635109602e+00
1.490358238842187211e+00
2.784090188646061448e-02
1.374101478634563112e+00
1.020492841564403230e+00
4.049793609570938591e-01
1.417433937950747014e+00
8.018088808219288044e-01
7.558756849537996425e-01
1.476620951378098123e+00
6.027685259649172567e-01
8.754356798268261297e-01
1.401187306177581027e+00
4.962051254144148049e-02
1.231928360054144411e+00
1.246268333142587004e+00
2.308395646346142194e-01
1.395601620331906156e+00
1.054350220393318605e+00
5.764436327383093417e-01
1.454530167631173931e+00
7.602294970143151920e-01
9.076820287086564409e-01
1.533681084457824362e+00
2.677603808802719865e-01
1.253432474741105196e+00
1.408821537991793882e+00
9.384685467528372516e-02
1.481686346565034729e+00
1.184137113195547375e+00
3.594724175941383937e-01
1.592115332881876677e+00
9.557678905420978754e-01
7.507699646561164508e-01
1.620619508781829810e+00
5.736057000910420589e-01
1.061055561940609904e+00
1.457700045784048104e+00
3.005454937833214046e-01
1.366808737832519993e+00
1.171608339489806028e+00
1.636722755293275045e-01
1.437637728595767106e+00
9.900776157229124186e-01
5.307543734529447388e-01
1.525531678763379029e+00
5.714156492064151882e-01
7.933379358018957106e-01
1.527352791783615826e+00
2.663911349873405165e-01
1.248850991061084770e+00
1.458574654127207992e+00
1.749818603154936481e-01
1.328767728076928556e+00
1.023861591356547640e+00
2.400457318764434855e-01
1.680665725512525910e+00
9.468418369644305832e-01
8.117993239439750264e-01
1.471414921663040110e+00
5.632713841164422863e-01
1.028726362706555930e+00
1.394939717514047661e+00
2.056621125630538338e-01
1.187736931698484044e+00
1.461133101476453922e+00
1.312093186154851543e-01
1.531214947494256906e+00
1.070795766354523559e+00
7.119246187922767533e-01
1.562650773467717968e+00
6.766673013365315237e-01
9.284437122054928215e-01
1.560347985472220422e+00
3.161947009519806007e-01
1.209422869259282107e+00
1.375685049603173171e+00
1.739027091196807678e-02
1.383846309678044895e+00
1.057455409650584599e+00
3.950013632795988938e-01
1.510694004583217565e+00
8.311798089292410374e-01
6.737311738575797460e-01
1.546562534319047666e+00
5.629659007920710945e-01
1.054100714526294391e+00
1.456453886410161269e+00
1.564292748444401915e-01
1.369126228453756422e+00
1.283268473357755957e+00
2.674429624419076279e-01
1.548880920748250567e+00
1.031422187197559515e+00
5.109497479874058889e-01
1.701804360097534996e+00
7.298467952610330212e-01
1.025326903857440630e+00
1.442667173339890363e+00
4.092392326748187092e-01
1.092029443979789516e+00
1.458556345682543665e+00
1.193564558747172016e-01
1.360730724741894271e+00
1.100387350282330479e+00
3.978979544438656091e-01
1.538258428200002914e+00
8.746196528370023815e-01
7.227823640493886703e-01
1.571690092307655773e+00
4.936383702535489526e-01
1.017415423612924696e+00
1.353966609508723051e+00
2.870293878281414690e-01
1.290614938929101507e+00
1.237475084553597116e+00
2.456593030856217552e-02
1.316717171829168587e+00
1.106532971785353814e+00
5.859627829179244740e-01
1.408008488832011018e+00
6.814787675187908844e-01
9.383761265460210943e-01
1.510412867025143324e+00
3.001613401869004938e-01
1.097885173180294771e+00
1.352518456944594494e+00
2.243737425617227665e-01
1.291561376663158622e+00
1.019659971758316352e+00
4.607583888157697483e-01
1.550059121876847135e+00
9.340872828877156975e-01
8.323920213592763684e-01
1.414206099166165354e+00
5.883746225527356488e-01
1.047116920752729552e+00
1.503566575629462276e+00
2.154055608072661943e-01
1.395551043577330175e+00
1.206500818577896261e+00
1.692207070095718413e-01
1.516497315751399455e+00
1.176902254577699924e+00
4.772880191620721968e-01
1.489669745849810711e+00
7.949122814042236529e-01
8.214830134948112317e-01
1.496040358899767053e+00
3.257170427348627384e-01
1.067815024914095190e+00
1.316527862631795109e+00
9.087562569278570535e-02
1.376957757337617272e+00
1.187806412423764835e+00
3.961928771736786814e-01
1.468644451108525484e+00
9.300312377998134483e-01
7.042926337326996800e-01
1.690692094563936543e+00
3.228523876184526964e-01
8.795561688147601753e-01
1.424030308944147949e+00
5.979464631958677362e-02
1.256415293707633163e+00
1.292966154111186317e+00
1.207161349950519325e-01
1.558737903323458740e+00
1.011610444859297742e+00
5.774629367072162678e-01
1.395655458093592260e+00
7.703888772678918473e-01
9.942876152933397549e-01
1.549072651679080037e+00
4.426458666170964285e-01
1.111032395691017749e+00
1.526963423557594846e+00
3.105383452392191518e-02
1.422078709450663725e+00
1.189649382098220354e+00
3.331461075680347550e-01
1.466839092088601637e+00
9.958188703081175541e-01
7.239876569836515285e-01
1.448374997196725245e+00
4.569448921263025154e-01
1.058096773606340690e+00
1.462290093083291609e+00
2.938856818730498088e-01
1.269009747554321832e+00
1.159156879453175248e+00
2.020904876460099253e-01
1.462116191396507059e+00
1.004612803561679701e+00
5.271136828142697350e-01
1.480107810192125006e+00
7.978947473832849191e-01
8.452820409237655763e-01
1.493865120990838458e+00
3.097422809330702131e-01
1.212176511952938629e+00
1.191892189832688409e+00
2.071780579045658793e-02
1.489774863204859967e+00
1.152947126743984585e+00
4.890941700528888547e-01
1.521851877891088112e+00
8.527084849732222693e-01
7.164154233016373219e-01
1.633651244076081754e+00
5.404620686893081283e-01
9.833291899805720604e-01
1.398494346416127465e+00
1.048998960363803634e-01
1.294399943513795836e+00
1.261074451121286133e+00
2.562926946917828963e-01
1.496854455605414858e+00
1.103072443286512438e+00
5.876656366628701944e-01
1.447675827392475467e+00
7.815347900237503698e-01
8.518179599762283338e-01
1.527332499322820336e+00
4.817520390352911241e-01
1.147431793084171980e+00
1.354787414215486319e+00
7.574475026080877693e-02
1.418949300261275415e+00
1.068242962624257997e+00
3.968802094570069161e-01
1.353203468196366943e+00
8.866676559695063631e-01
8.476990667352028996e-01
1.407614155927089827e+00
4.818870466979209288e-01
9.968473312602361691e-01
1.416852683838267124e+00
6.170660685219856584e-02
1.434813645976342755e+00
1.396840937604335142e+00
1.806029767154289090e-01
1.469268138653566202e+00
9.295952748025949619e-01
5.571671707230657633e-01
1.521880405129070635e+00
6.520706216544948086e-01
7.980676198663658738e-01
1.494764390093749507e+00
3.725035091946680144e-01
1.191245238710182175e+00
1.508080962791776392e+00
9.674194699289778709e-02
1.223840561458656273e+00
1.186407458587255048e+00
3.910194753896150122e-01
1.454904954853021293e+00
8.694624826333048340e-01
7.047410444244635030e-01
1.529814163994186016e+00
4.440329472681356360e-01
1.061932746359694368e+00
1.315918696412132327e+00
3.371941393049840419e-01
1.328391405177780982e+00
1.196583895922507024e+00
2.259044435528017591e-01
1.480361006341274654e+00
1.095451739142633496e+00
5.183487749699753344e-01
1.532783473915279915e+00
6.618581827708410747e-01
9.552388495553751913e-01
1.425120178286550354e+00
4.220794210367258548e-01
1.159076718400564587e+00
1.272579812926177167e+00
2.010067529385152485e-02
1.445994790152840492e+00
1.202437795976490031e+00
4.003111868634697812e-01
1.512804517097276369e+00
9.155793624725411251e-01
6.424604258746927643e-01
1.547166939515954853e+00
4.857543212105735475e-01
1.108667617803121175e+00
1.307859864924989068e+00
1.697442177051583512e-01
1.334117521831018394e+00
1.346757948400263638e+00
2.750003692762189589e-01
1.428106870780413651e+00
1.002254581312437498e+00
5.013869136831289319e-01
1.542494788371990388e+00
6.781225997909855474e-01
8.080826729408372433e-01
1.487910015415984333e+00
4.338972345377084538e-01
1.214666605545768663e+00
1.416254126836950622e+00
6.241670504375232409e-02
1.341085272461348010e+00
1.239959562896197021e+00
4.004109132168687246e-01
1.418042772273773622e+00
7.886353573155240326e-01
6.693994438249509793e-01
1.533529090743325440e+00
4.878734910711773343e-01
1.115097101780137212e+00
1.394665912886424275e+00
1.761691087174233894e-01
1.367864822016756632e+00
1.289223793697540588e+00
2.572090740519580865e-01
1.489185558579542601e+00
9.887820453304960733e-01
6.636723431018497488e-01
1.583192490807786568e+00
7.893535586295233886e-01
7.663388891954207027e-01
1.467863960083979347e+00
3.462144826942147313e-01
1.246466758761340943e+00
1.302036172584230211e+00
1.046495051319145803e-01
1.340172183547146290e+00
1.210576938019539028e+00
3.622802871540625747e-01
1.540844095249608747e+00
8.365141119435772765e-01
6.415492655862413685e-01
1.381410245837463968e+00
6.595371472271555069e-01
1.070636957980635406e+00
1.430076332263178873e+00
2.931398424823874471e-01
1.263525302271583994e+00
1.194381237405448548e+00
1.991728766056919675e-01
1.473106411134785354e+00
1.074185478215280876e+00
5.257740701545492445e-01
1.302748630994604362e+00
6.895601010480206794e-01
9.779808003753112100e-01
1.540456526219842415e+00
5.756821127929994120e-01
1.292604580941204562e+00
1.447841542421443028e+00
1.424213216326787081e-02
1.457345847172523579e+00
1.278106910269253049e+00
4.409042277018349054e-01
1.503433356044560076e+00
7.858567514442298396e-01
6.847091455110130287e-01
1.413787859400774671e+00
6.408240629183040715e-01
9.838225917197214176e-01
1.451016733866170805e+00
1.594329011517855443e-01
1.277484555710955538e+00
1.232709329516150421e+00
2.521252179903018531e-01
1.373224412786087534e+00
1.081567201831754144e+00
5.343293256555190496e-01
1.557129960711804761e+00
6.780139515041467835e-01
8.506255930740195259e-01
1.469400423133059297e+00
3.727909240621296028e-01
1.127872598878756571e+00
1.440684294794424947e+00
4.622769816459967873e-02
1.322952418949902453e+00
1.064832652827126358e+00
2.477431326511613241e-01
1.552264585617932235e+00
7.874649353926669315e-01
8.890155143360335410e-01
1.545458710530599244e+00
6.077575396968409871e-01
1.103295602009414234e+00
1.360987472378973884e+00
1.008257927026780243e-01
1.130251619061146462e+00
1.223416270198820266e+00
1.199806446101591428e-01
1.508070984439007223e+00
1.123328325921403525e+00
5.742498017062560578e-01
1.491722925802258182e+00
7.677606375252810089e-01
8.915222455004243596e-01
1.555638356313600035e+00
4.730660190842809198e-01
1.133420298946842486e+00
1.479628457737717229e+00
1.438492265242606039e-01
1.416203689721512449e+00
1.093609966988005056e+00
4.903794474027068917e-01
1.445897919746924609e+00
7.941209716806778562e-01
7.660351592432480539e-01
1.472784649724195871e+00
5.496758862428742232e-01
9.357751586340893324e-01
1.419644557226165116e+00
1.319511053642550280e-01
1.337434341779531799e+00
1.155416783837103223e+00
1.170072254624268671e-01
1.285143204817043916e+00
1.182858507861779040e+00
5.315502666334863680e-01
1.669543470857090206e+00
7.300665594427763194e-01
9.221501054900693717e-01
1.540818194692389786e+00
5.681038424163100675e-01
1.378044815492243114e+00
1.248112571111311242e+00
4.414042927830529733e-02
1.428652578209127277e+00
1.187267269183622576e+00
3.738067689922578429e-01
1.298553248029657103e+00
8.097678869905975407e-01
8.649825653386101765e-01
1.407412868696566788e+00
6.086255327586683750e-01
1.021806698122170731e+00
1.484300986669495837e+00
9.235048651909898154e-02
1.342149233723610280e+00
1.249900241797970768e+00
2.386058855794076783e-01
1.462491652489654737e+00
1.049699989703299474e+00
5.905861210353043900e-01
1.494771020418258711e+00
6.380622063612267914e-01
8.014247730504382439e-01
1.490328125100947032e+00
4.481693058002410579e-01
1.239113859742745349e+00
1.471116373333449356e+00
1.872967206330462819e-04
1.343974975564175445e+00
1.179846118984243075e+00
2.961396206740974368e-01
1.532177623060742899e+00
9.610163842091717923e-01
6.924076648552645041e-01
1.541736048012986249e+00
5.136082223342774977e-01
9.811198277336862228e-01
1.474648025381434246e+00
2.277964146962957181e-01
1.327118361722615880e+00
1.174061806540340536e+00
1.640090466200390673e-01
1.404601255442903263e+00
9.303256495338608767e-01
5.709318261869767985e-01
1.625901318322573896e+00
6.724454936114222514e-01
1.046089511919215953e+00
1.491568764339016306e+00
2.835655600791587294e-01
1.216034145399208510e+00
1.323123565965513393e+00
5.183152796412024768e-03
1.449851031211111474e+00
1.269094845185707587e+00
3.534833573823209507e-01
1.575928197071670311e+00
8.714089373658202575e-01
6.475762917144102238e-01
1.605830278911853481e+00
6.494370180269481985e-01
1.144045340764766827e+00
1.333780321150257464e+00
2.987027265531318476e-01
1.334997874664077822e+00
1.279096657648896684e+00
2.867432921720314831e-01
1.302000470652991071e+00
1.029591362286144562e+00
5.706340854404056140e-01
1.522481248130782117e+00
8.139734594619976171e-01
7.989760891089032757e-01
1.576091985874327417e+00
3.014918952590476264e-01
1.144703222340115234e+00
1.347938762002076629e+00
2.807136395934273915e-02
1.405432270478934598e+00
1.156105022909262869e+00
4.817760219922261333e-01
1.602004002145593242e+00
8.784217590856910896e-01
6.884619822032594927e-01
1.526240107267578860e+00
5.540774198245479454e-01
1.151900910719705573e+00
1.408052424363311017e+00
2.812346771546901936e-01
1.227367876040592609e+00
1.401632871693574867e+00
1.962070917478116738e-01
1.401493143409310305e+00
9.495559938549550383e-01
5.870465318861831649e-01
1.392876232210186860e+00
5.596364873605814694e-01
8.027594478299412417e-01
1.490994292587245029e+00
3.119540827759866852e-01
1.259661884008824284e+00
1.201925341512956491e+00
