# {'window': 114, 'contam': 0.9520687083677297, 'q': 0.058543529062370016, 'thres': 1.2532424958551114}
9.850663433455282558e-02
1.395253543865944579e+00
1.306049688862242819e+00
3.487878863286227316e-01
1.420127179316642119e+00
8.736003444117086403e-01
6.130958774468907579e-01
1.539284050290736117e+00
5.950759010276600591e-01
9.958666405102998276e-01
1.492369448318400682e+00
1.358351162964121228e-01
1.347401912012872405e+00
1.377538048316106600e+00
1.726470707803275106e-01
1.452166568310891526e+00
1.076200574507938379e+00
5.555261973338789794e-01
1.613442151910817302e+00
6.945143746519777395e-01
9.426302215589126288e-01
1.377417905350045046e+00
3.251030065846615691e-01
1.192720688906160564e+00
1.271080919521128560e+00
3.480006565624176734e-02
1.318649472958553392e+00
9.762199032888453365e-01
3.732528161563124502e-01
1.596057285399030246e+00
1.092863759482547659e+00
7.474366156597970212e-01
1.565528315651578906e+00
6.048568040872430718e-01
1.003739274141521642e+00
1.437934621867857476e+00
1.585231117945525570e-01
1.354381020404480163e+00
1.297296937546150497e+00
8.808770924214662235e-02
1.555938955639699417e+00
1.121484100335248701e+00
5.892782198643737868e-01
1.557584673627167238e+00
7.552798447376143365e-01
9.003378031628976874e-01
1.422326507841831456e+00
3.305162111776878686e-01
1.156139520694323020e+00
1.428269211193089028e+00
1.293654516541519264e-02
1.376640956189469467e+00
1.249684726646381305e+00
4.140061513463264009e-01
1.620583485576443605e+00
8.212217243118123955e-01
7.272484179697739082e-01
1.611198652722093616e+00
6.423659524208757965e-01
1.076871268571417684e+00
1.387027612318449066e+00
2.589759945575837996e-01
1.293760717412553163e+00
1.308783692192825310e+00
3.900635894469863807e-01
1.493802536542554682e+00
1.064243312921805407e+00
5.886119434459629041e-01
1.371579266615597037e+00
8.850276802011098898e-01
8.408901433178006535e-01
1.514733860763215478e+00
3.983011908456490779e-01
1.207645639067743026e+00
1.335903783666854139e+00
1.495126861459383609e-02
1.359184465680552734e+00
1.104794583719410417e+00
3.429915773928845502e-01
1.406346931308740666e+00
9.353042415811908539e-01
7.230421667124786733e-01
1.335365782170951476e+00
5.315281899022833434e-01
1.002382461740952468e+00
1.342698933049133680e+00
2.015394897004468000e-01
1.250406360055972277e+00
1.237157691303498508e+00
1.043147949476562197e-01
1.443661303098008553e+00
1.060505986031971437e+00
4.206571124744775680e-01
1.379030253883318791e+00
7.117031202722071681e-01
7.941564948862680495e-01
1.611977975960393161e+00
4.091186196523105001e-01
1.136573231898178049e+00
1.324217614611938654e+00
2.073535409656481095e-03
1.275812836859994137e+00
1.108352954691540715e+00
3.156939061353941089e-01
1.516259871756409305e+00
9.466494132141350937e-01
5.894286793165944838e-01
1.469056676397585415e+00
7.021120088569186013e-01
1.011370231578068601e+00
1.444066196509575128e+00
1.324439014306939555e-01
1.305044746932074284e+00
1.214575624997301428e+00
2.149575771450464023e-01
1.430324716003751551e+00
1.116282493761719952e+00
4.825194601107412051e-01
1.541790227330880780e+00
7.251099458304741674e-01
8.434270746636617355e-01
1.529913953813832217e+00
2.465657393235700101e-01
1.170925330872744974e+00
1.433098109816735910e+00
7.604535411196208794e-02
1.294210173920887108e+00
1.142432560721531098e+00
3.579893546736721555e-01
1.373016627005739343e+00
8.318900587837946281e-01
8.428450647068878032e-01
1.563055700930979786e+00
5.486350530564857442e-01
1.102654432704082810e+00
1.476246040247310987e+00
3.294492213630217936e-01
1.370088083930385947e+00
1.371984489729593415e+00
2.575334896563437059e-01
1.522678284358027101e+00
1.057624362083982250e+00
6.321354724173815498e-01
1.523506784408365400e+00
7.111218484388205363e-01
7.814964500999568298e-01
1.429222997868286438e+00
5.372718704592858163e-01
1.139588301851934160e+00
1.332107794042357130e+00
1.099001158782059867e-02
1.311925018730354164e+00
1.086317989329750988e+00
3.446113816302038280e-01
1.487429795680037747e+00
8.343425668872005430e-01
8.674071896746531340e-01
1.591091324343475888e+00
6.212147927375445411e-01
9.798236355260897534e-01
1.503076916501391747e+00
2.074075124433668038e-01
1.257035152592344662e+00
1.317017332156964482e+00
1.047621662019740663e-01
1.619876773081762256e+00
9.037964377554389417e-01
6.130072370490889933e-01
1.494573049322757585e+00
7.610916670795794259e-01
8.576643863589413774e-01
1.466509939611912783e+00
3.867835738129056233e-01
1.201824835139713832e+00
1.414281741234433731e+00
9.690314693301822768e-02
1.310179212709427610e+00
1.105842128420391646e+00
3.711905799025867481e-01
1.612606851783703998e+00
1.020945313614998629e+00
5.994854506785087800e-01
1.391178910615653130e+00
6.014672616333713862e-01
9.135732293440291807e-01
1.404519155423812782e+00
2.613099871488049897e-01
1.316959224237594483e+00
1.330252501003808208e+00
1.551353919320791752e-01
1.381211648567591377e+00
1.095903570557893447e+00
6.223852568020096232e-01
1.519056026022782779e+00
8.558848816136566118e-01
7.578981840338910869e-01
1.433864948400288553e+00
2.077716191092139064e-01
1.233245889610485424e+00
1.355533672683371993e+00
3.087030645870032439e-02
1.509566555977706948e+00
1.081955988596983609e+00
3.735552011327485933e-01
1.461093383472529261e+00
9.821617275609860753e-01
8.091832497474360508e-01
1.517840561879664651e+00
4.990546815537693637e-01
1.068228038977432792e+00
1.409830570020532692e+00
4.290129632054762721e-01
1.334155895352932664e+00
1.280027015956092029e+00
1.449342390332955810e-01
1.528404204536601751e+00
1.079637277608578749e+00
5.122253355632616634e-01
1.361849674978398150e+00
7.773045314645936621e-01
9.128489633474093923e-01
1.334348067495260137e+00
4.905907569316783068e-01
1.302928810842139962e+00
1.502094804270815320e+00
5.084747622189446370e-02
1.319006752564909624e+00
1.298853293009833765e+00
3.790857951636096290e-01
1.473159865183949480e+00
9.346859095659263428e-01
5.897361157686447086e-01
1.487967402119268145e+00
5.758826513044977835e-01
1.055698218660581000e+00
1.407382407505470390e+00
2.789817537285650961e-01
1.211380450082241600e+00
1.173098679871287242e+00
3.020224699569015181e-01
1.555409409018690514e+00
1.063348167798387811e+00
5.690482172426942764e-01
1.477952170125353293e+00
6.953933571356797350e-01
8.821117911620798280e-01
1.494789102285718485e+00
3.083598234683014860e-01
1.107710238380394063e+00
1.377140746639990088e+00
4.929616074807890297e-02
1.295844962325852556e+00
1.204524771968361163e+00
5.052450963916756965e-01
1.540281341130957715e+00
1.032657092488928230e+00
7.101828084176609046e-01
1.611385529708104780e+00
6.082960000263838429e-01
9.618675956955201611e-01
1.563259149339214948e+00
1.990470728781944809e-01
1.490632524574963425e+00
1.257800111428311718e+00
5.000756075783711896e-02
1.553861967534787114e+00
8.976880714264674488e-01
4.902412115264024317e-01
1.386572496633978746e+00
5.992367166022503078e-01
8.547655260926341203e-01
1.402035908177887702e+00
3.547990605387139063e-01
1.130139322080157882e+00
1.320209420768584607e+00
2.937494915997828498e-02
1.327513470531541895e+00
1.129974452196603751e+00
2.212161197891669706e-01
1.527316300738199351e+00
8.411787714562298790e-01
7.374975679861086597e-01
1.556113533569525087e+00
4.604064595804550630e-01
1.003400643727414110e+00
1.411247813594626699e+00
1.706430886945836944e-01
1.306477476078840461e+00
1.234249055874777845e+00
1.607279464405117486e-01
1.440252191437917384e+00
1.026399741115706643e+00
4.705783601591816412e-01
1.424580240068498593e+00
6.978751915555413410e-01
8.877304978636801902e-01
1.464738749441153232e+00
2.855948787261408661e-01
1.177679719801152380e+00
1.447082606754960477e+00
1.301304560166917541e-02
1.302023773741356916e+00
1.218690201069428936e+00
2.894407364179310549e-01
1.476084491130469356e+00
7.911874159845143639e-01
5.158851334058510707e-01
1.500653391782740265e+00
4.944117661996954571e-01
1.058772369555143644e+00
1.405741084672870400e+00
1.948837664950403836e-01
1.215646787365096237e+00
1.305208313717820312e+00
1.634645919531245162e-01
1.415353069252260010e+00
9.018834492548267745e-01
3.346865046021519907e-01
1.407536026072412350e+00
6.565169155245903498e-01
8.511877731912443901e-01
1.437258509283251051e+00
3.022637056107327913e-01
1.355116845807006420e+00
1.252978503936744703e+00
1.088008974286038683e-03
1.370959020316721455e+00
1.019087462565992697e+00
4.477421529009051882e-01
1.515172367733860881e+00
8.665551826466079133e-01
7.162762921379840497e-01
1.481517443374550158e+00
5.560878456613952414e-01
9.882893923820732507e-01
1.539690969794591080e+00
1.318706981345948992e-01
1.220447319524698093e+00
1.301665582565035617e+00
1.586929985964684875e-01
1.372450528478567078e+00
1.084176842655246942e+00
5.750207023268387729e-01
1.661527744718739985e+00
7.568242867305983168e-01
8.939262983033162691e-01
1.526496803726794527e+00
3.583608102011286989e-01
1.157703948008909300e+00
1.260039727361453865e+00
5.611914964409426415e-02
1.489266187381213191e+00
1.217508494180202350e+00
4.751007498868315970e-01
1.446735276805274140e+00
8.845424693325597554e-01
7.861063228302597183e-01
1.439361025470134337e+00
5.131818783174006970e-01
1.012685856447525401e+00
1.431801157952639292e+00
2.317497103860319541e-01
1.202401046223535941e+00
1.194452571927658413e+00
1.938856847520719073e-01
1.468548562690290771e+00
9.364135521986172161e-01
6.594800415969633844e-01
1.517569784542446065e+00
5.385026994719414040e-01
8.018452813587184647e-01
1.331827974483617449e+00
3.413765335583560656e-01
1.014584883014051142e+00
1.456785373115461413e+00
3.525160942998030456e-02
1.301165044666580117e+00
1.213938427965156830e+00
3.459558138364313695e-01
1.537370381156456745e+00
9.822247599004845231e-01
6.680996323578378693e-01
1.484934500511225774e+00
4.846193756420734688e-01
1.191643615180926208e+00
1.442661465023806544e+00
2.774932298467092107e-01
1.348255206026077069e+00
1.307405554715796780e+00
1.845023884617415788e-01
1.240635238362192583e+00
1.111440424449382736e+00
5.887409030719732428e-01
1.380459617657344928e+00
7.986494663782529591e-01
9.650309551789069129e-01
1.530908228670104343e+00
4.074977389878944867e-01
1.069601883123428188e+00
1.396878461382324854e+00
1.895624709972815874e-02
1.388967811144834252e+00
1.099593238811084506e+00
4.978714768638872745e-01
1.515672974950714513e+00
9.434411870576678849e-01
6.774174942692243739e-01
1.318685454638901522e+00
6.316483072707906876e-01
9.807400697548087631e-01
1.522951560937479520e+00
8.856459062535233795e-02
1.272738724981368863e+00
1.217975922828024471e+00
1.856091553106878900e-01
1.579339951114513640e+00
9.913272129512992192e-01
4.946253928693743473e-01
1.599834655605444578e+00
7.258873351113853678e-01
8.836119441069154590e-01
1.584165372607603484e+00
3.263965187920787048e-01
1.200938238641644729e+00
1.358112744080737677e+00
1.249478396256228363e-01
1.296764011015663742e+00
1.186878611984916176e+00
4.669756890921400450e-01
1.642934373687882976e+00
1.029895242594927707e+00
6.640744557671981463e-01
1.571317550025617349e+00
6.598722147320545961e-01
1.035497717682758889e+00
1.555214848913139436e+00
3.023405254374668116e-01
1.140713014697646965e+00
1.701265223695437534e+00
2.671853370261013438e+00
2.055817892415240156e+00
2.416162344783307603e+00
2.214148296250530112e+00
2.192094855456767633e+00
2.327979296287841393e+00
2.037985729936640400e+00
2.328549455831454562e+00
2.060216786596730021e+00
2.085694542507036342e+00
2.442466386102070341e+00
2.733962585915260535e-01
2.951313886905520434e+00
2.548759962839536097e+00
2.499123812351739637e+00
2.714134121720527482e+00
2.376630527733984533e+00
2.642440235980191954e+00
2.456490967193892150e+00
2.427539351443814830e+00
2.602650146149744881e+00
2.197743565127563414e+00
2.758394896230444093e+00
1.762857018390869612e+00
1.699518306165386683e+00
2.670136587321938482e+00
2.053567312989224014e+00
2.412848557629259094e+00
2.212549640392430295e+00
2.190717562067491464e+00
2.327197696917938430e+00
2.037360555544729390e+00
2.328535685370958230e+00
2.060581519551050178e+00
2.085686189711632554e+00
2.442665953228209563e+00
2.722568325763118913e-01
2.949308735826436934e+00
2.546929873297424152e+00
2.496386724110538413e+00
2.711721853409783112e+00
2.373386702190918296e+00
2.637906085910982856e+00
2.452684870920553095e+00
2.424999271223920783e+00
2.598204189678706921e+00
2.192489871676461810e+00
2.754850964082822262e+00
1.759171883090753896e+00
1.704449770697736843e+00
2.676802873173860231e+00
2.060452883669182889e+00
2.421428534660380993e+00
2.221136023225381617e+00
2.198215176948222549e+00
2.333915184954598487e+00
2.044942650023694686e+00
2.335084753280053160e+00
2.066717201576494300e+00
2.091560431464337455e+00
2.450088716696095403e+00
2.649399071867575284e-01
2.941595691853857719e+00
2.537936238544122869e+00
2.488370442427493501e+00
2.703614729139560247e+00
2.367271743335129575e+00
2.633335239398252092e+00
2.447510990676519782e+00
2.421019261542636691e+00
2.596509313307892253e+00
2.192235377250959960e+00
2.752874061592695210e+00
1.757788298605526212e+00
1.705343303977266745e+00
2.677155715264614599e+00
2.061249268531820444e+00
2.421428417682526923e+00
2.220113463062820980e+00
2.198494798419425855e+00
2.334374487001340981e+00
2.045061253483564823e+00
2.335291429349725778e+00
2.068387811554643907e+00
2.094536311850753840e+00
2.451249057451329261e+00
2.644626611629388169e-01
2.942765380316852308e+00
2.539777750127262479e+00
2.489439133369369728e+00
2.704707787506781980e+00
2.365409881324709307e+00
2.630411980912000569e+00
2.443751887953153012e+00
2.415323514623861190e+00
2.590150079491151391e+00
2.185127368738446929e+00
2.745241102886001539e+00
1.749386073707504208e+00
1.251491901983286636e+00
1.285372266780556438e-01
1.360039676821311661e+00
1.051475744101095566e+00
5.097306400559771244e-01
1.539632947497095117e+00
7.872759308101868747e-01
1.013864966048120264e+00
1.428579837096934257e+00
3.647363687417466416e-01
1.127783394127105154e+00
1.265274353173616806e+00
1.296753026919841290e-01
1.525200097935338173e+00
1.203714096461026895e+00
4.596435606293249876e-01
1.472905422255372576e+00
9.493517280940786396e-01
8.061890692447770679e-01
1.352246165585891724e+00
6.429656496974947011e-01
1.206654664850403069e+00
1.275352474527276847e+00
4.261689273949332835e-01
1.425729135705705364e+00
1.081663893398036036e+00
2.405466995816085696e-02
1.689106404286975671e+00
8.484481018466074609e-01
2.258570545476688285e-01
1.786539419216830904e+00
4.483126455353608764e-01
8.219487324707653864e-01
1.511061603076649718e+00
3.683302575505729148e-01
1.037919265908647581e+00
1.447561024334425239e+00
1.219276470806107959e-01
1.380886894988836655e+00
1.031355487260714687e+00
3.518867519404844657e-01
1.359033810087715510e+00
9.191110330032122855e-01
9.104591422515360133e-01
1.389473264294919019e+00
7.541686783043122233e-01
1.195839587413643601e+00
1.344103148412559845e+00
4.792092106394342244e-01
1.509291262686950130e+00
1.022147499456573350e+00
4.583535851389142213e-02
1.646624126352834949e+00
7.967015027867304644e-01
4.299341317495182779e-01
1.435502568733999729e+00
5.835718026239176126e-01
8.141541273010917124e-01
1.591665270314772007e+00
2.036933315508147602e-01
1.029868628965223243e+00
1.392706763973636130e+00
2.976887618598577506e-02
1.302889807785160947e+00
1.280601158300237241e+00
2.631435562730295441e-01
1.322063612040527580e+00
1.064164425663085778e+00
7.400992938060482196e-01
1.242397030134264835e+00
6.709522939069225700e-01
1.090294251357220690e+00
1.278800118707810185e+00
3.248857103830349313e-01
1.558976071447952139e+00
1.008239695780019929e+00
4.213641235115447858e-02
1.561134233783683545e+00
8.482106430350069282e-01
2.096390508937572839e-01
1.760311982383985008e+00
6.593950986168571893e-01
8.607989696030047266e-01
1.656222974875593446e+00
1.708490870396987549e-01
1.199453815187084382e+00
1.435749531256369949e+00
6.695080412498405353e-02
1.421619447611838449e+00
1.228154722706190416e+00
4.628861944234873294e-01
1.382749627782597024e+00
9.454256822390663118e-01
8.194917043305890436e-01
1.419975428410734208e+00
6.581893088236614453e-01
1.178097257676807841e+00
1.224953986942366679e+00
3.152971730499420921e-01
1.507852926360764290e+00
1.148003014889762863e+00
1.490305917331674057e-01
1.699710544103652410e+00
7.653100355772947117e-01
2.496930648956984244e-01
1.641981309166828495e+00
5.677960354649109753e-01
6.413848770515679920e-01
1.682616116996946465e+00
2.465119971776978114e-01
1.109083341515814336e+00
1.487253306802468700e+00
8.585324753584419599e-02
1.246191397724956129e+00
1.190096216980372601e+00
3.372172813751307952e-01
1.601515763002603343e+00
9.247474189626906371e-01
7.850066350159515816e-01
1.649776824435457590e+00
5.507271938443080161e-01
9.951089966875386050e-01
1.449778831937984735e+00
1.228803052840948470e-02
1.401275589155669632e+00
1.272327383467975359e+00
1.934435124905987957e-01
1.353388425952860352e+00
1.037037272203195304e+00
4.774523633683415702e-01
1.596601536579431935e+00
7.423944157867161664e-01
7.688871998521770168e-01
1.551181042219795581e+00
4.259676654678045127e-01
1.153521231512141476e+00
1.365330524376284549e+00
1.156072649391422930e-01
1.430774838115305814e+00
1.118521324819516716e+00
4.409618260523801569e-01
1.580593847801946783e+00
9.752093976971984990e-01
7.339598491692821414e-01
1.449344977500503617e+00
6.334375227139480424e-01
1.007002910486054059e+00
1.503025776076613695e+00
3.101590820460105591e-01
1.232872632545621183e+00
1.131189405770508305e+00
2.567567180033067387e-01
1.476363361193254953e+00
1.137200733582129919e+00
4.311210039555672946e-01
1.552644653825203003e+00
7.271239775411765249e-01
7.239753779141708812e-01
1.571730824254167658e+00
3.540011599350251781e-01
1.088279695220749854e+00
1.351146091361167478e+00
2.944250615307830721e-02
1.438504372014688615e+00
1.053829713903559506e+00
2.919189963081765815e-01
1.528587183808233663e+00
9.521397842992493921e-01
7.649135484516480510e-01
1.559022538568162863e+00
5.761065288494785497e-01
1.116296257974990658e+00
1.568892833304758927e+00
2.803818361328150321e-01
1.357364112466592942e+00
1.335772054917091278e+00
1.189564119336751075e-01
1.461116519234367583e+00
1.025786655589941310e+00
5.192195174069135222e-01
1.625382943810157244e+00
7.761444969042448072e-01
9.248163975039781493e-01
1.580659713351132201e+00
4.057032857409489934e-01
1.207379089461662947e+00
1.386783790146061346e+00
5.077884117918995271e-03
1.287922151325517461e+00
1.016598542050297649e+00
4.439779885791290681e-01
1.483959042478216972e+00
8.574083502251105271e-01
8.251072996610416821e-01
1.581461561840691532e+00
5.776235285814531606e-01
1.054235870888032389e+00
1.434368280555381236e+00
6.848430984255088338e-02
1.193970541923934148e+00
1.386555429698256514e+00
3.146231875494772123e-01
1.500314056276235597e+00
1.004152600199633039e+00
5.357706863770564931e-01
1.380639964388672647e+00
8.013804769901358149e-01
8.975556076978614684e-01
1.477305710506713998e+00
3.969833462624799969e-01
1.078835511419507620e+00
1.242776512923786658e+00
3.371316033968470294e-02
1.350346001718616629e+00
1.173728486429051809e+00
3.775543676215134536e-01
1.496183177844676138e+00
8.154437022550672376e-01
8.483983546113830210e-01
1.519424979005553178e+00
6.270431405702411309e-01
1.085699688069760249e+00
1.518807587019063154e+00
2.451750689692863139e-01
1.271437771461143784e+00
1.323939688064812659e+00
1.901120065598114472e-01
1.419721700864099878e+00
9.226104115406903450e-01
5.681768858167973724e-01
1.476157834435148475e+00
6.412900673936370310e-01
9.160726749082016562e-01
1.501041238274236411e+00
3.520925529648870622e-01
1.037320232880298398e+00
1.476986086021037314e+00
6.096840034501203875e-02
1.325821984623057004e+00
1.174776981204630921e+00
2.350702050875756732e-01
1.504556326691744550e+00
9.001336424885013621e-01
6.548176746936984483e-01
1.416811514034381769e+00
4.934392498495482893e-01
1.088189435595869226e+00
1.526102668442216759e+00
1.951896751550390441e-01
1.215178131928474681e+00
1.233750466341449581e+00
2.102275875668707383e-01
1.459462403937017649e+00
1.121344039634785128e+00
6.111383081463109823e-01
1.482629638277803030e+00
8.940711693739619159e-01
8.278999725558013889e-01
1.454097423359223651e+00
1.536400561588463776e-01
1.089083001095635606e+00
1.448743486108710066e+00
3.381748736873746441e-03
1.328928999977660119e+00
1.201204296734536214e+00
1.743298377821252965e-01
1.511957241594888313e+00
9.654550099978838062e-01
8.033582853856799932e-01
1.701663993030509081e+00
5.098083493933704968e-01
1.094330387785013681e+00
1.511030220016397196e+00
2.706379952357975127e-01
1.282313972233909416e+00
1.302118511080011976e+00
3.187770949287664357e-01
1.416222418526135396e+00
1.171935364997843010e+00
6.231688056969502121e-01
1.535510366647585334e+00
7.520300983121006588e-01
7.955731106575038014e-01
1.544228497740532058e+00
4.837533285986066467e-01
1.236441464624706166e+00
1.479314697328766748e+00
5.125493894913777521e-02
1.423310826925379358e+00
1.215576784010998335e+00
2.854921452972290496e-01
1.457669225965376736e+00
8.981992241553105050e-01
7.285585602689483853e-01
1.607711244346920365e+00
5.596339269473693534e-01
1.051063910184078187e+00
1.455977701025624516e+00
1.379526343491439544e-01
1.181793383520914009e+00
1.234279363721202172e+00
2.718266335846958315e-01
1.574621744212514107e+00
1.131246931877723849e+00
5.509307661443282322e-01
1.520531609813981166e+00
7.942054145923586050e-01
8.924372526117566595e-01
1.534691933670975894e+00
3.717869309853487070e-01
1.126247441249283998e+00
1.284453688815318184e+00
8.320349217897650765e-03
1.358807212021865052e+00
1.243710826547087978e+00
2.532175943887801650e-01
1.538111062058467260e+00
9.125330371769733162e-01
6.844607705482367299e-01
1.548205383869080576e+00
4.867410367396831083e-01
1.028127562353959634e+00
1.410315350027774306e+00
1.491253389974341592e-01
1.259715584834381508e+00
1.288162852857474006e+00
1.802682496938123324e-01
1.486708187336333475e+00
1.029703237829147966e+00
5.295461955738713922e-01
1.624110334346786866e+00
7.602472064565802823e-01
8.018771335683574364e-01
1.329624357255455136e+00
3.439667407228276241e-01
1.140897977995120938e+00
1.460362125626627261e+00
2.836054625616462460e-02
1.429360834806473690e+00
1.123539655912556112e+00
2.852896198114430737e-01
1.535173410551667006e+00
8.800477232159685803e-01
7.164061437442450497e-01
1.527070400231619995e+00
5.768290150893014001e-01
1.062085199715276707e+00
1.385123700349242037e+00
2.572137084254301209e-01
1.260243414077738766e+00
1.274068036333064979e+00
2.220446426200992918e-01
1.465007457439939653e+00
1.073273442246281961e+00
5.379588792159035737e-01
1.482570171580274376e+00
6.660202777673426278e-01
8.387019577720020713e-01
1.604810680608928397e+00
4.341328255778959533e-01
1.087367336817806063e+00
1.378443276052025990e+00
8.266357427808514180e-02
1.344533156571268817e+00
1.188311094984143779e+00
3.614035669750193525e-01
1.498671643418016730e+00
7.513028898210071249e-01
6.450865022549518990e-01
1.515412703381952442e+00
5.900825930966752120e-01
1.045822713484180877e+00
1.511554767391805720e+00
2.805905727788032822e-01
1.191380755190169172e+00
1.307080379571356588e+00
2.526184478841843051e-01
1.332010676087730605e+00
9.912903825320846796e-01
6.952078847865139632e-01
1.555946015358025791e+00
7.110595257982811335e-01
8.379009940113335553e-01
1.353495189118399722e+00
3.242493567004018917e-01
1.157706269254430653e+00
1.326150873728812130e+00
9.874862275786840116e-02
1.371184849978773324e+00
1.215416975891174145e+00
3.635984595692680621e-01
1.351623956418882555e+00
9.727514313470153606e-01
7.677666912128572330e-01
1.550700714046013395e+00
6.979704907248827084e-01
1.148737582220448417e+00
1.445768593407948499e+00
1.731968478764489006e-01
1.370008340229280641e+00
1.257054332300541200e+00
2.402518226686196634e-01
1.442429703198297997e+00
9.760005133987421644e-01
6.208145955860729925e-01
1.399948695834733359e+00
7.499159278714286891e-01
7.490150883278086091e-01
1.495931541424585731e+00
3.902203437621521442e-01
1.256212356042662792e+00
1.447115440996239677e+00
2.915641328830538385e-03
1.387175156282306920e+00
1.148253535667665304e+00
1.420797512485872938e-01
1.358791555912453930e+00
7.647401489112314321e-01
8.079243319530827749e-01
1.468520896900816108e+00
6.149555744481504105e-01
1.072908702049159446e+00
1.397465253632250715e+00
2.305067143252542139e-01
1.305035461912612993e+00
1.267400514897854436e+00
2.012408687683789887e-01
1.359245889499259174e+00
1.074122269215903147e+00
5.584833506046915641e-01
1.683948368390356221e+00
7.591556070114456878e-01
8.410651823685745265e-01
1.455685104642835626e+00
4.282775484592737381e-01
1.211915391902684158e+00
1.401369322444156573e+00
7.444720126813333949e-02
1.383512715192326548e+00
1.123652067213105621e+00
4.256366645701075702e-01
1.465898702403591658e+00
9.198158744626517835e-01
7.706339969553900326e-01
1.517516177189214499e+00
4.800665643079932710e-01
1.001441258340835860e+00
1.570971676745168244e+00
2.673674407264306496e-01
1.292645476672117599e+00
1.144543261500842846e+00
1.278582910295281427e-01
1.509171073303099853e+00
1.101987520256731967e+00
5.885220921038261110e-01
1.448559968191029279e+00
7.156173693544491954e-01
1.010643269541028566e+00
1.620588526253317729e+00
4.841555485370986900e-01
1.041584981543198785e+00
1.382989654504054755e+00
1.148460497892780235e-02
1.441307889114464835e+00
1.294677255566220486e+00
3.833755100685034556e-01
1.470145952161240777e+00
8.066287708587290828e-01
6.692717041857091376e-01
1.567893365600403932e+00
6.417795789748466095e-01
1.098969962642229570e+00
1.351478881855530112e+00
2.846683477688283226e-01
1.341251981442170393e+00
1.314610083526723594e+00
4.012853422531015291e-02
1.322963978233822502e+00
1.008793434465816485e+00
5.723595971697172935e-01
1.561567316638065916e+00
8.278124569015135048e-01
8.037792483605291638e-01
1.493479880164664264e+00
3.758027037596398667e-01
1.278505618268203303e+00
1.324146578651358208e+00
6.946868618140074336e-02
1.271216266634479508e+00
1.264865066517109726e+00
4.112433850073086705e-01
1.559259602506877229e+00
1.045646782408936826e+00
7.537579360000746798e-01
1.657851626130127043e+00
6.017048372431681447e-01
1.029433563441534139e+00
1.504342966285872496e+00
1.208826101929924707e-01
1.368811425355687339e+00
1.374528615308237223e+00
2.127635860086579400e-01
1.440858699391786901e+00
1.179321220321842389e+00
5.648449443674253834e-01
1.545600396225351947e+00
6.534063612642693197e-01
8.763543684820511714e-01
1.452188481986419699e+00
3.336320985016962837e-01
1.129914898198632445e+00
1.366357484273309941e+00
6.396611622917416917e-02
1.332789880803822991e+00
1.145338666066247679e+00
3.839129861339809491e-01
1.339399003153542989e+00
8.352240976830596075e-01
6.518466044675651494e-01
1.564284677596488038e+00
5.847990241972516046e-01
1.128891282561832243e+00
1.572895459171103960e+00
2.399000725656457444e-01
1.282348130541695941e+00
1.480040650711666572e+00
2.778741413484783207e-01
1.565399683467504577e+00
1.022832268267597655e+00
5.747683728628615318e-01
1.620455977005762938e+00
6.594496627149093460e-01
9.317472267935308361e-01
1.475314139507588829e+00
4.046606836291032905e-01
1.209729722632327586e+00
1.427202913543717422e+00
3.574823339554521195e-02
1.327177720675136730e+00
1.149359458898504105e+00
4.429496018020661618e-01
1.519420591234133200e+00
8.576167657085392859e-01
7.403248813572895770e-01
1.622956465190138475e+00
4.997183923529498473e-01
1.055510442622647593e+00
1.398606670922611261e+00
1.390452642523354876e-01
1.156930997359991276e+00
1.226533260984882689e+00
2.403096965928215034e-01
1.527554626633040202e+00
9.814530289846568056e-01
5.893180149814578606e-01
1.496851143384957172e+00
6.765061853151481674e-01
8.623420761801552370e-01
1.553827768014782285e+00
2.791176611051739975e-01
1.142584496302478714e+00
1.244085122857836012e+00
5.775502170247364536e-02
1.474030513522909036e+00
1.138259022725281566e+00
3.005064132262932342e-01
1.482843657966492090e+00
7.896956330755371400e-01
5.864230103454481924e-01
1.569817605349629552e+00
6.229650405416610193e-01
1.184798960811908941e+00
1.399039974664636699e+00
2.822872543778903176e-01
1.275940541421497487e+00
1.240830598761682113e+00
2.219713215902726355e-01
1.400195914826211085e+00
9.371651859783808325e-01
5.791476792037000276e-01
1.589106000633514926e+00
8.718095778597367840e-01
8.424665953219937498e-01
1.403777740722511158e+00
3.568230713953994271e-01
1.268123245166663526e+00
1.361749604238774669e+00
2.260013026907877788e-03
1.541443191980333083e+00
1.024434694303263171e+00
3.179437306717154410e-01
1.472888296843494205e+00
9.762094394494184035e-01
7.652055439501388445e-01
1.648318635936956600e+00
5.527399876692876690e-01
1.056355067554622940e+00
1.474401672712289280e+00
2.279694886819553512e-01
1.397651598704025888e+00
1.304308269953745603e+00
8.650951665974879190e-02
1.471462119394221668e+00
1.063121521336863884e+00
6.740165839306120343e-01
1.626416269306991902e+00
8.318883429077386094e-01
8.756582953429009608e-01
1.583984677029890431e+00
3.291854687758495879e-01
1.214298124639476173e+00
1.454182787059258519e+00
1.295636075490701200e-01
1.463720794377851631e+00
1.213562556674431470e+00
2.996701020429022866e-01
1.520925115677611572e+00
7.892481684243719542e-01
7.712074413121231542e-01
1.518738026235007643e+00
6.151435298401461971e-01
9.151519777420993318e-01
1.463373721948135753e+00
1.765505428864804771e-01
1.389682809527395202e+00
1.211973145212035030e+00
1.460648386276456878e-01
1.405555829943792467e+00
8.780041650526171360e-01
5.598631844144124070e-01
1.436957012548560453e+00
7.747335171816233101e-01
9.791257563797703956e-01
1.450595740897745900e+00
4.698728289218444543e-01
1.059565586930314884e+00
1.390558550330507792e+00
4.063076234498162742e-02
1.456770703170382708e+00
1.197715903527200476e+00
3.953862390930960036e-01
1.533893089887962802e+00
9.675722687711670877e-01
8.509240826670495528e-01
1.453121062796783658e+00
4.591658963259480086e-01
1.097230834763848417e+00
1.327870611221514174e+00
3.057318881802398858e-01
1.279292621154330289e+00
1.283789985356907914e+00
1.945919300078823300e-01
1.449310604641277367e+00
1.072617402816754106e+00
5.015064668056112840e-01
1.568753188581143654e+00
8.120355225232717133e-01
9.053198956944202846e-01
1.604945593511660995e+00
3.698971086429037602e-01
1.098742602034688209e+00
1.462943121055088946e+00
2.837760657660334113e-03
1.291990525749739049e+00
1.208339248361422591e+00
4.606402773272600948e-01
1.314671259075606669e+00
9.885827134352374035e-01
8.609403425353679973e-01
1.539484158406986714e+00
5.066312019178396131e-01
1.012349251928129412e+00
1.373626035945843205e+00
1.926993590894121033e-01
1.299150146824197716e+00
1.288612722627799911e+00
1.739531383256516239e-01
1.481241561880809021e+00
9.644773411766394133e-01
6.361276240035685925e-01
1.489608967475992252e+00
8.614337736501486154e-01
9.669254559376021518e-01
1.404520464889986275e+00
3.875444295155671681e-01
1.205594209201436451e+00
1.271625693722047368e+00
8.088047760914206241e-02
1.480716261655381727e+00
1.223295847409156423e+00
2.302962092923083737e-01
1.282734851604186765e+00
8.668670565436555897e-01
6.968138468785617379e-01
1.645844995580148407e+00
5.911833551227853034e-01
9.469924979389254815e-01
1.484801017851147265e+00
1.833119370170651352e-01
1.334871414142233315e+00
1.368785500712065728e+00
2.518657572314091930e-01
1.464383352191008569e+00
9.770364066110608370e-01
6.063908458445389504e-01
1.646448908125131894e+00
8.221902130035869671e-01
9.122198798909886275e-01
1.339733891473425142e+00
3.195767197055003339e-01
1.215131658551245053e+00
1.316990927435346848e+00
2.926076906758731319e-02
1.373292816670648397e+00
1.331396270303800922e+00
4.600983029161817006e-01
1.474319987636784290e+00
8.895226964255779079e-01
7.257529382834684295e-01
1.591250426561770182e+00
5.868222396373635741e-01
1.024504930049423557e+00
1.428757821881417645e+00
1.229507752671140097e-01
1.290079304766370560e+00
1.075229228065400111e+00
1.649177091023299180e-01
1.558097968496412244e+00
9.752597916732330674e-01
5.815021472922327073e-01
1.413868528125027613e+00
7.097338920117876038e-01
8.635808272916393191e-01
1.399452561493547798e+00
4.564265831364432424e-01
1.120609645573090729e+00
1.404227741998080425e+00
1.262049333725298594e-02
1.420484053532761415e+00
1.131271609601997685e+00
4.741406576213425539e-01
1.487323022484163593e+00
1.009801653428326729e+00
7.628735634068610771e-01
1.584999125011513188e+00
5.915694680879067802e-01
1.025049306479083322e+00
1.416067481653507709e+00
1.648907473970576965e-01
1.222863704788237360e+00
1.250797085664934416e+00
2.534453759235151815e-01
1.450674362749124757e+00
9.213261165560459043e-01
5.929062790770800451e-01
1.549989184717123880e+00
7.253542556212158043e-01
9.469390025438689795e-01
1.589828068505688918e+00
4.669204953284706305e-01
1.178869966347656950e+00
1.388280949725794633e+00
1.225999528119400966e-01
1.380477470727561551e+00
1.345210760735048972e+00
3.595577650993743157e-01
1.491695045673385511e+00
9.083776465709032522e-01
7.249215242870156173e-01
1.471650808607360306e+00
4.955376472312894021e-01
1.046280970989395209e+00
1.423248020337475106e+00
2.509378069254592503e-01
1.243182134129222405e+00
1.240835555518288835e+00
1.520218363380597959e-01
1.326408664836107754e+00
1.185285041499464898e+00
5.269863790267551584e-01
1.575486691931148542e+00
6.583957994888030019e-01
9.766862020939938160e-01
1.485184391739158061e+00
3.237229567973317068e-01
1.269894641739160335e+00
1.380336974861589905e+00
1.440048475677953993e-02
1.448986889961799696e+00
1.271327610367466665e+00
3.596108213139816434e-01
1.458507433097384620e+00
9.483065527308754961e-01
6.121062117043877260e-01
1.475128296532835614e+00
5.453782794383132959e-01
1.148461006011598950e+00
1.450480469863961730e+00
1.735903773216724566e-01
1.262588978438051734e+00
1.232736138326607778e+00
2.033475369608190864e-01
1.363496492654983960e+00
1.026944474571421795e+00
5.256085497492483105e-01
1.426886811358035745e+00
7.609984243281154859e-01
1.041915404304470272e+00
1.346355438782121050e+00
4.758244546579045720e-01
1.147488884191219860e+00
1.372321844066694885e+00
6.703461590443958451e-02
1.407130139094320942e+00
1.079867435242090279e+00
4.278363000402858329e-01
1.418906423645617032e+00
9.383311303813897108e-01
6.858886350057941117e-01
1.582920726032440717e+00
5.088826977327070011e-01
1.028644310302209153e+00
1.439082985054862762e+00
2.522310805868914207e-01
1.249266941391028896e+00
1.229334910014138860e+00
2.981633501487104820e-01
1.457940484828204264e+00
9.754787706167710182e-01
6.390824437883408926e-01
1.439226496906747199e+00
8.349049745966313774e-01
7.644827362890205258e-01
1.471494274387965540e+00
5.011593367654945119e-01
1.194297613263882951e+00
1.541115556256663410e+00
6.681989441897812076e-02
1.349198041791884073e+00
1.150157335008815007e+00
3.695576625082941935e-01
1.400919848986040384e+00
8.964379175195399396e-01
7.483618023312059719e-01
1.526656734740547527e+00
5.233503216219005383e-01
1.066183535338009580e+00
1.354976418710840402e+00
1.635231321492340018e-01
1.265655782514008232e+00
1.370084214024729796e+00
2.016553855730675304e-01
1.373887052197439340e+00
1.018404615850795336e+00
6.687384353572726203e-01
1.593388041674580036e+00
8.035075553633903578e-01
9.239783888804888878e-01
1.394555313322091594e+00
4.532212968212036563e-01
1.158048445061874432e+00
1.362046258997267500e+00
6.045677405370051410e-02
1.420141050211237932e+00
1.142271968503602242e+00
4.287281777081425882e-01
1.431527873246500882e+00
9.984954390146503211e-01
6.776891562090985310e-01
1.514138919622194823e+00
6.259964545995556628e-01
1.136273479939996944e+00
1.411417276257880049e+00
8.488529544170538010e-02
1.326266491028263772e+00
1.297534332418222691e+00
1.709149966271094612e-01
1.537652941991880295e+00
9.890000887416564579e-01
5.441666594651382027e-01
1.390464150308417413e+00
5.328803220738638213e-01
9.548908135208520331e-01
1.305357777471482184e+00
3.643860378286910562e-01
1.142950637248639767e+00
1.366629427715327916e+00
2.282015076106993362e-02
1.305330587827869371e+00
1.242584456096413437e+00
3.345950299223272029e-01
1.380778269263879032e+00
9.429022235735570190e-01
6.348583505083880141e-01
1.455217036371694528e+00
5.814452274116169717e-01
9.688035831287996613e-01
1.468631570223923877e+00
2.703064133525408530e-01
1.239208606169934113e+00
1.184049795459217291e+00
3.506973547541361591e-02
1.525607925984245439e+00
9.571473063543856075e-01
5.114191559857406144e-01
1.681123849291199512e+00
7.719015512085447561e-01
8.433223601776774769e-01
1.465836330681597799e+00
3.315302126142549710e-01
1.163957169846143946e+00
1.270770819899031512e+00
2.014410772463949215e-02
1.366251622134625476e+00
1.148398216246535153e+00
4.326771361060005594e-01
1.567988213087343929e+00
8.693283373719874474e-01
6.757996048794322475e-01
1.330670657367812870e+00
5.333926310978668317e-01
1.038214784223677967e+00
1.399072389923195603e+00
2.005927125940046574e-01
1.324201334508379180e+00
1.413717002929190336e+00
1.626979239866399585e-01
1.333521701069895427e+00
1.062924318932577661e+00
6.263674325031732826e-01
1.462565659973805721e+00
5.327231596932182622e-01
9.228213185595033341e-01
1.508810262761080878e+00
4.231890806396661486e-01
1.158950065399396934e+00
1.244989544816989424e+00
1.798983465866766385e-01
1.476682819193867680e+00
1.057542996921256861e+00
5.193554679855215683e-01
1.519011834077569789e+00
8.734509980281544017e-01
6.595667943679981438e-01
1.484074210051955722e+00
6.176396371508080518e-01
1.007470870259777218e+00
1.572873700244462603e+00
2.460106209098792962e-01
1.246727271365202006e+00
1.317481618074596739e+00
1.459887990701698446e-01
1.538855898965476809e+00
1.006207720233714964e+00
5.544638935008470160e-01
1.556910328923481579e+00
7.236171950358546434e-01
8.630252877771005249e-01
1.632391994400713475e+00
4.128901845091533240e-01
1.123743584238270365e+00
1.437901266424732594e+00
6.203693665038130522e-02
1.491164801447548482e+00
1.170135594708077376e+00
3.871266872821816918e-01
1.460485098590417197e+00
9.472552243789142956e-01
6.768620080683783735e-01
1.569944450490607490e+00
5.423586568577567490e-01
1.016310472987678182e+00
1.444917137067726953e+00
2.616998814509587379e-01
1.252390001351541438e+00
1.275217859497371764e+00
2.228022890739775885e-01
1.327565865290556424e+00
1.073055523970944281e+00
4.958970778357118525e-01
1.445935545742297546e+00
8.432774468188622974e-01
7.545930356900889535e-01
1.511789203576842100e+00
3.287126941975087591e-01
1.196517473269636200e+00
1.389350976416441785e+00
4.526831675264152838e-02
1.430002385308451807e+00
9.708743523405145570e-01
4.137291015866554900e-01
1.401992049262853701e+00
8.265875848770907197e-01
7.927423349593325508e-01
1.610910495417482213e+00
5.563894247117490144e-01
1.040996454976529817e+00
1.251382710207790350e+00
2.099447421989235063e-01
1.288318136495715915e+00
1.331062837258469189e+00
1.328296527736984867e-01
1.495145522919997916e+00
1.004294875264279074e+00
6.534502952224621186e-01
1.360233452302432644e+00
8.293850116793691774e-01
8.673762846632201429e-01
1.521312423277562553e+00
4.061575252147536230e-01
1.236335473379230887e+00
1.432291239071346700e+00
3.915894381819647052e-02
1.262702988969166995e+00
1.101193535411964408e+00
4.338011603572136110e-01
1.586685235672354199e+00
8.739495500967050523e-01
7.779124396255397977e-01
1.460232155800994969e+00
5.338179403875805695e-01
9.284675840163250093e-01
1.549807275736573731e+00
1.393595921353759370e-01
1.242827928375950686e+00
1.145463117302191858e+00
2.637221149342635629e-01
1.568949775249717682e+00
1.123518925887926567e+00
6.012732173955930293e-01
1.337654023243301182e+00
7.843453465900733779e-01
9.426422218601705483e-01
1.509162782862899288e+00
3.794025040319852771e-01
1.021602993488754052e+00
1.278785134842988391e+00
6.501745704147211813e-02
1.322209858940249561e+00
1.167826322330512312e+00
2.992339324057954886e-01
1.451950455383392402e+00
8.968444376617590308e-01
6.848526730975069698e-01
1.537065335122898002e+00
5.008837478777758978e-01
1.027148081485811604e+00
1.465039586361366997e+00
3.008789861706193669e-01
1.321149211456328798e+00
1.361218614109199088e+00
7.388286205873137447e-02
1.328063264668067900e+00
1.222922712482091168e+00
5.251012600066873315e-01
1.409088485196335672e+00
7.184587278941887423e-01
8.006185732745328965e-01
1.452697779316559634e+00
3.207805678693325113e-01
1.249767069239072770e+00
1.502453985310455931e+00
1.196678630827438389e-01
1.372199871054383236e+00
1.175238262334013628e+00
3.152582310025890400e-01
1.356759955371249271e+00
1.068748512950251195e+00
8.218494565356501136e-01
1.561271017168233577e+00
5.374054748063930020e-01
1.007892614882165638e+00
1.370051820542464549e+00
2.488248726466555649e-01
1.162190352980398522e+00
1.347195978491366519e+00
1.773318497622056178e-01
1.461029618083373283e+00
1.067453562848822202e+00
6.134011585082503881e-01
1.395312661177861235e+00
7.007969734379326798e-01
8.359304982686460717e-01
1.538077752897016648e+00
3.509754969638880229e-01
1.133663696732766235e+00
1.303190374155427156e+00
2.458598727905073750e-02
1.317501197610802199e+00
1.337010096729166930e+00
2.621039549492222842e-01
1.435533629095353980e+00
7.121448665764975594e-01
6.781540526081366593e-01
1.475352252642193607e+00
4.569286363254803085e-01
1.019057048045366010e+00
1.329112161168051198e+00
1.123223120594242647e-01
1.381181822853523977e+00
1.266824578808009472e+00
2.009078357339466880e-01
1.280020436752980606e+00
1.086005376972993153e+00
5.908539835242754279e-01
1.479967210159139901e+00
8.115348964087149009e-01
8.214988798114616353e-01
1.491720331916681408e+00
3.763756991924105955e-01
1.140484097081836845e+00
1.323259318380135774e+00
1.677222507757332795e-02
1.319712458604295424e+00
1.144796594194729122e+00
3.596728627843266968e-01
1.393237346029472690e+00
1.105835501242347529e+00
7.540493467176864195e-01
1.457586363037582489e+00
4.250264298521758133e-01
1.057090144924104802e+00
1.419687880446746986e+00
9.189038507469211858e-02
1.279536260037118289e+00
1.243046440278493092e+00
8.377590860966091513e-02
1.329136545259959501e+00
9.394701459569159141e-01
5.582949134796029167e-01
1.544525500572393018e+00
7.501398685257769650e-01
9.337061831622760488e-01
1.593373288298531865e+00
4.829375650665788666e-01
1.164500618221531836e+00
1.372773989676991935e+00
1.670821607733564695e-01
1.455612899685805761e+00
1.214389646584445037e+00
5.322572079578272719e-01
1.289125008103054304e+00
9.341330440654056488e-01
7.092039632915176917e-01
1.379285570902951896e+00
4.630695544417686160e-01
1.002444264958947340e+00
1.499943336109184067e+00
1.278038605575966269e-01
1.250338810601577588e+00
1.246802815935517561e+00
1.711782330958176723e-01
1.337270828103721110e+00
8.922926143632544660e-01
5.222249057334159561e-01
1.530956660498040245e+00
6.974010065655953383e-01
8.821337789523870931e-01
1.459703890373617918e+00
4.834546333133721285e-01
9.336867585272340397e-01
1.318131517444831147e+00
3.907279851883248972e-02
1.325527236213537519e+00
1.206121514603593292e+00
3.340622201387123957e-01
1.379600218227287733e+00
9.489603498543734972e-01
8.020443846623787065e-01
1.563427593832181550e+00
7.104716313347984036e-01
1.043161267542319859e+00
1.419953756439438219e+00
2.108794684856128698e-01
1.248064863466970653e+00
1.243772157473149287e+00
1.806373102522512986e-01
1.497851205988322665e+00
1.058610748117200684e+00
4.061393451514290764e-01
1.393566505187224802e+00
6.662791486455698076e-01
9.753510073694837690e-01
1.573761783060771302e+00
3.690663622579745673e-01
1.183180648114159794e+00
1.401091206021413793e+00
1.703098451427444843e-02
1.310593953032397341e+00
1.215184921805054552e+00
3.036866707079613481e-01
1.549767624419395196e+00
7.954980943244799318e-01
6.486956110593444791e-01
1.596746338840707269e+00
5.329079146487767371e-01
8.746344800166893085e-01
1.452731310098505535e+00
1.357844774513080610e-01
1.282330115276178351e+00
1.264813840656078714e+00
3.466114249979590500e-01
1.412868815386905119e+00
9.650444672118076994e-01
4.641419497495350432e-01
1.413949472856940393e+00
6.114407034173198197e-01
9.095703181546878069e-01
1.407338555254902035e+00
2.674024919471765238e-01
1.282759760552410366e+00
1.400016791374542491e+00
2.615085634394320388e-02
1.295418164394916749e+00
1.250266163094597704e+00
3.977570507232960906e-01
1.429867654874617644e+00
8.633310168146914876e-01
9.086645388977527826e-01
1.500742872130534478e+00
6.848490076037265784e-01
1.003527300966029268e+00
1.394425215059212242e+00
1.872368115340943273e-01
1.371077332590406428e+00
1.341774780648253174e+00
1.342271854723425528e-01
1.386038782851599427e+00
1.079853044934288242e+00
5.460224211006847739e-01
1.518085645473224110e+00
7.806811486923342924e-01
7.467882522212080376e-01
1.416849464094672273e+00
3.224479824779455939e-01
1.185960121217529251e+00
1.374981154935456917e+00
7.734946951480207999e-02
1.525690255427327724e+00
1.147502741015249628e+00
4.276289336610561986e-01
1.414953771945091532e+00
9.597903795283632133e-01
7.787680814451451994e-01
1.416029821482419848e+00
5.593051992649936688e-01
1.063978040430268557e+00
1.614444728222625969e+00
1.569185673842400930e-01
1.443663782962019804e+00
1.217949794554803900e+00
2.755773773494900603e-01
1.410142128639782166e+00
1.055271788322156290e+00
6.911092311383342235e-01
1.416995888427484473e+00
7.728464466385863707e-01
1.012475781720417078e+00
1.441133035921633221e+00
4.856096146648665735e-01
1.168464976111561748e+00
1.448349431349843064e+00
4.718774605120042848e-03
1.392654585770376263e+00
1.089116910750780098e+00
3.973605973469718222e-01
1.508913893569972631e+00
9.427232170248646126e-01
7.861254609255251546e-01
1.651991896919945635e+00
5.665781690302967855e-01
1.015253419952799829e+00
1.415747490171091583e+00
7.927480300910624833e-02
1.320164358881693811e+00
1.150477091072655611e+00
2.915338612370497740e-01
1.438459082052668148e+00
1.132033731350134298e+00
6.107261623592615818e-01
1.507586473658633741e+00
6.408594453012592673e-01
8.138866333862466718e-01
1.450966680467702608e+00
4.331038532948587871e-01
1.160041262812972152e+00
1.495822591268143320e+00
6.679922295325335657e-02
1.384620480754223504e+00
1.156673929077473906e+00
5.123031821737425995e-01
1.457889564321284137e+00
8.938985570317961038e-01
5.811063874708726207e-01
1.612592970584939556e+00
5.402159807101725164e-01
9.911714399205622250e-01
1.399168624963683438e+00
1.152098919624150175e-01
1.243496649032256984e+00
1.215014203208304444e+00
1.686493435919059480e-01
1.406578877809676387e+00
1.021112433184280022e+00
5.395827743397935139e-01
1.341884917439053693e+00
7.213432273691219310e-01
8.133292439602849422e-01
1.445369761028683309e+00
4.685201872015083979e-01
1.160835608206380432e+00
1.321508994383505220e+00
7.585492070750425586e-02
1.485248164526130621e+00
1.095602216324226941e+00
3.262001011251698390e-01
1.457253081691839425e+00
9.120883561386842198e-01
6.788664438474973917e-01
1.438153725935005234e+00
6.714977722022060780e-01
1.007593815977580354e+00
1.548054460225276818e+00
3.506435929136216822e-01
1.412755884494897085e+00
1.219348422917317487e+00
1.878338469278827139e-01
1.393195916650680655e+00
9.107567303857447838e-01
5.788457918193020690e-01
1.543844532704481631e+00
8.654990291799027347e-01
7.615941559242551673e-01
1.383041987605352574e+00
4.327875323820111753e-01
1.195305732020474743e+00
1.416181567046543632e+00
7.448458619364370370e-02
1.417725388635890260e+00
1.150669682008961248e+00
4.903972600324290054e-01
1.475949504135370516e+00
8.838725960865910780e-01
7.099055096920864338e-01
1.505290992863224764e+00
5.498917827382421297e-01
9.375030601700589106e-01
1.557279059340966443e+00
2.556550412246904047e-01
1.184181273375461307e+00
1.278453700617804056e+00
3.069891742499540610e-02
1.406416181817294220e+00
1.074694789079771340e+00
4.940270903041359407e-01
1.465446039560722058e+00
7.495759284118368448e-01
8.464034688674231255e-01
1.579612065930718678e+00
3.462370647761379150e-01
1.204988474656978337e+00
1.441670694635013739e+00
9.481512469140615518e-02
1.371201266144528752e+00
1.145374434054987400e+00
4.396685984075388576e-01
1.506438116054235277e+00
9.240011311607529976e-01
7.580735038881983856e-01
1.544221376397402423e+00
6.381056652255653328e-01
1.047982333200021765e+00
1.390018015524996819e+00
2.789588462613857844e-01
1.414020971251737979e+00
1.239495106838700123e+00
2.820719245817516763e-01
1.385554583422223596e+00
1.013689873460458468e+00
6.471739937538459886e-01
1.463675444007519477e+00
6.671835558609089389e-01
8.587385349269650581e-01
1.601090784117300769e+00
4.354186635023492014e-01
1.213024078574292286e+00
1.430541735093096900e+00
3.834554787862719943e-03
1.249179045201232130e+00
1.215921964478360540e+00
3.791944895967630513e-01
1.572646766370574767e+00
9.230514222166051885e-01
6.732514350712696105e-01
1.560748140469282008e+00
5.628815065754813052e-01
1.087568771532497758e+00
1.485580845491356383e+00
9.562458528161998927e-02
1.262091468989207321e+00
1.235986870355696876e+00
2.177750062819395482e-01
1.417480972309890230e+00
1.045454644673859068e+00
4.885116557504871615e-01
1.528548713440007312e+00
6.163407728280835274e-01
7.988934836562292530e-01
1.392464912025618951e+00
6.200483922107630219e-01
1.087524111507360391e+00
1.258885213409104642e+00
2.976835916305275304e-02
1.371300678633522896e+00
1.032401336124381785e+00
4.005495888949617278e-01
1.451156156136442554e+00
8.888349858430892869e-01
6.965879350360770772e-01
1.535256212637812645e+00
6.351315518647138170e-01
1.000062933291318901e+00
1.651406625185495081e+00
1.617576227213343709e-01
1.106730820110701119e+00
1.295799332906615975e+00
9.988410298494396211e-02
1.372547631701301230e+00
1.060452602472383044e+00
5.136937880663654532e-01
1.457146867390454403e+00
7.708364874720178284e-01
6.630048700486603774e-01
1.467154431196560527e+00
5.029065947387878488e-01
1.134892329863412153e+00
1.345471838090083194e+00
5.917973323810044040e-02
1.412284560489091456e+00
1.194812166334694226e+00
2.711651673260980777e-01
1.552362598678148853e+00
6.959713482875237167e-01
6.235827969950367144e-01
1.424163811600899887e+00
6.775462348204223106e-01
9.336829562753174994e-01
1.347639210365069840e+00
1.938195099305972668e-01
1.189465664348115626e+00
1.385726251638963236e+00
2.046414585520617835e-01
1.488954942526975689e+00
9.772349112521129255e-01
4.625689204503196095e-01
1.341558226593632108e+00
7.795072947731397361e-01
8.834391892905657517e-01
1.578905450129546750e+00
3.330169842611928055e-01
1.184435297287527833e+00
1.313408683476156691e+00
