# {'window': 13, 'contam': 0.928189467100843, 'q': 0.0011235709734282026, 'thres': 1.75793339592557}
2.409878172498714222e-01
1.108418426464754081e+00
1.502721411986445599e+00
1.396503031907110559e+00
8.783146253570673911e-01
1.480954928092031997e-02
9.347870190188241057e-01
1.377364294003603939e+00
1.555981551852606337e+00
1.378111600799859282e+00
4.909298741687733170e-01
4.527715597256595226e-01
1.231305764680127091e+00
1.562745342114651548e+00
1.479076133114374247e+00
7.904266462256488435e-01
6.533064073059821619e-02
8.389477093588710854e-01
1.427835329389034680e+00
1.429714034622562746e+00
1.269362931575917619e+00
3.304611733383766570e-01
5.277532490035519164e-01
1.116067745502915320e+00
1.386057016729323799e+00
1.486698849929523503e+00
7.442148304103319845e-01
5.937675593784556838e-02
8.090504681799464137e-01
1.461679030612165420e+00
1.366808384766258877e+00
1.054073544351543879e+00
2.690005878771699610e-01
5.364508931944171888e-01
1.241024173792295349e+00
1.478543620012914062e+00
1.409768724395103145e+00
5.657983126249320760e-01
2.540387501583740160e-01
9.759111718762850662e-01
1.436942457426477526e+00
1.551722703728943609e+00
1.145551678800565965e+00
2.496481444526024163e-01
7.170914474546236095e-01
1.332252320870665141e+00
1.435063491891003684e+00
1.381756306458696848e+00
5.145499389464774920e-01
2.208035495372095980e-01
1.083056771311149191e+00
1.592587089342390350e+00
1.487284167498575727e+00
9.230662614627438423e-01
3.174998223042704293e-01
8.292040415534029929e-01
1.254089366858043508e+00
1.522214020732444606e+00
1.415690239130048544e+00
4.682249820293104547e-01
3.515885560717130209e-01
1.032083179391213967e+00
1.419268050642054746e+00
1.756159006259641719e+00
9.988769412685203353e-01
5.375829659016786305e-02
8.517026797528681747e-01
1.309694227114909904e+00
1.446819495537806866e+00
1.231987812947316741e+00
5.849794906129192062e-01
2.778567780782092989e-01
1.158586152028791894e+00
1.587561242692577146e+00
1.487332899570490197e+00
8.538936567658597099e-01
4.192440463574556575e-02
8.471527008732883113e-01
1.246803315432519987e+00
1.550519223869566421e+00
1.135913890934808101e+00
5.243084390783602222e-01
2.918959740711762341e-01
1.249440724739713904e+00
1.611548211733670355e+00
1.355212417343898412e+00
7.252254779409639251e-01
5.863892235864037739e-02
9.639292983767031586e-01
1.439438763088862760e+00
1.448413202408508571e+00
9.819536895023136536e-01
2.855724529839623327e-01
6.378445147369788959e-01
1.157000582030477398e+00
1.508612508015958698e+00
1.286597815649799026e+00
8.161939132395440444e-01
1.212554948604757515e-01
1.072060461862158087e+00
1.589048937814579787e+00
1.411545698116193126e+00
1.000644832285120023e+00
2.975938667169192864e-01
7.016608081239874561e-01
1.364133332235689444e+00
1.497927322964220709e+00
1.137627477015988653e+00
6.781286523683065504e-01
3.969227333382783773e-01
1.015009055506096436e+00
1.574034991109600989e+00
1.453622713539999722e+00
9.987314008497635287e-01
1.199964876644522144e-01
7.060923707354860301e-01
1.271132000391324013e+00
1.596244382336273526e+00
1.279007175009874153e+00
5.123930691082920763e-01
3.016207134013312863e-01
1.009350812738717629e+00
1.598439361138005221e+00
1.489505826237867758e+00
9.742340413784920106e-01
1.289844329715381099e-01
8.307638214030513835e-01
1.280191700332072635e+00
1.678727428862172077e+00
1.228176892264590592e+00
3.975656490013826927e-01
3.031217374826385424e-01
1.226799874276464308e+00
1.506959259874705692e+00
1.448042505802310531e+00
7.758245122413531814e-01
5.164314835398820663e-02
8.635266472338103405e-01
1.420463621434503665e+00
1.542994419295391495e+00
1.217043736590211589e+00
3.716510143591915671e-01
4.261456507419226214e-01
1.295863044220158411e+00
1.698197677924772053e+00
1.519983576475701481e+00
7.691230345670959645e-01
1.026756651612791837e-01
7.945183583705063279e-01
1.520766220076644304e+00
1.485322346556913420e+00
1.084227210552732190e+00
2.585567310059375679e-01
6.234113528792669667e-01
1.193027480489861958e+00
1.590703777001209795e+00
1.440940287897668481e+00
7.974668989414860354e-01
1.673550423538481824e-01
9.743449698577580920e-01
1.483850678447973692e+00
1.539868864481672484e+00
1.129380309664563375e+00
2.699983210342031814e-01
7.942153751346391344e-01
1.319291455845051253e+00
1.652733847247222387e+00
1.314975717745397787e+00
7.096076965859970942e-01
2.338149913795436463e-01
1.258728472839572676e+00
1.555332738307308782e+00
1.511217499497024885e+00
7.806214282276386918e-01
1.349439125646433868e-01
8.773498488464523959e-01
1.496684182156126974e+00
1.691031729108024795e+00
1.340769533173609807e+00
5.673348733565295454e-01
4.460053001472656931e-01
1.121067451479708099e+00
1.546875870275987053e+00
1.524202147825140630e+00
8.690577550097173809e-01
1.333879932842758909e-01
7.733287880714856399e-01
1.501568793795127865e+00
1.459854344791218894e+00
1.193908450460033244e+00
6.745225370753338279e-01
3.135474133920181927e-01
1.294373944563109280e+00
1.584593541464581978e+00
1.339232848816703569e+00
8.829018402764842177e-01
1.495451922924089655e-02
8.514234449649512593e-01
1.535879566355848436e+00
1.522793277869914697e+00
1.156824758933517439e+00
2.889849109361705137e-01
6.052724100788555717e-01
1.182645662966877786e+00
1.566424823475268235e+00
1.407834192261592010e+00
8.087972296062906352e-01
1.319374766638038432e-01
8.595680264125740155e-01
1.494262917094150822e+00
1.469462609239861939e+00
1.019441852145586580e+00
2.635771733490824276e-01
6.426906056283437918e-01
1.259422538710332162e+00
1.653302073453731591e+00
1.169756155843115319e+00
9.534859613986326199e-01
1.981814941279596565e-01
1.187324130315545956e+00
1.534484491764878555e+00
1.586542182326446282e+00
1.008066339859315264e+00
2.690030465596963127e-01
6.665033759183563999e-01
1.353097201695073526e+00
1.599647772114980659e+00
1.165504509988537274e+00
6.663460513970284049e-01
2.784081750653217835e-01
1.131970788246442261e+00
1.480739811312046905e+00
1.491181535099622257e+00
1.042588070438065229e+00
1.789191008261025728e-01
7.928487927959630976e-01
1.426634980597828450e+00
1.358128526513034728e+00
1.339384151422686520e+00
5.039358344561318814e-01
3.911658632331238006e-01
1.115356896231353589e+00
1.534796287738283693e+00
1.517578319572980616e+00
8.418650606471219655e-01
2.946099904955569448e-02
6.505013156923330486e-01
1.389868174638192455e+00
1.410295931044779572e+00
1.258580865657678460e+00
4.150142008031088015e-01
4.361833660165493898e-01
1.188806858489531271e+00
1.511337295008540194e+00
1.365519554855813222e+00
9.238762376045609459e-01
8.424795568382745237e-02
8.504737605933238020e-01
1.393251654116913985e+00
1.682126889277729465e+00
1.230913201050443551e+00
3.749600067569144879e-01
5.691949702788944299e-01
1.119096223519935540e+00
1.633099405357363310e+00
1.462173534371971950e+00
7.742732526496027834e-01
1.706458898345344088e-01
7.553373097315613238e-01
1.474908782934390317e+00
1.688324289108748211e+00
1.061675308729788325e+00
2.843233327890682394e-01
4.724207059689572996e-01
1.257525966392781136e+00
1.616463409706157650e+00
1.386159486438121702e+00
8.947034029135940703e-01
2.742424368078869024e-01
9.621577754480965528e-01
1.482739453934905471e+00
1.407602969250021596e+00
1.126618776040259062e+00
3.705615257292318443e-01
6.129179258956519716e-01
1.346872021362544913e+00
1.501234627872608307e+00
1.363597847935893670e+00
7.234986462727195367e-01
2.921743337684778452e-01
9.745371875429179598e-01
1.589999115216157000e+00
1.364748851919777017e+00
9.233191914845017001e-01
9.445276043320421921e-02
7.231251233327877781e-01
1.458355912381573249e+00
1.532874705434748908e+00
1.237524541435682801e+00
5.543346195216152239e-01
4.239681041847193077e-01
1.040251639039552423e+00
1.579153217617749849e+00
1.313458577752205647e+00
7.638667367798345209e-01
2.571343850802747244e-02
8.013736269844350391e-01
1.454998449106422509e+00
1.514448951820062561e+00
1.194225860787036408e+00
5.014720072879592649e-01
4.667438791231335871e-01
1.205103129999529399e+00
1.649129860022036764e+00
1.410795879608912839e+00
9.638444366314919964e-01
5.095231944935946222e-02
9.886797489762179092e-01
1.461900563843130607e+00
1.661255650042494203e+00
1.113910387865154172e+00
3.165923329892336158e-01
5.514493350379289227e-01
1.242096820818803682e+00
1.638118440228895967e+00
1.464849018219345878e+00
6.665635633018608397e-01
1.963249197776037736e-01
1.102500870879938200e+00
1.463997949599382675e+00
1.475712514271968256e+00
1.042384479485491511e+00
2.656106062297927117e-01
6.213156873901225508e-01
1.383109226755975252e+00
1.643659540635564964e+00
1.458475447734291164e+00
7.994147019319761682e-01
2.291195568736694721e-01
9.752208570618492445e-01
1.642358293802891334e+00
1.570395352301079850e+00
1.056297504266485054e+00
2.673261308497602573e-01
7.225198615964641968e-01
1.340938974907465164e+00
1.375073958491053183e+00
1.288883029479543252e+00
6.566857823391429871e-01
2.686736069639499291e-01
1.112814912719639615e+00
1.507801866916346656e+00
1.453424602374728591e+00
1.001046851542927829e+00
1.028947630383560408e-01
6.651829341308583832e-01
1.295738119547867884e+00
1.424029542095381906e+00
1.280434707930347304e+00
4.657261784070471644e-01
2.287805995827912608e-01
1.198181942257068755e+00
1.744047130700073112e+00
1.505786721283524532e+00
8.138395180232514958e-01
7.308892761651163139e-02
7.718941053583810996e-01
1.481310954226904286e+00
1.651290671447769531e+00
1.174227933026923409e+00
5.033999329855134430e-01
4.095214311436808918e-01
1.148552577334982949e+00
1.505228259223659215e+00
1.428058084866423716e+00
6.287891617113285925e-01
1.645907234022742638e-01
8.648424816967561490e-01
1.450017745229881028e+00
1.516520343950840788e+00
1.088668478555057106e+00
2.566931072235328903e-01
4.582721670124919044e-01
1.213789294388682549e+00
1.445937758467636280e+00
1.373654152096859482e+00
7.783216853740476671e-01
3.129603829571992457e-01
1.064800663783660450e+00
1.622546179114035203e+00
1.560293239266048904e+00
1.118569081791503939e+00
2.463222249445838341e-01
6.071637986106774854e-01
1.361880248141972061e+00
1.577492329965658024e+00
1.423420950588135891e+00
6.649962117682142182e-01
1.414585628209173995e-01
8.246560428191144210e-01
1.540423713912061343e+00
1.470602929721562813e+00
9.455273666782488817e-01
2.278067502171073067e-01
5.949010158968874862e-01
1.294191123449537795e+00
1.429652400663747436e+00
1.185813023527803933e+00
5.935279463526457189e-01
2.444561906944168750e-01
1.212939238880557546e+00
1.643851162443145775e+00
1.421413955540092644e+00
1.046007460152597046e+00
9.334471534433967654e-02
8.762222718180084913e-01
1.493184806306512069e+00
1.510737751494790837e+00
1.228623018340927020e+00
4.885978200594139897e-01
2.421843708054352562e-01
1.052184602053073847e+00
1.599063117989379723e+00
1.341128530197609026e+00
9.625034759920229055e-01
9.784691807805478980e-02
8.024871837309892619e-01
1.406441910858359456e+00
1.567865819978852659e+00
1.043739925034532057e+00
2.599875005108466253e-01
4.990861187224803763e-01
1.171723314886702338e+00
1.490801146383216924e+00
1.370229161938818496e+00
7.622749689597702050e-01
6.618121764280494868e-02
9.078862885845436770e-01
1.417659445577643673e+00
1.658744109101633502e+00
1.060833739858445979e+00
1.462108370534390689e-01
5.088111605711981289e-01
1.198530596660561942e+00
1.605208188615084186e+00
1.531240158700583276e+00
6.285646400451536664e-01
1.460676811401634412e-03
1.030145794340519672e+00
1.496780976080378300e+00
1.501886171994672337e+00
1.187752797625717616e+00
2.210470979670617064e-01
5.975205170505198948e-01
1.325707554508420261e+00
1.563038025328060687e+00
1.330353827633600883e+00
5.954570870924786874e-01
4.800001694359031235e-01
1.001787758074178303e+00
1.538864612028158607e+00
1.449198657143748292e+00
9.641366106815256742e-01
2.117018974921497931e-01
7.256523811190411788e-01
1.288502041021702071e+00
1.571165140747035949e+00
1.312988581454039183e+00
5.686280035910000752e-01
3.202924096384780484e-01
1.092925823850981137e+00
1.658901187461259807e+00
1.572777816612745294e+00
1.078578555894146529e+00
1.801145269508849095e-02
6.830710292595351119e-01
1.384127987271745797e+00
1.661222308276318449e+00
1.345384182475242607e+00
4.460700881393608874e-01
4.191116049484258088e-01
1.171719378145519741e+00
1.585022217571347980e+00
1.476937071053897377e+00
9.958522495425767840e-01
7.783921702442792023e-02
6.458212717998975672e-01
1.375809510496653010e+00
1.532224532105060266e+00
1.284131907625765789e+00
3.639704539174801745e-01
6.077763390111272646e-01
1.311097506656489609e+00
1.517873152586317165e+00
1.411725066016736196e+00
8.362672311944236991e-01
1.453906633072460375e-02
9.760347377494181798e-01
1.504284485859135323e+00
1.444984612074625696e+00
1.155152092134079211e+00
2.466481101007065857e-01
5.176014495101528556e-01
1.228908236627509254e+00
1.550084716472595936e+00
1.291714717359580655e+00
7.279376523628130480e-01
5.484659057317072678e-02
9.137730550789829875e-01
1.536028617418838671e+00
1.416085377378373922e+00
1.062002602652327488e+00
3.076966140689149642e-01
6.609425569662266131e-01
1.335351465520042913e+00
1.703455808364931379e+00
1.250865163810555014e+00
6.068693208819898599e-01
1.533828551816791008e-01
1.116680538347755602e+00
1.501182450787192924e+00
1.389228502204030269e+00
9.919051273407101244e-01
2.222179309741928177e-01
6.168548715938473315e-01
1.287919365105331782e+00
1.605326694287254163e+00
1.448475695694884768e+00
6.090969632781554344e-01
2.954533052251964165e-01
9.887568325738164132e-01
1.399996823041278482e+00
1.419746994203929802e+00
1.019179781534877316e+00
2.037310236059472757e-01
8.262581568640633423e-01
1.493827759446745507e+00
1.531672456575586594e+00
1.259089464378683187e+00
4.764016746322660145e-01
2.437698950264042264e-01
1.135559441270681535e+00
1.572885050133514095e+00
1.574657634392093053e+00
8.023706035181907836e-01
4.825965304498974762e-02
8.512590456592239452e-01
1.609426119282877377e+00
1.697249013048060862e+00
1.221165161889794071e+00
5.677737788321512991e-01
5.073774717993198013e-01
1.263558072232645380e+00
1.543513303528186942e+00
1.427241321373194038e+00
5.960181474662010759e-01
3.678842031860588002e-02
1.022051779377595615e+00
1.458354741673524524e+00
1.539945194151606911e+00
1.219735827358751745e+00
3.947262497017381966e-01
4.596895189178842323e-01
1.175368463943282205e+00
1.544709864417244560e+00
1.399431535329473952e+00
5.887486553246805698e-01
2.205644294104365244e-01
1.019334222689047387e+00
1.572504789942675396e+00
1.571211710782673743e+00
9.284885413984828029e-01
1.584103354187578472e-01
5.266640514344078650e-01
1.324299683356364055e+00
1.613374382725700773e+00
1.277310658642598185e+00
7.907431572147947119e-01
1.554901770820585616e-01
1.081568139706344578e+00
1.550302991727620761e+00
1.388972745514606144e+00
1.056215416341365954e+00
1.835532509255299594e-01
8.187169080212060024e-01
1.354126157393833463e+00
1.658742414201403115e+00
1.357236298948839570e+00
5.437585089252580106e-01
4.360965622888827720e-01
9.578493092162840838e-01
1.603041728541067856e+00
1.298731762221244201e+00
7.727446089207786750e-01
5.477023856174725869e-02
7.837026160267338559e-01
1.347145595532129203e+00
1.619268753736643696e+00
1.121080229073805778e+00
6.878234197297424801e-01
4.098562520828158973e-01
1.184027816374542574e+00
1.429107987935768431e+00
1.430605776963976394e+00
7.634273548869108250e-01
1.272577043690848453e-01
9.124471515764419616e-01
1.342882069985289695e+00
1.593467074984705301e+00
1.232452836916416716e+00
5.209476822914667071e-01
4.851149382967291368e-01
1.154440357779783488e+00
1.548868713962714416e+00
1.500796085712929440e+00
8.020074434595918511e-01
1.322921008908435336e-01
9.168247859485174622e-01
1.414642184282856041e+00
1.569636628597343986e+00
1.125089010559861435e+00
4.172322414202027652e-01
6.371790471944012157e-01
1.429985687505818559e+00
1.523784113473537705e+00
1.415256928143040716e+00
8.141374555780777067e-01
1.847867962330436709e-01
8.825890328615844105e-01
1.528479026049818668e+00
1.648462631038200010e+00
1.051830808868288836e+00
3.710456817746994873e-01
6.249633962775403839e-01
1.366048446310171638e+00
1.517911288270461290e+00
1.448591860819098187e+00
5.958789245326416850e-01
9.123081978296949945e-02
1.035917295589509735e+00
1.515159788778114525e+00
1.531453680374964321e+00
1.092292444798803830e+00
2.351328293493447075e-01
6.802728362374481641e-01
1.188935990699872658e+00
1.554682725746094452e+00
1.430627409254739746e+00
5.609396123178934657e-01
3.455066569199683468e-01
1.107920676709403862e+00
1.526380205747250418e+00
1.456256884070013635e+00
9.748589308509825191e-01
1.866123210595183324e-01
1.009467533293838981e+00
9.530800803486481065e-01
1.170598000415634443e+00
1.296862209281326006e+00
1.407312657185237237e+00
1.483643741034319063e+00
1.517404388112250979e+00
1.492028668826657301e+00
1.319406960154908326e+00
1.562831441622604345e+00
1.491948208512312579e+00
1.526672931956478685e+00
1.415065671964952365e+00
1.556166167330114147e+00
1.629069482269298597e+00
1.606598518832414557e+00
1.700860343895285620e+00
1.481767003359162338e+00
1.358598152573029960e+00
1.499807246568482189e+00
1.476528703582435931e+00
1.465597173007351595e+00
1.367278038070464996e+00
1.367698862412592087e+00
1.271148021332487277e+00
1.164717669539402589e+00
1.195369500644315686e+00
1.152525210986564908e+00
1.031528718333802219e+00
8.451311216485029032e-01
6.652474031539327148e-01
6.056842178761274731e-01
5.700565677325603042e-01
4.148988510981718170e-01
4.613865313933714907e-01
3.295864805011544107e-01
1.789313639870726280e-01
5.190703144065277053e-02
7.564883055676581425e-02
2.287357543539615401e-01
2.584905726457087938e-01
3.268333478386595825e-01
4.157296383362389380e-01
5.527298575509949075e-01
5.703885361697547118e-01
6.905662775691816524e-01
8.245282063664893801e-01
7.821409747149825620e-01
9.164392596041581740e-01
9.656519300596747568e-01
1.294902940915974021e+00
1.177715118080609136e+00
1.242711033017277922e+00
1.353828392454906382e+00
1.524758531759263347e+00
1.408906423931458818e+00
1.428245024447186706e+00
1.473558026752999961e+00
1.432009753515074202e+00
1.679033697880328413e+00
1.511802212970609682e+00
1.616751205782273049e+00
1.637308963094383785e+00
1.671673351757762216e+00
1.595227624877191719e+00
1.477110356683533743e+00
1.566458860694965427e+00
1.490128869430457081e+00
1.398146853385943800e+00
1.389163444445119078e+00
1.349595146904298160e+00
1.336042314779803730e+00
1.367235968623597531e+00
1.093642183477649299e+00
1.148531851475140142e+00
1.005383289979014050e+00
9.493419677611518726e-01
9.741524082328129053e-01
7.643050517553812151e-01
5.927016274053914513e-01
5.856926976621992242e-01
4.831385169326294915e-01
3.594625339169234546e-01
1.999428103156591918e-01
1.451734831063170028e-01
7.738498519092372463e-02
6.751294271998253826e-02
1.039772646036230819e-01
1.560934486736416937e-01
3.329070335307161566e-01
4.354045983460626545e-01
4.293385432563591730e-01
5.299130570711637622e-01
7.223086675154646308e-01
9.863416476609060402e-01
9.997700413713521694e-01
9.386424668719485220e-01
1.165545985401680751e+00
1.179332808203388705e+00
1.208567985528241628e+00
1.139306187136411408e+00
1.345098107596394366e+00
1.371804579567303284e+00
1.378248040613782477e+00
1.587506302907166322e+00
1.564194963070937971e+00
1.554778996045566020e+00
1.605519687966106668e+00
1.532844916309218153e+00
1.575388475610853822e+00
1.488890699853158139e+00
1.473957374771819984e+00
1.606043760973397738e+00
1.531618796058890952e+00
1.664763790724230308e+00
1.554730459450584412e+00
1.505511218704154830e+00
1.421036930922634944e+00
1.478549136411427378e+00
1.313812581467985297e+00
1.238195229618171966e+00
1.231639310847554958e+00
1.192060737403390913e+00
9.839206825621819030e-01
9.482907298594932533e-01
8.293389474483596757e-01
8.003833059086061796e-01
6.477543462963141208e-01
3.646561371525297024e-01
4.610769015512561353e-01
3.657749499566946283e-01
3.770677044256742771e-01
2.546287342391745367e-01
1.697513348971417813e-01
3.178421474172454797e-02
5.417613827267888510e-02
2.227101174281602702e-01
2.466693380732706831e-01
3.061971298371145012e-01
5.401372466663492133e-01
6.938480819383272546e-01
6.776863960927909103e-01
7.351178494819232689e-01
9.204046073433184150e-01
8.931094652978743831e-01
1.089832671194713942e+00
9.976669165252458615e-01
1.274470607375773668e+00
1.176390118939789176e+00
1.373421109289736153e+00
1.417642172969008740e+00
1.445412142838744529e+00
1.470228965087986284e+00
1.534675784605241455e+00
1.476654155753792219e+00
1.472673984885194853e+00
1.746839857446371713e+00
1.728152567561314745e+00
1.701029488818458946e+00
1.490928756235838426e+00
1.594851960348266040e+00
1.434137810197235963e+00
1.623958810933930019e+00
1.360149870764701063e+00
1.538470963609010145e+00
1.418146029592172841e+00
1.390023663029098744e+00
7.708035549575021905e-01
1.394817621510176520e-01
1.017172084255410613e+00
1.290955228019238232e+00
1.634629483795460692e+00
1.158161122827831901e+00
6.393911558802608530e-01
5.025639090391670338e-01
1.032398352022333432e+00
1.766585661389072248e+00
1.200412389616175801e+00
1.005744378134309169e+00
1.692638646673344516e-01
8.007306643471372443e-01
1.343606927133546902e+00
1.511470280104526775e+00
1.208068029858866854e+00
4.867305643470694054e-01
4.422975082223412069e-01
1.117255872789816085e+00
1.509894500819558782e+00
1.440815824635032882e+00
8.413545010442553540e-01
1.803986068703327672e-01
8.170978653195671848e-01
1.348497057604501226e+00
1.518834708356806340e+00
1.095759110960691229e+00
3.952910484832843352e-01
4.610599557137741722e-01
1.223617614227821671e+00
1.562368154902740836e+00
1.424513647363110591e+00
8.300185598951410615e-01
1.692441289927297809e-01
8.984177400070028074e-01
1.329255708368073829e+00
1.388949600262887163e+00
1.063684654217754488e+00
3.739348043615901007e-01
5.007182477245494256e-01
1.353693914525382347e+00
1.575507300842566849e+00
1.266676501739148142e+00
6.051126826890420585e-01
1.389213414854073292e-01
8.704008111154912797e-01
1.562691826674548423e+00
1.553277138504131072e+00
1.064450957411848808e+00
1.699362382665614568e-01
5.864122562014878470e-01
1.312899258504087285e+00
1.554386116344031121e+00
1.264666480861400100e+00
6.108932336958066145e-01
3.188020677324238661e-01
1.222981908269014317e+00
1.502363346893698104e+00
1.536006399612873441e+00
1.032228617877253285e+00
1.039466299672018035e-01
6.589696991577627116e-01
1.308764255854993452e+00
1.561450384978604555e+00
1.221576498248801990e+00
5.749963297164555343e-01
3.897166008041672569e-01
1.085124109649747259e+00
1.466649676586934126e+00
1.464849368903270221e+00
8.256915779843525538e-01
2.133942537870037182e-02
8.201632023275959860e-01
1.468367409427036252e+00
1.657466276416332596e+00
1.317339838631942817e+00
3.723362158431784419e-01
5.019730842236211910e-01
1.144967279614969025e+00
1.545081356012256268e+00
1.484227689941485684e+00
8.390142986826041316e-01
5.223204568765726918e-02
8.360969961885971191e-01
1.443757336088511423e+00
1.676099633851190651e+00
1.131307202122220801e+00
4.081696162469006794e-01
4.080708268311526998e-01
1.264699416412553123e+00
1.517793935281862572e+00
1.435608512412337889e+00
8.702761276431212334e-01
2.486864556350486255e-02
9.218796703570532047e-01
1.366865912063810473e+00
1.462162680365376666e+00
1.261492055070070339e+00
5.028692263479737079e-01
7.022942793022198815e-01
1.245044162105916508e+00
1.551267526714438683e+00
1.247501703684801511e+00
6.980545354056959528e-01
8.571018880212050162e-02
1.050754690194911856e+00
1.415940341807665037e+00
1.503829766288586223e+00
1.017415264120008045e+00
1.611175659209605759e-01
6.492943670533872780e-01
1.403154252265289115e+00
1.492507855625332835e+00
1.319071456207789206e+00
6.866928149236464218e-01
2.196982341291108531e-01
1.166913586638123279e+00
1.577543532998368248e+00
1.588613635700257820e+00
9.303816796468946659e-01
7.363034743518361014e-02
7.061980937936358504e-01
1.496499551152991270e+00
1.435899537184197605e+00
1.348188750565583849e+00
4.810875282434583511e-01
3.362111156414511748e-01
1.125188890263391306e+00
1.563466692831048999e+00
1.446261820266371734e+00
8.627090126481352650e-01
6.275021800336068323e-02
8.701305241611532182e-01
1.378991327417723234e+00
1.582438954939988873e+00
1.141791877040319481e+00
5.675596170106121940e-01
4.355179963473918558e-01
1.398590243305730230e+00
1.468546533896176509e+00
1.379521263644418960e+00
8.853849937017218563e-01
1.377984954582955335e-01
9.490434899548557679e-01
1.303637672792974822e+00
1.557343086056241166e+00
1.075234865927966688e+00
3.707430235405232422e-01
4.878876830094089900e-01
1.230072565004372009e+00
1.571493517075642110e+00
1.459232423877602436e+00
8.140509146306809107e-01
6.339765223789908810e-02
8.283756090857417043e-01
1.429854024318937267e+00
1.599699829970178122e+00
1.054592183634922353e+00
2.515909050108860456e-01
4.966940223106344199e-01
1.166864712695385053e+00
1.550547545529703974e+00
1.371638688979161413e+00
5.875152977663224974e-01
2.843619430318056751e-01
1.044852895101141543e+00
1.440490017497714215e+00
1.434169794759325045e+00
9.649859493246955022e-01
1.304549823371983219e-01
7.005458265164440368e-01
1.374421167843999481e+00
1.662920138840892070e+00
1.153541399541351042e+00
3.988261621851448280e-01
1.672707821339436685e-01
1.006999339832893803e+00
1.569127767746929303e+00
1.384556351788137629e+00
1.003234456040447586e+00
1.328047401480162426e-01
6.611758062220347565e-01
1.417126737478932474e+00
1.672950752543703290e+00
1.231884072278744746e+00
4.410433925223378182e-01
4.952189255740847007e-01
1.042234153859517010e+00
1.472239922764903008e+00
1.502264081931376838e+00
1.020879278253229439e+00
1.726109393302303896e-02
6.934056610532066678e-01
1.350675058661826800e+00
1.759623680691585923e+00
1.241644629502114183e+00
5.152248739374435393e-01
3.970352166986737541e-01
1.239792631259786448e+00
1.510965429496684553e+00
1.356300850861162255e+00
6.684455886993485585e-01
9.496252080448057409e-02
8.116607260824533210e-01
1.539460387372850514e+00
1.607848687355574624e+00
1.119193083769435271e+00
4.049601091931474550e-01
5.060407977398017065e-01
1.289986988194083084e+00
1.513500919754756646e+00
1.288528285615206714e+00
6.325574907219202458e-01
1.686060623450915535e-02
9.977430991268123606e-01
1.520414688313145746e+00
1.651446455154818471e+00
1.073254649369851377e+00
2.186737566184099868e-01
5.879948150573858223e-01
1.368048965017350627e+00
1.623066047149882118e+00
1.389227114111978745e+00
6.456884051068624286e-01
1.989966658554338796e-01
1.224607147355893710e+00
1.421904022194631301e+00
1.606189226470839948e+00
1.082389128114460419e+00
1.474340010855233474e-01
5.611937082339721883e-01
1.499967811447202815e+00
1.521311397296122969e+00
1.280358657970755543e+00
6.147192541386371500e-01
3.954653815762514957e-01
1.026618952357855497e+00
1.475402636319014693e+00
1.418829093237650163e+00
1.033177898742665191e+00
3.563455873815399993e-02
6.760524223841526403e-01
1.349730332517777631e+00
1.443803639730268928e+00
1.084022921662007199e+00
6.045668775547279328e-01
5.417162059569139432e-01
1.184308664769361918e+00
1.635949032833033501e+00
1.307105777740164010e+00
9.122293053634954463e-01
4.415698735799093722e-02
9.357483640893506927e-01
1.390075781504215957e+00
1.545977703375259527e+00
1.290111875874264458e+00
4.334041061433531183e-01
4.340342536938224249e-01
1.110115781693520320e+00
1.454697983073674594e+00
1.387357221728930501e+00
9.343182474915616709e-01
1.149211407258608070e-02
7.452040239422730306e-01
1.482874383037424693e+00
1.449629537618507769e+00
1.284555174868020844e+00
3.035050856171252476e-01
4.923844858826494364e-01
1.215489914739405819e+00
1.681499033203558424e+00
1.493471489751775128e+00
6.632207697597189977e-01
3.067383646669160635e-01
9.868804762988382384e-01
1.465559002804002642e+00
1.515591656321913838e+00
1.044474287653798683e+00
9.649684018111498451e-02
6.121579853520248138e-01
1.215009250558819476e+00
1.511433314470973066e+00
1.449842941039250821e+00
6.771959506940964379e-01
3.276302406851682725e-01
1.021168633552485216e+00
1.546487434220011004e+00
1.576047055572137312e+00
1.003428514202061583e+00
1.173031281401165637e-01
7.448182177529326653e-01
1.490934701429510234e+00
1.503070640387578205e+00
1.170993435301893593e+00
7.067970788959878625e-01
3.064781046748762394e-01
1.006892038060722028e+00
1.509228728913778905e+00
1.487611008562362391e+00
8.937246643099124865e-01
2.202452796349720354e-01
8.703222605269296253e-01
1.323593551590284578e+00
1.535263663005079993e+00
1.304643085890692111e+00
6.448950968930119432e-01
3.464058485735853621e-01
9.782712846585829292e-01
1.382050938341981894e+00
1.414994817944489114e+00
8.226995427743647449e-01
1.356128495153104407e-01
8.860736791839229909e-01
1.293423799127197737e+00
1.585674143166045269e+00
1.103347161568346779e+00
4.862060991668789023e-01
5.920459926004024709e-01
1.117041104300247056e+00
1.501374968836986401e+00
1.446162074800198427e+00
6.868330823411693542e-01
5.162067502896833249e-02
9.346157057252271194e-01
1.375342108603981872e+00
1.578393668011701001e+00
1.071230609624983954e+00
4.266948021408938363e-01
6.598674492774988520e-01
1.216291936642130533e+00
1.515567833264669151e+00
1.375532132982908662e+00
7.661757180210239104e-01
1.104461485109301117e-01
9.611943912550535707e-01
1.460021084232621780e+00
1.653430236123051733e+00
1.019034907762291997e+00
2.751041906174351848e-01
5.864923828584696075e-01
1.196915245374920111e+00
1.630465874344282806e+00
1.477966944168256136e+00
6.705979118700813313e-01
2.681768280566494411e-01
1.030464059863471782e+00
1.691059809675242720e+00
1.503669326375701720e+00
9.821110676206900036e-01
7.046341374901265997e-02
7.273464673976507422e-01
1.343461314597086398e+00
1.495467048008802369e+00
1.239730434568574902e+00
4.556730983586294581e-01
4.446048308252931180e-01
1.160752671442895068e+00
1.583045167610478643e+00
1.511396693454263085e+00
9.322290118112834811e-01
3.605882702238563664e-02
7.897320544040844492e-01
1.410283830685087780e+00
1.557143661588751504e+00
1.376618530597261802e+00
4.669425667374038080e-01
3.114209843384423415e-01
1.082423141376333886e+00
1.541655549219150823e+00
1.426894423814883961e+00
8.817071622144969645e-01
2.572285828640452632e-02
8.119703784554597181e-01
1.459840353092874077e+00
1.471561672479652527e+00
1.241270772478965112e+00
2.868629893462876779e-01
4.800918901692258212e-01
1.169534486791543815e+00
1.591060975134483302e+00
1.348239938942514149e+00
8.083026810191223932e-01
1.800999516685879848e-02
8.630509000363854044e-01
1.522586457360630474e+00
1.535362480043620748e+00
1.092650662809806938e+00
2.876150351409230144e-01
4.720452734692894836e-01
1.331952322796607913e+00
1.508794803739138768e+00
1.416817268941524155e+00
7.245794290224785161e-01
1.955644813823084194e-01
9.687440907153819225e-01
1.413854330018559535e+00
1.496508540460442571e+00
1.131313749114271072e+00
2.551106552190947063e-01
5.723595704167828702e-01
1.441607028832477821e+00
1.721012607744414336e+00
1.297252285850829967e+00
5.700443690319814127e-01
2.390846721170755695e-01
1.086341057519863096e+00
1.601691685228007866e+00
1.561715495331285952e+00
9.078056123648801101e-01
2.362796614704549825e-01
6.646430088342434317e-01
1.317345664791767401e+00
1.576523302778447544e+00
1.350919226278812335e+00
5.412248220286259848e-01
2.891571139197895990e-01
1.046542775638676259e+00
1.482685123137327254e+00
1.509497264594886978e+00
9.153725748793196670e-01
1.112236280720551446e-01
7.555623405510274448e-01
1.510375191066191114e+00
1.520453675187320330e+00
1.180048962044346395e+00
4.987753327486443289e-01
3.498300674887636075e-01
1.226819296022232608e+00
1.608782581981332838e+00
1.361675249624541228e+00
9.292368215755995031e-01
2.702874023860962760e-03
7.839660680833255846e-01
1.419545660962904687e+00
1.466436852033734084e+00
1.118394788922933092e+00
3.868449541444300976e-01
6.081665856370764844e-01
1.130808975750200451e+00
1.587891652553682142e+00
1.377888856134196649e+00
8.529006298476434766e-01
6.047317001589350149e-03
9.167172557945804101e-01
1.429124833304095565e+00
1.521453491182760187e+00
9.968994601659912913e-01
3.834191559272775995e-01
5.952499739168130022e-01
1.177005812223470782e+00
1.501858615239965777e+00
1.188495493197680108e+00
7.088415180822622563e-01
1.085696331016564736e-01
1.130521045330645569e+00
1.347101385709476240e+00
1.482733043651666804e+00
1.135511746634701780e+00
2.214861707112797673e-01
6.769772513486983501e-01
1.262243024766461552e+00
1.571874982766535034e+00
1.352006238697062379e+00
6.338578950609863316e-01
2.770571715113117617e-01
1.096949553449452219e+00
1.336853695585620283e+00
1.448183878879467201e+00
8.131037748002701848e-01
4.474096772782518161e-02
6.211410766798379779e-01
1.346731258319888047e+00
1.455528396567208338e+00
1.251510968800262802e+00
6.032664579244363390e-01
2.315520996722124636e-01
1.144323444205306073e+00
1.459229891130726875e+00
1.552772744140663130e+00
8.240737098827533025e-01
4.441498829583254843e-02
8.663259663092128804e-01
1.583504411418734659e+00
1.518841033228132575e+00
1.375049056772561284e+00
4.889665690382841712e-01
2.781307724945992765e-01
1.096089991460815760e+00
1.504915744256395183e+00
1.384659028789793522e+00
8.699876212484253246e-01
3.737019319299126480e-02
8.072581817588477815e-01
1.434801006525946887e+00
1.561282524009201866e+00
1.034789709842803385e+00
3.302340500065217288e-01
3.589457582469487984e-01
1.227178643268264091e+00
1.547638802554056392e+00
1.351671966316623674e+00
7.100780124967034368e-01
2.994872805988967046e-02
8.711656261772432464e-01
1.431535274315665740e+00
1.498753335423836930e+00
1.158509131867560660e+00
2.326396174146020401e-01
5.579185657370636653e-01
1.363325742963110931e+00
1.557924526052337333e+00
1.275543575642760885e+00
7.150568882759701372e-01
8.800658997961771646e-02
1.058539022075359437e+00
1.500175059294300839e+00
1.495374837754769315e+00
1.058988688392864974e+00
1.781931895052718817e-01
5.129400105865593584e-01
1.293085854115216371e+00
1.470665737089964509e+00
1.171578107226464827e+00
7.095223883601883275e-01
1.027577627133716975e-01
1.157049732051881552e+00
1.468853378311639757e+00
1.525076563339446967e+00
9.619185676832847642e-01
2.749751746277759867e-01
7.667251236665345582e-01
1.464267879835055020e+00
1.476712335521807029e+00
1.287476290699863579e+00
4.594458982265994251e-01
3.704383858594306744e-01
1.146323413622282406e+00
1.524423315031256720e+00
1.401729192797673162e+00
9.369514805233382093e-01
4.948206235488447624e-02
7.185194174147651047e-01
1.295806308305474719e+00
1.597650556546645229e+00
1.231609445172749062e+00
5.459109775872839077e-01
3.844418306569222787e-01
1.211682759572792367e+00
1.584835492504610199e+00
1.471786092089844233e+00
8.182577248343512188e-01
3.317476887824617748e-02
7.775516684609020679e-01
1.499730965591101972e+00
1.562497406783821319e+00
1.195844806016645556e+00
4.141823468021109678e-01
4.360618061414842650e-01
1.220862958038540391e+00
1.628587900689035584e+00
1.295630968989923471e+00
8.370808059916174937e-01
1.051518635553602005e-01
1.040772213922283917e+00
1.331648703564053848e+00
1.516043941794341876e+00
1.209684658788345191e+00
4.736791756895282757e-01
4.722242312817198084e-01
1.343568204814930445e+00
1.615644824052625106e+00
1.363228239348085014e+00
7.561795283562831038e-01
2.032815665760430990e-01
1.061290380186905802e+00
1.535364484842172139e+00
1.410989958809784728e+00
1.042982201257432795e+00
1.978236853155138641e-01
6.821777316121709900e-01
1.363643483506342458e+00
1.466821731400003381e+00
1.329938913596768968e+00
6.742097569878725549e-01
3.350094167967414549e-01
9.235800213141932558e-01
1.520749378295602305e+00
1.403877883108118008e+00
1.004186604480534983e+00
4.498717372095860367e-02
8.354015218992236758e-01
1.463228427076155524e+00
1.544092447315554617e+00
1.177313173956300307e+00
4.627538072492868304e-01
3.754637527389274587e-01
1.053336689248386637e+00
1.506867002377992870e+00
1.579385214387284408e+00
1.034701264825017342e+00
1.185081902310151092e-01
8.581536499998966283e-01
1.517203049735887710e+00
1.560962209097242370e+00
1.246063562905380007e+00
4.143893052295690715e-01
3.231167355593124180e-01
1.094140423499855741e+00
1.520646813973108191e+00
1.243598525873223615e+00
9.249419833009567826e-01
2.111268853005190960e-02
8.072375705917312905e-01
1.399087421318974789e+00
1.555453551181718241e+00
9.672002440856479755e-01
3.272440639492293357e-01
4.458891000209641020e-01
1.158549194502335178e+00
1.541907043560122315e+00
1.522711895838005258e+00
8.625145741900039909e-01
1.757231408752112090e-01
8.553879211300738916e-01
1.341436676553197316e+00
1.583040939401399561e+00
1.122429499962539712e+00
4.058136659981089744e-01
5.715447929246851855e-01
1.166663532810889414e+00
1.439533679470299532e+00
1.294818518405005836e+00
6.819661142192291470e-01
3.209700637353085639e-02
1.062848530649831202e+00
1.533764874730309646e+00
1.542604463856847019e+00
8.911036731485181273e-01
2.780671265557166372e-01
6.562259074141290061e-01
1.348161776540061974e+00
1.692379696153184065e+00
1.350020337850013519e+00
6.472143618437453672e-01
3.155550832480159551e-01
1.016785309841660601e+00
1.465682703979741097e+00
1.593795829427292254e+00
1.074897105717027124e+00
2.065941570359864088e-01
8.189696625898170712e-01
1.373389801474980354e+00
1.689882459156740291e+00
1.278017752958410469e+00
4.400784097533185779e-01
3.576870424778076929e-01
1.048094665267035097e+00
1.549844543033956912e+00
1.379857256258874232e+00
8.911495674258955724e-01
6.227301839065270406e-02
6.834650409098633750e-01
1.372007194323978663e+00
1.575601444200420698e+00
1.357305386862660557e+00
3.448437093109896767e-01
4.884655705012429516e-01
1.136437899974046761e+00
1.433428136166740474e+00
1.387549320463693503e+00
8.611812596035470779e-01
6.134014639091676935e-02
8.204853416163000457e-01
1.344421580656969706e+00
1.505615601075107168e+00
1.193855297822014272e+00
4.037678770976163567e-01
5.844990287829151532e-01
1.315879392576717155e+00
1.511926814907270655e+00
1.402247312837261894e+00
6.128653747103417482e-01
2.095958612286050182e-03
1.036043660021388702e+00
1.426596971704811034e+00
1.542220997806719396e+00
1.084840023120701602e+00
3.272440180448670244e-01
5.342996841160927435e-01
1.276828955477766092e+00
1.564022703650031820e+00
1.388729559444508377e+00
5.664111252819481468e-01
2.518968129534926992e-01
1.147149650659575082e+00
1.308416905372556949e+00
1.555457666820429852e+00
1.143303061569393764e+00
1.211590218357238430e-01
7.081179912010150401e-01
1.300091229227512635e+00
1.642286675881611258e+00
1.211680367208483711e+00
6.869295599065868840e-01
2.773268499345972193e-01
1.226697349962558192e+00
1.440317154709377823e+00
1.481772714983210504e+00
9.896029064297150457e-01
2.762207852731239366e-01
7.865229898337239289e-01
1.394466049543027664e+00
1.526307637237327652e+00
1.262358426868938510e+00
5.204211247842118748e-01
2.346582602867802736e-01
1.207057966210715927e+00
1.503620116878328083e+00
1.467539998695903458e+00
8.162014606047944820e-01
7.369371137043666253e-02
7.343927380174183339e-01
1.365326806713579089e+00
1.678784294962225587e+00
1.311378749700159663e+00
3.204650703731037886e-01
3.841415455169195359e-01
1.204696651817109165e+00
1.543331387628904983e+00
1.418533456524978087e+00
8.633721710119138804e-01
1.056509685579278546e-01
8.783105917084890191e-01
1.400128351658632031e+00
1.659018455483660448e+00
1.233819471007119306e+00
3.751270455113605573e-01
6.615386731181808200e-01
1.121697264361199320e+00
1.682842799229246289e+00
1.406328486881587292e+00
7.693443329349201054e-01
2.665468329851887475e-02
9.248576990764474370e-01
1.418348500258592049e+00
1.625716265721623977e+00
1.127516566001624865e+00
4.230676056513406058e-01
6.559070796070984866e-01
1.281815073558533191e+00
1.478064021963056751e+00
1.516749442799421477e+00
6.782689826931248556e-01
2.487793289788526041e-01
1.068222694355093871e+00
1.491464007505734157e+00
1.589512288247018068e+00
9.543140508271563682e-01
2.915451950296605310e-01
6.116701238444186561e-01
1.342385213954250034e+00
1.363098104608418293e+00
1.440241730856022695e+00
5.609984488053745277e-01
2.453724490045495754e-01
1.185401243728098963e+00
1.601419089824328568e+00
1.359936010333067324e+00
8.651954722564926259e-01
1.308741942478058862e-01
7.874310963268185137e-01
1.419228883742752023e+00
1.615612809078001533e+00
1.266432623458433770e+00
5.267259895244643664e-01
4.060623994110649226e-01
1.154387422569767230e+00
1.652187588481198066e+00
1.363826968966994624e+00
9.207437054143812194e-01
2.945516193147015849e-02
8.605887525170682339e-01
1.245683693234872047e+00
1.563635479640612003e+00
1.160859852977300877e+00
4.621241739375954727e-01
3.827668769225279766e-01
1.095840776343832923e+00
1.527006704705252238e+00
1.388565204050796975e+00
8.445732135146177821e-01
1.317250399293434238e-01
1.030540920865109289e+00
1.401590005601047295e+00
1.605607278599255228e+00
1.162427847661462454e+00
3.374571666288426197e-01
4.843189886644388431e-01
1.392000128668634762e+00
1.435581773922110616e+00
1.413056423055664812e+00
6.998203682303677509e-01
1.224479191979662707e-01
1.042847289619496243e+00
1.423039368595878873e+00
1.549574749903293469e+00
1.050263044045428584e+00
2.687583168691481950e-01
4.347773484904738361e-01
1.238171223389697317e+00
1.531795562824355139e+00
1.371401778386927672e+00
6.825728126778100036e-01
2.333436419741322654e-01
9.975929645100410914e-01
1.511877217414569374e+00
1.471455285261345169e+00
9.608651843480087162e-01
2.093161214201067488e-01
6.065311826350274771e-01
1.230162644079476175e+00
1.565608794664544723e+00
1.309928004453793315e+00
4.964245172984110832e-01
2.677770609492859943e-01
1.092882472442603614e+00
1.349897607028069935e+00
1.427774313770376668e+00
1.073487224644589899e+00
1.670624516847432073e-01
7.208331990538837664e-01
1.392327844556272121e+00
1.453443321437181801e+00
1.175212532147532185e+00
4.683572558789387830e-01
3.043903772735315760e-01
1.132854811761935920e+00
1.536456753795850450e+00
1.496683009865146463e+00
8.709875626541405680e-01
7.341559129595479072e-02
7.916661947404813882e-01
1.432501655275689290e+00
1.645787200153832286e+00
1.255048426381843996e+00
4.521180193767435629e-01
4.695460243575954595e-01
1.177097764813868963e+00
1.689185100648219473e+00
1.459897983147512512e+00
7.386023205711075290e-01
6.805807560101684306e-02
7.150795162067018484e-01
1.343269342731659544e+00
1.598507417550274257e+00
1.195942672635947224e+00
4.136982003174195510e-01
5.335814569173735755e-01
1.272240052154333334e+00
1.606831103720705478e+00
1.211639744437427835e+00
6.402718079575672183e-01
7.116281072655475382e-02
1.060770446351747776e+00
1.519649298169426510e+00
1.488592585946001412e+00
9.922146469209693898e-01
2.620497677578617624e-01
5.251256155865441366e-01
1.285672623124779257e+00
1.570687763470502762e+00
1.321282658405937394e+00
6.448745220234947118e-01
2.710951055671914078e-01
1.074200514850437216e+00
1.428656674736380250e+00
1.466048943357031176e+00
1.061118509479900052e+00
2.074871629955647445e-01
5.087877737118899901e-01
1.393539146157327879e+00
1.494823813749470265e+00
1.223892310092356883e+00
7.142799500116597811e-01
2.619102638036083230e-01
1.128286302633748406e+00
1.543341595512387476e+00
1.557483790392014456e+00
1.010057888298749207e+00
2.328567084438156604e-02
7.312632027400326473e-01
1.494814786108610960e+00
1.456164985379229337e+00
1.340440635318232987e+00
5.796209930964170143e-01
3.146654490305973995e-01
1.176917047287024953e+00
1.676800177441320372e+00
1.480595736660514028e+00
8.295513136820193978e-01
3.242185158799867906e-02
7.079915731456211114e-01
1.436982360897447242e+00
1.452305166720805785e+00
1.186884319434815538e+00
3.357882586973527927e-01
4.866229458884985259e-01
1.229326923257050064e+00
1.384459765783472740e+00
1.403599332724932536e+00
7.709379596459255968e-01
2.151783732436900187e-02
9.538475251505346142e-01
1.429633722653238515e+00
1.572978736291728685e+00
1.261470578232774642e+00
2.347830193454580883e-01
5.806208648029445030e-01
1.363997180533226716e+00
1.444129684684010151e+00
1.301295861233621842e+00
6.980422031167237140e-01
1.052184133776623565e-02
7.980691143225949746e-01
1.460031553514118396e+00
1.560861453848629843e+00
1.017522262279518586e+00
2.418011953844362849e-01
6.529508393915566256e-01
1.297305346458522024e+00
1.536043749737573849e+00
1.335296618911417710e+00
7.121549513251747010e-01
2.396509677295989849e-01
1.129073237832261434e+00
1.343330590917401590e+00
1.498904815310347249e+00
1.032085598921055114e+00
2.455050038562437975e-01
6.633985608159465031e-01
1.223192927331756330e+00
1.584263294338831729e+00
1.249695401334284917e+00
6.458670444814222922e-01
1.822062151556698706e-01
1.064115627932030295e+00
1.566413664278857532e+00
1.609553812887524638e+00
8.529409151434798053e-01
1.963769253537478998e-01
7.691469804157430312e-01
1.470360453782010968e+00
1.514986172712183166e+00
1.239265839557509352e+00
6.216810956767587770e-01
4.124928163698801664e-01
1.081218354793623826e+00
1.565944434527678952e+00
1.324489946319907130e+00
7.177828328366286925e-01
5.479052928255226385e-02
7.344490789986527490e-01
1.330379810963990383e+00
1.610476091346070948e+00
1.226398148958541379e+00
3.717652122921452640e-01
5.343610969841561253e-01
1.196350263483078935e+00
1.753523718877526338e+00
1.418809907373238977e+00
8.944187376297686454e-01
1.538597280970614989e-01
9.797198684949580683e-01
1.462040395129739379e+00
1.419480850740188371e+00
1.018407448371865032e+00
2.690762307988062707e-01
5.114183986082407873e-01
1.243826269806444618e+00
1.606741081274369431e+00
1.298653323843782292e+00
8.605324079411741378e-01
1.433315648049731661e-01
9.579689747939990063e-01
1.500427499760683903e+00
1.397573860874990137e+00
1.051385341586535738e+00
2.617932896277694876e-01
5.035869041758130882e-01
1.273197654652837407e+00
1.589110648694186168e+00
1.360494969127669096e+00
5.628223917719732405e-01
1.478804526112873496e-01
1.011141537097613563e+00
1.490080003695150257e+00
1.397919068519512864e+00
1.035325340490557577e+00
2.894444261166344567e-01
5.438382016134886143e-01
1.306789356322040740e+00
1.567963310204179672e+00
1.307559704364514852e+00
5.137752950253344775e-01
3.607911867924217808e-01
1.169813314167066798e+00
1.572187604473049394e+00
1.460202228992764306e+00
1.053199039054935726e+00
1.399942944867036965e-01
8.201735527173499296e-01
1.461822522235076027e+00
1.575750461843032024e+00
1.162442047089502273e+00
7.194533942491360134e-01
2.135332766127365778e-01
1.178861796396980299e+00
1.613550735802756542e+00
1.388631918897913486e+00
8.583160222120134186e-01
7.805586561291948111e-02
9.129792113646167939e-01
1.501296876713825945e+00
1.456427827533443464e+00
1.127760274765414961e+00
3.704112831988212728e-01
4.663242882351458785e-01
1.389454798040186567e+00
1.360355093032574958e+00
1.340536065130568888e+00
8.658434309028967268e-01
2.348789680630428492e-02
7.758760850841460721e-01
1.622853403303910813e+00
1.486201436130797804e+00
1.185096039214134311e+00
3.375382831037208042e-01
4.749525208977883883e-01
1.249167134899603848e+00
1.534681345178394940e+00
1.528249672107617085e+00
6.583840951906391181e-01
1.845207826464134171e-01
9.074903623684298370e-01
1.388605220285605180e+00
1.572316751639526444e+00
1.133455057683800282e+00
2.039861706967023292e-01
6.163357216383767989e-01
1.439523378824130617e+00
1.586730855303118304e+00
1.255103187509567064e+00
5.162033825649847696e-01
1.739935626691468673e-01
1.147033688960663822e+00
1.494664196346540797e+00
1.393309551599569041e+00
9.398570589033463651e-01
1.880656144017862630e-01
5.602694059897230794e-01
1.271340160889175008e+00
1.687683098126908199e+00
1.376148801954262924e+00
4.968360925871813105e-01
2.378923281527858535e-01
9.622383016391445887e-01
1.536453854561955712e+00
1.443966399725473915e+00
1.011193609164212637e+00
7.580302611945026470e-02
6.919398454080490923e-01
1.371491745737067891e+00
1.515856326034605850e+00
1.104125212016466184e+00
4.946066764734214360e-01
3.820383608292672317e-01
1.155945939923038956e+00
1.496340499832182092e+00
1.351383501790552222e+00
9.250771864324562888e-01
9.281761989647621669e-02
8.959890858285465276e-01
1.554300784151293691e+00
1.477477276679275420e+00
1.145347776369002979e+00
3.757706798032264817e-01
3.999434997895488508e-01
1.197948488011437940e+00
1.634689061541943378e+00
1.402758130463342523e+00
9.191737374108988057e-01
2.202573295929590169e-01
8.020994317055301082e-01
1.282178843110079125e+00
1.605443982681501902e+00
1.340609102183329959e+00
4.372760239938248694e-01
5.830563346419210813e-01
1.284396718602304199e+00
1.452592657533055887e+00
1.373566668328564999e+00
8.751079480387191634e-01
7.952293031534042600e-02
8.638904156754045882e-01
1.526547552219309489e+00
1.379740698071562743e+00
8.573952501575676788e-01
2.653366013925316236e-01
5.215433550232460025e-01
1.479647022592029071e+00
1.518479042270948876e+00
1.305338433375315743e+00
6.364513221249166186e-01
3.091248739344732432e-01
9.731786689028573134e-01
1.583295367511798002e+00
1.491930013073537120e+00
9.219095606229064099e-01
2.497906819852681592e-01
6.880258744941988303e-01
1.438753974126290469e+00
1.680838513096527986e+00
1.306733261306117111e+00
4.920126786634293481e-01
2.603253045147410072e-01
1.165144305449762330e+00
1.510991006795208591e+00
1.455191708101086778e+00
9.570837227117411361e-01
1.038378229616752635e-01
8.975707139617006280e-01
1.467557774628415634e+00
1.490782829870950454e+00
1.177328440984222846e+00
3.482482404236366680e-01
3.798008737674092861e-01
1.138890483241198348e+00
1.600665663891025714e+00
1.374882350229742256e+00
8.412540343720166236e-01
5.316348041633905952e-02
7.599115674028160683e-01
1.421307267126653118e+00
1.458896018927107852e+00
1.119704748592992072e+00
3.395573801982382234e-01
4.669771470421272275e-01
1.255511110192855107e+00
1.603056549286496546e+00
1.391982378867761216e+00
8.311494100065014434e-01
8.016831519773864878e-03
8.906166220699258673e-01
1.598347509837500846e+00
1.619541520942820778e+00
1.190536045501207285e+00
1.696892965522704133e-01
5.447922861309292264e-01
1.367491865523059902e+00
1.551585391116933277e+00
1.276596201448883861e+00
8.428478315262807330e-01
1.391250637234012766e-01
8.787734174013536181e-01
1.434643736118581536e+00
1.509370635985770814e+00
1.208456806417135265e+00
2.252056172234503939e-01
5.119503814253995033e-01
1.226834011180982120e+00
1.517738666279760062e+00
1.394621096234803792e+00
5.710654199971397782e-01
2.322958958945550711e-01
9.669453228071853701e-01
1.596136305102030528e+00
1.300306007789935769e+00
