# {'window': 60, 'contam': 0.9310942944090778, 'q': 0.0003516985417021668, 'thres': 1.7013790395551374}
4.228761860084147284e-02
1.261285218718768197e+00
1.136302789436175020e+00
3.764470478846625445e-01
1.507622924012600896e+00
8.642612454304550162e-01
5.961553447077539980e-01
1.503678097991500762e+00
5.577909385964748834e-01
9.497936661233949973e-01
1.385424291259548690e+00
1.590462570897053229e-01
1.146834993818987014e+00
1.174425370567135696e+00
3.603080597062879309e-01
1.444598400761740731e+00
1.032311162670037863e+00
5.680273326361645614e-01
1.466971376897019397e+00
5.880664896445655376e-01
9.415767270153728719e-01
1.521283419921969804e+00
5.290732905299395661e-01
1.184842344122853053e+00
1.340615214803196009e+00
1.189837169576350370e-02
1.161860581486820809e+00
1.160845457523352220e+00
4.276694560980958126e-01
1.535580655075408529e+00
8.130184397445064937e-01
5.425924347330464137e-01
1.572740678090929212e+00
4.551976192099359553e-01
9.519730853988872532e-01
1.438346947807289888e+00
2.774942536468139598e-01
1.211959790752113353e+00
1.183713794551044085e+00
1.580528660240952676e-01
1.453655209693480721e+00
9.330511280532648444e-01
3.731141185255499870e-01
1.636002004406466703e+00
5.989109305680886397e-01
1.064065981902705849e+00
1.559532220077421760e+00
4.623113046317727237e-01
1.146004345301612659e+00
1.303757146578342629e+00
6.290917521014716129e-02
1.319308700216822006e+00
1.263032270238413357e+00
3.016487857900892466e-01
1.472648029370407396e+00
8.312266638602421320e-01
6.177986612775671071e-01
1.533044197851620494e+00
5.904440923260683149e-01
9.585838341433177145e-01
1.488265788707240800e+00
3.154859397473824267e-01
1.347860669920209142e+00
1.178987461385443192e+00
1.251647740227600503e-01
1.504838306832795736e+00
9.672873986913150812e-01
4.742779833575436754e-01
1.590139947937254217e+00
6.522296504603801726e-01
8.544964988117309534e-01
1.390241497557973771e+00
3.462877305255387950e-01
1.127593283303069738e+00
1.350739235453936704e+00
2.147085813598525322e-02
1.239540495984608803e+00
1.219591491454595555e+00
3.599026186817474993e-01
1.441363583484408073e+00
9.597606261408466732e-01
7.760001515848232723e-01
1.516262986069949470e+00
5.447445642629340501e-01
1.020369929980848189e+00
1.390158009763567071e+00
2.746513432971591784e-01
1.167186201640022514e+00
1.349599796556843812e+00
6.184061031020113286e-02
1.544533750332969690e+00
9.967459344053046788e-01
4.683744301880724548e-01
1.587745214267225924e+00
7.506685778722038682e-01
8.886353876645192162e-01
1.465507507045750168e+00
4.202879975120793477e-01
1.275284550013282114e+00
1.271558938942272343e+00
1.759810422740381297e-01
1.467148268790012811e+00
1.275696281303094537e+00
3.800629032000594210e-01
1.365273174470970963e+00
1.012362157600195323e+00
6.782229739998484330e-01
1.456164120734209311e+00
4.664275552853120455e-01
9.953271927871537583e-01
1.416660299063913442e+00
2.466490748298749702e-01
1.176098137857810810e+00
1.254908309332370298e+00
1.521761950386042173e-01
1.515312549065118253e+00
8.777066089329764731e-01
5.523875751871470952e-01
1.480247266903639725e+00
6.781075033163440624e-01
1.017110740444662431e+00
1.487051656183527193e+00
4.774854859549711450e-01
1.180685938382027622e+00
1.301292918320494207e+00
7.399407352454601128e-02
1.315515554583853275e+00
1.173584729898330403e+00
3.670143510909126827e-01
1.402920860077520260e+00
8.592209543570227259e-01
8.277947898906145019e-01
1.568165297386930890e+00
6.129494936251840276e-01
9.730224632279764752e-01
1.535580087666742255e+00
2.323436645450446536e-01
1.266785593777503660e+00
1.270178163726713993e+00
8.269484718453197492e-02
1.403684042136855270e+00
1.107887831897855557e+00
6.874315603144137699e-01
1.517078414465935721e+00
8.633252626373824068e-01
9.713129331178838033e-01
1.446584048242493648e+00
4.202149461091050919e-01
1.284492942124456194e+00
1.458077357537961527e+00
8.366379044952559907e-02
1.432335701141304929e+00
1.160638736349431266e+00
3.145985753855747857e-01
1.556904356399134270e+00
8.514574332626133613e-01
7.362251718516980015e-01
1.379566646647889971e+00
5.492874005105341517e-01
1.083462873006352245e+00
1.668597709536823404e+00
2.437116683028529296e-01
1.271212424395417928e+00
1.084648082369328526e+00
2.262965317790083808e-01
1.394940352250116922e+00
9.295228428723977254e-01
4.868465053836008027e-01
1.482443874838772713e+00
7.631298324434271363e-01
8.768642727589349706e-01
1.511208191637624321e+00
4.136352092091714061e-01
1.151109823743091454e+00
1.269562784977206427e+00
1.725397582181873238e-02
1.389639701562729979e+00
1.213960151008525168e+00
4.998390538789029836e-01
1.511415737639349111e+00
9.848129491296424565e-01
6.208428438705474450e-01
1.560656165574070720e+00
6.642952521886350548e-01
9.703885852626968900e-01
1.420576043103019215e+00
7.258199742636539664e-02
1.214265363167744693e+00
1.362147194561980745e+00
1.916925912680438326e-01
1.292350407819282676e+00
9.653456025872924062e-01
6.040346789505136593e-01
1.567074702611067405e+00
7.325123816874341554e-01
8.203516305827274202e-01
1.513580402703847971e+00
4.138881302083611269e-01
1.210821595939811202e+00
1.387629616396195198e+00
3.403825948092067261e-02
1.254999416579743565e+00
1.239678232384151535e+00
2.582766155348937276e-01
1.544534366800858205e+00
8.391636102340461756e-01
7.774395192519182318e-01
1.450541603446462879e+00
4.861699168183497566e-01
1.034139623457869916e+00
1.446764394701185230e+00
1.085377327349849180e-01
1.146607530102922601e+00
1.356316925698075382e+00
1.617324114059621454e-01
1.376117271768238837e+00
8.767697245094241421e-01
6.777423633332309016e-01
1.401934593223164383e+00
7.023250721854467082e-01
7.182976899307388363e-01
1.537031896741317460e+00
3.702006723387963327e-01
1.683914390593847621e+00
1.493247391222026099e+00
7.297148002003996103e-02
1.265394057225885494e+00
1.188314178430474488e+00
5.050011907993835480e-01
1.373763725166537775e+00
9.933431881694889665e-01
8.613757324939496085e-01
1.519917358812602037e+00
5.982341031379583285e-01
1.086515833155890398e+00
1.437183390548481210e+00
3.106627434944554955e-01
1.253223505642757196e+00
1.329608205417761368e+00
1.185770843858900969e-01
1.521600608905583574e+00
1.402548314762541937e+00
4.906892103980850517e-01
1.432073778912832829e+00
6.437299667405630421e-01
7.277623753727343603e-01
1.331832733680276437e+00
3.089314791532721260e-01
1.282179097914664334e+00
1.260689381159492362e+00
1.182334485041998534e-01
1.149869524673237109e+00
1.139687489040164259e+00
3.586323922215221560e-01
1.446806662579877889e+00
8.973826966379734316e-01
9.293449549808795451e-01
1.685553985353914763e+00
7.052637730067000676e-01
9.857497960916804525e-01
1.329331956557788352e+00
2.791255870062616662e-01
1.268477558908852165e+00
1.275877558551956392e+00
7.546996461478922003e-02
1.457409861939052531e+00
9.692913877116846599e-01
4.995211502570300888e-01
1.663664180795474179e+00
6.150009972922315660e-01
7.813008733953212825e-01
1.489946067766019011e+00
4.211199656420334114e-01
1.184613716589546728e+00
1.266181366993365254e+00
6.203326318857141364e-02
1.425394320881862464e+00
1.129013310594769726e+00
3.645960545976326128e-01
1.173712649294349264e+00
9.904060720154215236e-01
1.186847333224053447e+00
1.483276931231614970e+00
4.721126754530917680e-01
9.730009973083888486e-01
1.569307188369944317e+00
2.182307421673915504e-01
1.285006515558222873e+00
1.219558870316448607e+00
1.238029261221301885e-01
1.377025462889166496e+00
1.061020644929878021e+00
5.790087413887681222e-01
1.493143324343871203e+00
7.831531113155518753e-01
9.448084172778211665e-01
1.489631612874134481e+00
4.689800651210553895e-01
1.306402225815333606e+00
1.220959218862460727e+00
8.945819275144276106e-03
1.342176756663754134e+00
1.140960143234400759e+00
3.408664677323016146e-01
1.537533317261888577e+00
8.813496022250282280e-01
6.966576430093095462e-01
1.460091624542988020e+00
5.261112214428893541e-01
1.005089247152723297e+00
1.420402218649233328e+00
2.400772110338043885e-01
1.230618974279061861e+00
1.313943928710552322e+00
7.709487616413650268e-02
1.502499194505807267e+00
1.011912289956464761e+00
7.617591596456915193e-01
1.580929555364711359e+00
6.798345613483141037e-01
9.144978878019840440e-01
1.359292151306012109e+00
4.603850549855466046e-01
1.052680869801928099e+00
1.265624542415413778e+00
2.147571019605145834e-02
1.297300958695701167e+00
1.060838064321066643e+00
2.561333679142795416e-01
1.549780894441947554e+00
9.557372955902189160e-01
6.063444240754826131e-01
1.504277662990793019e+00
5.474050571633184425e-01
9.931601340543620982e-01
1.558730549461740056e+00
2.279428432826191286e-01
1.211272685624464884e+00
1.319012123555778127e+00
8.669292366275140049e-02
1.450789880131136300e+00
1.061586866844589805e+00
3.366296501210446213e-01
1.441400229593967852e+00
6.817996981874898665e-01
8.720343519455640013e-01
1.544585692947785915e+00
3.882194643252041000e-01
1.107815634173144881e+00
1.179896179317226235e+00
3.158192028547190944e-02
1.369172298105522767e+00
1.204234704707704218e+00
2.578036278908695800e-01
7.030577998760982432e-03
8.916824907190047389e-01
7.071857493240295556e-01
1.487308962235895482e+00
5.806154058500585524e-01
1.062177533321955192e+00
1.368108763582319698e+00
1.626768881720260518e-01
1.261140683607851143e+00
1.047298220738459351e+00
2.209768625406036135e-01
1.330576479116742039e+00
1.471063742351181203e+00
5.943423205269550147e-01
1.595889072205747494e+00
7.375983597782117540e-01
9.097888006398728855e-01
5.739395809155100059e-01
3.274440073271024931e-01
1.160449054795324786e+00
1.427319133849737076e+00
6.523875831502695677e-02
1.328649077415393620e+00
1.139858518425727496e+00
4.188119134826109313e-01
1.536805399581842035e+00
9.444792299156444804e-01
6.594302685876944903e-01
1.576643273200615702e+00
4.227552533394083323e-01
1.056273360578376730e+00
1.530947548357102450e+00
1.103143424875616813e-01
1.334904438846062025e+00
1.277502303051652133e+00
2.070864097408323112e-01
1.458384684178849922e+00
9.623770715273088916e-01
5.096146573584565687e-01
1.509538670565006679e+00
6.894998127746462258e-01
7.974119809258899405e-01
1.484318676420272265e+00
4.504685351995301179e-01
1.234876382480559309e+00
1.317126108852312072e+00
8.020528875567177474e-02
1.457673295413715264e+00
1.212523434014568080e+00
5.781489990787841426e-01
5.088181366803278260e-01
8.191957229921894568e-01
7.467623131204839115e-01
1.606816098467759080e+00
6.924435633422054703e-01
9.425755292677329145e-01
1.341460572298728282e+00
2.905089357281111506e-01
1.326455649091302647e+00
1.347275551645086944e+00
2.545060359198044742e-01
9.630067778855667671e-01
9.468877759102648506e-01
5.341218926619525353e-01
1.550308536587052144e+00
7.825935938123350644e-01
9.677003471339252760e-01
1.540041532243493272e+00
5.355345671233262550e-01
9.535226742559708146e-01
1.380834539878905920e+00
1.411424377797824148e-01
1.255838680442340705e+00
1.128039077568469217e+00
3.043351557515203698e-01
1.646916884732535724e+00
9.845081679985409062e-01
6.012055926661080685e-01
1.499367548845897069e+00
5.328026589870323848e-01
1.091590803182880487e+00
1.382977712153738770e+00
2.594037211772032836e-01
1.306765669093596482e+00
1.165549960017731035e+00
1.166684067290537363e-01
1.450565703036446275e+00
9.794412224189614768e-01
6.542660618125935024e-01
1.329232830564486934e+00
8.017061132306938509e-01
1.078952679063075459e+00
1.513853060392142513e+00
3.961659045968649040e-01
1.606540556650422058e+00
1.376288164668163727e+00
9.748192563005124434e-03
1.429974561924863385e+00
1.032740405801122030e+00
2.715588472798443620e-01
1.532127647880355825e+00
8.459249053407479346e-01
6.668867333392062280e-01
1.486424365151443050e+00
5.556887868534959862e-01
1.010332225398926420e+00
1.313773928507172339e+00
1.987760265739565990e-01
1.381986135933960469e+00
1.258921037160338541e+00
2.195271442030082842e-01
1.388122269792192665e+00
1.074566714195103412e+00
4.914004178171018089e-01
1.588244721425228434e+00
9.914662211493494581e-01
8.120845543175098102e-01
1.454819313509626122e+00
2.640016174392614268e-01
1.019608057213464702e+00
1.366900780376629987e+00
1.693045656104027324e-02
1.334146162637998456e+00
1.215791878099376833e+00
3.252196705580385760e-01
1.460651174694827414e+00
8.971384448910858511e-01
6.387735507715320837e-01
1.422622547433424645e+00
6.897862457140395698e-01
9.945304580192296795e-01
1.434850832696848544e+00
2.490455019700330286e-01
1.476555563721906994e+00
1.281170841067303945e+00
1.290128366752703870e-01
1.402483807644828717e+00
9.493128657112100965e-01
5.758041309666055430e-01
1.486372022070024501e+00
6.450528494632725707e-01
8.493632923257525835e-01
1.493620909990287071e+00
4.541069881926826923e-01
1.218247293136184739e+00
1.269632903405149005e+00
8.676437665887039297e-02
1.406568361768084863e+00
1.422111083568732282e+00
4.543179338492178698e-01
1.454015793210404528e+00
8.456121102809673884e-01
7.797036106319705784e-01
1.556787854571268337e+00
5.274323718221725077e-01
1.040248544473690417e+00
1.419628968166342098e+00
2.375965691465569685e-01
1.288688049050087381e+00
1.291245832147233319e+00
2.777836650709458177e-01
1.452080652537816707e+00
9.563453179352360278e-01
5.528752175232909405e-01
1.242678909539085108e+00
8.286607038090417765e-01
8.655547733298399882e-01
1.482323053458446838e+00
3.934301744845410398e-01
1.179448505111097445e+00
1.352731529166668611e+00
5.873346004305576851e-02
1.439080684620882566e+00
1.195403199739356825e+00
3.611227654578632595e-01
1.313012620774056893e+00
9.133068642196650044e-01
7.826067767769719907e-01
1.535790906795424515e+00
5.073820333433379792e-01
9.540866418461541043e-01
1.420616721546937411e+00
2.622443907196373991e-01
1.115074049085982066e+00
1.328636415025412187e+00
3.260491617044098955e-01
1.386419704877162706e+00
9.398867273598383587e-01
6.727693428514505136e-01
1.561277115723424203e+00
7.667003249841575219e-01
8.569359574259198808e-01
1.385115441186879792e+00
4.476190633079197845e-01
1.121064699932581066e+00
1.336043562141501662e+00
1.622605162660483991e-01
1.256244610653732607e+00
1.350701107481810714e+00
2.917525966073284960e-01
1.486850510294630778e+00
9.877838083627459298e-01
6.811033978893942242e-01
1.466628522868554718e+00
7.146029013108765593e-01
9.834328147658996100e-01
1.468375715898846190e+00
1.840142612528982147e-01
1.203373471105664283e+00
4.762949240128131478e-01
2.503574130286180255e-01
1.580642412385118378e+00
8.884518447287317322e-01
5.658054840214240544e-01
1.604151207752416042e+00
8.483810355037118001e-01
8.794433441650908456e-01
1.561394538237631302e+00
3.861816277764663075e-01
1.001149075684166556e+00
1.437532575795840151e+00
5.307038429396700174e-02
1.268210685663969883e+00
1.070676304246422683e+00
4.155389906009918088e-01
1.456642671041612491e+00
9.068445142681804683e-01
6.877974595412416070e-01
1.418252516624539661e+00
5.718174514511085160e-01
9.591807549564687063e-01
1.548259395467197930e+00
1.106152970514356348e-01
1.321868024368209271e+00
1.206905900555011568e+00
2.351506690002221067e-01
1.504574082173357974e+00
1.523523002137934679e+00
4.845155262145920405e-01
1.563681900260372792e+00
6.809246588538813150e-01
8.681317523987044371e-01
1.476874192211537373e+00
2.796985715853940735e-01
1.279304305973374634e+00
1.287335791601273982e+00
6.050151019425437787e-02
1.340928030107206403e+00
1.121657881953183056e+00
3.573861834886865596e-01
1.527717105367819794e+00
9.679007369717896880e-01
7.184718065187708502e-01
1.638373735586486246e+00
5.050492025859714129e-01
9.780934907899714315e-01
1.499717180842936370e+00
1.284816217686545470e-01
1.329463032474545781e+00
1.265656677647128969e+00
2.215882522394427290e-01
1.315618080582598104e+00
1.121453084442276316e+00
5.998294332477727142e-01
9.580637104437432772e-01
8.175060906032826091e-01
8.633671456407200351e-01
1.332056184925753950e+00
4.664363273336616378e-01
1.041127434914363548e+00
1.190766356313555985e+00
8.335869681999982794e-02
1.212887287673745984e+00
1.202874963048475854e+00
5.876229459690784918e-01
1.466959644291760956e+00
8.986113481553655857e-01
8.001502154269390932e-01
1.553569667737507043e+00
6.385250832459781201e-01
1.328298975022184969e+00
1.374460763262447704e+00
2.665200834723422951e-01
1.249470899939721047e+00
1.334665702010788157e+00
8.165337563276070521e-02
1.394280896555601501e+00
1.070233624959989305e+00
5.043517872251478407e-01
1.458860019609513392e+00
7.266287710090449936e-01
9.594427348759582141e-01
1.363227592850020653e-01
2.748044364132878337e-01
1.123205521540592056e+00
1.445395084259058160e+00
2.002044785455930898e-02
1.346521439604775994e+00
1.197187877328470762e+00
2.450253034145931097e-01
1.425346374109476733e+00
9.488113867561552839e-01
7.137560922459957879e-01
1.382737357053489990e+00
6.533435573624831738e-01
9.570787167359110503e-01
1.520658352185633611e+00
2.804926999156565071e-01
1.200550963794372983e+00
1.177009167616230867e+00
6.518037822731723163e-02
1.554516493827476253e+00
1.022935808958664206e+00
5.920837347948534335e-01
1.528444734426410045e+00
7.908178686878079011e-01
8.334191834339527150e-01
1.584401493668729177e+00
4.049280590194616058e-01
1.210304167495226846e+00
1.423723596080279874e+00
3.148151179911116981e-02
1.240139699833527676e+00
1.217584469415325943e+00
4.064366598803482722e-01
1.452303548162366287e+00
1.023997855034514792e+00
6.838836805935386565e-01
1.390844541564760783e+00
5.087284268192082681e-01
1.134718951604399173e+00
1.407935640457229187e+00
1.277456094114369223e-01
1.198367289844479489e+00
1.256536020818120214e+00
1.065957166375187115e-01
1.398646697678419759e+00
1.033883201754570491e+00
5.639938257336991612e-01
1.521470203925674891e+00
7.215429748224869710e-01
7.821895048792489868e-01
1.505320815294700187e+00
3.069228511358987888e-01
9.868130876040744903e-01
1.431809535171788550e+00
1.298893159718806922e-01
1.283048804739370441e+00
1.145566233986095250e+00
3.774660158739838733e-01
1.307370471653109156e+00
1.151897513899380998e+00
5.143345645157829660e-01
1.401246292763598467e+00
4.880799425238483424e-01
1.051201692417281564e+00
1.518950088316352476e+00
2.700139460215699727e-01
1.267061137781378966e+00
1.232886121605591745e+00
1.867211396544393720e-01
1.305625224486858915e+00
1.150250431093342351e+00
6.966009948592442047e-01
1.439695806761818409e+00
6.881217685794164263e-01
8.919890274214796744e-01
1.542705518712911283e+00
7.638211541892123702e-01
1.135279211422957735e+00
1.437693794194446761e+00
1.197366468299918829e-01
1.419445775566128942e+00
1.160572050373588571e+00
4.191303318298127967e-01
1.511005359202572285e+00
8.119580697824859694e-01
7.919152786891795470e-01
1.621735731303744599e+00
6.440948193025067825e-01
9.812643872690280933e-01
1.407773353687491458e+00
1.450633420182444178e-01
1.103511786537703987e+00
1.210891550799502836e+00
1.324699530270715686e-01
1.401349830976451605e+00
9.656032521494010146e-01
5.410776667314703969e-01
1.598812961726191695e+00
8.237342194127026396e-01
1.027884992655607288e+00
1.499124742431610313e+00
5.182179212230715315e-01
1.099616835950838478e+00
1.214858080733244527e+00
4.520293836676732985e-02
1.344979068570358205e+00
1.081744930169485253e+00
3.290720378280249103e-01
1.348856020673526945e+00
1.316999495202377801e+00
6.698256406065312696e-01
1.448890274298407776e+00
5.416485261494923265e-01
1.079885509551183453e+00
1.443151279673628995e+00
2.072172327992030938e-01
1.281289932009961108e+00
1.457887473134881651e+00
1.266743544021198264e-01
1.333515686232044528e+00
1.054516476872368713e+00
5.322298558022792170e-01
1.332301202996711620e+00
7.811590662433643972e-01
8.420889002192808448e-01
1.445071668076119531e+00
2.734172539511304789e-01
9.456625082929673853e-01
1.340982660427274986e+00
8.774522916885041379e-02
1.415242442392265598e+00
1.216258185475328046e+00
3.584900855720573598e-01
1.393013951883403490e+00
8.219938175167276206e-01
8.116988002522549372e-01
1.452462489710602878e+00
5.584557721768395044e-01
9.716885802196425503e-01
1.493807108864861233e+00
2.410470490981034553e-01
5.121767700624626496e-01
1.320653522800661506e+00
1.564845170872516122e-01
1.421887712566499262e+00
8.761451491173127826e-01
5.961522431977416270e-01
1.509314022930940524e+00
6.500610817707781486e-01
8.393853557301884649e-01
1.494176061803373923e+00
4.430190968286867870e-01
1.085166076587016581e+00
1.300551054790644478e+00
3.121551524816802703e-02
1.291256840290875285e+00
1.211554377632502399e+00
3.274362365014608645e-01
1.398313013158176910e+00
8.146356307206920055e-01
7.900094898125957776e-01
1.454738770831851324e+00
5.710367873329801336e-01
9.401995301044939746e-01
1.406969289250162625e+00
3.000588154886397740e-01
1.343017983437279961e+00
1.135910350661230028e+00
2.293908287707519256e-01
1.480429641050335698e+00
9.585882132052366833e-01
5.794119594894919789e-01
9.960357525766089237e-02
6.880115290801304129e-01
8.230917046133353621e-01
1.513447024714789757e+00
4.398460581612407827e-01
1.067550571058195397e+00
1.395768066950821007e+00
4.868534649562202693e-02
1.297128117757298416e+00
1.216171206741762711e+00
3.779442128712753313e-01
1.418767588166700788e+00
9.939883134062960091e-01
6.082273135642343176e-01
7.533697263147757228e-01
5.826187512979427163e-01
1.295836655196383136e+00
1.370277516294866160e+00
1.937733948768544101e-01
1.385895410473345413e+00
1.233461010166921001e+00
2.033129113432519952e-01
1.587195350948326533e+00
1.010650336970715379e+00
3.783406751741127394e-01
1.496794296989599982e+00
7.157420883891214558e-01
8.315318279338148599e-01
1.507558528624429961e+00
3.085098266145976376e-01
1.303532260700591028e+00
1.309714569860987998e+00
1.030848652849651048e-01
1.423761200775876645e+00
1.606868879302260744e+00
3.243970719090234489e-01
1.524128370705869040e+00
9.129339226716058908e-01
6.431528122888562349e-01
1.562306955455322166e+00
5.477508049089884201e-01
9.238081117266214726e-01
1.436497667466990036e+00
1.040732299485251922e-01
1.241949084338982878e+00
1.220221923727593305e+00
3.062982474885213580e-01
1.487860455397492343e+00
9.673772103675518652e-01
6.979798357170700074e-01
1.498418289918537649e+00
7.557522478808276212e-01
9.463049144073640839e-01
1.468433706860451604e+00
2.610949513325466764e-01
1.051048348371811825e+00
1.245494420362938559e+00
6.819271179123974347e-02
1.299233150745976006e+00
1.123196579096909620e+00
4.461445557356507607e-01
1.441768731733979347e+00
8.905492104525283281e-01
6.330371834946707521e-01
1.524276510300068832e+00
5.616455642506547052e-01
1.020640495993691887e+00
1.495503621056500254e+00
2.218062287931712173e-01
1.233049067869220972e+00
1.253574233930389026e+00
1.869814853192277582e-01
1.439213228836788261e+00
1.034892384856256786e+00
6.047308689251774672e-01
1.392988950100999546e+00
6.670181789167102249e-01
8.752060399979112448e-01
1.503829360032610252e+00
3.709592903990729384e-01
1.057770103901452874e+00
1.324581838569447001e+00
2.382618367239891510e-01
1.305263642440076977e+00
1.275185862990424468e+00
3.456592307290379251e-01
3.285694621844729713e-01
8.283601342729945971e-01
6.508275322254915007e-01
1.552907887647137608e+00
5.292127699971580501e-01
1.058656689285452535e+00
2.820669447537177965e-01
1.150187075986492391e-01
1.272493767428406031e+00
1.235673019247351290e+00
1.532784260226896234e-01
1.354937739731133295e+00
1.208877422875952012e+00
5.359728928355980138e-01
1.463697131287250208e+00
8.590197255941549592e-01
8.528580790290268832e-01
1.425605847385037261e+00
3.432190624924136291e-01
1.026539276633553932e+00
1.370272364274827792e+00
4.037023205657272462e-02
1.383649748294197179e+00
1.111974961864134137e+00
3.669208065988995848e-01
1.518039884737883316e+00
7.837485044814728186e-01
6.281411058166427308e-01
1.581898341750877401e+00
4.595312688018015623e-01
1.305768883400499236e+00
1.380025573039997511e+00
1.715653222651011556e-01
1.310496219496101622e+00
1.253656977380471549e+00
1.435682784443117477e-01
1.360865320461400740e+00
1.089530466439207146e+00
5.800563672898714218e-01
1.559328258317447702e+00
8.081921053335331395e-01
9.644785548060921254e-01
1.408025257954272913e+00
4.325718131515844944e-01
1.167080516639698473e+00
1.260558847910906222e+00
2.439430743156248971e-01
1.438041752706044951e+00
9.685829593548971328e-01
3.123490303952798364e-01
3.232815669566544980e-01
9.662547317058564067e-01
7.741444551641557537e-01
1.618651752287304513e+00
5.271124360363226291e-01
8.433257204871656976e-01
1.697415338832661380e+00
1.029324645087962564e-01
1.251894328427999969e+00
1.356294981543905154e+00
3.695906437917723109e-01
1.416871967471578619e+00
1.098755063382822694e+00
5.408026621303340109e-01
1.324074192768546876e+00
8.040839120296044973e-01
7.786679139384535819e-01
8.038980049332372646e-01
3.366198421476767066e-01
1.126139835567230518e+00
1.231169441639579309e+00
5.883322157403703123e-02
1.387188458479808206e+00
1.144417966364799755e+00
2.557130452194919523e-01
1.505220406298729552e+00
9.084193960912485544e-01
7.887632693782725690e-01
1.468516906428671831e+00
5.915031902594414248e-01
1.001920666775232061e+00
1.502895454789035856e+00
1.966243159129973384e-01
1.290229677612831027e+00
1.153618136694201768e+00
1.866884365943362600e-01
1.380693748212269867e+00
1.114728468945274775e+00
6.606941923792063465e-01
1.418398449331930378e+00
6.927607582857849833e-01
8.308663739306061391e-01
1.482104293733750744e+00
3.982242182527570562e-01
1.174120514059593612e+00
1.315113326856528486e+00
1.638589397456777785e-01
1.251599880296149214e+00
1.114269176922501714e+00
2.804879981415911994e-01
7.360060288930687644e-01
9.201154223549673494e-01
6.896543970554456227e-01
1.037534931839135144e+00
7.988798979961483360e-01
1.027943660865292763e+00
1.531033675510377723e+00
2.251668891537270956e-01
1.161397215685082251e+00
1.118862041916636185e+00
1.389542448731905522e-01
1.462098691943003459e+00
1.201197711453092287e+00
4.997782928561201876e-01
1.477062863557498495e+00
7.776303632612888705e-01
1.226766081877147085e+00
1.367901681976633199e+00
3.755764455445629313e-01
1.205403147280366127e+00
1.324378503917030381e+00
3.397060287262960304e-02
1.297462580589878955e+00
1.033368119386767869e+00
4.561051353243099071e-01
1.490828192141131270e+00
1.032105434608374894e+00
6.413479772610691798e-01
1.680098307750331532e+00
5.804477642205018162e-01
9.562329095747136298e-01
3.933877782037680237e-01
1.852740445572292338e-01
1.168061573229364436e+00
1.376452281058508031e+00
1.293833427088498522e-01
1.507500729313279830e+00
1.073347186094816497e+00
6.428214391066392475e-01
1.363027959040352233e+00
7.872183889824564407e-01
8.458342323848421218e-01
1.479661356176945608e+00
4.722014825492459877e-01
1.127454881329785552e+00
4.488641982152424825e-01
1.046049539230190922e-01
1.349551334879505848e+00
1.121455939739419039e+00
3.081280876939408442e-01
1.451992372372123752e+00
8.211809126746392185e-01
5.853553265982025522e-01
1.556267688687328787e+00
5.604849733730755679e-01
1.095174286183445700e+00
1.525582208380151794e+00
1.260108406677620252e-01
1.199259989672778248e+00
1.436068900559265060e+00
1.443599366599694900e-01
1.357939277161780423e+00
9.736897238189060610e-01
6.541601072017864116e-01
1.430065865579837725e+00
6.754521220082401189e-01
9.452356156466674708e-01
1.592982730637888755e+00
2.859894383188378852e-01
1.067092222711350624e+00
1.330289974512287809e+00
2.048463348493459804e-02
1.268163472392719315e+00
1.348637898010711211e+00
3.771988556457418484e-01
1.538083366099511684e+00
9.683186317518069908e-01
8.594437072642348019e-01
1.479637826095659081e+00
4.906661797594037977e-01
1.004401655610209332e+00
1.549894548847268405e+00
2.533816970622744247e-01
1.145284268618016466e+00
1.307871739878491146e+00
1.615109423599026817e-01
1.341047068884613447e+00
1.118019230120957053e+00
4.941819812813282864e-01
1.416687311703077823e+00
7.936894224783062057e-01
8.652280867017700938e-01
1.481391829140282113e+00
4.335823032324048754e-01
1.038287620226293395e+00
1.428876774845311726e+00
5.044226368208627048e-02
1.419601607730023751e+00
1.157937530723298636e+00
2.890529958655967402e-01
1.561732587969891783e+00
9.209718272468785383e-01
8.985460275051807555e-01
1.660208097962248219e+00
5.106089718135258249e-01
8.458198864257695515e-01
1.390368555164109621e+00
2.017791456181320664e-01
1.304973366908103394e+00
1.298743670962624774e+00
1.916139990156158490e-01
1.420661346776711298e+00
9.779008600247470762e-01
4.742416635043900652e-01
1.483575742912231821e+00
8.201570272894607161e-01
8.725844416886739952e-01
1.472144024340673818e+00
3.831195284674261403e-01
1.190450060686682132e+00
1.335689767964308050e+00
6.346228829882169520e-02
1.237425237239094811e+00
1.067263661438630828e+00
4.282824295387592795e-01
1.397383155644089658e+00
9.084808038563537691e-01
7.288776853326444094e-01
1.326488154406257003e+00
5.875601529560792180e-01
1.046253331060335912e+00
1.438042494466184484e+00
1.255584113659138912e-01
1.149963384381682996e+00
1.267358607715233010e+00
8.127555220534010694e-02
1.419344579294673725e+00
1.019060459764264071e+00
4.229788577483307721e-01
1.625031324070444150e+00
7.572204088333750471e-01
8.812213768778878187e-01
1.494341469115740839e+00
3.903208708509053326e-01
1.112939106585352222e+00
1.372060996676501610e+00
2.480017352973523312e-02
1.359370695024038067e+00
1.082402276396748464e+00
2.928710009658506142e-01
1.551273568749863774e+00
9.335125920693954082e-01
1.023824458044451990e+00
1.459341420174787407e+00
4.337039991707974940e-01
1.511434676574996194e+00
1.430538469972969073e+00
2.336098101664711713e-01
1.304699875290551203e+00
1.246063575740185225e+00
8.204434620973542758e-02
1.305612694265619433e+00
1.032597068242398608e+00
6.545290664465783781e-01
1.576849476942707939e+00
7.557909720818684063e-01
9.228862110275294350e-01
1.505868993225707886e+00
4.678594665829745036e-01
1.136342496706323812e+00
1.244314155430198632e+00
3.088675917713582658e-02
1.385310937940268383e+00
1.131070833978277568e+00
3.648742302620182065e-01
1.645720376337062474e+00
8.753883651179467096e-01
8.311721555259158345e-01
1.666281705642389310e+00
6.908192116558677931e-01
1.068747491739349353e+00
1.479144577970316954e+00
1.494987573955882665e-01
1.065581957163232119e+00
1.309841943683789589e+00
1.661506997254034654e-03
1.483007495928085451e+00
1.012575715247524988e+00
6.124967189447824145e-01
1.541966763262394347e+00
7.040585482331785938e-01
7.553278803781219297e-01
1.437251866081243667e+00
4.804958587720545293e-01
1.222313674771665415e+00
1.348373537780110931e+00
1.242369107741520262e-01
1.388173006661529874e+00
1.030245626389412195e+00
3.140353948803267237e-01
1.417031946168839207e+00
9.558502311281400488e-01
8.914805292089674760e-01
1.518875158197771746e+00
5.112292706303815937e-01
1.055671827455843648e+00
1.472780178899483428e+00
1.617273676639928159e-01
1.402829445326556845e+00
1.181539289543449778e+00
1.275027335179553800e-01
1.504311706630852452e+00
9.676968119674074220e-01
6.668328735072849289e-01
1.529841387960103827e+00
8.041110209433843803e-01
8.392848531214698315e-01
1.426555929176207993e+00
4.321527496302239868e-01
1.101179688941540613e+00
1.142929052349243024e+00
4.456831159987375418e-02
1.406635880059601940e+00
1.088769027973737202e+00
3.597693848925233029e-01
1.598135554543823167e+00
1.000372207960301463e+00
5.539602016921886252e-01
1.510583494020743434e+00
5.370908331479856690e-01
1.373646563559996148e+00
1.611269041960521120e+00
1.208806240451578279e-01
1.388428278391877546e+00
1.239849796464108866e+00
1.153230662485968117e-01
1.335900396392619260e+00
9.093684661155136961e-01
5.670240208358573453e-01
1.561229660702056377e+00
7.948590761740249588e-01
8.678041187548363178e-01
1.512262849654941288e+00
3.644885640560669993e-01
1.355920672521493620e+00
1.184579770497268036e+00
1.719591750743079683e-01
1.492002964886769423e+00
1.275230036694112945e+00
4.220080674465847004e-01
1.527278925200687532e+00
9.127840475618115290e-01
9.458337404907357637e-01
1.523908931955803681e+00
6.239854255566732455e-01
1.161300829467020179e+00
1.396021118835418351e+00
1.762267877172249142e-01
1.048454821614058341e+00
1.405281993931110973e+00
1.353301962354528931e-01
1.427894614248185867e+00
1.051581805574349993e+00
6.275567620070071628e-01
1.495001030178678914e+00
1.040794793697642717e+00
9.232732096514605358e-01
1.503814392087016616e+00
3.973059259006801458e-01
1.076019238147096768e+00
1.452417529869549639e+00
7.903482966038896662e-02
1.337892614350951748e+00
1.163275467281217113e+00
4.344927772722740333e-01
1.559622975523807353e+00
7.999297273328375146e-01
7.015964697844481179e-01
1.564309592859928211e+00
5.280882840742948670e-01
8.898336232840441395e-01
1.464581488374735674e+00
2.802205546528017677e-01
1.379105111993832233e+00
1.319829186464456017e+00
1.432037231337972560e-01
1.346769809225541348e+00
9.173740828607708231e-01
5.679446187645870170e-01
1.455709194252741590e+00
8.077428512323977516e-01
8.309389681472210132e-01
1.473723308812466826e+00
4.133983909160699466e-01
1.170294135759368581e+00
1.442338750058073771e+00
7.214936286582396274e-02
1.288069810621463862e+00
1.037980637186407984e+00
3.801243679911485707e-01
1.459796625195876274e+00
8.363778782856625682e-01
7.387553411624250277e-01
1.460733168554057659e+00
5.401391152327664757e-01
1.059791204172535473e+00
1.395073266750716190e+00
6.465151554048595428e-02
1.312682932642566191e+00
1.244821486191510562e+00
3.124801063424668124e-01
1.464780296100216983e+00
8.952217493432325091e-01
5.842432258632653808e-01
1.635829957849179284e+00
6.708240263122695612e-01
7.702877285674597507e-01
1.495608529423480881e+00
1.430918198588984336e-01
1.119090919627068414e+00
1.420549613029220781e+00
6.935269212591395338e-02
1.407421464588931137e+00
1.194405596389415791e+00
5.143719301670096611e-01
1.534018399650076470e+00
9.738938385972063516e-01
6.621994974166773851e-01
2.808001304082959337e-01
4.250270947423304690e-01
9.635899225793738143e-01
1.478649167340269521e+00
1.380089914878967206e-01
1.181413791903193289e+00
1.230794139156762945e+00
3.255204185036181808e-01
1.403045862457519721e+00
1.061593142701832582e+00
6.010419738378031118e-01
1.579294859762430780e+00
6.285005016703485436e-01
9.734518752189105228e-01
1.500967038053203195e+00
4.141330554530991970e-01
1.101462770582392503e+00
1.307290567438025519e+00
3.401728656418263885e-02
1.369165204941738878e+00
1.151526253709741932e+00
2.832065729952398248e-01
1.441509764846998998e+00
7.984194124975502183e-01
5.989390549416553355e-01
1.466058305318518329e+00
6.733956743796715161e-01
1.084486479064135533e+00
1.573980863978135414e+00
1.985042439251059609e-01
1.232820336870325217e+00
1.323182510448561500e+00
9.969637485990938408e-02
1.344046661602668280e+00
1.147944758042045876e+00
5.010186708987836024e-01
1.464235247146584706e+00
7.707911287227248165e-01
1.505617366762725284e+00
1.432416304583572275e+00
3.916343959184193091e-01
1.133563681087586650e+00
1.395612337183923746e+00
5.057851662764609180e-03
1.349087590749801002e+00
1.186555259050209088e+00
2.764280138248776941e-01
1.358516746878275727e+00
9.362476742609462388e-01
6.659724930440740209e-01
1.487244386117634987e+00
5.927266902299186402e-01
9.274729351089548990e-01
1.340161600762151739e+00
2.372955081755634132e-01
1.335789734698931364e+00
1.360781920467130313e+00
2.058279789397116366e-01
1.282158751982419354e+00
1.003419449290855026e+00
5.299989301481590198e-01
1.585778322206978785e+00
7.182345239963224826e-01
8.456069540721792288e-01
1.589701383019809011e+00
5.460242195989220004e-01
1.223884186331835267e+00
1.419499229922400740e+00
3.842737861157700940e-02
1.300797768557608425e+00
1.028554226483614276e+00
2.677581572458469505e-01
1.435957297818145628e+00
8.280140362345846938e-01
7.733422656263876371e-01
1.324358981299005755e+00
6.250722900542775573e-01
1.016967481554794217e+00
1.425767004398861504e+00
3.849902421700441835e-01
1.169484318548722035e+00
1.148253129005391227e+00
2.404544893344952861e-01
1.424629305392262069e+00
1.017858532660526505e+00
6.355034902362555194e-01
1.563406589966564786e+00
6.015937455515202315e-01
1.011154111989892357e+00
1.357988609378212974e+00
3.252641709009310711e-01
1.225324939583781303e+00
1.315515183152170087e+00
4.194788343671467662e-02
1.518643189815662042e+00
1.199160256098816157e+00
3.255798854938643516e-01
1.441954843792029983e+00
9.032053880261026180e-01
7.112857064988207245e-01
1.465728556536456617e+00
5.839361233898953119e-01
1.028660459113381220e+00
1.478867488694144194e+00
1.161620218380643860e-01
1.309072736116133173e+00
1.959079614028260141e-01
1.829507309025840134e-01
1.406120130017772363e+00
1.215630934670786312e+00
7.435634300224043258e-01
1.467697314193686431e+00
7.740317107987931822e-01
8.686778184155515836e-01
1.515369305058629879e+00
3.699759319131570856e-01
1.099207924371135681e+00
1.363747276353730387e+00
1.065803703824540066e-01
1.239618044765819826e+00
1.222472394239039861e+00
4.172233427755725477e-01
1.542790397316046835e+00
9.045573324005242721e-01
8.050279719796515909e-01
1.460316227849308257e+00
6.952758459444440264e-01
9.249254133424790192e-01
1.441973607415877989e+00
1.553121264098357990e-01
1.293029592832396490e+00
1.390910304224873606e+00
2.471289509979954779e-01
1.428480200860857474e+00
1.027266486947443713e+00
5.674852801555421156e-01
1.643957370495226611e+00
8.159001770788396612e-01
7.388994613540286194e-01
1.554081684094428706e+00
4.067359592580002681e-01
1.123339293884721091e+00
1.450070060329150090e+00
1.717438517245814256e-01
1.323589101260177703e+00
1.117335427290207850e+00
3.254841874286673598e-01
1.428428711706974941e+00
8.691672476797488445e-01
7.080870175120217436e-01
1.526195583092145647e+00
4.825199303057189915e-01
1.166307377606355278e+00
1.547191360049871234e+00
1.498611172433378103e-01
1.288868020783138890e+00
1.349813826191567534e+00
2.150525698907554129e-01
1.408128193835147313e+00
1.114096955140755574e+00
5.572204075640447840e-01
1.496485703455626703e+00
8.171533453854753493e-01
7.971480569638248470e-01
1.523011476018049093e+00
5.148033669789854327e-01
1.196471964193311699e+00
1.432945705920124935e+00
5.879473175277592778e-02
1.383402639860114025e+00
1.157795796109829523e+00
4.595955167320805446e-01
1.559692587900340044e+00
9.301188463602040324e-01
6.358932359447890814e-01
1.573380191672965500e+00
6.025524794215284530e-01
9.420478866321961853e-01
1.368537853998720966e+00
1.663813990229233986e-01
1.383270058413056169e+00
1.225950710187405646e+00
2.487328413764088308e-01
1.407456419853774454e+00
9.564951949492020988e-01
6.549670451200270138e-01
1.647659281627620986e+00
7.630107554488334554e-01
9.402821441796990198e-01
1.454983778898143676e+00
4.611663609911121897e-01
1.238004790242546616e+00
1.661221506948677540e+00
1.822017301823640745e-01
1.344439897786007032e+00
1.161832304733078081e+00
2.819245932704825264e-01
1.425768988032203533e+00
1.120071440509045058e+00
6.975109674233630486e-01
1.558477479549792433e+00
4.858031271923407557e-01
1.080857595437435092e+00
1.544928195753110245e+00
1.681882037549367048e-01
1.289680221418340267e+00
1.241310408692558376e+00
1.306067725033643601e-01
1.290622270705729546e+00
1.024572954806972858e+00
5.158384803835049937e-01
1.556362343409028570e+00
5.703553673775559885e-01
8.475889358068551260e-01
1.408568189636878243e+00
2.579516397373580183e-01
1.058406114774646634e+00
1.181869833418540239e+00
8.134340275462936809e-02
1.332460509202236576e+00
1.165956311889847719e+00
5.300238845705207424e-01
1.395356605766382430e+00
9.166701172250037999e-01
5.084040626553557596e-01
1.489981839912068562e+00
5.839978941784342847e-01
9.771788024771782544e-01
1.394721125896518199e+00
1.641542102410892545e-01
1.281018167435154398e+00
1.193779500478086675e+00
2.643775841451452835e-01
1.509015084129080808e+00
1.246984301788936822e+00
5.897824292526280265e-01
1.468124009397539842e+00
7.129931304578429607e-01
8.933641381383479185e-01
1.378414851031924293e+00
3.602757595426819837e-01
1.257907363440213366e+00
1.294147898257160367e+00
9.857071333202085950e-03
1.256821761068262822e+00
1.087414597051054255e+00
3.847923172583784246e-01
1.531463901237105629e+00
1.117966231709095037e+00
7.245258734073410922e-01
1.565996222420037221e+00
4.657133050550551490e-01
1.107070020285402911e+00
1.592782167024310747e+00
2.429537646232662607e-01
1.410513764294232919e+00
1.246157437665604828e+00
1.211244486412987320e-01
1.402204084957678010e+00
1.096859655961768265e+00
6.183710760730558587e-01
1.356068811372763028e+00
6.922276070897401823e-01
7.745480755310759635e-01
1.536349221592193670e+00
4.554438589419286254e-01
1.127903866513789488e+00
7.673155435868589391e-01
6.066275231105083127e-02
1.241990070077893638e+00
1.175356251276571173e+00
4.110646952136180476e-01
1.418668295766113641e+00
8.827782578756251386e-01
8.414599403257967403e-01
1.396667398559535034e+00
7.200715253228895385e-01
9.836290766912492156e-01
1.475747940030328387e+00
3.617890616363605427e-01
1.286198877689301634e+00
1.284095633360538669e+00
2.261643608985354770e-01
1.467077006688746410e+00
9.556577898803568782e-01
5.775222599218153841e-01
1.508165787413400016e+00
7.922365580097514570e-01
9.538875137257236680e-01
1.431481568572211982e+00
2.405630857173185200e-01
1.210477884118363212e+00
1.201744150334502326e+00
2.887427378156615099e-02
1.288352359766596678e+00
1.167852343156367878e+00
4.278438994361449810e-01
1.568498836935861451e+00
8.199570869729990719e-01
6.307306451299806715e-01
1.422649691731088017e+00
7.033596612840491424e-01
9.888098415060956325e-01
1.396032267258443316e+00
2.009427066390160888e-01
1.268946562535505640e+00
1.233480137055105397e+00
2.391957655081028977e-01
1.417678362898229016e+00
8.720609296407370037e-01
4.727268593299485122e-01
1.428099260995152164e+00
7.448664763354267970e-01
1.097890414223434252e+00
1.559063812816928740e+00
5.099798728667440662e-01
1.197253501674574672e+00
1.419957929124202378e+00
2.343015123168384339e-01
1.299725177484105210e+00
1.204092526492509085e+00
4.210179728101092755e-01
1.525821621845645293e+00
8.690427404104037468e-01
7.698595937031025294e-01
1.505539330965321776e+00
8.607155384113113206e-01
1.012818413037779530e+00
1.417072270426104952e+00
1.069407311365005858e-01
1.271036652768484876e+00
1.250206186600503422e+00
3.424226164023927432e-02
1.361115508818252717e+00
1.015990309048073081e+00
4.905898370516598161e-01
1.524469663371794903e+00
8.554854733995850280e-01
8.219673951407029389e-01
1.525963965347801654e+00
3.208730423214565808e-01
1.175934814703445852e+00
1.354849525293235102e+00
3.763209240101088315e-02
1.356577758442286230e+00
1.168407037457179332e+00
3.486284043179909142e-01
1.432883746009110171e+00
9.629219843166509918e-01
5.709795178710613817e-01
1.546454831298144095e+00
5.747612505854833298e-01
8.979413313673659802e-01
1.438812660154470624e+00
2.142221099353441849e-01
1.295170773470535330e+00
1.198633694421932683e+00
2.243982028657885708e-01
1.518755829612099539e+00
1.093760573098690347e+00
5.182148777962624075e-01
1.527651101627805152e+00
5.870817610594268876e-01
8.415548649437754047e-01
1.417233745418853497e+00
4.077784983621598469e-01
1.091771913500485747e+00
1.397177626781924697e+00
1.996751967822532614e-01
1.491146244754687045e+00
1.119947956247257626e+00
3.051259558791750148e-01
1.470210902987839408e+00
8.611220191384150180e-01
5.612572788169174487e-01
1.546639066713928701e+00
5.238545408846446705e-01
1.029116308686230941e+00
1.447029556948859152e+00
1.778443624978589543e-01
1.303370290177419122e+00
1.335645839123578149e+00
7.683084459987588044e-02
1.426169733228220826e+00
1.224353729774842137e+00
6.067169987619006610e-01
1.531466703165049736e+00
7.858629170694531041e-01
1.175138591507614905e+00
1.523183229142420991e+00
5.286006054239349439e-01
1.424219813593944561e+00
1.443135734676617377e+00
6.791839204291999499e-02
1.337912874292923382e+00
1.043308759085304738e+00
2.983794302726221481e-01
1.370852198928592669e+00
9.268301651030806942e-01
7.389482773090616519e-01
1.417772276258015163e+00
6.228170432675833590e-01
1.049301156805862112e+00
1.411463118889100476e+00
1.423743576636774533e-01
1.388231221688565054e+00
1.214762088096576820e+00
2.000020224518826994e-01
1.408260107179392540e+00
9.373892450622184347e-01
4.931150164573003258e-01
1.391530296053749893e+00
6.180240436435934237e-01
8.393880179079349357e-01
1.498150883263113187e+00
3.948988362570748367e-01
1.199827131706161731e+00
1.381117858600113379e+00
2.192552151935314719e-02
1.314879876215164556e+00
1.055738051474653938e+00
3.544025846757301590e-01
1.316732323244800051e+00
9.585327313152661732e-01
6.426992077555883087e-01
1.453887481992080177e+00
5.282284239725629771e-01
1.067108177340106545e+00
1.354834149781487973e+00
2.190753913722822688e-01
1.260616390045579793e+00
1.241497886046574184e+00
1.343653910694404263e-01
1.407260937834869052e+00
9.275867440616170079e-01
7.038791857197004287e-01
1.562178739573093056e+00
7.079201280970415233e-01
8.763148690713524758e-01
1.467959763631847769e+00
4.919413985949319668e-01
1.139027692677756720e+00
1.349456154178227729e+00
5.408991196499186166e-02
1.391261895929517545e+00
1.566773870346158892e+00
5.141967284443927921e-01
1.464138425439020397e+00
8.839810389667372981e-01
9.094615516791468846e-01
1.510816036558420450e+00
5.248643823924804552e-01
9.806238373246707329e-01
1.422998809714490331e+00
3.924939109484885114e-01
1.242037838840237107e+00
1.195832086858729548e+00
1.701554105743275369e-01
1.552187718495114277e+00
1.063212842626802601e+00
5.511362640067982710e-01
1.479077650501551489e+00
6.627594705300648981e-01
8.360888414983547179e-01
1.470505825714741865e+00
3.153714889634450236e-01
1.274747961295720211e+00
1.390782593748695506e+00
8.219929124148456223e-02
1.297199983030629777e+00
1.184873145482423729e+00
3.646293426676762706e-01
1.492688535810962946e+00
9.481444455541815364e-01
5.495588755087036370e-01
1.741081478170015684e+00
5.902068036199320522e-01
9.866460718565160937e-01
1.525353761769820959e+00
1.689643413447090292e-01
1.335992221032737959e+00
1.262389097415469896e+00
2.123036370420182950e-01
1.290844450456148040e+00
1.386756227343342474e+00
6.579219803597670113e-01
1.560475634159552705e+00
5.934940204971987932e-01
8.881492716358222461e-01
1.359087834761889768e+00
5.043260925450490095e-01
1.205265720260428441e+00
1.386028763494786986e+00
3.741522420201271598e-02
1.473761303204449424e+00
9.878475398338141256e-01
3.251478125780294381e-01
1.416108385741312148e+00
9.993814612121320051e-01
6.289085555851933185e-01
1.481315601505605928e+00
4.573461270542186763e-01
9.569291325174391627e-01
1.566497094966379011e+00
3.017955057193531521e-01
1.256835444569277538e+00
1.306146934258661796e+00
1.671448606913573109e-01
1.414951759016020993e+00
9.514445650800155141e-01
4.595285760902691474e-01
1.608492959592221938e+00
6.734707839130016360e-01
7.731322935943401031e-01
1.571884164833537323e+00
2.994625100039455812e-01
1.063645772691639069e+00
1.383978470416921347e+00
4.418716684112702908e-02
1.512638775059514495e+00
1.249146478457354936e+00
4.806997930204174319e-01
1.447131337818433394e+00
8.526448007982100341e-01
5.049443372950165321e-01
1.442946689352174960e+00
6.286832477885416770e-01
9.212063735042609336e-01
1.398468408462227863e+00
2.574875792535966657e-01
1.258328572399241674e+00
1.160160033820295311e+00
9.100994501049071428e-02
1.466400561133412328e+00
1.013590032323737011e+00
5.691888715272001020e-01
1.480407537320128419e+00
6.974820617929821109e-01
8.201306890124659965e-01
1.557372371802088207e+00
3.408975906422039848e-01
1.589181946115952870e+00
1.274764384629310188e+00
6.530515196918970644e-02
1.315831990226633330e+00
1.279744206901121339e+00
5.212237230761408435e-01
1.521696069346194724e+00
8.719323482975324113e-01
7.063766566304503502e-01
1.520422471810253029e+00
6.380711575497809429e-01
9.124850563687365579e-01
1.360091774523954689e+00
2.861866750503186951e-01
1.315782524563472666e+00
1.176913120568338744e+00
7.286335485527542510e-02
1.432890767463721904e+00
1.046009334820482861e+00
5.412578652502898491e-01
1.400762848659988347e+00
8.547216785193872957e-01
8.961109167537069098e-01
1.398550565895103182e+00
3.382715419221822839e-01
1.162620609224857215e+00
1.356485333786759506e+00
4.920855828002000665e-02
1.266851017423102022e+00
1.114636983455825403e+00
3.361573642256320826e-01
1.391793584309877652e+00
8.423134187692894459e-01
6.694941005207124540e-01
1.587558617516157566e+00
6.309251623841830581e-01
1.031127059613911268e+00
1.480539024984847574e+00
3.474589531701989253e-01
1.235425558484249731e+00
1.200835086273667196e+00
1.638516704789883538e-01
1.356590384052900999e+00
9.055881882264860128e-01
5.780432508471538000e-01
1.534940437565402993e+00
6.746436085989364617e-01
9.051593466479558314e-01
1.495482380205044537e+00
3.688815973196737930e-01
1.237670310347274816e+00
7.418756003311705038e-01
1.241002621686271984e-02
1.476657734019107604e+00
1.249371413463284508e+00
3.710963891373514900e-01
1.474365229576728220e+00
9.373441726958254838e-01
8.012160457259013269e-01
1.318536843813099324e+00
5.960215879620071044e-01
1.056662552958664625e+00
1.467943844642331186e+00
1.982832129184262659e-01
1.182953842062243188e+00
1.235128604581426037e+00
2.052007471651491610e-01
1.394698179914306335e+00
1.025151046463483206e+00
5.943028726143255724e-01
1.635246264218496615e+00
7.231185215338847838e-01
8.637012736235457622e-01
1.523153872257684949e+00
3.973087307450841044e-01
1.177076765609311737e+00
1.652136819401131218e+00
8.731069856343348645e-02
1.389751167870951543e+00
1.201648085485073514e+00
4.592978159541747374e-01
1.452412550344065911e+00
9.493453036533276990e-01
7.740227018288275973e-01
1.410054884345071979e+00
5.925038654286121087e-01
1.006456865834127079e+00
1.507106853259367663e+00
2.472532711767345126e-01
1.204467585190696521e+00
1.270674221693928185e+00
1.597598691895966150e-01
1.369133977322860574e+00
1.136940482345484504e+00
3.636343901467899431e-01
1.468742147191085756e+00
7.730359899889864828e-01
8.065832763902546221e-01
1.398975254018681502e+00
4.031862906274408243e-01
1.108410667592636178e+00
1.419719632082724337e+00
7.646904854988061107e-02
1.339060129361970164e+00
1.191932717931155183e+00
2.392082580085003185e-01
1.473513886526744310e+00
8.370627613369806541e-01
7.288082759067762151e-01
1.494283373246038993e+00
6.198871432159815953e-01
1.153205917754182463e+00
1.610472138274040788e+00
2.226744082710556405e-01
1.096630345597828127e+00
1.253720618216963123e+00
1.252581818382126344e-01
1.475545278671261062e+00
1.048020351176003340e+00
8.643885723134253629e-01
3.801824868879304931e-01
7.134606612698940475e-01
7.749523509750618766e-01
1.577300882607635790e+00
3.719296211637549421e-01
1.101276787793821654e+00
1.451726486036949426e+00
