# {'window': 108, 'n_steps': 8, 'q': 0.05845640148428044, 'contam': 0.9846965123539143, 'thres': 0.05871263364292795}
1.145476102828979492e-02
2.569389343261718750e-02
1.530064642429351807e-02
6.046682596206665039e-03
3.897410631179809570e-02
2.516043018549680710e-01
5.051225423812866211e-03
5.344849824905395508e-02
8.310049772262573242e-02
7.256002724170684814e-02
4.808902740478515625e-04
6.717985868453979492e-02
2.525259554386138916e-02
1.021450757980346680e-01
8.940017223358154297e-02
9.957060217857360840e-03
6.808501482009887695e-02
1.981437206268310547e-03
4.078719206154346466e-02
4.353725910186767578e-02
2.468693256378173828e-02
2.183797210454940796e-02
5.007660388946533203e-02
1.494061946868896484e-02
3.891520202159881592e-02
4.175746440887451172e-02
1.931375265121459961e-02
2.843298017978668213e-02
3.525632619857788086e-02
2.521646022796630859e-02
3.838008642196655273e-02
8.918881416320800781e-03
1.731181144714355469e-02
2.469599246978759766e-03
1.946792006492614746e-03
9.757041931152343750e-03
1.138404011726379395e-02
4.064217954874038696e-02
2.272641658782958984e-02
1.850605010986328125e-02
1.127659156918525696e-02
2.619296312332153320e-02
2.091205120086669922e-02
1.663145422935485840e-02
3.083539009094238281e-02
5.183917284011840820e-02
2.641851454973220825e-02
1.742571592330932617e-02
3.957152366638183594e-03
1.753550022840499878e-02
7.118284702301025391e-03
6.237328052520751953e-03
4.550606012344360352e-03
2.730986475944519043e-02
2.273559570312500000e-03
2.617770433425903320e-02
1.914054155349731445e-02
1.228547096252441406e-02
3.569266777485609055e-01
2.530373632907867432e-02
1.326417922973632812e-02
3.603816032409667969e-03
1.471130549907684326e-02
1.585751771926879883e-02
2.109777927398681641e-02
4.075407981872558594e-03
7.340610027313232422e-03
2.471214532852172852e-02
4.473562538623809814e-02
3.461802005767822266e-02
5.238240957260131836e-02
3.026919811964035034e-02
2.811169624328613281e-02
4.571551084518432617e-02
4.960841313004493713e-02
2.555137872695922852e-02
1.028430461883544922e-02
1.201552152633666992e-02
3.804633021354675293e-02
2.386832237243652344e-02
2.474984526634216309e-02
1.364541053771972656e-02
4.685103893280029297e-03
2.368357777595520020e-02
3.833368420600891113e-03
3.928935527801513672e-02
2.001732587814331055e-03
3.087855875492095947e-03
3.331965208053588867e-02
4.057747125625610352e-02
3.992544114589691162e-02
9.907722473144531250e-03
1.633393764495849609e-02
4.735654890537261963e-01
1.253253221511840820e-02
7.799267768859863281e-03
1.175058819353580475e-01
5.606591701507568359e-03
7.962638139724731445e-02
1.130072474479675293e-01
2.333125472068786621e-02
4.102504253387451172e-02
4.499669373035430908e-02
1.631826162338256836e-03
8.104979991912841797e-03
4.300087690353393555e-03
6.736251711845397949e-02
3.452920913696289062e-02
2.903711795806884766e-02
9.783014655113220215e-03
8.331835269927978516e-03
2.177259325981140137e-02
3.745210170745849609e-02
9.507417678833007812e-03
6.448447704315185547e-03
3.622052818536758423e-02
3.921466469764709473e-01
1.185441017150878906e-02
1.238081604242324829e-02
9.573161602020263672e-03
1.128220558166503906e-02
4.834850132465362549e-02
9.518283605575561523e-02
3.958326578140258789e-02
3.463786095380783081e-01
4.544514417648315430e-02
7.535278797149658203e-03
5.148154497146606445e-02
3.055560588836669922e-02
4.395681619644165039e-02
4.721361398696899414e-02
2.830087225884199142e-01
8.380651473999023438e-02
2.867311239242553711e-02
1.166202127933502197e-02
2.775359153747558594e-02
4.610177874565124512e-02
1.495361328125000000e-02
5.539453029632568359e-02
4.361945390701293945e-02
4.395466297864913940e-03
3.540802001953125000e-02
7.978022098541259766e-02
1.658069528639316559e-02
2.051478624343872070e-02
1.624023914337158203e-02
1.846220344305038452e-02
9.934842586517333984e-03
1.307004690170288086e-02
4.957988858222961426e-02
3.256416320800781250e-02
3.596955537796020508e-02
3.908590972423553467e-02
4.710629582405090332e-02
5.302790999412536621e-01
5.127079784870147705e-02
4.829359054565429688e-02
1.275879144668579102e-02
1.137149333953857422e-02
2.139356732368469238e-02
1.161760091781616211e-02
5.836129188537597656e-03
2.008430659770965576e-02
8.785426616668701172e-03
2.983987331390380859e-02
6.817650049924850464e-03
1.501619815826416016e-02
1.173454523086547852e-02
4.179794341325759888e-03
1.169085502624511719e-03
2.650415897369384766e-02
1.187246292829513550e-02
1.402795314788818359e-03
5.415737628936767578e-03
8.817017078399658203e-03
1.122397184371948242e-02
2.449291944503784180e-02
8.142843842506408691e-03
3.051921725273132324e-02
3.571331501007080078e-03
9.362265467643737793e-03
4.393252730369567871e-02
2.822875976562500000e-04
2.082777023315429688e-02
5.093073844909667969e-02
3.237700462341308594e-02
4.508655052632093430e-01
2.114769071340560913e-02
1.149958372116088867e-02
4.297077655792236328e-03
1.971533149480819702e-02
2.302628755569458008e-02
1.665896177291870117e-02
5.184700340032577515e-02
7.034891843795776367e-02
1.828682422637939453e-02
5.522280186414718628e-02
3.593629598617553711e-02
2.214813232421875000e-02
2.697053551673889160e-02
2.120667695999145508e-02
2.848541736602783203e-02
2.899736166000366211e-03
8.698493242263793945e-03
1.846587657928466797e-02
4.587456583976745605e-03
2.979925274848937988e-02
3.167974948883056641e-02
1.887649297714233398e-03
5.412383377552032471e-02
4.370093345642089844e-03
4.505590777844190598e-01
1.150919497013092041e-02
3.137421607971191406e-02
1.878893375396728516e-02
1.889325305819511414e-02
1.331689357757568359e-01
6.566876173019409180e-02
4.922530427575111389e-02
1.126204729080200195e-01
5.705738067626953125e-02
8.256007730960845947e-02
1.034197807312011719e-01
4.842573404312133789e-02
8.829630911350250244e-03
2.192878723144531250e-02
5.238217115402221680e-02
3.081772476434707642e-01
2.563571929931640625e-02
4.158741235733032227e-02
2.481451630592346191e-02
5.785912275314331055e-03
3.952264785766601562e-02
4.320690035820007324e-02
4.654715955257415771e-02
1.663827896118164062e-02
1.275232434272766113e-02
3.213535994291305542e-02
3.400149941444396973e-01
6.401485204696655273e-02
1.179552450776100159e-01
1.705521941184997559e-01
5.843085050582885742e-02
1.257108896970748901e-01
1.455186009407043457e-01
7.308006286621093750e-03
8.930561691522598267e-02
6.966173648834228516e-02
3.942384123802185059e-01
2.588783949613571167e-02
2.072989940643310547e-03
4.059815406799316406e-02
8.291086554527282715e-02
7.417887449264526367e-03
6.066215038299560547e-02
1.838818192481994629e-03
3.119766712188720703e-03
2.345067262649536133e-02
5.320245027542114258e-02
4.298821091651916504e-03
8.876383304595947266e-03
2.213120460510253906e-02
5.725051462650299072e-02
1.562219858169555664e-02
1.846134662628173828e-03
5.667959153652191162e-02
4.329442977905273438e-02
2.783787250518798828e-02
4.106002859771251678e-02
1.390737295150756836e-02
6.719684600830078125e-02
3.178782761096954346e-02
1.167678833007812500e-02
2.089321613311767578e-03
4.789464026689529419e-01
2.279877662658691406e-02
5.803942680358886719e-02
6.303080916404724121e-02
7.831752300262451172e-04
1.891088485717773438e-02
5.896627902984619141e-03
4.135802388191223145e-02
2.149146795272827148e-02
5.153626203536987305e-03
2.433077991008758545e-02
4.881262779235839844e-03
2.212136983871459961e-03
2.611195296049118042e-02
5.100178718566894531e-02
1.956683397293090820e-02
1.056565716862678528e-02
6.291192770004272461e-02
3.956913948059082031e-03
3.193855285644531250e-02
2.457988262176513672e-02
8.239746093750000000e-04
3.803813457489013672e-02
5.537331104278564453e-02
1.517438888549804688e-02
3.559769317507743835e-02
3.595668077468872070e-02
9.373545646667480469e-03
3.547742962837219238e-03
5.656898021697998047e-03
3.341448307037353516e-02
1.622498035430908203e-02
1.042911410331726074e-02
1.827114820480346680e-02
1.254045963287353516e-02
3.412185460329055786e-01
6.834030151367187500e-03
6.922394037246704102e-03
1.163386255502700806e-01
2.870619297027587891e-02
8.779901266098022461e-02
8.183655142784118652e-02
8.364915847778320312e-03
7.308661937713623047e-02
2.749255672097206116e-02
3.189874291419982910e-01
1.589691638946533203e-01
2.238089591264724731e-02
1.232638955116271973e-01
1.533029675483703613e-01
7.655519247055053711e-02
1.619208455085754395e-01
6.076985597610473633e-02
4.389458149671554565e-01
3.138132691383361816e-01
8.123338222503662109e-03
3.094506412744522095e-01
2.940806150436401367e-01
1.052963733673095703e-02
3.023503273725509644e-01
1.971264034509658813e-01
7.941550016403198242e-02
9.330213069915771484e-04
2.672933787107467651e-02
3.576308488845825195e-02
1.771575212478637695e-02
8.935265243053436279e-03
6.770908832550048828e-03
1.798897981643676758e-02
2.005332335829734802e-02
2.568626403808593750e-02
6.284415721893310547e-03
8.526392281055450439e-03
6.400942802429199219e-04
6.667494773864746094e-03
2.917008101940155029e-02
9.437352418899536133e-03
1.261538267135620117e-02
1.734723150730133057e-02
5.885839462280273438e-03
4.911577701568603516e-02
5.294771492481231689e-02
1.638996601104736328e-02
4.796862602233886719e-03
3.099814057350158691e-02
1.874275505542755127e-02
1.687800884246826172e-02
3.515332937240600586e-02
3.635326027870178223e-02
5.388796329498291016e-03
4.937314987182617188e-02
8.315593004226684570e-04
1.926785707473754883e-02
2.721047401428222656e-02
1.995150372385978699e-02
1.326894760131835938e-02
1.296848058700561523e-02
1.384573429822921753e-02
5.290681123733520508e-02
1.247996091842651367e-02
4.169427603483200073e-01
1.649719476699829102e-02
1.264536380767822266e-01
2.010950297117233276e-01
5.845806002616882324e-02
1.164357662200927734e-01
1.559616029262542725e-01
5.097353458404541016e-02
8.913868665695190430e-02
6.854487955570220947e-02
4.773402214050292969e-02
7.277369499206542969e-03
5.122071504592895508e-02
6.981655955314636230e-03
1.574993133544921875e-03
6.249719858169555664e-02
4.457913339138031006e-03
6.057739257812500000e-03
6.692290306091308594e-03
2.646376937627792358e-02
1.520156860351562500e-03
3.786247968673706055e-02
3.961581736803054810e-03
3.892301917076110840e-01
5.052864551544189453e-03
2.246201038360595703e-03
1.318089365959167480e-01
4.659938812255859375e-02
7.985047996044158936e-02
1.552509963512420654e-01
1.730185747146606445e-02
1.131349653005599976e-01
4.472139459103345871e-01
4.864084124565124512e-01
1.524886339902877808e-01
9.386533498764038086e-02
2.377550601959228516e-01
8.726647496223449707e-02
9.881098568439483643e-02
1.808321475982666016e-01
5.227386951446533203e-02
1.186872646212577820e-01
8.590292930603027344e-02
5.072081089019775391e-02
4.646763205528259277e-02
1.507741212844848633e-02
2.827060222625732422e-02
4.072748124599456787e-03
2.823603153228759766e-02
1.234847307205200195e-02
9.086459875106811523e-03
6.174921989440917969e-03
1.218378543853759766e-02
1.805652678012847900e-02
1.033419370651245117e-02
4.937961697578430176e-01
1.751199364662170410e-02
2.098405361175537109e-02
1.318673491477966309e-01
5.167338252067565918e-02
6.939949095249176025e-02
9.068942070007324219e-02
2.805688977241516113e-02
4.727710783481597900e-02
3.398013114929199219e-02
4.238730669021606445e-02
7.514655590057373047e-05
3.931092619895935059e-01
3.556311130523681641e-02
2.182681113481521606e-02
2.905274033546447754e-01
4.112541675567626953e-03
7.557149976491928101e-03
1.943355798721313477e-02
2.771109342575073242e-02
1.047478690743446350e-01
2.995449304580688477e-02
3.670009374618530273e-01
4.738591611385345459e-03
3.369355201721191406e-02
3.765118122100830078e-02
5.523608624935150146e-02
5.180990695953369141e-02
3.148216009140014648e-02
6.748527288436889648e-03
6.771999597549438477e-02
3.689008951187133789e-02
5.017134547233581543e-02
7.915848493576049805e-02
6.113946437835693359e-03
4.229557514190673828e-02
5.975681170821189880e-02
1.885032653808593750e-02
2.263110876083374023e-02
1.168046519160270691e-02
3.285169601440429688e-03
2.043700218200683594e-02
1.685971021652221680e-02
1.370668411254882812e-02
2.871155738830566406e-04
1.630988717079162598e-02
1.076781749725341797e-02
3.906083106994628906e-02
2.643738687038421631e-02
7.812798023223876953e-03
6.039798259735107422e-03
3.922191262245178223e-02
3.125412762165069580e-02
1.994156837463378906e-02
3.936886787414550781e-02
5.196407437324523926e-02
3.508090972900390625e-02
1.621606945991516113e-02
2.750103175640106201e-02
2.511948347091674805e-02
4.393196105957031250e-02
3.394295275211334229e-02
4.542589187622070312e-02
5.139261484146118164e-02
2.632572129368782043e-02
4.012048244476318359e-03
2.833110094070434570e-02
5.099676549434661865e-03
9.918451309204101562e-03
4.035508632659912109e-02
5.915595218539237976e-02
7.092475891113281250e-03
3.008127212524414062e-02
7.047817111015319824e-03
3.940007090568542480e-02
2.475088834762573242e-02
1.945535838603973389e-02
1.654523611068725586e-02
5.847889184951782227e-02
1.162743568420410156e-02
2.301362156867980957e-02
8.616685867309570312e-03
4.132184386253356934e-02
3.983663022518157959e-02
3.254818916320800781e-02
4.580008983612060547e-02
2.572873234748840332e-02
4.062640666961669922e-02
4.360789060592651367e-02
1.544166356325149536e-02
5.911052227020263672e-03
1.001793146133422852e-02
1.366359740495681763e-02
8.070468902587890625e-05
4.542488455772399902e-01
3.109815716743469238e-02
1.519507169723510742e-02
1.522511243820190430e-02
3.506430983543395996e-02
4.495832324028015137e-02
6.569147109985351562e-03
1.147651672363281250e-02
1.586069166660308838e-02
4.563415050506591797e-02
4.713895916938781738e-02
1.974965631961822510e-02
1.157373189926147461e-02
4.252135753631591797e-03
8.356057107448577881e-03
2.544164657592773438e-03
1.886993646621704102e-02
5.249448120594024658e-03
1.603120565414428711e-02
1.194238662719726562e-03
2.070296555757522583e-02
1.375848054885864258e-02
3.104043006896972656e-02
4.725523293018341064e-03
3.809869289398193359e-02
1.846605539321899414e-02
5.260765850543975830e-01
4.653578996658325195e-02
2.120089530944824219e-02
1.582176387310028076e-01
1.565451622009277344e-01
4.582417011260986328e-02
1.598519980907440186e-01
4.541191458702087402e-02
5.986887216567993164e-02
1.711777448654174805e-01
4.199244081974029541e-02
2.010518312454223633e-02
4.865618329495191574e-01
2.937544882297515869e-02
1.112520694732666016e-03
3.409236669540405273e-02
9.794384241104125977e-03
3.786116838455200195e-02
2.977979183197021484e-02
3.470217064023017883e-02
2.954715490341186523e-02
1.334154605865478516e-02
5.995538085699081421e-04
3.999322652816772461e-02
7.404088973999023438e-04
5.381691455841064453e-02
5.317008495330810547e-02
1.104658842086791992e-02
3.724753856658935547e-02
2.016395330429077148e-03
2.694696187973022461e-02
3.100901916623115540e-01
2.575269341468811035e-02
2.359956502914428711e-02
7.206916809082031250e-03
5.530357360839843750e-03
4.968090653419494629e-01
1.518577337265014648e-02
1.249504089355468750e-02
7.033127546310424805e-02
1.830458641052246094e-04
7.484249770641326904e-03
4.837381839752197266e-02
1.236093044281005859e-02
4.483152180910110474e-02
2.317559719085693359e-02
1.300173997879028320e-02
3.074362874031066895e-02
2.044075727462768555e-02
1.620459556579589844e-02
9.146019816398620605e-03
7.330387830734252930e-03
2.407318353652954102e-02
2.071075141429901123e-02
3.293800354003906250e-02
9.968161582946777344e-03
1.856020092964172363e-02
2.341470122337341309e-02
2.563738822937011719e-02
4.515272378921508789e-02
3.874433040618896484e-02
2.066022157669067383e-02
1.818197965621948242e-02
7.169842720031738281e-04
8.487105369567871094e-04
1.756441593170166016e-02
4.443643838167190552e-01
2.636047601699829102e-01
3.713029623031616211e-02
1.690365821123123169e-01
1.768998503684997559e-01
9.595394134521484375e-03
1.307827606797218323e-01
1.158831119537353516e-01
3.270041942596435547e-02
4.824837595224380493e-01
7.232218980789184570e-03
7.685661315917968750e-03
4.330626577138900757e-01
5.396175384521484375e-02
8.462071418762207031e-04
9.223222732543945312e-03
4.784682393074035645e-02
7.435917854309082031e-03
3.620773553848266602e-02
3.086461126804351807e-02
4.544627666473388672e-02
3.115215897560119629e-02
3.609651327133178711e-01
5.153584480285644531e-02
6.551384925842285156e-03
9.998583793640136719e-02
3.594917058944702148e-02
8.141565322875976562e-02
1.217499375343322754e-01
4.760050773620605469e-02
4.815685749053955078e-02
3.850661218166351318e-02
7.623898983001708984e-02
4.392790794372558594e-02
4.707914590835571289e-02
2.167868614196777344e-02
4.021650552749633789e-02
1.372626423835754395e-02
4.748818278312683105e-02
2.466624975204467773e-02
6.127570569515228271e-02
1.445871591567993164e-02
1.059311628341674805e-02
3.843233864754438400e-01
3.935626149177551270e-02
4.904270172119140625e-04
4.042395949363708496e-02
3.493342101573944092e-01
4.357478022575378418e-01
1.528055071830749512e-01
1.443979144096374512e-01
2.221537232398986816e-01
1.107254624366760254e-01
1.391441375017166138e-01
1.518335938453674316e-01
5.412817001342773438e-02
1.132948249578475952e-01
1.153832674026489258e-02
3.029114007949829102e-02
8.650213479995727539e-03
1.474291086196899414e-03
4.966807365417480469e-02
1.830627024173736572e-02
2.525591850280761719e-02
3.115814924240112305e-02
6.956368684768676758e-03
1.277568936347961426e-02
2.966278791427612305e-02
2.879083156585693359e-03
8.250355720520019531e-03
4.366636276245117188e-03
3.288382291793823242e-02
3.015019744634628296e-02
1.720392704010009766e-02
3.508073091506958008e-02
1.490429043769836426e-03
2.208948135375976562e-03
1.518803834915161133e-02
2.523864060640335083e-02
2.456367015838623047e-03
2.366149425506591797e-02
3.810349851846694946e-03
3.262257575988769531e-02
1.848751306533813477e-02
6.335400044918060303e-03
5.170878767967224121e-02
1.426321268081665039e-02
2.211233973503112793e-02
3.921580296009778976e-01
2.735267281532287598e-01
2.259676158428192139e-02
1.614865511655807495e-01
1.435362696647644043e-01
7.428312301635742188e-02
1.723101437091827393e-01
6.628257036209106445e-02
7.472723722457885742e-02
2.085706591606140137e-02
4.348814487457275391e-03
2.053058147430419922e-02
6.823994219303131104e-03
2.409064769744873047e-02
3.559195995330810547e-02
4.251894354820251465e-02
3.354167938232421875e-02
6.293314695358276367e-02
2.281078696250915527e-02
2.226352691650390625e-03
2.516984939575195312e-02
7.878899574279785156e-03
5.970478057861328125e-03
2.267664670944213867e-02
7.698819041252136230e-03
4.136049747467041016e-02
3.054112195968627930e-02
6.126463413238525391e-04
1.881432533264160156e-02
1.335662603378295898e-02
3.324145078659057617e-02
3.172965347766876221e-02
1.121646165847778320e-02
9.548664093017578125e-04
2.482526004314422607e-02
6.524801254272460938e-03
4.391425848007202148e-02
1.763829588890075684e-02
7.204890251159667969e-03
1.888161897659301758e-02
3.579296171665191650e-04
1.211774349212646484e-02
2.156639099121093750e-02
3.218130767345428467e-02
7.226884365081787109e-03
1.323997974395751953e-03
8.554384112358093262e-04
3.034788370132446289e-02
5.502045154571533203e-03
2.169264853000640869e-02
3.974989056587219238e-02
1.375168561935424805e-02
3.485202789306640625e-03
1.944243907928466797e-03
1.625013351440429688e-02
7.166296243667602539e-03
2.244482934474945068e-02
7.390201091766357422e-03
3.777852654457092285e-02
3.173546493053436279e-02
3.693950176239013672e-02
8.195579051971435547e-03
4.470636397600173950e-01
5.184090137481689453e-02
3.568768501281738281e-03
1.124429777264595032e-01
1.701146364212036133e-02
4.691773653030395508e-02
6.114424020051956177e-02
2.051353454589843750e-03
9.029436111450195312e-02
2.771224826574325562e-03
6.260412931442260742e-02
2.611285448074340820e-02
3.492549061775207520e-03
3.268229961395263672e-02
4.058665037155151367e-02
4.879951477050781250e-02
3.021243214607238770e-02
3.134226799011230469e-02
5.578172206878662109e-02
4.428350925445556641e-02
2.223604917526245117e-02
2.970159053802490234e-02
1.936517655849456787e-02
9.359300136566162109e-03
1.553052663803100586e-02
3.771945461630821228e-02
9.814918041229248047e-03
4.794114828109741211e-02
2.559082210063934326e-02
1.515984535217285156e-02
3.206056356430053711e-02
2.040481567382812500e-02
4.653155803680419922e-02
2.016615867614746094e-02
2.440676093101501465e-02
2.417951822280883789e-02
8.599400520324707031e-03
8.549362421035766602e-03
1.270419359207153320e-02
3.397697210311889648e-02
1.781761646270751953e-02
8.988887071609497070e-03
3.793120384216308594e-03
4.485318064689636230e-02
1.700624823570251465e-03
2.491927146911621094e-02
3.268265724182128906e-02
1.991295814514160156e-02
1.082634925842285156e-02
6.371557712554931641e-03
7.484807027503848076e-02
1.875853538513183594e-02
4.184436798095703125e-02
2.661801129579544067e-02
7.682061195373535156e-02
9.556412696838378906e-03
8.916612714529037476e-04
4.049938917160034180e-02
1.714026927947998047e-02
2.452830597758293152e-02
2.909529209136962891e-02
2.346926927566528320e-02
9.144857525825500488e-03
2.027639746665954590e-02
1.415431499481201172e-02
1.751378178596496582e-03
3.006741385906934738e-01
1.892248392105102539e-01
5.225718021392822266e-03
1.354201287031173706e-01
1.012535691261291504e-01
6.235364079475402832e-02
1.383784264326095581e-01
2.303510904312133789e-02
1.034797430038452148e-01
3.566899895668029785e-02
1.750111579895019531e-02
3.068560361862182617e-02
4.707075282931327820e-02
1.427292823791503906e-02
2.342665195465087891e-02
1.333405077457427979e-02
1.876503229141235352e-02
6.807982921600341797e-03
1.298058032989501953e-02
4.383653402328491211e-03
5.099356174468994141e-03
5.615398287773132324e-03
2.503320574760437012e-02
1.100611686706542969e-02
3.623204678297042847e-01
2.247609198093414307e-01
1.038879156112670898e-02
1.909557804465293884e-01
2.243327051401138306e-01
7.347357273101806641e-02
2.185498476028442383e-01
1.897969990968704224e-01
8.921813964843750000e-02
3.466272354125976562e-02
3.155456483364105225e-02
2.931588888168334961e-02
2.527219057083129883e-02
7.523689419031143188e-02
1.003289222717285156e-02
3.311628103256225586e-02
2.938415110111236572e-02
1.978337764739990234e-03
6.497770547866821289e-02
5.056598037481307983e-02
3.997242450714111328e-02
1.001167297363281250e-02
7.046505808830261230e-03
3.748506307601928711e-03
3.749060630798339844e-02
1.578396558761596680e-02
1.614281535148620605e-02
1.898288726806640625e-03
3.427922725677490234e-03
9.383156895637512207e-03
3.493475914001464844e-02
1.822519302368164062e-02
5.647204816341400146e-03
1.520937681198120117e-02
1.006036996841430664e-02
2.422802150249481201e-03
4.768729209899902344e-03
2.665925025939941406e-02
2.439491450786590576e-02
2.806782722473144531e-02
1.440155506134033203e-02
6.350703537464141846e-03
3.269374370574951172e-03
2.131652832031250000e-02
4.692925512790679932e-02
2.761650085449218750e-02
6.596624851226806641e-02
3.337547183036804199e-03
2.031785249710083008e-02
1.470154523849487305e-02
4.653930664062500000e-02
5.161061882972717285e-02
2.724981307983398438e-02
2.952936291694641113e-02
7.555693387985229492e-03
1.000219583511352539e-02
3.494468331336975098e-02
2.951765060424804688e-02
4.718422889709472656e-03
1.541161537170410156e-02
3.265485167503356934e-02
3.172010183334350586e-02
3.656069636344909668e-01
1.695780456066131592e-02
1.419770717620849609e-02
1.095945239067077637e-01
4.544915817677974701e-02
8.224767446517944336e-02
9.176319837570190430e-02
2.482893317937850952e-02
8.967995643615722656e-02
6.382089853286743164e-02
9.130537509918212891e-03
4.315307736396789551e-02
1.940828561782836914e-02
2.244466543197631836e-02
2.806515675038099289e-01
1.522040367126464844e-02
3.891159575432538986e-01
2.435892820358276367e-04
2.370172739028930664e-02
1.013943552970886230e-01
5.846351385116577148e-03
4.611533880233764648e-02
4.574838280677795410e-02
1.242397725582122803e-02
1.034197807312011719e-01
5.673193931579589844e-02
1.092040911316871643e-02
9.532272815704345703e-03
3.654938936233520508e-02
5.053597539663314819e-01
2.317768335342407227e-02
1.763170957565307617e-02
1.042683422565460205e-02
2.650898694992065430e-02
4.218578338623046875e-03
1.364129781723022461e-02
3.751509170979261398e-01
4.755457639694213867e-01
6.543278694152832031e-03
4.112809896469116211e-02
3.213995695114135742e-02
7.132619619369506836e-03
2.876257896423339844e-02
7.615047693252563477e-02
5.244833230972290039e-02
1.037621498107910156e-02
2.976721525192260742e-02
3.834195733070373535e-01
2.872347831726074219e-04
6.233716011047363281e-02
3.025346994400024414e-02
1.726263016462326050e-02
1.210266351699829102e-01
5.882823467254638672e-02
2.517908066511154175e-02
1.276974678039550781e-01
1.219749450683593750e-03
8.053539693355560303e-02
8.554303646087646484e-02
1.762670278549194336e-02
1.132211089134216309e-02
3.108081221580505371e-02
4.696309566497802734e-02
1.041805744171142578e-02
4.417896270751953125e-03
6.395971775054931641e-02
7.910549640655517578e-03
1.408316195011138916e-02
7.027161121368408203e-02
5.346566438674926758e-03
2.046853303909301758e-02
1.903402805328369141e-02
3.745371103286743164e-02
6.335131824016571045e-03
1.506948471069335938e-02
1.581740379333496094e-02
2.158574759960174561e-03
2.525120973587036133e-02
9.370505809783935547e-03
1.523205637931823730e-02
1.650112867355346680e-02
1.916229724884033203e-03
3.901769369840621948e-01
1.730359196662902832e-01
1.563388109207153320e-02
1.812202930450439453e-01
1.626720726490020752e-01
3.337681293487548828e-03
1.643982231616973877e-01
1.459401249885559082e-01
2.156275510787963867e-02
3.348052501678466797e-03
2.660617232322692871e-03
3.841388225555419922e-02
2.795904874801635742e-02
1.445852220058441162e-02
4.216605424880981445e-02
9.610474109649658203e-03
4.246366173028945923e-01
1.797187924385070801e-01
2.850234508514404297e-03
9.765972662717103958e-02
1.475764513015747070e-01
3.189444541931152344e-04
9.389252401888370514e-02
1.134623885154724121e-01
4.151189327239990234e-02
4.983156919479370117e-03
1.574546098709106445e-02
2.913051843643188477e-02
9.386315941810607910e-03
4.023718833923339844e-02
3.755676746368408203e-02
3.426045179367065430e-03
2.327144145965576172e-02
1.154017448425292969e-02
1.453280448913574219e-03
2.552087604999542236e-02
7.335066795349121094e-03
8.950054645538330078e-03
8.954167366027832031e-03
3.601282835006713867e-02
3.081560134887695312e-02
1.938780397176742554e-02
2.400481700897216797e-02
8.014798164367675781e-03
6.869457662105560303e-03
2.253353595733642578e-02
4.912096261978149414e-02
2.815585583448410034e-02
3.834229707717895508e-02
1.057070493698120117e-02
7.539309561252593994e-03
6.260871887207031250e-04
1.342201232910156250e-02
3.474701046943664551e-01
1.141068339347839355e-02
1.886045932769775391e-02
2.528186142444610596e-02
4.857885837554931641e-02
1.520967483520507812e-02
3.153038006275892258e-01
5.397513508796691895e-03
5.935007333755493164e-02
2.939650416374206543e-02
6.715275347232818604e-03
3.388035297393798828e-02
5.601406097412109375e-03
1.569064334034919739e-02
4.623746871948242188e-02
1.250392198562622070e-02
4.165837913751602173e-02
5.345642566680908203e-03
5.295711755752563477e-02
3.909589350223541260e-02
6.929606199264526367e-02
4.592627286911010742e-02
6.499446928501129150e-03
5.338661670684814453e-01
1.651304960250854492e-02
2.370156347751617432e-02
9.462952613830566406e-03
3.114593029022216797e-02
1.121201962232589722e-01
8.384817838668823242e-02
8.854991197586059570e-02
6.688848137855529785e-02
5.839414894580841064e-02
1.024819612503051758e-01
1.106565296649932861e-01
5.860307812690734863e-02
2.174913883209228516e-03
3.090566396713256836e-02
9.865202009677886963e-03
3.375887870788574219e-02
3.492283821105957031e-02
1.744330301880836487e-02
6.184637546539306641e-03
2.996101379394531250e-01
1.680489405989646912e-01
1.238679885864257812e-02
1.425333619117736816e-01
9.375450760126113892e-02
2.399727702140808105e-02
3.084141016006469727e-01
5.557243525981903076e-02
7.113856077194213867e-02
1.011407375335693359e-01
1.380464434623718262e-02
5.088159441947937012e-02
8.334368467330932617e-02
1.349130272865295410e-02
5.413569509983062744e-02
6.216579675674438477e-02
8.163335919380187988e-02
3.096167743206024170e-02
2.832484245300292969e-02
6.097412109375000000e-02
4.106470942497253418e-02
5.240976810455322266e-03
3.566622734069824219e-03
3.808597475290298462e-02
1.123082637786865234e-02
1.887893676757812500e-02
7.678195834159851074e-04
5.873262882232666016e-03
1.465970277786254883e-02
3.581323474645614624e-02
1.201951503753662109e-02
1.242858171463012695e-02
3.820618987083435059e-02
2.476635575294494629e-02
5.534023642539978027e-01
2.545429766178131104e-02
1.481679081916809082e-02
1.630777120590209961e-02
2.327474951744079590e-02
5.789077281951904297e-02
8.645474910736083984e-03
4.482302069664001465e-02
2.042298018932342529e-02
1.043814420700073242e-02
5.957186222076416016e-03
2.136377617716789246e-02
5.842900276184082031e-02
5.308300256729125977e-02
1.486356928944587708e-02
3.374686241149902344e-01
2.171993255615234375e-04
2.420741319656372070e-02
5.490213632583618164e-02
1.453435420989990234e-02
1.270675659179687500e-02
3.029885888099670410e-02
4.113239645957946777e-01
2.229283750057220459e-01
1.434811949729919434e-02
1.395975351333618164e-01
1.736537367105484009e-01
1.597672700881958008e-02
1.231856942176818848e-01
1.303166598081588745e-01
8.902549743652343750e-03
2.492535114288330078e-02
5.566084384918212891e-02
2.727010846138000488e-02
3.682774305343627930e-02
4.514147043228149414e-01
4.966241121292114258e-02
2.404576539993286133e-02
1.740956306457519531e-02
4.740753769874572754e-02
9.268635511398315430e-02
4.798084497451782227e-02
1.063573528081178665e-01
1.315427422523498535e-01
4.486721754074096680e-02
7.499052584171295166e-02
6.575834751129150391e-02
2.405327558517456055e-02
3.014190495014190674e-02
2.995613217353820801e-02
3.981453180313110352e-02
5.179718136787414551e-03
4.501411318778991699e-02
7.256090641021728516e-03
1.828008890151977539e-02
1.007674634456634521e-02
8.921742439270019531e-03
6.556510925292968750e-05
2.084055542945861816e-02
2.594810724258422852e-02
1.394152641296386719e-03
3.288329392671585083e-02
2.744418382644653320e-02
2.020901441574096680e-02
4.971742257475852966e-02
2.310514450073242188e-02
2.648847103118896484e-01
2.951756119728088379e-02
3.371846675872802734e-02
2.632182836532592773e-02
3.845853358507156372e-02
4.556185007095336914e-02
3.983855247497558594e-02
3.407782316207885742e-02
2.469620108604431152e-02
6.839513778686523438e-03
3.091888129711151123e-02
5.992838740348815918e-02
2.685028314590454102e-02
3.592371940612792969e-03
6.598713994026184082e-02
3.566563129425048828e-03
2.050951123237609863e-02
2.317540347576141357e-02
1.087576150894165039e-02
4.539130926132202148e-01
3.060059994459152222e-02
1.656655669212341309e-01
2.440727353096008301e-01
2.228057384490966797e-02
2.173994183540344238e-01
2.026910185813903809e-01
1.051540672779083252e-02
2.216122746467590332e-01
1.406838893890380859e-01
2.552726864814758301e-02
3.597396612167358398e-02
4.149973392486572266e-02
5.680893361568450928e-02
7.805317640304565430e-03
1.239830255508422852e-02
2.562975883483886719e-02
2.099221944808959961e-02
5.130171775817871094e-03
1.855823397636413574e-02
1.152336597442626953e-02
5.308419466018676758e-02
4.228934645652770996e-02
2.052464336156845093e-02
2.414256334304809570e-02
2.091288566589355469e-03
1.797057688236236572e-02
8.485496044158935547e-03
2.681332826614379883e-02
2.969330549240112305e-02
2.133566141128540039e-02
3.338253498077392578e-02
4.587762951850891113e-01
2.283251285552978516e-02
1.403872370719909668e-01
1.823688000440597534e-01
6.895476579666137695e-02
1.244634985923767090e-01
1.351005136966705322e-01
4.688879847526550293e-02
1.221558451652526855e-01
1.017192006111145020e-01
6.778687238693237305e-03
8.299529552459716797e-03
4.998791217803955078e-02
1.085895299911499023e-02
1.257902383804321289e-02
1.310595870018005371e-02
3.483404219150543213e-02
6.496304273605346680e-02
2.934992313385009766e-02
2.396337315440177917e-02
4.057747125625610352e-02
4.584175348281860352e-02
3.445924795232713223e-02
2.730820775032043457e-01
1.460248231887817383e-02
4.677814990282058716e-02
1.101522445678710938e-01
6.334877014160156250e-02
3.603006154298782349e-02
1.352617442607879639e-01
7.159113883972167969e-03
4.445166885852813721e-02
1.376310884952545166e-01
4.475146532058715820e-02
6.674453616142272949e-03
2.807915210723876953e-03
9.385347366333007812e-03
1.693969964981079102e-02
5.226196348667144775e-02
4.495143890380859375e-03
3.138789534568786621e-02
6.167173385620117188e-02
6.107330322265625000e-03
4.264110326766967773e-02
6.198253110051155090e-02
5.427604913711547852e-02
5.253541469573974609e-02
6.649527698755264282e-03
2.779994606971740723e-01
2.567931413650512695e-01
1.857812404632568359e-01
1.432220339775085449e-01
1.103852391242980957e-01
1.411328017711639404e-01
1.289943456649780273e-01
8.085572719573974609e-02
1.357017308473587036e-01
6.642195582389831543e-02
1.793628931045532227e-02
2.993354201316833496e-01
2.997261285781860352e-02
4.124540090560913086e-02
1.781359314918518066e-02
1.760104298591613770e-02
1.849234104156494141e-03
1.487749814987182617e-02
6.561850011348724365e-02
5.462652444839477539e-02
1.694667339324951172e-02
3.192771971225738525e-02
1.175105571746826172e-02
2.792483568191528320e-02
3.227904438972473145e-03
9.434640407562255859e-03
1.338028907775878906e-02
2.279967069625854492e-02
2.292573451995849609e-02
1.756048202514648438e-02
4.296824336051940918e-04
1.624816656112670898e-02
7.111668586730957031e-03
7.579311728477478027e-03
1.610025763511657715e-02
2.306848764419555664e-02
1.592889428138732910e-02
2.278810739517211914e-02
1.300007104873657227e-02
3.500155191868543625e-01
4.299491643905639648e-02
1.250803470611572266e-02
1.951437592506408691e-01
8.646457642316818237e-02
7.763499021530151367e-02
1.238979101181030273e-01
6.770744547247886658e-02
1.095414161682128906e-01
1.021870374679565430e-01
1.371427252888679504e-02
1.635038852691650391e-02
1.535594463348388672e-02
3.526828810572624207e-02
3.816853761672973633e-01
3.502905368804931641e-03
8.449882268905639648e-03
2.080261707305908203e-03
6.036221981048583984e-03
8.351333439350128174e-02
4.841988664120435715e-01
4.327690601348876953e-02
8.039443194866180420e-02
7.619982957839965820e-02
3.204464912414550781e-03
7.601431012153625488e-02
2.388760447502136230e-03
9.082669019699096680e-02
6.253933906555175781e-02
1.908630132675170898e-03
3.515213727951049805e-02
5.260455608367919922e-02
1.980037242174148560e-02
2.530705928802490234e-02
2.466851472854614258e-02
3.505457192659378052e-03
2.768614888191223145e-01
2.556425333023071289e-02
5.109382867813110352e-01
1.597034931182861328e-02
1.697009801864624023e-02
4.398202151060104370e-02
1.475584506988525391e-02
6.205707788467407227e-02
6.495152413845062256e-02
3.856449704617261887e-01
4.912462234497070312e-01
2.418094873428344727e-02
1.803377270698547363e-02
7.674074172973632812e-02
4.445874691009521484e-02
2.667506039142608643e-02
2.781796455383300781e-02
4.392609000205993652e-02
1.813014596700668335e-02
3.457409143447875977e-02
2.130788564682006836e-02
1.267645135521888733e-02
4.901629686355590820e-02
3.715878725051879883e-02
7.873799651861190796e-03
4.235208034515380859e-03
1.696461439132690430e-02
5.072134733200073242e-02
9.530186653137207031e-03
4.175503849983215332e-01
2.928818762302398682e-02
7.271394133567810059e-02
1.778213977813720703e-01
5.995759367942810059e-02
8.747950196266174316e-02
1.284230351448059082e-01
6.771489977836608887e-03
9.200599789619445801e-02
6.441617012023925781e-02
7.666081190109252930e-03
1.655656099319458008e-02
1.240384578704833984e-02
3.547331690788269043e-02
3.815549612045288086e-02
2.045911550521850586e-02
5.391675233840942383e-02
2.861624211072921753e-02
2.412736415863037109e-02
5.897122621536254883e-02
4.861551150679588318e-02
1.521050930023193359e-03
3.648787736892700195e-02
3.808371350169181824e-02
2.924799919128417969e-03
3.146547079086303711e-02
6.185367703437805176e-03
5.274175982922315598e-01
3.634947538375854492e-02
4.231474995613098145e-01
4.143931847065687180e-01
2.921801805496215820e-02
2.485060691833496094e-02
8.558630943298339844e-04
6.551975011825561523e-02
8.325108885765075684e-02
3.794410824775695801e-02
5.686920881271362305e-02
1.051508188247680664e-01
2.312004566192626953e-03
1.115775108337402344e-01
1.160765290260314941e-01
8.972533047199249268e-03
9.732663631439208984e-03
1.460856199264526367e-02
2.733481675386428833e-02
6.053090095520019531e-03
2.564531564712524414e-02
5.340639501810073853e-02
2.884924411773681641e-02
2.865290641784667969e-02
1.913330703973770142e-02
1.083993911743164062e-02
3.503710031509399414e-02
3.692300021648406982e-01
9.246170520782470703e-04
5.441847443580627441e-01
2.192552387714385986e-02
1.030792593955993652e-01
2.768082618713378906e-01
6.298322975635528564e-02
9.705686569213867188e-02
1.733317375183105469e-01
8.780568838119506836e-03
1.298461109399795532e-01
1.187700629234313965e-01
1.590031385421752930e-02
2.658686041831970215e-02
1.537597179412841797e-02
1.180529594421386719e-03
2.067706733942031860e-02
1.251727342605590820e-02
9.325087070465087891e-03
5.517118237912654877e-02
7.206141948699951172e-03
1.275944709777832031e-02
4.888974279165267944e-01
1.356583833694458008e-02
3.084015846252441406e-02
4.745316505432128906e-02
3.704231977462768555e-02
3.110408782958984375e-03
1.850128173828125000e-03
3.032049536705017090e-02
1.254892349243164062e-02
2.463695406913757324e-02
6.041802465915679932e-02
4.408150911331176758e-02
6.629875302314758301e-02
2.863141894340515137e-02
9.774625301361083984e-03
1.940423250198364258e-02
7.080893218517303467e-02
1.652520895004272461e-02
2.851128578186035156e-02
5.790846329182386398e-02
9.865283966064453125e-03
5.789256095886230469e-02
3.545676916837692261e-02
7.657170295715332031e-03
1.750886440277099609e-03
7.645337283611297607e-02
1.113444566726684570e-02
1.171386241912841797e-02
3.495521843433380127e-03
4.701727628707885742e-02
3.874248266220092773e-02
1.429387927055358887e-02
6.714370846748352051e-02
8.977532386779785156e-03
1.814305782318115234e-03
1.908782124519348145e-02
1.676952838897705078e-02
2.158689498901367188e-02
1.782567799091339111e-02
1.001411676406860352e-02
2.759993076324462891e-02
3.534025698900222778e-02
5.813378095626831055e-02
1.295793056488037109e-02
2.377250790596008301e-02
1.958918571472167969e-02
9.052753448486328125e-04
1.238914951682090759e-02
9.168088436126708984e-03
1.384872198104858398e-02
4.123509302735328674e-02
4.814037680625915527e-02
4.193013906478881836e-02
1.355856657028198242e-02
2.283629775047302246e-02
2.496987581253051758e-02
1.405675709247589111e-02
1.222878694534301758e-02
2.564221620559692383e-02
3.840580582618713379e-02
8.049920201301574707e-03
6.407737731933593750e-03
2.211427688598632812e-02
5.220852792263031006e-03
8.601725101470947266e-03
1.790112257003784180e-02
2.519453316926956177e-02
1.704931259155273438e-02
4.393243789672851562e-02
1.913910359144210815e-02
3.653049468994140625e-03
2.402412891387939453e-02
1.189594715833663940e-02
1.316142082214355469e-02
2.913373708724975586e-02
1.696008443832397461e-02
2.620035409927368164e-02
1.800262928009033203e-02
7.274568080902099609e-03
3.935575485229492188e-03
4.939556121826171875e-03
2.667412161827087402e-02
1.797869801521301270e-02
3.450477123260498047e-02
2.104896306991577148e-02
4.177446663379669189e-02
4.633128643035888672e-02
1.176264882087707520e-02
4.216017574071884155e-02
1.984244585037231445e-02
2.098107337951660156e-02
2.106338366866111755e-02
3.123521804809570312e-02
1.613873243331909180e-02
1.159324310719966888e-02
2.929139137268066406e-02
3.873074054718017578e-02
1.396683976054191589e-02
1.359891891479492188e-02
1.164245605468750000e-02
4.518721997737884521e-02
1.600563526153564453e-03
1.094627380371093750e-02
4.219822585582733154e-02
4.027861356735229492e-02
2.333581447601318359e-02
1.575623452663421631e-02
2.297317981719970703e-02
7.751107215881347656e-03
3.553155064582824707e-02
5.008712410926818848e-03
2.603298425674438477e-02
6.829410791397094727e-03
1.092384755611419678e-02
3.016686439514160156e-02
2.105975151062011719e-02
3.708827123045921326e-02
3.779053688049316406e-02
3.298407793045043945e-02
2.271469682455062866e-02
1.138472557067871094e-02
6.120145320892333984e-03
5.133435279130935669e-01
5.257058143615722656e-02
3.671932220458984375e-02
2.656974643468856812e-02
6.558150053024291992e-02
7.024794816970825195e-02
6.318047642707824707e-03
3.396308422088623047e-02
5.794250965118408203e-02
1.011471450328826904e-02
2.189713716506958008e-02
3.179848194122314453e-02
2.038079500198364258e-02
2.292773127555847168e-02
3.370046615600585938e-03
2.908226847648620605e-02
3.413856029510498047e-05
1.684820652008056641e-02
1.263362169265747070e-02
2.425879240036010742e-03
2.614456415176391602e-02
4.154026508331298828e-03
3.215175122022628784e-02
2.217698097229003906e-02
1.358163356781005859e-02
3.131212480366230011e-02
4.312449693679809570e-02
4.171133041381835938e-03
1.297731325030326843e-02
1.335453987121582031e-02
1.295810937881469727e-02
3.439477980136871338e-01
2.293348312377929688e-03
4.650354385375976562e-04
7.256932556629180908e-02
1.253896951675415039e-02
4.478740692138671875e-02
2.571225166320800781e-03
2.936698570847511292e-01
3.567743301391601562e-02
9.989649057388305664e-03
4.279595613479614258e-02
2.539324760437011719e-02
7.450520992279052734e-03
1.611115038394927979e-02
1.989698410034179688e-02
9.973645210266113281e-03
5.144573748111724854e-01
2.423948049545288086e-02
3.835141658782958984e-03
2.402484416961669922e-02
1.926422119140625000e-04
6.893771886825561523e-02
4.183094948530197144e-02
3.569391369819641113e-02
4.311823844909667969e-02
2.516537904739379883e-03
4.653432965278625488e-02
3.734308481216430664e-02
5.547235906124114990e-02
2.596616744995117188e-03
7.018446922302246094e-04
3.919321298599243164e-02
3.409553915262222290e-01
5.445361137390136719e-03
4.813849925994873047e-03
2.126917243003845215e-02
9.201765060424804688e-03
2.601641416549682617e-02
1.139903813600540161e-02
2.301871776580810547e-03
6.868839263916015625e-03
4.398103803396224976e-03
4.293006658554077148e-02
2.553093433380126953e-02
3.609236329793930054e-03
4.025876522064208984e-03
1.376444101333618164e-02
6.788663566112518311e-03
2.080717682838439941e-02
2.059930562973022461e-02
1.953518390655517578e-02
3.037273883819580078e-02
2.638995647430419922e-03
5.512349307537078857e-02
6.274253129959106445e-03
1.161193847656250000e-02
1.863288879394531250e-02
2.091059088706970215e-02
2.476513385772705078e-03
1.792055368423461914e-02
6.434939801692962646e-03
4.824167490005493164e-02
6.088495254516601562e-03
2.141882479190826416e-02
1.613289117813110352e-02
4.209691286087036133e-02
3.626488149166107178e-02
4.902744293212890625e-02
3.494536876678466797e-02
2.373553812503814697e-03
5.501788854598999023e-02
3.791368007659912109e-02
1.846273243427276611e-02
2.935075759887695312e-02
1.804894208908081055e-02
5.776397138833999634e-02
2.754184603691101074e-02
2.515089511871337891e-02
2.412858605384826660e-02
3.692546486854553223e-02
4.114431142807006836e-02
9.680986404418945312e-03
2.987235784530639648e-03
1.784902811050415039e-02
2.393537759780883789e-02
1.803106069564819336e-02
1.176738739013671875e-02
1.708960533142089844e-02
4.011479765176773071e-01
6.640851497650146484e-03
6.182193756103515625e-04
1.304653286933898926e-02
5.275559425354003906e-02
2.682912349700927734e-02
4.586864262819290161e-03
1.193451881408691406e-02
1.763463020324707031e-03
4.289837181568145752e-02
2.846795320510864258e-02
3.349345922470092773e-02
2.527207136154174805e-02
5.126297473907470703e-03
1.138055324554443359e-02
6.395414471626281738e-02
1.647719740867614746e-02
3.222525119781494141e-02
3.727066516876220703e-02
3.209412097930908203e-04
1.474559307098388672e-02
7.630109786987304688e-03
3.585024178028106689e-02
3.084540367126464844e-04
2.326506376266479492e-02
6.774544715881347656e-03
9.593725204467773438e-03
8.813142776489257812e-03
1.714809238910675049e-02
1.672452688217163086e-02
1.174503564834594727e-02
3.353282809257507324e-03
1.468575000762939453e-02
1.694542169570922852e-02
3.769271075725555420e-03
5.832254886627197266e-03
4.503726959228515625e-04
4.446719586849212646e-02
2.474692463874816895e-02
3.114283084869384766e-03
2.065525949001312256e-02
4.427164793014526367e-03
3.924041986465454102e-02
5.075106024742126465e-02
2.104033529758453369e-02
3.587722778320312500e-02
1.275250315666198730e-02
1.011183857917785645e-02
5.608940124511718750e-02
6.047958135604858398e-02
4.431752488017082214e-02
4.818642139434814453e-02
2.702832221984863281e-03
2.149447798728942871e-02
4.576623439788818359e-03
2.049130201339721680e-02
1.078024506568908691e-03
4.178380966186523438e-02
4.395246505737304688e-03
1.474312692880630493e-02
5.668181180953979492e-02
7.344079017639160156e-02
2.833214402198791504e-02
3.486934304237365723e-02
4.212499856948852539e-01
1.954703032970428467e-02
1.797664165496826172e-02
4.294377565383911133e-02
1.970976591110229492e-02
3.392001986503601074e-02
3.784579038619995117e-02
1.265543699264526367e-02
6.574228405952453613e-02
6.659346818923950195e-02
1.468247175216674805e-02
6.241942942142486572e-02
5.277836322784423828e-02
2.947664260864257812e-02
8.996337652206420898e-03
1.659429073333740234e-02
8.124291896820068359e-03
3.094122931361198425e-02
6.201088428497314453e-03
7.549166679382324219e-03
4.031592309474945068e-01
1.869820952415466309e-01
5.974173545837402344e-04
1.960656046867370605e-01
1.806427240371704102e-01
5.403321981430053711e-02
1.868447214365005493e-01
1.513603627681732178e-01
8.127367496490478516e-02
4.084375500679016113e-02
8.413419127464294434e-03
3.726911544799804688e-02
1.689115166664123535e-02
2.929441630840301514e-03
8.682906627655029297e-03
5.583220720291137695e-02
1.614477485418319702e-02
1.919323205947875977e-02
1.731932163238525391e-02
2.429047226905822754e-02
2.145135402679443359e-02
5.446213483810424805e-02
3.077748417854309082e-02
3.231489658355712891e-02
3.517985343933105469e-02
2.795039117336273193e-02
2.706241607666015625e-02
2.133631706237792969e-02
6.903389096260070801e-02
1.170650124549865723e-02
1.900672912597656250e-03
1.217101514339447021e-02
1.139545440673828125e-02
1.134347915649414062e-02
4.021269083023071289e-02
4.759383201599121094e-02
3.823935985565185547e-03
1.056706905364990234e-02
1.694396138191223145e-03
4.376545548439025879e-01
1.307201385498046875e-02
1.252769157290458679e-01
2.114492058753967285e-01
9.064024686813354492e-02
4.201738685369491577e-01
1.672886610031127930e-01
3.419667482376098633e-02
1.220416873693466187e-01
9.569901227951049805e-02
5.024921894073486328e-02
1.737050712108612061e-03
1.635193824768066406e-03
2.676188945770263672e-02
7.533101737499237061e-02
1.268044114112854004e-02
1.404839754104614258e-02
1.586106419563293457e-02
1.441949605941772461e-02
3.249770402908325195e-02
1.100885868072509766e-02
2.187028527259826660e-02
2.153384685516357422e-02
6.208389997482299805e-03
9.242020547389984131e-03
1.828074455261230469e-04
2.500116825103759766e-02
1.721732318401336670e-03
1.679283380508422852e-02
1.316636800765991211e-02
6.878156214952468872e-03
4.213297367095947266e-02
3.512203693389892578e-03
4.089303314685821533e-03
1.924037933349609375e-04
3.682219982147216797e-02
5.048342049121856689e-03
5.099451541900634766e-02
1.071715354919433594e-02
1.810058951377868652e-02
4.068601131439208984e-02
3.408491611480712891e-03
6.427481770515441895e-03
3.793740272521972656e-02
3.168869018554687500e-02
3.730773925781250000e-03
1.036168634891510010e-02
3.792941570281982422e-03
4.361965935677289963e-01
1.407126337289810181e-02
1.592489480972290039e-01
2.960550189018249512e-01
1.112595424056053162e-01
1.852790713310241699e-01
2.402278184890747070e-01
6.302766501903533936e-03
2.313085794448852539e-01
2.209280729293823242e-01
3.445070236921310425e-02
1.677393913269042969e-03
1.897662878036499023e-02
1.633612066507339478e-02
1.560479402542114258e-03
3.096085786819458008e-02
1.518879830837249756e-02
7.966369390487670898e-03
1.136380434036254883e-02
5.548475682735443115e-02
1.834386587142944336e-02
1.635634899139404297e-02
8.924186229705810547e-03
3.980070352554321289e-03
2.272510528564453125e-02
2.338865399360656738e-02
4.333902150392532349e-02
3.335505723953247070e-02
1.288056373596191406e-04
8.210517466068267822e-03
1.410657167434692383e-02
1.590859889984130859e-02
3.485197573900222778e-02
5.022662878036499023e-02
8.399426937103271484e-03
6.462596356868743896e-03
9.114980697631835938e-03
3.463941812515258789e-02
1.871244609355926514e-02
2.705374360084533691e-02
1.006323099136352539e-02
7.091760635375976562e-04
4.219670873135328293e-01
1.189851760864257812e-02
2.622117102146148682e-02
3.771662712097167969e-03
4.581451416015625000e-03
1.988109946250915527e-02
3.291358053684234619e-02
9.033679962158203125e-04
5.799800157546997070e-03
4.867896437644958496e-03
3.943127393722534180e-02
4.658108949661254883e-02
1.740411669015884399e-02
4.024505615234375000e-02
4.090785980224609375e-03
5.550570785999298096e-03
1.439976692199707031e-02
1.802504062652587891e-03
4.404705762863159180e-02
6.266719102859497070e-02
3.155469894409179688e-02
4.642916917800903320e-01
3.024175763130187988e-02
3.450012207031250000e-02
1.280899345874786377e-01
3.737014532089233398e-02
9.793043136596679688e-02
1.189633533358573914e-01
9.407401084899902344e-04
9.583747386932373047e-02
9.674443304538726807e-02
5.961358547210693359e-04
3.913408517837524414e-02
1.039102673530578613e-02
3.386829793453216553e-02
7.042050361633300781e-03
2.069211006164550781e-02
3.618972003459930420e-02
3.629770874977111816e-01
3.351095318794250488e-01
2.486392278224229813e-01
1.762064695358276367e-01
1.069813966751098633e-01
1.601837351918220520e-01
6.231039762496948242e-02
6.095379590988159180e-02
1.479623839259147644e-01
6.721025705337524414e-02
5.375385284423828125e-03
3.759789466857910156e-02
9.850412607192993164e-03
4.244506359100341797e-03
1.131698489189147949e-02
2.481406927108764648e-02
1.920288801193237305e-02
2.065896987915039062e-04
4.069186747074127197e-02
9.701371192932128906e-03
1.246500015258789062e-02
1.457869261503219604e-02
1.721268892288208008e-02
4.414081573486328125e-03
1.649041846394538879e-02
1.172655820846557617e-02
6.345033645629882812e-03
4.328787326812744141e-04
1.217061281204223633e-02
3.730171918869018555e-02
5.520425736904144287e-03
1.853960752487182617e-02
8.471214771270751953e-02
1.883193850517272949e-03
