# {'window': 126, 'n_steps': 5, 'contam': 0.9685683833477874, 'q': 0.06815948440452058, 'thres': 0.7344109034162882}
4.354110062122344971e-01
3.867405652999877930e-01
8.023163527250289917e-01
2.736268043518066406e-01
5.066799223423004150e-01
7.338727414608001709e-01
7.094317674636840820e-02
6.806839704513549805e-01
6.272977590560913086e-01
1.288761049509048462e-01
7.493473291397094727e-01
4.832833707332611084e-01
3.605966493487358093e-01
8.119477778673171997e-01
3.282082676887512207e-01
5.091361999511718750e-01
7.212488651275634766e-01
1.188467741012573242e-01
6.378499548882246017e-01
6.495335102081298828e-01
6.426495313644409180e-02
6.725116819143295288e-01
5.534235239028930664e-01
2.385632395744323730e-01
7.164817824959754944e-01
3.989445567131042480e-01
3.609121441841125488e-01
7.067726850509643555e-01
2.668251842260360718e-01
5.587273836135864258e-01
8.005314618349075317e-01
2.763976156711578369e-02
6.871990263462066650e-01
6.353679001331329346e-01
1.336648315191268921e-01
7.343998551368713379e-01
4.933775663375854492e-01
3.605773895978927612e-01
7.877345830202102661e-01
3.592154979705810547e-01
5.401222854852676392e-01
7.331282794475555420e-01
1.093408465385437012e-01
6.194431260228157043e-01
6.661508679389953613e-01
4.809439182281494141e-02
6.870771870017051697e-01
5.539103448390960693e-01
2.259343862533569336e-01
7.657701447606086731e-01
4.053396880626678467e-01
3.786412477493286133e-01
7.875276952981948853e-01
2.567500919103622437e-01
5.647312402725219727e-01
7.212355434894561768e-01
3.838539123535156250e-02
7.037860453128814697e-01
6.450468599796295166e-01
1.521307975053787231e-01
7.203920185565948486e-01
5.207538008689880371e-01
3.439646288752555847e-01
7.932620048522949219e-01
2.639241218566894531e-01
5.230069831013679504e-01
7.185040563344955444e-01
1.102862954139709473e-01
5.639981105923652649e-01
7.103352844715118408e-01
3.447490930557250977e-02
7.097958698868751526e-01
5.800697207450866699e-01
2.404883503913879395e-01
7.344438955187797546e-01
4.192877709865570068e-01
3.730370402336120605e-01
7.443421483039855957e-01
2.803011536598205566e-01
5.014606714248657227e-01
7.527648210525512695e-01
4.119522869586944580e-02
6.202371716499328613e-01
6.132838129997253418e-01
1.288379430770874023e-01
7.083177268505096436e-01
5.057710409164428711e-01
3.315213322639465332e-01
7.702190876007080078e-01
3.536618947982788086e-01
5.063476786017417908e-01
7.168135643005371094e-01
1.598035693168640137e-01
5.667068436741828918e-01
6.540274918079376221e-01
1.748287677764892578e-02
7.421846799552440643e-01
5.783244371414184570e-01
2.228153944015502930e-01
7.328534126281738281e-01
4.097029566764831543e-01
3.489594459533691406e-01
7.421483248472213745e-01
2.861445099115371704e-01
5.338448584079742432e-01
7.546429038047790527e-01
7.764217257499694824e-02
6.608806252479553223e-01
6.606977581977844238e-01
1.328953355550765991e-01
7.379944026470184326e-01
4.836652576923370361e-01
3.458404690027236938e-01
7.640420198440551758e-01
3.168198466300964355e-01
5.025404244661331177e-01
7.304114401340484619e-01
1.378692984580993652e-01
6.144111901521682739e-01
6.574766039848327637e-01
3.700751066207885742e-02
7.176366858184337616e-01
5.293519496917724609e-01
2.292163968086242676e-01
7.663308009505271912e-01
3.854551911354064941e-01
3.500110507011413574e-01
7.555105984210968018e-01
2.721507549285888672e-01
4.879673123359680176e-01
7.226008772850036621e-01
2.457350492477416992e-04
6.887547373771667480e-01
6.161722242832183838e-01
1.644334197044372559e-01
7.440257966518402100e-01
5.444741845130920410e-01
3.723462522029876709e-01
8.104172945022583008e-01
3.058899641036987305e-01
5.348905883729457855e-01
7.141559422016143799e-01
9.402257204055786133e-02
6.150878816843032837e-01
6.513431966304779053e-01
1.666307449340820312e-02
6.921825259923934937e-01
6.132888793945312500e-01
2.233236432075500488e-01
7.391544654965400696e-01
4.089871346950531006e-01
3.597269654273986816e-01
7.371107935905456543e-01
2.718970477581024170e-01
5.244139134883880615e-01
7.225175797939300537e-01
7.840216159820556641e-03
6.964311003684997559e-01
6.395865380764007568e-01
1.272351443767547607e-01
7.526860237121582031e-01
5.046648085117340088e-01
3.340254276990890503e-01
7.937216609716415405e-01
3.511585593223571777e-01
5.632662186399102211e-01
6.635643392801284790e-01
1.017364263534545898e-01
6.013485714793205261e-01
6.656745374202728271e-01
3.677564859390258789e-02
6.993623897433280945e-01
5.683057904243469238e-01
2.381939291954040527e-01
7.618087604641914368e-01
4.361574351787567139e-01
3.590432405471801758e-01
7.426495999097824097e-01
2.650675326585769653e-01
5.613458752632141113e-01
7.792823612689971924e-01
7.057540118694305420e-02
6.354432702064514160e-01
6.348057091236114502e-01
1.103060841560363770e-01
7.235040664672851562e-01
5.214981436729431152e-01
3.506258055567741394e-01
7.918089926242828369e-01
3.368892073631286621e-01
4.914696887135505676e-01
7.215638756752014160e-01
9.797394275665283203e-02
6.095421724021434784e-01
6.913805305957794189e-01
5.870938301086425781e-03
6.890870705246925354e-01
5.144786536693572998e-01
2.436218857765197754e-01
7.429293170571327209e-01
3.954681158065795898e-01
4.149020910263061523e-01
7.337342202663421631e-01
2.641210108995437622e-01
5.120353400707244873e-01
7.660585939884185791e-01
9.499832987785339355e-03
6.723574101924896240e-01
6.013547480106353760e-01
1.540763229131698608e-01
7.211314439773559570e-01
5.744994878768920898e-01
3.585567250847816467e-01
7.798562645912170410e-01
3.422007560729980469e-01
5.358988903462886810e-01
7.168598473072052002e-01
1.331697702407836914e-01
5.629421696066856384e-01
6.681444048881530762e-01
5.125713348388671875e-02
6.620220541954040527e-01
5.990232229232788086e-01
2.677845358848571777e-01
7.896107472479343414e-01
3.905982673168182373e-01
3.599628210067749023e-01
8.025573715567588806e-01
2.609941363334655762e-01
5.179353952407836914e-01
7.563634961843490601e-01
7.467412948608398438e-02
6.621782481670379639e-01
6.268263757228851318e-01
1.514912992715835571e-01
7.213801443576812744e-01
5.303189158439636230e-01
3.230900913476943970e-01
7.474546432495117188e-01
2.953478693962097168e-01
5.459504406899213791e-01
7.123379707336425781e-01
1.169238090515136719e-01
5.992969907820224762e-01
6.475900709629058838e-01
4.341876506805419922e-02
7.101573385298252106e-01
5.457617640495300293e-01
2.097563147544860840e-01
7.528910264372825623e-01
4.200977385044097900e-01
3.518175482749938965e-01
7.769308835268020630e-01
2.249423712491989136e-01
5.384100377559661865e-01
7.854227423667907715e-01
3.597068786621093750e-02
7.004128992557525635e-01
6.406157612800598145e-01
1.239775121212005615e-01
7.709274291992187500e-01
5.073017776012420654e-01
4.073538072407245636e-01
7.717943191528320312e-01
3.734913468360900879e-01
5.456321444362401962e-01
6.636776924133300781e-01
1.446930170059204102e-01
5.742348954081535339e-01
6.153930723667144775e-01
3.051173686981201172e-02
6.853662356734275818e-01
5.554042160511016846e-01
2.099106907844543457e-01
7.380527257919311523e-01
4.130649864673614502e-01
3.617780208587646484e-01
7.534153014421463013e-01
3.065735846757888794e-01
5.313735008239746094e-01
7.289408296346664429e-01
2.945849299430847168e-02
6.834129095077514648e-01
5.952413082122802734e-01
1.367631405591964722e-01
7.215496301651000977e-01
4.985808730125427246e-01
3.518537431955337524e-01
7.639035433530807495e-01
3.393189311027526855e-01
5.127146914601325989e-01
7.000900208950042725e-01
1.475476622581481934e-01
5.868032053112983704e-01
6.422561705112457275e-01
4.403179883956909180e-02
7.021261304616928101e-01
5.361112058162689209e-01
2.263658642768859863e-01
7.758150994777679443e-01
4.046736657619476318e-01
3.497408628463745117e-01
7.779914438724517822e-01
2.855706363916397095e-01
5.152263641357421875e-01
7.114276289939880371e-01
9.386700391769409180e-02
6.642850637435913086e-01
6.026950478553771973e-01
1.558954417705535889e-01
7.174966633319854736e-01
5.045874118804931641e-01
3.248200416564941406e-01
7.837221324443817139e-01
3.378203511238098145e-01
5.049765408039093018e-01
6.606437265872955322e-01
1.845163106918334961e-01
5.839751437306404114e-01
6.279443204402923584e-01
3.331106901168823242e-02
6.945504099130630493e-01
5.391736626625061035e-01
2.856456041336059570e-01
7.155291661620140076e-01
3.971410095691680908e-01
3.744230270385742188e-01
7.171636372804641724e-01
2.367915362119674683e-01
5.287936627864837646e-01
7.328029274940490723e-01
3.150916099548339844e-02
6.618889570236206055e-01
6.199804246425628662e-01
1.359237432479858398e-01
7.602994143962860107e-01
4.834756851196289062e-01
3.263855576515197754e-01
7.821167707443237305e-01
3.359312415122985840e-01
4.930537566542625427e-01
7.150125801563262939e-01
1.101927161216735840e-01
6.569321248680353165e-01
6.590669751167297363e-01
4.824990034103393555e-02
7.264564298093318939e-01
5.549592971801757812e-01
2.248461842536926270e-01
7.217305451631546021e-01
4.164670705795288086e-01
4.110872149467468262e-01
7.755973339080810547e-01
2.267865985631942749e-01
5.087668895721435547e-01
7.387293726205825806e-01
1.073886454105377197e-02
6.509374976158142090e-01
6.043006181716918945e-01
1.449858248233795166e-01
7.277500629425048828e-01
5.133373439311981201e-01
3.249903768301010132e-01
7.544444948434829712e-01
3.223711848258972168e-01
5.272732973098754883e-01
6.713074147701263428e-01
8.210057020187377930e-02
6.150097250938415527e-01
5.919335782527923584e-01
2.352857589721679688e-02
6.646733507513999939e-01
5.500671267509460449e-01
1.859403252601623535e-01
7.808912917971611023e-01
4.068912267684936523e-01
3.564165830612182617e-01
7.758229970932006836e-01
2.623768299818038940e-01
5.385819971561431885e-01
7.686405777931213379e-01
4.383814334869384766e-02
6.652399003505706787e-01
5.952569246292114258e-01
1.997106820344924927e-01
7.298066318035125732e-01
5.222632586956024170e-01
3.676716834306716919e-01
7.861451059579849243e-01
3.252072930335998535e-01
4.589981138706207275e-01
7.220401763916015625e-01
1.004774570465087891e-01
5.720389559864997864e-01
6.691399812698364258e-01
7.278609275817871094e-02
7.241490483283996582e-01
5.691009163856506348e-01
2.030802369117736816e-01
7.598858997225761414e-01
3.907046318054199219e-01
3.810343742370605469e-01
7.397539019584655762e-01
2.187732756137847900e-01
5.295412540435791016e-01
7.549336701631546021e-01
3.874224424362182617e-02
6.177165806293487549e-01
6.413227915763854980e-01
1.386231780052185059e-01
7.544886767864227295e-01
4.669760763645172119e-01
3.423669785261154175e-01
7.599731385707855225e-01
3.238697052001953125e-01
5.573049243539571762e-01
6.843824386596679688e-01
1.317328810691833496e-01
6.399777494370937347e-01
6.463859379291534424e-01
4.784011840820312500e-02
7.450775951147079468e-01
5.432025790214538574e-01
2.381247282028198242e-01
7.512793317437171936e-01
4.342382848262786865e-01
3.527403473854064941e-01
7.705367356538772583e-01
2.277692258358001709e-01
5.684121251106262207e-01
7.851450145244598389e-01
4.149121046066284180e-02
6.895857751369476318e-01
6.509586572647094727e-01
1.537883728742599487e-01
7.655629813671112061e-01
5.359008312225341797e-01
3.048886209726333618e-01
1.221636608242988586e-01
1.197253227233886719e+00
7.171583473682403564e-01
3.707941472530364990e-01
9.732307791709899902e-01
8.465276509523391724e-01
3.222968876361846924e-01
8.724619895219802856e-01
1.029914170503616333e+00
2.508561015129089355e-01
7.798559218645095825e-01
1.146529763936996460e+00
3.676793277263641357e-01
7.601774930953979492e-01
3.442667722702026367e-01
1.048543557524681091e+00
8.231090307235717773e-01
2.447050809860229492e-01
9.892554581165313721e-01
8.885065913200378418e-01
2.569713592529296875e-01
9.114994406700134277e-01
9.030183553695678711e-01
4.383705258369445801e-01
5.634871423244476318e-01
1.958906576037406921e-01
1.124869585037231445e+00
6.974015533924102783e-01
4.288822412490844727e-01
9.150841832160949707e-01
8.308441191911697388e-01
3.976485878229141235e-01
8.588769584894180298e-01
9.770126044750213623e-01
3.248491287231445312e-01
7.374144345521926880e-01
1.093710750341415405e+00
2.758355438709259033e-01
7.560780644416809082e-01
4.312808513641357422e-01
9.769692122936248779e-01
8.072350025177001953e-01
3.385145664215087891e-01
9.480289816856384277e-01
8.619568645954132080e-01
3.478369116783142090e-01
8.730998635292053223e-01
8.423819541931152344e-01
5.346450209617614746e-01
5.592591166496276855e-01
2.812025472521781921e-01
1.032682180404663086e+00
7.077796161174774170e-01
5.160032808780670166e-01
8.712627887725830078e-01
8.028544932603836060e-01
4.819196015596389771e-01
8.237590938806533813e-01
9.540545642375946045e-01
4.367348551750183105e-01
6.911940425634384155e-01
1.023095339536666870e+00
1.704295575618743896e-01
7.467767000198364258e-01
5.016310214996337891e-01
8.862444460391998291e-01
7.928118705749511719e-01
4.228560924530029297e-01
9.107550680637359619e-01
8.134907484054565430e-01
4.473058581352233887e-01
8.600630760192871094e-01
7.652438282966613770e-01
6.214758157730102539e-01
5.571739971637725830e-01
3.178217634558677673e-01
9.354612827301025391e-01
7.192238271236419678e-01
6.277391314506530762e-01
8.044528365135192871e-01
7.368107587099075317e-01
5.875292420387268066e-01
8.093496710062026978e-01
9.375638663768768311e-01
5.514523386955261230e-01
6.882659941911697388e-01
9.706825315952301025e-01
1.180603802204132080e-01
7.259434461593627930e-01
5.516778230667114258e-01
8.064669966697692871e-01
7.629525661468505859e-01
5.118210911750793457e-01
8.615343570709228516e-01
7.736552953720092773e-01
5.026296973228454590e-01
8.126211166381835938e-01
7.291193604469299316e-01
7.276988029479980469e-01
5.583882629871368408e-01
4.406972229480743408e-01
1.701796054840087891e-02
4.422571137547492981e-01
3.351200520992279053e-01
1.072428822517395020e-01
4.547068439424037933e-01
3.058108687400817871e-01
1.972523927688598633e-01
5.634171590209007263e-01
1.670955121517181396e-01
3.305220007896423340e-01
4.787773415446281433e-01
8.008119463920593262e-02
3.837379813194274902e-01
4.927006363868713379e-01
4.520818591117858887e-02
4.787741303443908691e-01
3.985029906034469604e-01
1.372833549976348877e-01
4.925091862678527832e-01
2.674507498741149902e-01
2.521213591098785400e-01
4.928482770919799805e-01
1.348652541637420654e-01
3.107573390007019043e-01
4.966502189636230469e-01
2.017658948898315430e-02
4.895601645112037659e-01
3.316636681556701660e-01
4.928332567214965820e-02
4.849826563149690628e-01
2.848118841648101807e-01
1.951417922973632812e-01
6.129738390445709229e-01
1.889390945434570312e-01
3.102121949195861816e-01
5.358190611004829407e-01
6.331473588943481445e-02
3.278812170028686523e-01
5.226538330316543579e-01
1.677453517913818359e-03
4.384993314743041992e-01
4.409510791301727295e-01
1.652753949165344238e-01
5.323718786239624023e-01
3.353498578071594238e-01
2.388999164104461670e-01
5.565033555030822754e-01
2.188369631767272949e-01
3.241192102432250977e-01
5.624780356884002686e-01
7.660967111587524414e-02
4.795436412096023560e-01
3.962289988994598389e-01
5.235320329666137695e-02
3.822164386510848999e-01
4.216105639934539795e-01
1.606808900833129883e-01
6.711890548467636108e-01
2.680734694004058838e-01
2.519816160202026367e-01
6.093947663903236389e-01
2.131258249282836914e-01
3.143600821495056152e-01
6.628504991531372070e-01
1.168763041496276855e-01
4.386937618255615234e-01
5.662218034267425537e-01
6.281933188438415527e-02
5.280286669731140137e-01
4.182725846767425537e-01
1.870999783277511597e-01
6.058077514171600342e-01
2.732833623886108398e-01
3.226930275559425354e-01
6.135001778602600098e-01
1.711360216140747070e-01
4.288820251822471619e-01
5.219285488128662109e-01
5.980080366134643555e-02
5.399711839854717255e-01
5.199014246463775635e-01
1.563922166824340820e-01
7.064511924982070923e-01
3.770548701286315918e-01
2.955120801925659180e-01
6.605510711669921875e-01
2.725718319416046143e-01
3.713939785957336426e-01
6.948792785406112671e-01
1.307374835014343262e-01
4.858437180519104004e-01
6.142291128635406494e-01
2.875593304634094238e-02
6.251149475574493408e-01
4.881497323513031006e-01
1.653994619846343994e-01
6.214007735252380371e-01
3.667549788951873779e-01
3.276096731424331665e-01
7.619963586330413818e-01
2.770180106163024902e-01
5.007837265729904175e-01
6.146371662616729736e-01
1.137992143630981445e-01
5.687319934368133545e-01
6.053569912910461426e-01
5.868363380432128906e-02
7.488119378685951233e-01
4.921106994152069092e-01
2.432734370231628418e-01
7.337414771318435669e-01
3.609011173248291016e-01
3.145012259483337402e-01
7.691454440355300903e-01
2.306137830018997192e-01
5.331878364086151123e-01
7.062749415636062622e-01
6.996721029281616211e-03
6.997567415237426758e-01
5.905404984951019287e-01
1.514488458633422852e-01
7.128430604934692383e-01
4.349068999290466309e-01
3.809159621596336365e-01
7.751306146383285522e-01
3.217023015022277832e-01
4.740587398409843445e-01
7.080204188823699951e-01
1.388584375381469727e-01
6.332105603069067001e-01
6.623446643352508545e-01
1.377671957015991211e-02
7.275160066783428192e-01
5.822406411170959473e-01
2.270021438598632812e-01
7.468909770250320435e-01
3.716714978218078613e-01
3.946189880371093750e-01
7.481187283992767334e-01
2.453282028436660767e-01
5.526241660118103027e-01
7.663135379552841187e-01
3.175236284732818604e-02
6.568643748760223389e-01
6.405645310878753662e-01
1.366109997034072876e-01
7.542583048343658447e-01
5.382804274559020996e-01
3.280964791774749756e-01
7.371497452259063721e-01
3.062910437583923340e-01
5.203020162880420685e-01
7.383110076189041138e-01
1.549858450889587402e-01
6.225582472980022430e-01
6.561615765094757080e-01
2.660572528839111328e-03
7.345960494130849838e-01
5.572762787342071533e-01
2.046853899955749512e-01
7.450880482792854309e-01
3.964606821537017822e-01
3.959107398986816406e-01
7.278870195150375366e-01
2.896688729524612427e-01
5.347535610198974609e-01
7.604192644357681274e-01
2.196280658245086670e-02
6.858884990215301514e-01
6.295061409473419189e-01
1.683380305767059326e-01
7.726716995239257812e-01
5.298306047916412354e-01
3.656057566404342651e-01
7.971906810998916626e-01
3.499017953872680664e-01
5.171905867755413055e-01
7.018169462680816650e-01
1.303065419197082520e-01
6.452343873679637909e-01
6.691176295280456543e-01
5.532705783843994141e-02
7.380726858973503113e-01
5.748434960842132568e-01
2.372429966926574707e-01
7.570306882262229919e-01
4.050200581550598145e-01
3.476335406303405762e-01
7.220037728548049927e-01
2.425360977649688721e-01
5.192224979400634766e-01
7.346562892198562622e-01
2.647712826728820801e-03
6.909399628639221191e-01
6.320770382881164551e-01
1.511357873678207397e-01
7.334937751293182373e-01
4.700218439102172852e-01
3.186165243387222290e-01
8.141137063503265381e-01
2.917939424514770508e-01
5.302356630563735962e-01
6.977370977401733398e-01
1.279585361480712891e-01
5.764503031969070435e-01
6.808301210403442383e-01
4.909664392471313477e-02
7.079602554440498352e-01
5.729004144668579102e-01
1.996621489524841309e-01
7.151478677988052368e-01
3.963589072227478027e-01
3.714878559112548828e-01
7.696971744298934937e-01
2.605673372745513916e-01
5.274921059608459473e-01
7.216578423976898193e-01
4.755631089210510254e-03
6.743173003196716309e-01
6.437169015407562256e-01
1.611571609973907471e-01
7.579654157161712646e-01
5.177239477634429932e-01
3.422904089093208313e-01
7.963066548109054565e-01
3.272783160209655762e-01
5.059522092342376709e-01
6.714516580104827881e-01
1.188316345214843750e-01
6.024305447936058044e-01
6.305907666683197021e-01
5.493992567062377930e-02
7.150139473378658295e-01
5.573231577873229980e-01
1.862532496452331543e-01
7.865817956626415253e-01
3.870503604412078857e-01
3.590794801712036133e-01
7.742007523775100708e-01
3.015227615833282471e-01
5.281100571155548096e-01
7.479951977729797363e-01
5.119948089122772217e-02
6.441432237625122070e-01
6.069124639034271240e-01
1.658398807048797607e-01
7.613039612770080566e-01
5.054459571838378906e-01
3.272970318794250488e-01
7.662719637155532837e-01
3.230045437812805176e-01
5.200182534754276276e-01
7.298417687416076660e-01
1.047272682189941406e-01
6.051400527358055115e-01
7.037279903888702393e-01
2.749133110046386719e-02
7.013007812201976776e-01
4.973448216915130615e-01
2.032434940338134766e-01
7.763941660523414612e-01
4.012094736099243164e-01
3.639464378356933594e-01
7.779442965984344482e-01
3.219999969005584717e-01
5.318914055824279785e-01
7.665943801403045654e-01
8.202493190765380859e-03
7.273553311824798584e-01
6.089065372943878174e-01
1.645084470510482788e-01
7.542883455753326416e-01
5.253503620624542236e-01
3.449943438172340393e-01
7.885607033967971802e-01
2.867076396942138672e-01
5.053927376866340637e-01
7.499131709337234497e-01
9.644508361816406250e-02
6.215071789920330048e-01
6.636843085289001465e-01
2.125471830368041992e-02
7.272669263184070587e-01
5.975778698921203613e-01
2.497425675392150879e-01
7.846607863903045654e-01
3.897688090801239014e-01
3.913856148719787598e-01
7.820169329643249512e-01
2.890765964984893799e-01
5.157076120376586914e-01
7.458838224411010742e-01
3.395539522171020508e-02
7.016997933387756348e-01
6.255114376544952393e-01
1.495488137006759644e-01
7.410723865032196045e-01
4.876248538494110107e-01
3.154593706130981445e-01
7.702175974845886230e-01
3.020302057266235352e-01
5.518568623811006546e-01
7.373401522636413574e-01
1.203374266624450684e-01
6.139370352029800415e-01
6.797493696212768555e-01
4.984539747238159180e-02
7.242305353283882141e-01
5.648192763328552246e-01
2.185857892036437988e-01
7.260248512029647827e-01
4.046014845371246338e-01
3.742299079895019531e-01
7.913363426923751831e-01
2.996425181627273560e-01
5.416959524154663086e-01
7.500160634517669678e-01
4.711499810218811035e-02
6.834326088428497314e-01
6.041798889636993408e-01
1.412012726068496704e-01
7.278768420219421387e-01
4.884836375713348389e-01
3.387357965111732483e-01
7.848467081785202026e-01
3.297603726387023926e-01
5.250228233635425568e-01
7.074798494577407837e-01
1.272883415222167969e-01
6.439442513510584831e-01
6.666762530803680420e-01
2.067989110946655273e-02
6.597953513264656067e-01
5.584628582000732422e-01
2.211984395980834961e-01
7.776497825980186462e-01
3.975522816181182861e-01
3.948244452476501465e-01
7.531928122043609619e-01
2.910500019788742065e-01
5.382202863693237305e-01
7.391242086887359619e-01
3.865990042686462402e-02
6.772750616073608398e-01
6.303422749042510986e-01
1.503871977329254150e-01
7.205709218978881836e-01
5.237108469009399414e-01
3.349591419100761414e-01
7.816392928361892700e-01
3.176215291023254395e-01
5.150317363440990448e-01
7.230712175369262695e-01
1.231512427330017090e-01
5.983219668269157410e-01
6.409694254398345947e-01
3.174525499343872070e-02
7.437349967658519745e-01
5.852163136005401611e-01
2.063199877738952637e-01
7.524023577570915222e-01
3.825863599777221680e-01
3.641777038574218750e-01
7.730324417352676392e-01
2.705820798873901367e-01
5.254818201065063477e-01
7.004173398017883301e-01
6.145188212394714355e-02
6.730126440525054932e-01
6.333954334259033203e-01
1.445652991533279419e-01
7.576563656330108643e-01
5.279436409473419189e-01
3.134433329105377197e-01
7.914146035909652710e-01
3.073559403419494629e-01
4.733628183603286743e-01
6.975100338459014893e-01
7.719403505325317383e-02
6.213024482131004333e-01
6.557492017745971680e-01
3.325283527374267578e-02
6.653540059924125671e-01
5.530477762222290039e-01
2.272649407386779785e-01
7.341751977801322937e-01
4.395401775836944580e-01
3.764955401420593262e-01
7.796399295330047607e-01
2.710389196872711182e-01
4.853447377681732178e-01
7.650836706161499023e-01
2.336925268173217773e-02
6.847588121891021729e-01
6.648158133029937744e-01
1.761090755462646484e-01
7.393150925636291504e-01
4.965911507606506348e-01
3.674065321683883667e-01
7.753303050994873047e-01
3.111584782600402832e-01
5.085808411240577698e-01
6.904079169034957886e-01
9.856396913528442383e-02
5.763866975903511047e-01
6.658363342285156250e-01
6.894230842590332031e-03
7.101258225739002228e-01
5.700539648532867432e-01
2.566630840301513672e-01
7.713233530521392822e-01
4.080270826816558838e-01
3.828477859497070312e-01
7.582293450832366943e-01
3.349887430667877197e-01
4.865432381629943848e-01
7.031020224094390869e-01
9.923651814460754395e-03
6.599330306053161621e-01
6.382282972335815430e-01
1.552748382091522217e-01
7.215100526809692383e-01
5.110632181167602539e-01
3.501973599195480347e-01
7.798376232385635376e-01
3.207147717475891113e-01
4.856051281094551086e-01
7.192421257495880127e-01
1.117691397666931152e-01
6.598414778709411621e-01
6.651804745197296143e-01
3.641009330749511719e-02
6.980272904038429260e-01
5.817629992961883545e-01
2.438287138938903809e-01
7.591991722583770752e-01
3.829168081283569336e-01
3.770636916160583496e-01
7.503938823938369751e-01
2.477734386920928955e-01
5.167160332202911377e-01
7.476306855678558350e-01
1.879757642745971680e-02
6.742807626724243164e-01
5.953510105609893799e-01
1.351501047611236572e-01
7.733556032180786133e-01
5.221570730209350586e-01
3.468357771635055542e-01
7.415429651737213135e-01
3.425292372703552246e-01
5.304379127919673920e-01
7.237505018711090088e-01
1.069726347923278809e-01
5.913465470075607300e-01
6.523604691028594971e-01
8.593124151229858398e-02
7.497906330972909927e-01
5.956501066684722900e-01
1.947451829910278320e-01
7.536076828837394714e-01
4.010019004344940186e-01
3.986983299255371094e-01
8.012902364134788513e-01
2.583206892013549805e-01
5.192124545574188232e-01
7.149762809276580811e-01
4.990990459918975830e-02
6.887028515338897705e-01
6.461720466613769531e-01
1.635005772113800049e-01
7.076311111450195312e-01
5.290634334087371826e-01
3.634766116738319397e-01
7.909798473119735718e-01
3.703672289848327637e-01
4.755947291851043701e-01
6.982681006193161011e-01
1.140471100807189941e-01
6.243597082793712616e-01
6.862069368362426758e-01
2.296000719070434570e-02
7.100619934499263763e-01
5.655405521392822266e-01
2.594220042228698730e-01
7.357029765844345093e-01
4.271937906742095947e-01
3.459613323211669922e-01
7.948152646422386169e-01
2.501425147056579590e-01
5.464375019073486328e-01
7.893066406250000000e-01
2.455365657806396484e-02
7.157635390758514404e-01
6.361097395420074463e-01
1.443641781806945801e-01
7.516502737998962402e-01
4.856042563915252686e-01
3.703380972146987915e-01
8.066117167472839355e-01
3.245073556900024414e-01
5.106824934482574463e-01
7.504878491163253784e-01
1.178883314132690430e-01
6.224250569939613342e-01
6.350599825382232666e-01
4.078406095504760742e-02
6.988231912255287170e-01
5.531210601329803467e-01
2.140491008758544922e-01
7.497009560465812683e-01
4.258708655834197998e-01
3.644006848335266113e-01
7.587460577487945557e-01
2.632193863391876221e-01
4.781540036201477051e-01
7.286668568849563599e-01
5.377271771430969238e-02
6.861334741115570068e-01
6.321750283241271973e-01
1.726765185594558716e-01
7.752394378185272217e-01
5.191991925239562988e-01
3.447447270154953003e-01
8.403758704662322998e-01
3.025876879692077637e-01
5.466114897280931473e-01
7.007923424243927002e-01
1.191371679306030273e-01
6.450228821486234665e-01
6.376847922801971436e-01
5.603140592575073242e-02
7.064327336847782135e-01
5.738466680049896240e-01
2.370623946189880371e-01
7.688656225800514221e-01
3.976297378540039062e-01
3.576084375381469727e-01
7.675122916698455811e-01
2.446370720863342285e-01
5.313096642494201660e-01
7.367135733366012573e-01
3.010733425617218018e-02
7.039581835269927979e-01
6.104403436183929443e-01
1.486381590366363525e-01
7.237497568130493164e-01
4.919073581695556641e-01
3.091618418693542480e-01
7.658592313528060913e-01
3.162484765052795410e-01
5.374171696603298187e-01
6.951690912246704102e-01
1.124614477157592773e-01
6.120890192687511444e-01
6.459643244743347168e-01
3.781187534332275391e-02
7.334595285356044769e-01
5.362935364246368408e-01
2.208312153816223145e-01
7.175037264823913574e-01
3.894920051097869873e-01
4.089349508285522461e-01
7.594783902168273926e-01
2.856433391571044922e-01
5.240587890148162842e-01
7.134606540203094482e-01
7.452830672264099121e-02
6.903299987316131592e-01
6.455501914024353027e-01
1.895381808280944824e-01
7.256575822830200195e-01
5.306513309478759766e-01
3.451030254364013672e-01
7.711873650550842285e-01
3.191576600074768066e-01
5.021155551075935364e-01
6.792628765106201172e-01
1.147766709327697754e-01
6.378535926342010498e-01
7.029034197330474854e-01
3.369343280792236328e-02
6.857700720429420471e-01
5.606908500194549561e-01
2.555766105651855469e-01
7.507605552673339844e-01
4.085805118083953857e-01
4.290660619735717773e-01
7.263022810220718384e-01
2.799871712923049927e-01
5.235966444015502930e-01
7.691602259874343872e-01
2.230829000473022461e-02
7.149136066436767578e-01
6.223078966140747070e-01
1.511955559253692627e-01
7.493547499179840088e-01
5.142568051815032959e-01
3.825803995132446289e-01
7.921472042798995972e-01
3.585400581359863281e-01
5.222689397633075714e-01
7.196137011051177979e-01
8.305609226226806641e-02
6.490882458165287971e-01
6.923955082893371582e-01
4.660165309906005859e-02
7.422621920704841614e-01
5.533872842788696289e-01
2.457792162895202637e-01
7.809247002005577087e-01
3.686953485012054443e-01
4.076621532440185547e-01
7.851831018924713135e-01
2.860049605369567871e-01
5.390026271343231201e-01
7.151804268360137939e-01
1.960796117782592773e-02
6.786431372165679932e-01
6.445260345935821533e-01
1.095980405807495117e-01
7.490141987800598145e-01
4.983117282390594482e-01
3.840520828962326050e-01
7.682425081729888916e-01
3.378199934959411621e-01
5.071214511990547180e-01
6.646726131439208984e-01
1.154967546463012695e-01
5.947926640510559082e-01
6.757250130176544189e-01
7.958453893661499023e-02
7.030349373817443848e-01
5.938974022865295410e-01
2.022343277931213379e-01
7.602293565869331360e-01
3.938159644603729248e-01
4.080267548561096191e-01
7.795365303754806519e-01
2.530251592397689819e-01
5.448375046253204346e-01
7.671112269163131714e-01
6.718710064888000488e-03
6.593891978263854980e-01
5.948947668075561523e-01
1.670403182506561279e-01
7.061310410499572754e-01
5.388945937156677246e-01
3.515232652425765991e-01
7.882482707500457764e-01
3.248590826988220215e-01
5.197784379124641418e-01
7.212669104337692261e-01
1.323886513710021973e-01
6.338285598903894424e-01
6.847940981388092041e-01
5.811870098114013672e-02
7.525816932320594788e-01
5.618816018104553223e-01
2.119390964508056641e-01
7.862118855118751526e-01
4.041877090930938721e-01
3.575608134269714355e-01
7.826476991176605225e-01
2.313157171010971069e-01
4.767967462539672852e-01
7.756093442440032959e-01
1.261821389198303223e-02
6.838553249835968018e-01
6.094543337821960449e-01
1.439770460128784180e-01
7.167395949363708496e-01
5.061081945896148682e-01
3.545964509248733521e-01
7.860086411237716675e-01
3.335504531860351562e-01
5.282732807099819183e-01
6.853957772254943848e-01
9.643602371215820312e-02
6.116236932575702667e-01
6.975876092910766602e-01
7.249641418457031250e-02
6.892755702137947083e-01
5.679511129856109619e-01
2.378152012825012207e-01
7.261719554662704468e-01
4.286922812461853027e-01
4.121660590171813965e-01
7.861534953117370605e-01
3.039850592613220215e-01
4.662267565727233887e-01
7.383362203836441040e-01
3.906643390655517578e-02
7.137888371944427490e-01
6.336158215999603271e-01
1.214879751205444336e-01
7.518159449100494385e-01
5.030754804611206055e-01
3.636615052819252014e-01
8.086067587137222290e-01
3.098320364952087402e-01
5.204536169767379761e-01
6.921006441116333008e-01
1.055241227149963379e-01
6.590898064896464348e-01
6.855359673500061035e-01
5.420368909835815430e-02
6.704046204686164856e-01
5.471720397472381592e-01
2.420674562454223633e-01
7.403583377599716187e-01
3.968946337699890137e-01
3.770694136619567871e-01
8.204540237784385681e-01
2.343903630971908569e-01
5.222082734107971191e-01
7.454854696989059448e-01
3.115947544574737549e-02
6.962344050407409668e-01
6.350950896739959717e-01
1.436428874731063843e-01
7.329733669757843018e-01
4.841511249542236328e-01
3.515056669712066650e-01
7.206017673015594482e-01
3.377743959426879883e-01
5.520608443766832352e-01
6.877357959747314453e-01
1.130701303482055664e-01
5.874336883425712585e-01
6.521072983741760254e-01
3.842085599899291992e-02
6.876388490200042725e-01
5.876909494400024414e-01
2.171011567115783691e-01
7.665089815855026245e-01
3.980336487293243408e-01
3.918507695198059082e-01
7.570979148149490356e-01
2.293897271156311035e-01
5.226628780364990234e-01
7.813346683979034424e-01
1.499739289283752441e-02
6.957198381423950195e-01
6.333459615707397461e-01
1.489823758602142334e-01
7.262244820594787598e-01
4.960665404796600342e-01
3.325204402208328247e-01
7.721539437770843506e-01
3.107119798660278320e-01
5.208522230386734009e-01
6.706051677465438843e-01
1.076772212982177734e-01
6.292378231883049011e-01
6.516288518905639648e-01
6.438869237899780273e-02
7.452708575874567032e-01
5.908177196979522705e-01
2.326331138610839844e-01
7.625950202345848083e-01
4.380597770214080811e-01
3.797587752342224121e-01
8.225400894880294800e-01
2.613939493894577026e-01
5.244961380958557129e-01
7.524603903293609619e-01
2.916206419467926025e-02
6.603974699974060059e-01
6.057033240795135498e-01
1.522356718778610229e-01
7.284816205501556396e-01
5.246340632438659668e-01
3.357699885964393616e-01
7.674645334482192993e-01
3.414882421493530273e-01
4.808893278241157532e-01
7.535302937030792236e-01
1.266050934791564941e-01
6.357986163347959518e-01
6.340022087097167969e-01
7.451021671295166016e-02
7.098116725683212280e-01
5.497094392776489258e-01
2.599847316741943359e-01
7.548869997262954712e-01
4.070734381675720215e-01
4.017843604087829590e-01
7.983500063419342041e-01
2.648625373840332031e-01
5.187072753906250000e-01
7.601286470890045166e-01
6.389844417572021484e-02
6.618340909481048584e-01
6.198581159114837646e-01
1.809954941272735596e-01
7.403298318386077881e-01
4.993287324905395508e-01
3.445808738470077515e-01
7.669938504695892334e-01
3.248455524444580078e-01
4.907986298203468323e-01
7.023499310016632080e-01
1.288987398147583008e-01
5.916099920868873596e-01
6.665391027927398682e-01
9.425127506256103516e-02
6.696278303861618042e-01
5.943386852741241455e-01
2.238903641700744629e-01
7.527512982487678528e-01
3.829037249088287354e-01
3.859083652496337891e-01
7.420445084571838379e-01
2.435431033372879028e-01
5.028667747974395752e-01
7.584630250930786133e-01
3.933100402355194092e-02
6.956081986427307129e-01
6.075431108474731445e-01
1.478517800569534302e-01
7.353652119636535645e-01
5.206251144409179688e-01
3.388118594884872437e-01
7.684505283832550049e-01
2.940139174461364746e-01
5.224692597985267639e-01
6.873021423816680908e-01
9.116864204406738281e-02
5.936688631772994995e-01
6.880083084106445312e-01
1.432418823242187500e-02
7.085424475371837616e-01
6.019981801509857178e-01
2.415665984153747559e-01
8.052748627960681915e-01
4.218877255916595459e-01
3.724771142005920410e-01
7.619669288396835327e-01
2.638052701950073242e-01
5.004655122756958008e-01
7.446907907724380493e-01
2.540519833564758301e-02
6.780809164047241211e-01
6.119705140590667725e-01
1.552219688892364502e-01
7.080246806144714355e-01
4.932026863098144531e-01
3.437515944242477417e-01
8.094150424003601074e-01
3.206790685653686523e-01
4.953846484422683716e-01
7.032755315303802490e-01
8.491033315658569336e-02
6.387538481503725052e-01
6.788913905620574951e-01
5.954796075820922852e-02
6.800365522503852844e-01
5.898773074150085449e-01
2.275769710540771484e-01
7.486609667539596558e-01
3.883889019489288330e-01
3.930374383926391602e-01
7.590698450803756714e-01
2.473703771829605103e-01
5.087470114231109619e-01
7.754041403532028198e-01
4.744207859039306641e-02
6.731765568256378174e-01
6.429715156555175781e-01
1.753354221582412720e-01
7.273291945457458496e-01
4.697622060775756836e-01
3.583597615361213684e-01
7.884170711040496826e-01
3.303501605987548828e-01
5.403284765779972076e-01
6.936495304107666016e-01
1.198809742927551270e-01
5.746830850839614868e-01
5.986552536487579346e-01
6.901818513870239258e-02
6.561573296785354614e-01
5.625952780246734619e-01
2.243497967720031738e-01
7.500892281532287598e-01
3.982487320899963379e-01
3.595150113105773926e-01
7.859981656074523926e-01
2.735877484083175659e-01
4.955446124076843262e-01
7.557472288608551025e-01
5.694058537483215332e-02
6.588837802410125732e-01
6.229760646820068359e-01
1.280365586280822754e-01
7.431276738643646240e-01
5.220690667629241943e-01
3.328879475593566895e-01
7.543076574802398682e-01
3.689011335372924805e-01
5.385838970541954041e-01
6.805475056171417236e-01
1.288437843322753906e-01
6.631856919266283512e-01
6.672801375389099121e-01
3.720009326934814453e-02
7.058786451816558838e-01
5.504108071327209473e-01
2.303634881973266602e-01
7.229154929518699646e-01
4.088037908077239990e-01
3.749022483825683594e-01
7.571628242731094360e-01
2.432163357734680176e-01
5.488475263118743896e-01
7.338324785232543945e-01
4.452221095561981201e-02
6.185995042324066162e-01
6.125831007957458496e-01
1.495188772678375244e-01
7.213279604911804199e-01
5.055324733257293701e-01
3.618108332157135010e-01
8.186822980642318726e-01
3.330385684967041016e-01
4.815301001071929932e-01
7.120156586170196533e-01
9.329241514205932617e-02
5.992668904364109039e-01
5.940097272396087646e-01
5.959492921829223633e-02
7.176052741706371307e-01
5.761912465095520020e-01
2.308284640312194824e-01
7.149059921503067017e-01
3.458392024040222168e-01
4.105234146118164062e-01
7.283817380666732788e-01
2.149615287780761719e-01
5.331137180328369141e-01
7.346435189247131348e-01
4.759451746940612793e-02
6.648926436901092529e-01
6.362943351268768311e-01
1.431415081024169922e-01
7.739172577857971191e-01
5.161323249340057373e-01
3.390021547675132751e-01
7.906765490770339966e-01
3.366278409957885742e-01
5.442700237035751343e-01
6.940055191516876221e-01
1.148604750633239746e-01
6.291700471192598343e-01
6.509407460689544678e-01
4.283404350280761719e-02
7.551611857488751411e-01
5.729891955852508545e-01
2.183846235275268555e-01
7.742300406098365784e-01
4.182896018028259277e-01
4.118560552597045898e-01
7.659357786178588867e-01
2.538384199142456055e-01
5.160648822784423828e-01
7.592974752187728882e-01
4.177433252334594727e-02
6.911797821521759033e-01
6.148204803466796875e-01
1.458236277103424072e-01
7.318195700645446777e-01
5.241222977638244629e-01
3.395706489682197571e-01
7.770918607711791992e-01
3.177073001861572266e-01
4.826503098011016846e-01
7.140467166900634766e-01
1.343566775321960449e-01
5.963631235063076019e-01
6.867353022098541260e-01
1.008623838424682617e-02
7.152989469468593597e-01
5.487114787101745605e-01
2.384059429168701172e-01
7.571810260415077209e-01
4.142303466796875000e-01
3.954080939292907715e-01
7.056574672460556030e-01
2.488266378641128540e-01
4.977355599403381348e-01
7.246684730052947998e-01
8.871346712112426758e-03
7.007609009742736816e-01
6.223425269126892090e-01
1.504818201065063477e-01
6.747277081012725830e-01
5.098475813865661621e-01
3.525046408176422119e-01
7.937826961278915405e-01
3.439921140670776367e-01
5.319693610072135925e-01
6.926938295364379883e-01
8.270961046218872070e-02
5.671441778540611267e-01
6.818551421165466309e-01
4.262799024581909180e-02
7.219063155353069305e-01
5.703067183494567871e-01
2.492418885231018066e-01
7.716648057103157043e-01
4.136148393154144287e-01
3.440175652503967285e-01
7.430381476879119873e-01
2.424944788217544556e-01
5.521525740623474121e-01
7.357059568166732788e-01
1.470772922039031982e-02
6.584493219852447510e-01
6.103869378566741943e-01
1.163883358240127563e-01
7.647178769111633301e-01
4.817829728126525879e-01
3.319749683141708374e-01
7.422437071800231934e-01
3.005346059799194336e-01
5.514501649886369705e-01
7.306450158357620239e-01
1.019701361656188965e-01
5.608794614672660828e-01
6.740559637546539307e-01
6.782853603363037109e-02
7.158666811883449554e-01
5.671170949935913086e-01
1.877527236938476562e-01
7.241066992282867432e-01
4.236616492271423340e-01
3.653478622436523438e-01
7.627095580101013184e-01
2.832655906677246094e-01
5.174925327301025391e-01
7.406151741743087769e-01
4.332008957862854004e-02
6.809648573398590088e-01
6.022615432739257812e-01
1.446198672056198120e-01
7.427518367767333984e-01
5.336521565914154053e-01
3.591353893280029297e-01
8.082555085420608521e-01
3.579945564270019531e-01
4.799117147922515869e-01
7.626553475856781006e-01
1.271921992301940918e-01
5.795406326651573181e-01
6.531411111354827881e-01
2.279567718505859375e-02
6.971881911158561707e-01
5.482777953147888184e-01
2.533456087112426758e-01
7.882265225052833557e-01
4.421148300170898438e-01
3.782364726066589355e-01
7.628832310438156128e-01
2.828718423843383789e-01
4.864077568054199219e-01
7.930967211723327637e-01
8.383393287658691406e-03
6.843411028385162354e-01
6.143253445625305176e-01
1.333265751600265503e-01
7.106328606605529785e-01
5.188733935356140137e-01
3.027423918247222900e-01
8.017825484275817871e-01
3.299102187156677246e-01
5.125854872167110443e-01
7.157070338726043701e-01
1.004387140274047852e-01
5.689213275909423828e-01
6.500867307186126709e-01
3.050512075424194336e-02
7.182899713516235352e-01
5.597092211246490479e-01
2.180254459381103516e-01
7.258203774690628052e-01
3.999891579151153564e-01
3.591070771217346191e-01
8.074978590011596680e-01
3.005460649728775024e-01
5.080489516258239746e-01
6.840644180774688721e-01
4.933555424213409424e-02
6.606279015541076660e-01
5.850138962268829346e-01
1.373395174741744995e-01
7.003176808357238770e-01
4.731518030166625977e-01
3.678050637245178223e-01
7.774655371904373169e-01
3.198706507682800293e-01
4.580205753445625305e-01
7.188473045825958252e-01
1.026205420494079590e-01
5.948863439261913300e-01
6.810144782066345215e-01
3.090888261795043945e-02
7.020911499857902527e-01
5.681087076663970947e-01
2.239513397216796875e-01
7.295100316405296326e-01
4.013643264770507812e-01
3.623911142349243164e-01
7.503800988197326660e-01
2.709953039884567261e-01
4.971918463706970215e-01
7.980916053056716919e-01
2.776697278022766113e-02
6.550525724887847900e-01
5.763330459594726562e-01
1.483922451734542847e-01
7.264474034309387207e-01
4.689730405807495117e-01
3.400162905454635620e-01
7.697501778602600098e-01
3.550300002098083496e-01
4.719233363866806030e-01
6.766769886016845703e-01
1.144585609436035156e-01
6.144432611763477325e-01
6.622804105281829834e-01
6.215029954910278320e-02
7.352279461920261383e-01
5.988616943359375000e-01
2.314199805259704590e-01
7.464286014437675476e-01
3.560512661933898926e-01
4.008426666259765625e-01
7.686256319284439087e-01
2.191980481147766113e-01
4.608679413795471191e-01
7.493550479412078857e-01
3.776624798774719238e-02
6.322301924228668213e-01
5.885388255119323730e-01
1.356884092092514038e-01
7.509089410305023193e-01
4.782851636409759521e-01
3.303248360753059387e-01
7.717365622520446777e-01
3.273520469665527344e-01
4.796982705593109131e-01
6.607048064470291138e-01
1.226227879524230957e-01
6.119571588933467865e-01
6.426429152488708496e-01
4.904192686080932617e-02
6.965591460466384888e-01
5.982956588268280029e-01
1.622579097747802734e-01
7.312287390232086182e-01
3.896482884883880615e-01
3.595975637435913086e-01
7.677738815546035767e-01
2.751585841178894043e-01
4.885769486427307129e-01
7.541327774524688721e-01
8.060261607170104980e-03
6.853033602237701416e-01
6.619671285152435303e-01
1.496327221393585205e-01
7.220022678375244141e-01
5.075935721397399902e-01
3.315280899405479431e-01
7.622407674789428711e-01
3.301573395729064941e-01
5.255636237561702728e-01
7.060409337282180786e-01
1.582494974136352539e-01
5.736456140875816345e-01
6.292531192302703857e-01
7.394647598266601562e-02
7.314334884285926819e-01
5.605756342411041260e-01
2.367296218872070312e-01
7.571368515491485596e-01
4.054619073867797852e-01
3.570020794868469238e-01
7.738626003265380859e-01
2.795149236917495728e-01
5.386743545532226562e-01
7.102056741714477539e-01
5.160999298095703125e-02
6.968687176704406738e-01
6.102172434329986572e-01
9.941224753856658936e-02
7.333648204803466797e-01
4.803938269615173340e-01
3.418038189411163330e-01
7.712193578481674194e-01
2.757417559623718262e-01
5.002019852399826050e-01
6.810331344604492188e-01
1.367219090461730957e-01
5.794472917914390564e-01
6.153116822242736816e-01
5.772745609283447266e-02
6.832982525229454041e-01
5.306547582149505615e-01
2.664957046508789062e-01
7.576898932456970215e-01
4.075564742088317871e-01
3.543298840522766113e-01
7.865656018257141113e-01
2.509970515966415405e-01
5.051799416542053223e-01
7.316842526197433472e-01
3.146401047706604004e-02
6.695008575916290283e-01
6.557447016239166260e-01
1.430723071098327637e-01
7.170237600803375244e-01
4.983999729156494141e-01
3.737674057483673096e-01
7.965424209833145142e-01
3.425028324127197266e-01
4.998345002532005310e-01
7.118428796529769897e-01
1.165714263916015625e-01
6.160054169595241547e-01
6.626630723476409912e-01
6.991446018218994141e-03
6.911631897091865540e-01
5.439186692237854004e-01
2.350899577140808105e-01
7.534677162766456604e-01
3.754190802574157715e-01
4.209963679313659668e-01
7.558207064867019653e-01
2.419416159391403198e-01
4.989563226699829102e-01
7.643007338047027588e-01
1.092965900897979736e-02
6.403588652610778809e-01
6.213317811489105225e-01
1.598352193832397461e-01
7.807588875293731689e-01
4.926705658435821533e-01
3.984943963587284088e-01
7.606108486652374268e-01
3.012863993644714355e-01
5.090249851346015930e-01
7.066977918148040771e-01
7.663923501968383789e-02
5.859643965959548950e-01
6.646562814712524414e-01
8.478540182113647461e-02
6.977906897664070129e-01
5.963383913040161133e-01
2.305469512939453125e-01
7.767956107854843140e-01
4.001931548118591309e-01
3.835434913635253906e-01
7.427711337804794312e-01
2.489985674619674683e-01
5.303227305412292480e-01
7.577161043882369995e-01
7.766619324684143066e-03
7.143638730049133301e-01
6.219712495803833008e-01
1.460498273372650146e-01
7.240378856658935547e-01
4.676144123077392578e-01
3.605196699500083923e-01
7.413091212511062622e-01
2.961827516555786133e-01
5.160125270485877991e-01
7.338610142469406128e-01
9.736263751983642578e-02
6.154977120459079742e-01
6.266449987888336182e-01
2.827048301696777344e-02
7.023673728108406067e-01
5.797629058361053467e-01
2.317920327186584473e-01
7.918374352157115936e-01
4.197447896003723145e-01
3.841187357902526855e-01
7.627143561840057373e-01
2.165297120809555054e-01
5.180606544017791748e-01
7.448807507753372192e-01
7.196140289306640625e-02
7.067187726497650146e-01
6.172513961791992188e-01
1.356476247310638428e-01
7.233731150627136230e-01
4.767718911170959473e-01
3.399098142981529236e-01
7.657114863395690918e-01
3.293954730033874512e-01
5.083033517003059387e-01
7.035576701164245605e-01
1.185787320137023926e-01
5.638714283704757690e-01
6.547806859016418457e-01
2.832227945327758789e-02
7.000414803624153137e-01
5.921842157840728760e-01
2.291115522384643555e-01
7.391755431890487671e-01
4.251482188701629639e-01
4.164700508117675781e-01
7.435922324657440186e-01
2.741972208023071289e-01
5.190342366695404053e-01
7.502959817647933960e-01
4.170903563499450684e-02
6.552349627017974854e-01
6.545863151550292969e-01
1.441036015748977661e-01
7.696460783481597900e-01
5.482272505760192871e-01
3.882656991481781006e-01
7.641642987728118896e-01
3.265064358711242676e-01
5.035549029707908630e-01
6.672453880310058594e-01
1.095598936080932617e-01
6.265840195119380951e-01
6.954357624053955078e-01
1.264464855194091797e-02
6.806816458702087402e-01
5.823483765125274658e-01
2.395186424255371094e-01
7.657414227724075317e-01
3.812913298606872559e-01
3.917419314384460449e-01
7.586990445852279663e-01
2.270507067441940308e-01
5.230432152748107910e-01
7.386089563369750977e-01
3.526790440082550049e-02
6.731607317924499512e-01
6.174660623073577881e-01
1.178747713565826416e-01
7.721430659294128418e-01
5.207172632217407227e-01
3.182340264320373535e-01
7.832545042037963867e-01
3.719148039817810059e-01
5.041925981640815735e-01
7.186194956302642822e-01
1.349661350250244141e-01
6.002803854644298553e-01
6.638984978199005127e-01
3.807193040847778320e-02
7.364191208034753799e-01
5.574138462543487549e-01
2.441397905349731445e-01
7.710681185126304626e-01
4.334325492382049561e-01
3.788129091262817383e-01
7.567001432180404663e-01
2.446556836366653442e-01
5.324127078056335449e-01
7.493009269237518311e-01
2.402316033840179443e-02
6.815438866615295410e-01
6.455801725387573242e-01
1.488309651613235474e-01
7.197768986225128174e-01
5.290036797523498535e-01
3.844662457704544067e-01
7.674870491027832031e-01
2.995275855064392090e-01
4.948688894510269165e-01
6.969201564788818359e-01
9.147453308105468750e-02
5.966958105564117432e-01
6.376095414161682129e-01
3.955769538879394531e-02
7.418421953916549683e-01
5.815585553646087646e-01
2.411993741989135742e-01
7.678794711828231812e-01
4.035463035106658936e-01
3.368415236473083496e-01
7.778946608304977417e-01
2.603871226310729980e-01
5.486684143543243408e-01
7.509526908397674561e-01
4.856091737747192383e-02
6.874295771121978760e-01
6.221804320812225342e-01
1.604157090187072754e-01
7.466327250003814697e-01
4.745703935623168945e-01
3.378686308860778809e-01
7.682830244302749634e-01
3.174030780792236328e-01
5.036527216434478760e-01
7.064762413501739502e-01
1.385846734046936035e-01
6.132082566618919373e-01
6.218653321266174316e-01
1.868993043899536133e-02
6.800925433635711670e-01
6.384738683700561523e-01
2.006662487983703613e-01
7.163035124540328979e-01
3.980912864208221436e-01
3.746331334114074707e-01
7.209163010120391846e-01
2.565006315708160400e-01
5.125159025192260742e-01
7.397788763046264648e-01
4.099473357200622559e-02
6.776427030563354492e-01
6.418488025665283203e-01
1.352630853652954102e-01
7.950091958045959473e-01
4.920361638069152832e-01
2.891898155212402344e-01
7.843406498432159424e-01
3.532086014747619629e-01
4.882251098752021790e-01
7.077170610427856445e-01
1.349909305572509766e-01
5.920653603971004486e-01
6.665722727775573730e-01
2.350020408630371094e-02
6.993934623897075653e-01
6.033762395381927490e-01
2.144702076911926270e-01
7.385224848985671997e-01
4.240692853927612305e-01
3.850116133689880371e-01
7.670731842517852783e-01
2.991829365491867065e-01
5.393843054771423340e-01
6.797143518924713135e-01
7.036045193672180176e-02
6.438130438327789307e-01
6.538412868976593018e-01
1.077877879142761230e-01
7.038486301898956299e-01
5.008738934993743896e-01
3.091867268085479736e-01
8.099589645862579346e-01
3.205050826072692871e-01
5.190133079886436462e-01
6.891463100910186768e-01
1.459307670593261719e-01
5.532936453819274902e-01
6.718388795852661133e-01
4.518502950668334961e-02
7.269253358244895935e-01
5.548236966133117676e-01
2.336968183517456055e-01
7.247347310185432434e-01
