# {'window': 61, 'n_steps': 7, 'q': 0.010773623637301197, 'contam': 0.950183542775329, 'thres': 2.5851385275995424}
1.320942355319857597e+00
1.346678972244262695e+00
2.352109789848327637e+00
2.238830864429473877e+00
8.285086229443550110e-01
2.111101269721984863e+00
2.467882394790649414e+00
8.293350469321012497e-01
1.919413626194000244e+00
2.360099792480468750e+00
1.717378437519073486e+00
1.251752920448780060e+00
2.259956896305084229e+00
1.843097031116485596e+00
1.237279457971453667e+00
2.184049487113952637e+00
1.745877265930175781e+00
1.977716743946075439e+00
1.641321636736392975e+00
1.615239500999450684e+00
2.021129608154296875e+00
1.701437814161181450e+00
1.639231145381927490e+00
1.694618582725524902e+00
2.535713374614715576e+00
1.207917682826519012e+00
1.451873958110809326e+00
2.596961617469787598e+00
1.372425122186541557e+00
1.316815853118896484e+00
2.269762992858886719e+00
2.337034642696380615e+00
7.791266962885856628e-01
1.963421463966369629e+00
2.567330956459045410e+00
8.441591393202543259e-01
1.850684762001037598e+00
2.377789258956909180e+00
1.761465072631835938e+00
1.177856244146823883e+00
2.293730378150939941e+00
1.947120010852813721e+00
1.071007741615176201e+00
2.219430029392242432e+00
1.817857503890991211e+00
1.932436048984527588e+00
1.679560787975788116e+00
1.733595669269561768e+00
1.917719662189483643e+00
1.712938366457819939e+00
1.814918100833892822e+00
1.614703059196472168e+00
2.490341007709503174e+00
1.384639494121074677e+00
1.386824071407318115e+00
2.531453371047973633e+00
1.498030973598361015e+00
1.273358881473541260e+00
2.224013328552246094e+00
2.430189132690429688e+00
8.477235808968544006e-01
1.934879124164581299e+00
2.628938078880310059e+00
9.710874538868665695e-01
1.693033993244171143e+00
2.377483129501342773e+00
1.784944593906402588e+00
1.088868506252765656e+00
2.323131024837493896e+00
2.019211649894714355e+00
1.029629824683070183e+00
2.185824334621429443e+00
1.944667577743530273e+00
1.751962959766387939e+00
1.661739207804203033e+00
1.840856075286865234e+00
1.849874913692474365e+00
1.631519434973597527e+00
1.868821680545806885e+00
1.614903211593627930e+00
2.415246307849884033e+00
1.445944212377071381e+00
1.419808566570281982e+00
2.415333271026611328e+00
1.600322542712092400e+00
1.344475805759429932e+00
2.106076836585998535e+00
2.491240859031677246e+00
8.789019659161567688e-01
1.782071590423583984e+00
2.676904559135437012e+00
9.805361907929182053e-01
1.595469534397125244e+00
2.457945466041564941e+00
1.933414518833160400e+00
1.003943391144275665e+00
2.303318560123443604e+00
2.162338614463806152e+00
9.268164467066526413e-01
2.186596691608428955e+00
2.017709612846374512e+00
1.742288649082183838e+00
1.610423691570758820e+00
1.970426738262176514e+00
1.813172340393066406e+00
1.560283167287707329e+00
2.001064717769622803e+00
1.573917031288146973e+00
2.300812780857086182e+00
1.523990638554096222e+00
1.442361533641815186e+00
2.332607746124267578e+00
1.653620226308703423e+00
1.376964032649993896e+00
1.965767264366149902e+00
2.532580912113189697e+00
9.229141250252723694e-01
1.705958008766174316e+00
2.708180189132690430e+00
1.046051917597651482e+00
1.542431414127349854e+00
2.487031698226928711e+00
1.998848319053649902e+00
9.008704051375389099e-01
2.285035073757171631e+00
2.201892375946044922e+00
8.634639512747526169e-01
2.148090302944183350e+00
2.181225657463073730e+00
1.696033895015716553e+00
1.512186802923679352e+00
2.051479458808898926e+00
1.820869565010070801e+00
1.437861515209078789e+00
2.036443293094635010e+00
1.607639193534851074e+00
2.183530628681182861e+00
1.582384891808032990e+00
1.499169230461120605e+00
2.188708662986755371e+00
1.680846272036433220e+00
1.479679167270660400e+00
1.857382893562316895e+00
2.567050039768218994e+00
1.034104771912097931e+00
1.592789828777313232e+00
2.705407857894897461e+00
1.203267497941851616e+00
1.382796645164489746e+00
2.439218640327453613e+00
2.143559157848358154e+00
8.704244866967201233e-01
2.199782550334930420e+00
2.337307453155517578e+00
8.159373085945844650e-01
2.021668434143066406e+00
2.234960556030273438e+00
1.651442825794219971e+00
1.405759282410144806e+00
2.117441177368164062e+00
1.804731965065002441e+00
1.334155840799212456e+00
2.130301177501678467e+00
1.616593718528747559e+00
2.040625512599945068e+00
1.678569339215755463e+00
1.560400485992431641e+00
2.116737365722656250e+00
1.734263209626078606e+00
1.547239005565643311e+00
1.744673490524291992e+00
2.549400627613067627e+00
1.159771002829074860e+00
1.448099732398986816e+00
2.653509378433227539e+00
1.294826162979006767e+00
1.327084004878997803e+00
2.371163249015808105e+00
2.214552462100982666e+00
8.120832815766334534e-01
2.085017561912536621e+00
2.430513978004455566e+00
8.647240232676267624e-01
1.961104154586791992e+00
2.365752100944519043e+00
1.744690835475921631e+00
1.243452720344066620e+00
2.257736682891845703e+00
1.894458293914794922e+00
1.204219920560717583e+00
2.216227769851684570e+00
1.734836101531982422e+00
2.003928959369659424e+00
1.653397060930728912e+00
1.667382359504699707e+00
2.000102639198303223e+00
1.708730516955256462e+00
1.633359432220458984e+00
1.670536816120147705e+00
2.538047194480895996e+00
1.213022314012050629e+00
1.424844563007354736e+00
2.571915030479431152e+00
1.380551738664507866e+00
1.338876366615295410e+00
2.290771603584289551e+00
2.348190307617187500e+00
8.108423426747322083e-01
2.041953563690185547e+00
2.517941117286682129e+00
8.843432348221540451e-01
1.816697061061859131e+00
2.422267794609069824e+00
1.786607801914215088e+00
1.201309628784656525e+00
2.274039030075073242e+00
2.004171609878540039e+00
1.131150839850306511e+00
2.238794147968292236e+00
1.833450436592102051e+00
1.889326274394989014e+00
1.665650211274623871e+00
1.746561765670776367e+00
1.904205799102783203e+00
1.726946694776415825e+00
1.753515362739562988e+00
1.615714967250823975e+00
2.482879757881164551e+00
1.352290160953998566e+00
1.416181802749633789e+00
2.502610445022583008e+00
1.522348595783114433e+00
1.294174790382385254e+00
2.178484201431274414e+00
2.435894310474395752e+00
8.214954212307929993e-01
1.901842892169952393e+00
2.626445412635803223e+00
8.825450669974088669e-01
1.676194667816162109e+00
2.450758695602416992e+00
1.793974816799163818e+00
1.088249482214450836e+00
2.287588000297546387e+00
2.063945412635803223e+00
1.042490450665354729e+00
2.179360806941986084e+00
1.933261632919311523e+00
1.799063086509704590e+00
1.650960557162761688e+00
1.837998747825622559e+00
1.837887704372406006e+00
1.607856867834925652e+00
1.885450422763824463e+00
1.590980291366577148e+00
2.390819311141967773e+00
1.410342045128345490e+00
1.396023929119110107e+00
2.434394598007202148e+00
1.566108612343668938e+00
1.364561021327972412e+00
2.087284207344055176e+00
2.446740329265594482e+00
8.800622299313545227e-01
1.776104688644409180e+00
2.625786423683166504e+00
9.556782823055982590e-01
1.588228702545166016e+00
2.494317889213562012e+00
1.905224859714508057e+00
9.922768250107765198e-01
2.278165698051452637e+00
2.141420602798461914e+00
9.384507071226835251e-01
2.167897403240203857e+00
1.987099289894104004e+00
1.722976207733154297e+00
1.571876920759677887e+00
1.965107917785644531e+00
1.810625910758972168e+00
1.565810723230242729e+00
1.963113844394683838e+00
1.563909828662872314e+00
2.326603114604949951e+00
1.567066080868244171e+00
1.410459756851196289e+00
2.325819373130798340e+00
1.659503949806094170e+00
1.404932856559753418e+00
1.958506107330322266e+00
2.533231794834136963e+00
9.480233862996101379e-01
1.698831319808959961e+00
2.662774443626403809e+00
1.072177482768893242e+00
1.512188136577606201e+00
2.485825300216674805e+00
2.040365278720855713e+00
9.050498679280281067e-01
2.288010001182556152e+00
2.258042931556701660e+00
8.934308271855115891e-01
2.107334077358245850e+00
2.180926561355590820e+00
1.703262150287628174e+00
1.491819210350513458e+00
2.107047855854034424e+00
1.802965104579925537e+00
1.473994059488177299e+00
2.072770059108734131e+00
1.577109575271606445e+00
2.169672608375549316e+00
1.631548620760440826e+00
1.428189814090728760e+00
2.180720806121826172e+00
1.739421663805842400e+00
1.433096647262573242e+00
1.849750161170959473e+00
2.555673658847808838e+00
1.041607849299907684e+00
1.574079096317291260e+00
2.633344173431396484e+00
1.155346406623721123e+00
1.412939906120300293e+00
2.422228574752807617e+00
2.097126781940460205e+00
8.552037104964256287e-01
2.191722393035888672e+00
2.342522263526916504e+00
8.730557095259428024e-01
2.070820629596710205e+00
2.253654599189758301e+00
1.714638113975524902e+00
1.395368807017803192e+00
2.168974459171295166e+00
1.853207051753997803e+00
1.336259795352816582e+00
2.159729719161987305e+00
1.650580942630767822e+00
2.082990109920501709e+00
1.699799917638301849e+00
1.523231208324432373e+00
2.114426136016845703e+00
1.698702825233340263e+00
1.511510312557220459e+00
1.747153520584106445e+00
2.603120148181915283e+00
1.139050789177417755e+00
1.538038730621337891e+00
2.670182824134826660e+00
1.305585680529475212e+00
1.353932023048400879e+00
2.375165700912475586e+00
2.232325255870819092e+00
7.983859851956367493e-01
2.114600539207458496e+00
2.456890344619750977e+00
8.160849642008543015e-01
1.918531954288482666e+00
2.305235981941223145e+00
1.690486788749694824e+00
1.290888257324695587e+00
2.242830276489257812e+00
1.857546806335449219e+00
1.195561168715357780e+00
2.175908923149108887e+00
1.727290511131286621e+00
1.974746227264404297e+00
1.702685989439487457e+00
1.620191991329193115e+00
1.994637727737426758e+00
1.704056544229388237e+00
1.647635638713836670e+00
1.655484497547149658e+00
2.545314133167266846e+00
1.270487673580646515e+00
1.452828526496887207e+00
2.577325701713562012e+00
1.362618548795580864e+00
1.283850371837615967e+00
2.241571426391601562e+00
2.352746069431304932e+00
7.863124683499336243e-01
2.076539397239685059e+00
2.522253513336181641e+00
8.779612015932798386e-01
1.818641781806945801e+00
2.436070799827575684e+00
1.774539470672607422e+00
1.196222491562366486e+00
2.311347007751464844e+00
1.942944645881652832e+00
1.082769049331545830e+00
2.174099981784820557e+00
1.814986944198608398e+00
1.883635640144348145e+00
1.637633763253688812e+00
1.729436516761779785e+00
1.873345971107482910e+00
1.680162234231829643e+00
1.774881660938262939e+00
1.596524178981781006e+00
2.446816742420196533e+00
1.337737612426280975e+00
1.375948309898376465e+00
2.509321570396423340e+00
1.518418340012431145e+00
1.308562338352203369e+00
2.171850800514221191e+00
2.409056603908538818e+00
7.966901734471321106e-01
1.898145556449890137e+00
2.632732868194580078e+00
9.002476762980222702e-01
1.730665624141693115e+00
2.468689203262329102e+00
1.834936618804931641e+00
1.060599409043788910e+00
2.263145804405212402e+00
2.031395435333251953e+00
9.924544375389814377e-01
2.229974091053009033e+00
1.945425152778625488e+00
1.816371202468872070e+00
1.646257705986499786e+00
1.842741727828979492e+00
1.850492715835571289e+00
1.631077809259295464e+00
1.902498662471771240e+00
1.612035512924194336e+00
2.391347646713256836e+00
1.461397476494312286e+00
1.400740444660186768e+00
2.425204157829284668e+00
1.576191989704966545e+00
1.352721154689788818e+00
2.080376029014587402e+00
2.513281166553497314e+00
8.615206405520439148e-01
1.798723816871643066e+00
2.669138669967651367e+00
9.696442615240812302e-01
1.567240715026855469e+00
2.463926911354064941e+00
1.903064429759979248e+00
1.000275917351245880e+00
2.275307357311248779e+00
2.150646686553955078e+00
9.156156759709119797e-01
2.191833615303039551e+00
2.013728857040405273e+00
1.744127571582794189e+00
1.557921178638935089e+00
1.982048451900482178e+00
1.822289109230041504e+00
1.581513954326510429e+00
2.013549625873565674e+00
1.547497689723968506e+00
2.302167296409606934e+00
1.536626614630222321e+00
1.400760889053344727e+00
2.326031804084777832e+00
1.691529763862490654e+00
1.396326363086700439e+00
1.961364865303039551e+00
2.592281520366668701e+00
9.152433350682258606e-01
1.680610060691833496e+00
2.679710030555725098e+00
1.075461996719241142e+00
1.489242613315582275e+00
2.450289487838745117e+00
2.046797215938568115e+00
9.108482971787452698e-01
2.236865520477294922e+00
2.256482124328613281e+00
8.733713459223508835e-01
2.097136795520782471e+00
2.105929374694824219e+00
1.693821132183074951e+00
1.506057299673557281e+00
2.051732659339904785e+00
1.789697408676147461e+00
1.411603895947337151e+00
2.059057235717773438e+00
1.623298883438110352e+00
2.177600324153900146e+00
1.618054099380970001e+00
1.497706949710845947e+00
2.200099825859069824e+00
1.701332418248057365e+00
1.402772426605224609e+00
1.888086676597595215e+00
2.596239268779754639e+00
1.017939426004886627e+00
1.556757807731628418e+00
2.704830527305603027e+00
1.180488852784037590e+00
1.445160925388336182e+00
2.440857410430908203e+00
2.143778085708618164e+00
8.482153490185737610e-01
2.181823015213012695e+00
2.389230966567993164e+00
8.486710768193006516e-01
2.029204726219177246e+00
2.232633948326110840e+00
1.655154943466186523e+00
1.420252241194248199e+00
2.159990489482879639e+00
1.820413351058959961e+00
1.307400701567530632e+00
2.097041726112365723e+00
1.626898646354675293e+00
2.050310373306274414e+00
1.689724840223789215e+00
1.560455262660980225e+00
2.084644317626953125e+00
1.735650984570384026e+00
1.527026772499084473e+00
1.750767230987548828e+00
2.600615799427032471e+00
1.131628416478633881e+00
1.530428111553192139e+00
2.665911197662353516e+00
1.306505350396037102e+00
1.394326984882354736e+00
2.375878095626831055e+00
2.240403771400451660e+00
8.084912374615669250e-01
2.068450570106506348e+00
2.444679141044616699e+00
8.479476254433393478e-01
1.910425543785095215e+00
2.330949068069458008e+00
1.711534440517425537e+00
1.321533985435962677e+00
2.227016687393188477e+00
1.844673395156860352e+00
1.239108962938189507e+00
2.156749188899993896e+00
1.742178320884704590e+00
1.958063542842864990e+00
1.661593295633792877e+00
1.658109664916992188e+00
1.993144869804382324e+00
1.789830533787608147e+00
1.627561688423156738e+00
1.632292568683624268e+00
2.549059152603149414e+00
1.216594882309436798e+00
1.435695350170135498e+00
2.590337753295898438e+00
1.414517221972346306e+00
1.336201369762420654e+00
2.272818684577941895e+00
2.361159622669219971e+00
7.843171134591102600e-01
2.001566052436828613e+00
2.531570196151733398e+00
8.967927079647779465e-01
1.840350151062011719e+00
2.436729788780212402e+00
1.729832828044891357e+00
1.174131430685520172e+00
2.270478487014770508e+00
1.937999010086059570e+00
1.123097388073801994e+00
2.200427114963531494e+00
1.798266530036926270e+00
1.878633558750152588e+00
1.690776057541370392e+00
1.792979478836059570e+00
1.929313540458679199e+00
1.659292398020625114e+00
1.779277682304382324e+00
1.631171822547912598e+00
2.487754046916961670e+00
1.339050792157649994e+00
1.417111277580261230e+00
2.535591006278991699e+00
1.479299662634730339e+00
1.339800953865051270e+00
2.186990380287170410e+00
2.400836169719696045e+00
8.196720555424690247e-01
1.864506542682647705e+00
2.631280541419982910e+00
9.198203515261411667e-01
1.697301566600799561e+00
2.480532765388488770e+00
1.813408911228179932e+00
1.070979870855808258e+00
2.317203879356384277e+00
2.048090457916259766e+00
1.013533769175410271e+00
2.208574652671813965e+00
1.891226291656494141e+00
1.790983855724334717e+00
1.637980408966541290e+00
1.870978653430938721e+00
1.865044474601745605e+00
1.644910244271159172e+00
1.881990611553192139e+00
1.589584529399871826e+00
2.405612885951995850e+00
1.461293973028659821e+00
1.394890010356903076e+00
2.437802553176879883e+00
1.586510581895709038e+00
1.389095187187194824e+00
2.053371906280517578e+00
2.521199822425842285e+00
8.810184225440025330e-01
1.767368376255035400e+00
2.647281527519226074e+00
1.004929466173052788e+00
1.632085025310516357e+00
2.454493522644042969e+00
1.923876345157623291e+00
9.790743514895439148e-01
2.260785579681396484e+00
2.125972151756286621e+00
9.469247590750455856e-01
2.169205605983734131e+00
2.006435275077819824e+00
1.713502228260040283e+00
1.589113019406795502e+00
1.961405873298645020e+00
1.809351921081542969e+00
1.571177585050463676e+00
1.965757369995117188e+00
1.601774215698242188e+00
2.312714815139770508e+00
1.550963170826435089e+00
1.415411591529846191e+00
2.342561721801757812e+00
1.678928865119814873e+00
1.383207321166992188e+00
1.939339637756347656e+00
2.545374691486358643e+00
9.131857231259346008e-01
1.698092162609100342e+00
2.737682819366455078e+00
1.071957020089030266e+00
1.499340772628784180e+00
2.472980141639709473e+00
2.005762279033660889e+00
9.009847715497016907e-01
2.252717375755310059e+00
2.248995661735534668e+00
8.783135544508695602e-01
2.108031094074249268e+00
2.173144817352294922e+00
1.695797920227050781e+00
1.475902371108531952e+00
2.072603702545166016e+00
1.820344209671020508e+00
1.450104443356394768e+00
2.085832178592681885e+00
1.590045452117919922e+00
2.200909674167633057e+00
1.606275774538516998e+00
1.446781992912292480e+00
2.177175879478454590e+00
1.698357550427317619e+00
1.462809145450592041e+00
1.830147862434387207e+00
2.558112323284149170e+00
1.001024551689624786e+00
1.551990747451782227e+00
2.645140528678894043e+00
1.198631985113024712e+00
1.422538876533508301e+00
2.447609901428222656e+00
2.166150987148284912e+00
8.685582652688026428e-01
2.202439725399017334e+00
2.296766996383666992e+00
8.607513587921857834e-01
2.006214618682861328e+00
2.243602991104125977e+00
1.700648427009582520e+00
1.438683040440082550e+00
2.180200576782226562e+00
1.849026978015899658e+00
1.321571243926882744e+00
2.134428322315216064e+00
1.669324159622192383e+00
2.117681145668029785e+00
1.657481469213962555e+00
1.539789378643035889e+00
2.125740885734558105e+00
1.708253962919116020e+00
1.516410768032073975e+00
1.781678318977355957e+00
2.585778951644897461e+00
1.160167284309864044e+00
1.531213760375976562e+00
2.657360434532165527e+00
1.316861791536211967e+00
1.374968469142913818e+00
2.379296779632568359e+00
2.257283151149749756e+00
8.259622678160667419e-01
2.137303471565246582e+00
2.444726586341857910e+00
8.664974402636289597e-01
1.936619818210601807e+00
2.350314140319824219e+00
1.687429428100585938e+00
1.285826869308948517e+00
2.234980225563049316e+00
1.890367686748504639e+00
1.208575813099741936e+00
2.222673118114471436e+00
1.717878043651580811e+00
1.975919485092163086e+00
1.698673151433467865e+00
1.612920463085174561e+00
2.012844562530517578e+00
1.706715716049075127e+00
1.644802808761596680e+00
1.652959823608398438e+00
2.546919763088226318e+00
1.214755572378635406e+00
1.430222570896148682e+00
2.566191554069519043e+00
1.392386211082339287e+00
1.333251237869262695e+00
2.248210310935974121e+00
2.392751336097717285e+00
7.886928692460060120e-01
1.998458921909332275e+00
2.513745903968811035e+00
8.652912955731153488e-01
1.808882057666778564e+00
2.377512097358703613e+00
1.722687721252441406e+00
1.211709700524806976e+00
2.287406742572784424e+00
1.929194211959838867e+00
1.087950838729739189e+00
2.212312042713165283e+00
1.844684243202209473e+00
1.897666394710540771e+00
1.677343524992465973e+00
1.730861783027648926e+00
1.880381047725677490e+00
1.664758799597620964e+00
1.799223244190216064e+00
1.629742860794067383e+00
2.474265396595001221e+00
1.329456932842731476e+00
1.426322281360626221e+00
2.519421815872192383e+00
1.482092989608645439e+00
1.301584780216217041e+00
2.212816953659057617e+00
2.411385953426361084e+00
8.329498544335365295e-01
1.871650159358978271e+00
2.624162197113037109e+00
8.749711196869611740e-01
1.716469109058380127e+00
2.468301177024841309e+00
1.800174355506896973e+00
1.125721819698810577e+00
2.308698236942291260e+00
2.046762108802795410e+00
1.047220645472407341e+00
2.186753630638122559e+00
1.886934518814086914e+00
1.811750113964080811e+00
1.685399301350116730e+00
1.845127940177917480e+00
1.852789521217346191e+00
1.643433822318911552e+00
1.852851688861846924e+00
1.576810836791992188e+00
2.399295628070831299e+00
1.441165335476398468e+00
1.380384802818298340e+00
2.410663962364196777e+00
1.558593658730387688e+00
1.349467813968658447e+00
2.080253720283508301e+00
2.517882108688354492e+00
8.490111306309700012e-01
1.826496183872222900e+00
2.666875243186950684e+00
9.979242365807294846e-01
1.611013591289520264e+00
2.446443080902099609e+00
1.933530509471893311e+00
1.013817496597766876e+00
2.272021234035491943e+00
2.136101722717285156e+00
9.128841739147901535e-01
2.190323591232299805e+00
1.998599171638488770e+00
1.717980146408081055e+00
1.563363097608089447e+00
1.987598776817321777e+00
1.795122981071472168e+00
1.539246452972292900e+00
1.929228663444519043e+00
1.600170314311981201e+00
2.299020886421203613e+00
1.563359327614307404e+00
1.438568353652954102e+00
2.340120911598205566e+00
1.596995396539568901e+00
1.371654272079467773e+00
1.920798301696777344e+00
2.539225578308105469e+00
9.530115053057670593e-01
1.674703598022460938e+00
2.701720476150512695e+00
1.051968021318316460e+00
1.481019556522369385e+00
2.492828965187072754e+00
2.027638852596282959e+00
8.638793900609016418e-01
2.238259196281433105e+00
2.215897083282470703e+00
8.811410497874021530e-01
2.096080303192138672e+00
2.144171953201293945e+00
1.673021435737609863e+00
1.542496822774410248e+00
2.072508037090301514e+00
1.816766560077667236e+00
1.435068724676966667e+00
2.067893147468566895e+00
1.598615646362304688e+00
2.197409212589263916e+00
1.612717099487781525e+00
1.450515866279602051e+00
2.214576244354248047e+00
1.694028927013278008e+00
1.468511581420898438e+00
1.835030317306518555e+00
2.605272710323333740e+00
1.056502021849155426e+00
1.600123286247253418e+00
2.652751922607421875e+00
1.203999904915690422e+00
1.417299330234527588e+00
2.427111506462097168e+00
2.121918737888336182e+00
8.511144593358039856e-01
2.164858222007751465e+00
2.373727679252624512e+00
8.484463524073362350e-01
2.012547314167022705e+00
2.224614620208740234e+00
1.639334797859191895e+00
1.413419879972934723e+00
2.174967229366302490e+00
1.807052612304687500e+00
1.335621191188693047e+00
2.147042036056518555e+00
1.662695586681365967e+00
2.052130103111267090e+00
1.664476074278354645e+00
1.523105204105377197e+00
2.078587889671325684e+00
1.745993820950388908e+00
1.580974698066711426e+00
1.750662207603454590e+00
2.554697692394256592e+00
1.097069554030895233e+00
1.519923985004425049e+00
2.671005487442016602e+00
1.274132518097758293e+00
1.325379788875579834e+00
2.340329051017761230e+00
2.220911085605621338e+00
8.100740835070610046e-01
2.133483111858367920e+00
2.432522296905517578e+00
8.403897713869810104e-01
1.923057734966278076e+00
2.327062845230102539e+00
1.709666430950164795e+00
1.290947265923023224e+00
2.223139524459838867e+00
1.876170933246612549e+00
1.212882695719599724e+00
2.151794493198394775e+00
1.717081129550933838e+00
1.948480069637298584e+00
1.674761973321437836e+00
1.617926716804504395e+00
1.994242191314697266e+00
1.720370350405573845e+00
1.622075319290161133e+00
1.707262158393859863e+00
2.532459318637847900e+00
1.244275189936161041e+00
1.448726832866668701e+00
2.624385356903076172e+00
1.431293604895472527e+00
1.292986512184143066e+00
2.253510594367980957e+00
2.351938188076019287e+00
7.808089628815650940e-01
1.980214595794677734e+00
2.550989151000976562e+00
8.467574845999479294e-01
1.814466416835784912e+00
2.426757693290710449e+00
1.751622498035430908e+00
1.201094098389148712e+00
2.286383032798767090e+00
1.929240942001342773e+00
1.120604736730456352e+00
2.235401153564453125e+00
1.795218110084533691e+00
1.887780249118804932e+00
1.662225134670734406e+00
1.736170530319213867e+00
1.915528655052185059e+00
1.676654381677508354e+00
1.761467635631561279e+00
1.664245903491973877e+00
2.487407445907592773e+00
1.377571664750576019e+00
1.408415079116821289e+00
2.528362035751342773e+00
1.545833451673388481e+00
1.317828655242919922e+00
2.218997478485107422e+00
2.415382921695709229e+00
8.485122993588447571e-01
1.881862044334411621e+00
2.607470989227294922e+00
8.996423166245222092e-01
1.703869879245758057e+00
2.463505506515502930e+00
1.857963502407073975e+00
1.076598055660724640e+00
2.322077751159667969e+00
2.014201641082763672e+00
1.009256897494196892e+00
2.203074634075164795e+00
1.892092347145080566e+00
1.768110156059265137e+00
1.635452441871166229e+00
1.870997250080108643e+00
1.874423682689666748e+00
1.626884801313281059e+00
1.873338580131530762e+00
1.603518784046173096e+00
2.385770440101623535e+00
1.532935820519924164e+00
1.404961824417114258e+00
2.397136688232421875e+00
1.601133076474070549e+00
1.306552052497863770e+00
2.027155041694641113e+00
2.480581462383270264e+00
8.530902937054634094e-01
1.792579710483551025e+00
2.698261857032775879e+00
1.006050003692507744e+00
1.586125969886779785e+00
2.507366061210632324e+00
1.968837261199951172e+00
9.752234891057014465e-01
2.272159636020660400e+00
2.127687811851501465e+00
9.631085079163312912e-01
2.165264964103698730e+00
2.033750295639038086e+00
1.730778336524963379e+00
1.570538289844989777e+00
1.959795594215393066e+00
1.814315080642700195e+00
1.543356789276003838e+00
2.003504335880279541e+00
1.577749371528625488e+00
2.278910458087921143e+00
1.555735774338245392e+00
1.438784003257751465e+00
2.323323249816894531e+00
1.641106424853205681e+00
1.393893420696258545e+00
1.977448940277099609e+00
2.522689640522003174e+00
9.650120213627815247e-01
1.679352462291717529e+00
2.687949657440185547e+00
1.087143806740641594e+00
1.482603967189788818e+00
2.469433188438415527e+00
1.993534624576568604e+00
9.163865074515342712e-01
2.313714146614074707e+00
2.217438697814941406e+00
9.013388883322477341e-01
2.118000626564025879e+00
2.097132682800292969e+00
1.713345110416412354e+00
1.484983958303928375e+00
2.072632074356079102e+00
1.812404274940490723e+00
1.435197157785296440e+00
2.055079102516174316e+00
1.613804459571838379e+00
2.166263163089752197e+00
1.601302735507488251e+00
1.481194138526916504e+00
2.166372179985046387e+00
1.665849445387721062e+00
1.463765978813171387e+00
1.835066676139831543e+00
2.559138357639312744e+00
1.033404283225536346e+00
1.534567475318908691e+00
2.693527340888977051e+00
1.136141626164317131e+00
1.378047883510589600e+00
2.431265354156494141e+00
2.168184340000152588e+00
8.292868956923484802e-01
2.182741522789001465e+00
2.373610496520996094e+00
8.687052708119153976e-01
2.037627279758453369e+00
2.229233622550964355e+00
1.699244737625122070e+00
1.433415986597537994e+00
2.154091238975524902e+00
1.841931283473968506e+00
1.324609009549021721e+00
2.149422228336334229e+00
1.643312931060791016e+00
2.101970136165618896e+00
1.665555305778980255e+00
1.555276155471801758e+00
2.109536290168762207e+00
1.722514687106013298e+00
1.552253067493438721e+00
1.783740043640136719e+00
2.586251437664031982e+00
1.145418114960193634e+00
1.477793633937835693e+00
2.628034234046936035e+00
1.280493615195155144e+00
1.355774044990539551e+00
2.399197220802307129e+00
2.225545585155487061e+00
8.110447153449058533e-01
2.082838535308837891e+00
2.466657400131225586e+00
8.722551744431257248e-01
1.934385955333709717e+00
2.329142332077026367e+00
1.682192325592041016e+00
1.346929617226123810e+00
2.219684064388275146e+00
1.835502207279205322e+00
1.210070682689547539e+00
2.180579006671905518e+00
1.722599685192108154e+00
1.984889328479766846e+00
1.729162134230136871e+00
1.666387736797332764e+00
1.978032827377319336e+00
1.729639647528529167e+00
1.651783287525177002e+00
1.666417002677917480e+00
2.554853022098541260e+00
1.228119291365146637e+00
1.452632725238800049e+00
2.594366550445556641e+00
1.432486785575747490e+00
1.313685238361358643e+00
2.300823450088500977e+00
2.350332558155059814e+00
8.187027350068092346e-01
2.014678657054901123e+00
2.518168568611145020e+00
8.641594480723142624e-01
1.795839726924896240e+00
2.406776070594787598e+00
1.762348175048828125e+00
1.142929293215274811e+00
2.243310689926147461e+00
1.933797597885131836e+00
1.126272452995181084e+00
2.208299338817596436e+00
1.792482137680053711e+00
1.844941258430480957e+00
1.674764283001422882e+00
1.734661698341369629e+00
1.927309095859527588e+00
1.689221365377306938e+00
1.771704256534576416e+00
1.608938872814178467e+00
2.454012691974639893e+00
1.334592767059803009e+00
1.427497804164886475e+00
2.520183324813842773e+00
1.499390793964266777e+00
1.337360560894012451e+00
2.182225108146667480e+00
2.440413653850555420e+00
8.298058137297630310e-01
1.875770926475524902e+00
2.580028533935546875e+00
9.009198974817991257e-01
1.708606123924255371e+00
2.412382483482360840e+00
1.779205560684204102e+00
1.064365692436695099e+00
2.283440291881561279e+00
2.034088969230651855e+00
1.031265629455447197e+00
2.238549411296844482e+00
1.916437506675720215e+00
1.788025677204132080e+00
1.651042692363262177e+00
1.828297555446624756e+00
1.831195771694183350e+00
1.616330174729228020e+00
1.897479891777038574e+00
1.608696818351745605e+00
2.378179490566253662e+00
1.452805466949939728e+00
1.372727274894714355e+00
2.468098163604736328e+00
1.561574814841151237e+00
1.331933140754699707e+00
2.090055346488952637e+00
2.504571259021759033e+00
8.638592436909675598e-01
1.760931968688964844e+00
2.652431011199951172e+00
9.446499627083539963e-01
1.612965762615203857e+00
2.472681522369384766e+00
1.907682716846466064e+00
9.866820648312568665e-01
2.298959732055664062e+00
2.116637587547302246e+00
9.287372510880231857e-01
2.186597287654876709e+00
2.022645592689514160e+00
1.696510195732116699e+00
1.552818335592746735e+00
1.963150024414062500e+00
1.876722216606140137e+00
1.575885308906435966e+00
1.987225234508514404e+00
1.591894328594207764e+00
2.305430889129638672e+00
1.515373028814792633e+00
1.418738722801208496e+00
2.334846973419189453e+00
1.658816797658801079e+00
1.431204557418823242e+00
1.975564599037170410e+00
2.516633570194244385e+00
9.562345221638679504e-01
1.672933459281921387e+00
2.682632207870483398e+00
1.079647002741694450e+00
1.486771166324615479e+00
2.484062075614929199e+00
2.011950194835662842e+00
9.165892675518989563e-01
2.245057880878448486e+00
2.276464939117431641e+00
8.695476334542036057e-01
2.115185141563415527e+00
2.100342512130737305e+00
1.696489393711090088e+00
1.528048135340213776e+00
2.084274709224700928e+00
1.777356564998626709e+00
1.407612277194857597e+00
2.049708127975463867e+00
1.585371792316436768e+00
2.188818156719207764e+00
1.645519591867923737e+00
1.460008800029754639e+00
2.225120782852172852e+00
1.693074492737650871e+00
1.449477612972259521e+00
1.847022533416748047e+00
2.558263063430786133e+00
1.031754516065120697e+00
1.554469287395477295e+00
2.661379814147949219e+00
1.200758321210741997e+00
1.389240324497222900e+00
2.396136522293090820e+00
2.105966210365295410e+00
8.454889282584190369e-01
2.190098404884338379e+00
2.372279524803161621e+00
8.032133560627698898e-01
2.059423983097076416e+00
2.272364139556884766e+00
1.710349559783935547e+00
1.428369097411632538e+00
2.192772746086120605e+00
1.835297882556915283e+00
1.351730374619364738e+00
2.152561008930206299e+00
1.682509362697601318e+00
2.079838156700134277e+00
1.653999350965023041e+00
1.516435027122497559e+00
2.076788663864135742e+00
1.671407250687479973e+00
1.525831520557403564e+00
1.727391302585601807e+00
2.557146131992340088e+00
1.127122946083545685e+00
1.504004240036010742e+00
2.678005933761596680e+00
1.262430904433131218e+00
1.372761309146881104e+00
2.358606100082397461e+00
2.266602456569671631e+00
8.029723241925239563e-01
2.115502238273620605e+00
2.471417665481567383e+00
8.274081181734800339e-01
1.936149418354034424e+00
2.312276244163513184e+00
1.678051054477691650e+00
1.326556555926799774e+00
2.247309923171997070e+00
1.896398067474365234e+00
1.222262961789965630e+00
2.201668143272399902e+00
1.727016627788543701e+00
1.941198647022247314e+00
1.657013408839702606e+00
1.600696265697479248e+00
1.998176813125610352e+00
1.696162281557917595e+00
1.599974334239959717e+00
1.719990313053131104e+00
2.527975976467132568e+00
1.210712753236293793e+00
1.385664880275726318e+00
2.575488328933715820e+00
1.394689990207552910e+00
1.320813536643981934e+00
2.288395881652832031e+00
2.339784979820251465e+00
7.982577458024024963e-01
2.028148531913757324e+00
2.549510359764099121e+00
8.709729742258787155e-01
1.810745477676391602e+00
2.378221273422241211e+00
1.785801410675048828e+00
1.170232437551021576e+00
2.285924255847930908e+00
1.950306236743927002e+00
1.112121922895312309e+00
2.220030367374420166e+00
1.826747536659240723e+00
1.814642488956451416e+00
1.669055826961994171e+00
1.760388731956481934e+00
1.926583826541900635e+00
1.665612606331706047e+00
1.757317245006561279e+00
1.597725868225097656e+00
2.480994820594787598e+00
1.365166254341602325e+00
1.432627081871032715e+00
2.535917520523071289e+00
1.505459038540720940e+00
1.333881020545959473e+00
2.172821044921875000e+00
2.443910956382751465e+00
8.258394077420234680e-01
1.902028799057006836e+00
2.616026878356933594e+00
8.661634605377912521e-01
1.751652121543884277e+00
2.455602407455444336e+00
1.835706233978271484e+00
1.100384004414081573e+00
2.284537434577941895e+00
2.001858949661254883e+00
1.069910673424601555e+00
2.214978516101837158e+00
1.902760624885559082e+00
1.795734822750091553e+00
1.633604399859905243e+00
1.869291067123413086e+00
1.852932751178741455e+00
1.572656942531466484e+00
1.850823640823364258e+00
1.611962437629699707e+00
2.412146151065826416e+00
1.444688595831394196e+00
1.404753923416137695e+00
2.430987596511840820e+00
1.572614921256899834e+00
1.313472270965576172e+00
2.059960484504699707e+00
2.514304578304290771e+00
8.654758110642433167e-01
1.825840950012207031e+00
2.650315761566162109e+00
9.936379175633192062e-01
1.611047089099884033e+00
2.517613410949707031e+00
1.908818304538726807e+00
9.648208245635032654e-01
2.312540769577026367e+00
2.126918077468872070e+00
9.615437965840101242e-01
2.176652371883392334e+00
2.015063762664794922e+00
1.741544485092163086e+00
1.598329104483127594e+00
1.989394843578338623e+00
1.789731264114379883e+00
1.519579840824007988e+00
1.958490908145904541e+00
1.543594717979431152e+00
2.236808836460113525e+00
1.553580783307552338e+00
1.422278940677642822e+00
2.290717482566833496e+00
1.646211488172411919e+00
1.397882282733917236e+00
1.987806439399719238e+00
2.545216858386993408e+00
9.371501281857490540e-01
1.657236576080322266e+00
2.699819922447204590e+00
1.064931062981486320e+00
1.535934150218963623e+00
2.448073863983154297e+00
2.005250513553619385e+00
8.690511360764503479e-01
2.251527428627014160e+00
2.232111811637878418e+00
8.904185872524976730e-01
2.080180466175079346e+00
2.146116614341735840e+00
1.722541928291320801e+00
1.497446738183498383e+00
2.059547185897827148e+00
1.807416856288909912e+00
1.450612021610140800e+00
2.081664800643920898e+00
1.630254089832305908e+00
2.191296041011810303e+00
1.596750982105731964e+00
1.479698240756988525e+00
2.202234387397766113e+00
1.700777230784296989e+00
1.463095247745513916e+00
1.859872937202453613e+00
2.555769145488739014e+00
1.008819781243801117e+00
1.592334747314453125e+00
2.676050662994384766e+00
1.142498848959803581e+00
1.464751362800598145e+00
2.402515530586242676e+00
2.083043396472930908e+00
8.190443739295005798e-01
2.186146736145019531e+00
2.355560779571533203e+00
8.914794307202100754e-01
2.002903580665588379e+00
2.225359439849853516e+00
1.649821817874908447e+00
1.394727475941181183e+00
2.151061058044433594e+00
1.863299787044525146e+00
1.349374471232295036e+00
2.145096063613891602e+00
1.678462505340576172e+00
2.089915812015533447e+00
1.670458711683750153e+00
1.559027671813964844e+00
2.105120182037353516e+00
1.733957601711153984e+00
1.563948631286621094e+00
1.743558406829833984e+00
2.556906521320343018e+00
1.104115627706050873e+00
1.512513995170593262e+00
2.669267416000366211e+00
1.246978206560015678e+00
1.327816247940063477e+00
2.363046646118164062e+00
2.226400911808013916e+00
8.220417425036430359e-01
2.109013676643371582e+00
2.450928688049316406e+00
8.373245876282453537e-01
1.955021560192108154e+00
2.333815693855285645e+00
1.699508965015411377e+00
1.324021421372890472e+00
2.210054457187652588e+00
1.837209224700927734e+00
1.212047098204493523e+00
2.182097613811492920e+00
1.695920050144195557e+00
1.980970740318298340e+00
1.692767508327960968e+00
1.618021070957183838e+00
1.965876936912536621e+00
1.687029046937823296e+00
1.677933037281036377e+00
1.639054715633392334e+00
2.548078954219818115e+00
1.259097538888454437e+00
1.433013141155242920e+00
2.571870803833007812e+00
1.398398427292704582e+00
1.323147356510162354e+00
2.301116704940795898e+00
2.363214135169982910e+00
8.572304025292396545e-01
2.030965030193328857e+00
2.515676736831665039e+00
8.541712444275617599e-01
1.848532080650329590e+00
2.432300329208374023e+00
1.770129680633544922e+00
1.157107435166835785e+00
2.227935314178466797e+00
1.955732643604278564e+00
1.153815714642405510e+00
2.177178978919982910e+00
1.807648181915283203e+00
1.890199840068817139e+00
1.643840588629245758e+00
1.782022595405578613e+00
1.908926188945770264e+00
1.694681165739893913e+00
1.768311321735382080e+00
1.632668733596801758e+00
2.465096294879913330e+00
1.361643232405185699e+00
1.439773440361022949e+00
2.502313375473022461e+00
1.504987878724932671e+00
1.339439749717712402e+00
2.176559805870056152e+00
2.427517354488372803e+00
8.161289766430854797e-01
1.896930932998657227e+00
2.581949472427368164e+00
9.547914844006299973e-01
1.740506291389465332e+00
2.429378747940063477e+00
1.801811456680297852e+00
1.082073487341403961e+00
2.319551289081573486e+00
2.029350399971008301e+00
1.023522851988673210e+00
2.162910521030426025e+00
1.930763840675354004e+00
1.758422255516052246e+00
1.674471147358417511e+00
1.829117238521575928e+00
1.886795818805694580e+00
1.599201707169413567e+00
1.890760898590087891e+00
1.607486069202423096e+00
2.382156133651733398e+00
1.448894120752811432e+00
1.433570206165313721e+00
2.424045681953430176e+00
1.596621481701731682e+00
1.348214507102966309e+00
2.128055930137634277e+00
2.466741919517517090e+00
8.449182584881782532e-01
1.795506477355957031e+00
2.707728743553161621e+00
9.908760618418455124e-01
1.583445429801940918e+00
2.469012260437011719e+00
1.929750263690948486e+00
9.901017174124717712e-01
2.275878310203552246e+00
2.173531293869018555e+00
9.318055193871259689e-01
2.192024409770965576e+00
2.039411187171936035e+00
1.765571713447570801e+00
1.578847534954547882e+00
1.953081488609313965e+00
1.791423916816711426e+00
1.537978200241923332e+00
2.002748668193817139e+00
1.567784547805786133e+00
2.285899877548217773e+00
1.513248093426227570e+00
1.441967904567718506e+00
2.262217283248901367e+00
1.649529246613383293e+00
1.377721309661865234e+00
1.979442715644836426e+00
2.560835421085357666e+00
9.321174994111061096e-01
1.644446849822998047e+00
2.692838072776794434e+00
1.083896098658442497e+00
1.503268420696258545e+00
2.485370993614196777e+00
1.990004718303680420e+00
8.584393635392189026e-01
2.259612917900085449e+00
2.245718598365783691e+00
8.818735610693693161e-01
2.099482417106628418e+00
2.153647422790527344e+00
1.706464409828186035e+00
1.508010990917682648e+00
2.072004497051239014e+00
1.746792554855346680e+00
1.395506380125880241e+00
2.055152595043182373e+00
1.607498586177825928e+00
2.186694085597991943e+00
1.586616076529026031e+00
1.483103811740875244e+00
2.151595473289489746e+00
1.695949492976069450e+00
1.466204047203063965e+00
1.911313414573669434e+00
2.567324817180633545e+00
1.021735675632953644e+00
1.606138110160827637e+00
2.691737532615661621e+00
1.161157606169581413e+00
1.407105922698974609e+00
2.414885044097900391e+00
2.130093693733215332e+00
8.482832685112953186e-01
2.182157278060913086e+00
2.366205096244812012e+00
8.731758426874876022e-01
2.054605662822723389e+00
2.236237406730651855e+00
1.658868849277496338e+00
1.395332999527454376e+00
2.151247978210449219e+00
1.832410037517547607e+00
1.314172653481364250e+00
2.142710268497467041e+00
1.620072841644287109e+00
2.060041129589080811e+00
1.669869668781757355e+00
1.507927238941192627e+00
2.070619344711303711e+00
1.721659405156970024e+00
1.535718321800231934e+00
1.757316350936889648e+00
2.549242794513702393e+00
1.126507751643657684e+00
1.508166372776031494e+00
2.662331700325012207e+00
1.282947940751910210e+00
1.364599108695983887e+00
2.337285637855529785e+00
2.269283652305603027e+00
8.077206388115882874e-01
2.130284845829010010e+00
2.461866855621337891e+00
8.341974001377820969e-01
1.902800917625427246e+00
2.334558844566345215e+00
1.716891348361968994e+00
1.280183188617229462e+00
2.245872139930725098e+00
1.845687210559844971e+00
1.233219010755419731e+00
2.185058653354644775e+00
1.727654516696929932e+00
1.946724832057952881e+00
1.694936834275722504e+00
1.651209890842437744e+00
1.993875503540039062e+00
1.743467582389712334e+00
1.670227348804473877e+00
1.694644153118133545e+00
2.542637765407562256e+00
1.238196171820163727e+00
1.395320475101470947e+00
2.564836382865905762e+00
1.413877857849001884e+00
1.290846109390258789e+00
2.283321976661682129e+00
2.350323617458343506e+00
7.763251140713691711e-01
2.023303031921386719e+00
2.541241168975830078e+00
9.024695437401533127e-01
1.851680099964141846e+00
2.414954543113708496e+00
1.753974139690399170e+00
1.151062123477458954e+00
2.307908058166503906e+00
1.921356558799743652e+00
1.148102594539523125e+00
2.221000730991363525e+00
1.822526931762695312e+00
1.865276038646697998e+00
1.658170588314533234e+00
1.736247897148132324e+00
1.926792800426483154e+00
1.705230800434947014e+00
1.772562325000762939e+00
1.617798268795013428e+00
2.513766109943389893e+00
1.360456027090549469e+00
1.436816036701202393e+00
2.503992438316345215e+00
1.477949423715472221e+00
1.295825004577636719e+00
2.173697352409362793e+00
2.451742231845855713e+00
8.485695198178291321e-01
1.887140095233917236e+00
2.669146180152893066e+00
8.645939361304044724e-01
1.713777005672454834e+00
2.456242918968200684e+00
1.788453876972198486e+00
1.077942661941051483e+00
2.294104099273681641e+00
2.037375926971435547e+00
1.014785556122660637e+00
2.176833868026733398e+00
1.943247795104980469e+00
1.764867186546325684e+00
1.678330741822719574e+00
1.884430289268493652e+00
1.821235716342926025e+00
1.597158981487154961e+00
1.871572732925415039e+00
1.559668421745300293e+00
2.397528946399688721e+00
1.460130400955677032e+00
1.408157229423522949e+00
2.439957380294799805e+00
1.554016394540667534e+00
1.354761362075805664e+00
2.084065079689025879e+00
2.489944517612457275e+00
8.597052320837974548e-01
1.802095651626586914e+00
2.687300562858581543e+00
9.957465808838605881e-01
1.576219916343688965e+00
2.460553646087646484e+00
1.940954625606536865e+00
9.658422842621803284e-01
2.284909904003143311e+00
2.141745090484619141e+00
9.417188595980405807e-01
2.163404881954193115e+00
2.027762174606323242e+00
1.706442475318908691e+00
1.565267033874988556e+00
1.954361677169799805e+00
1.804128885269165039e+00
1.557399062439799309e+00
1.952140629291534424e+00
1.538874387741088867e+00
2.284432530403137207e+00
1.523566894233226776e+00
1.447242915630340576e+00
2.293146610260009766e+00
1.633511094376444817e+00
1.416526317596435547e+00
1.944898009300231934e+00
2.553857386112213135e+00
9.187686815857887268e-01
1.701316714286804199e+00
2.719567537307739258e+00
1.081787658855319023e+00
1.497688114643096924e+00
2.472514271736145020e+00
1.993381202220916748e+00
8.742476776242256165e-01
2.266388833522796631e+00
2.235946178436279297e+00
8.763645421713590622e-01
2.118955314159393311e+00
2.156538963317871094e+00
1.715411663055419922e+00
1.499859057366847992e+00
2.050742805004119873e+00
1.812804400920867920e+00
1.448944119736552238e+00
2.004469931125640869e+00
1.641339004039764404e+00
2.168727397918701172e+00
1.607784904539585114e+00
1.482032239437103271e+00
2.225865960121154785e+00
1.707352308556437492e+00
1.461277604103088379e+00
1.921464681625366211e+00
2.573525309562683105e+00
1.020602695643901825e+00
1.560677230358123779e+00
2.656804442405700684e+00
1.166192172095179558e+00
1.387286722660064697e+00
2.455367326736450195e+00
2.121641933917999268e+00
8.345438763499259949e-01
2.205630779266357422e+00
2.350729465484619141e+00
8.176295887678861618e-01
2.026415824890136719e+00
2.223805665969848633e+00
1.681935191154479980e+00
1.426358632743358612e+00
2.182214915752410889e+00
1.878158152103424072e+00
1.344502879306674004e+00
2.138399899005889893e+00
1.635445356369018555e+00
2.037651717662811279e+00
1.647811062633991241e+00
1.545828104019165039e+00
2.099906921386718750e+00
1.764245120808482170e+00
1.556755244731903076e+00
1.762699723243713379e+00
2.513103127479553223e+00
1.097712792456150055e+00
1.483915269374847412e+00
2.679749369621276855e+00
1.269600806757807732e+00
1.361995995044708252e+00
2.376167535781860352e+00
2.218107938766479492e+00
8.052869662642478943e-01
2.125336468219757080e+00
2.459289669990539551e+00
8.141266684979200363e-01
1.938441693782806396e+00
2.301857948303222656e+00
1.681424081325531006e+00
1.298239745199680328e+00
2.221735715866088867e+00
1.884018063545227051e+00
1.247645599767565727e+00
2.161149203777313232e+00
1.727029323577880859e+00
1.936670005321502686e+00
1.720177479088306427e+00
1.651243150234222412e+00
1.973961234092712402e+00
1.720569713041186333e+00
1.656311690807342529e+00
1.651047646999359131e+00
2.544616043567657471e+00
1.261281408369541168e+00
1.473629653453826904e+00
2.570369243621826172e+00
1.419301180168986320e+00
1.300530374050140381e+00
2.293423295021057129e+00
2.344397485256195068e+00
8.399746492505073547e-01
2.035134553909301758e+00
2.532649755477905273e+00
8.529548626393079758e-01
1.819779396057128906e+00
2.443184852600097656e+00
1.717880427837371826e+00
1.217272974550724030e+00
2.220312714576721191e+00
1.968310475349426270e+00
1.116541681811213493e+00
2.232021152973175049e+00
1.779258489608764648e+00
1.887640535831451416e+00
1.641833312809467316e+00
1.744716405868530273e+00
1.944886505603790283e+00
1.707837564870715141e+00
1.730334341526031494e+00
1.661769151687622070e+00
2.465932905673980713e+00
1.348732240498065948e+00
1.425708115100860596e+00
2.573943614959716797e+00
1.504803134128451347e+00
1.310797512531280518e+00
2.194306373596191406e+00
2.438155293464660645e+00
8.150447681546211243e-01
1.925375103950500488e+00
2.603457212448120117e+00
9.437290113419294357e-01
1.692135512828826904e+00
2.426959991455078125e+00
1.858100950717926025e+00
1.091940708458423615e+00
2.330047130584716797e+00
2.059010982513427734e+00
9.970024209469556808e-01
2.197942256927490234e+00
1.939109563827514648e+00
1.754349827766418457e+00
1.663148440420627594e+00
1.835999250411987305e+00
1.890047907829284668e+00
1.652326641604304314e+00
1.904289901256561279e+00
1.587622344493865967e+00
2.393810093402862549e+00
1.436951912939548492e+00
1.370810270309448242e+00
2.374968647956848145e+00
1.631389765068888664e+00
1.340352416038513184e+00
2.071353316307067871e+00
2.518306553363800049e+00
8.258975520730018616e-01
1.791373610496520996e+00
2.710661172866821289e+00
9.865835588425397873e-01
1.609440565109252930e+00
2.463066458702087402e+00
1.916432917118072510e+00
9.494222030043601990e-01
2.314285576343536377e+00
2.088319301605224609e+00
9.573339801281690598e-01
2.185144007205963135e+00
2.006205558776855469e+00
1.680982291698455811e+00
1.604941286146640778e+00
1.984412193298339844e+00
1.785922825336456299e+00
1.508347420021891594e+00
1.958025515079498291e+00
1.597665011882781982e+00
2.278346121311187744e+00
1.529002957046031952e+00
1.440944135189056396e+00
2.336594462394714355e+00
1.668701795861124992e+00
1.399578750133514404e+00
1.958199262619018555e+00
2.566481292247772217e+00
9.683807566761970520e-01
1.694657802581787109e+00
2.683699607849121094e+00
1.069210110232234001e+00
1.471937179565429688e+00
2.460098743438720703e+00
2.002348065376281738e+00
9.254089072346687317e-01
2.210010409355163574e+00
2.235264897346496582e+00
8.966281246393918991e-01
2.087198555469512939e+00
2.139783143997192383e+00
1.688946247100830078e+00
1.506186313927173615e+00
2.059236764907836914e+00
1.773639082908630371e+00
1.437365813180804253e+00
2.060319483280181885e+00
1.596995651721954346e+00
2.209011852741241455e+00
1.630962185561656952e+00
1.459095299243927002e+00
2.220099449157714844e+00
1.686460180208086967e+00
1.447424411773681641e+00
1.850463032722473145e+00
2.608634412288665771e+00
1.061729766428470612e+00
1.583291172981262207e+00
2.613155245780944824e+00
1.203088073059916496e+00
1.410353243350982666e+00
2.432605981826782227e+00
2.122777521610260010e+00
8.349089995026588440e-01
2.185505211353302002e+00
2.363982915878295898e+00
8.176892679184675217e-01
2.074078917503356934e+00
2.273542046546936035e+00
1.658050239086151123e+00
1.371249102056026459e+00
2.140731215476989746e+00
1.852738678455352783e+00
1.302929876372218132e+00
2.146562337875366211e+00
1.631522595882415771e+00
2.133370697498321533e+00
1.640138037502765656e+00
1.531476378440856934e+00
2.126579642295837402e+00
1.715179456397891045e+00
1.532290875911712646e+00
1.760758996009826660e+00
2.567088663578033447e+00
1.124738462269306183e+00
1.513124227523803711e+00
2.642452597618103027e+00
1.298238215968012810e+00
1.361285746097564697e+00
2.344907283782958984e+00
2.224840104579925537e+00
7.913112416863441467e-01
2.085134983062744141e+00
2.425886631011962891e+00
8.770316075533628464e-01
1.900234878063201904e+00
2.323867797851562500e+00
1.734324991703033447e+00
1.277307145297527313e+00
2.199411392211914062e+00
1.843683958053588867e+00
1.213215557858347893e+00
2.168897271156311035e+00
1.724884688854217529e+00
1.979079246520996094e+00
1.681634731590747833e+00
1.617272913455963135e+00
2.018182873725891113e+00
1.691831929609179497e+00
1.628725469112396240e+00
1.696547687053680420e+00
2.566818594932556152e+00
1.252501301467418671e+00
1.454072415828704834e+00
2.599282741546630859e+00
1.424809245392680168e+00
1.336328685283660889e+00
2.276707768440246582e+00
2.334556281566619873e+00
8.254470899701118469e-01
2.023852765560150146e+00
2.551175951957702637e+00
9.001601617783308029e-01
1.809513986110687256e+00
2.370162367820739746e+00
1.752412676811218262e+00
1.193373657763004303e+00
2.258644402027130127e+00
1.964928984642028809e+00
1.113661674782633781e+00
2.170865595340728760e+00
1.833520650863647461e+00
1.859575808048248291e+00
1.658667333424091339e+00
1.764051198959350586e+00
1.932875931262969971e+00
1.678312836214900017e+00
1.755206763744354248e+00
1.621424436569213867e+00
2.463360130786895752e+00
1.357844792306423187e+00
1.409022152423858643e+00
2.547152757644653320e+00
1.511401338502764702e+00
1.332270026206970215e+00
2.204440832138061523e+00
2.421173274517059326e+00
7.722857370972633362e-01
1.881510317325592041e+00
2.620468139648437500e+00
9.125715773552656174e-01
1.676408648490905762e+00
2.473366975784301758e+00
1.814268112182617188e+00
1.091539539396762848e+00
2.283232629299163818e+00
2.030126094818115234e+00
9.715363811701536179e-01
2.240071952342987061e+00
1.883755803108215332e+00
1.766833722591400146e+00
1.672644294798374176e+00
