# {'window': 130, 'n_steps': 2, 'q': 0.020112679712086582, 'contam': 0.9485019572332658, 'thres': 0.41019373386323776}
5.444228649139404297e-03
9.935599565505981445e-02
7.540008425712585449e-02
3.589749336242675781e-03
3.835868835449218750e-02
4.594118893146514893e-02
2.485084533691406250e-02
1.291344165802001953e-01
3.982400894165039062e-02
2.993340790271759033e-02
5.524736642837524414e-02
4.915028810501098633e-02
2.900129556655883789e-02
7.386970520019531250e-02
3.191882371902465820e-02
9.431704878807067871e-03
6.266415119171142578e-02
3.503417968750000000e-02
8.470728993415832520e-03
3.867036104202270508e-02
4.848903417587280273e-02
7.956843078136444092e-02
3.660780191421508789e-02
5.270105600357055664e-02
7.626976817846298218e-02
1.839753985404968262e-02
1.622098684310913086e-02
5.525203049182891846e-02
1.780217885971069336e-02
4.243093729019165039e-02
2.016770839691162109e-02
3.163218498229980469e-04
3.677684068679809570e-02
1.030364632606506348e-02
5.107550323009490967e-02
2.361530065536499023e-02
2.380514144897460938e-02
1.656394451856613159e-02
2.470761537551879883e-02
8.573234081268310547e-03
3.549695014953613281e-03
5.161702632904052734e-03
1.565825939178466797e-02
2.294451370835304260e-02
2.225559949874877930e-02
6.729364395141601562e-03
1.080872491002082825e-02
2.208232879638671875e-03
1.278507709503173828e-02
1.499155163764953613e-02
2.398857474327087402e-02
9.847402572631835938e-03
2.584176510572433472e-02
1.445114612579345703e-04
1.854723691940307617e-02
3.793659806251525879e-02
7.967483997344970703e-02
1.319891214370727539e-02
4.220804572105407715e-02
1.806619763374328613e-02
2.993136644363403320e-02
2.144300937652587891e-02
2.858099341392517090e-02
1.995575428009033203e-02
1.746231317520141602e-02
2.210758998990058899e-02
1.392686367034912109e-02
9.292006492614746094e-03
1.377893611788749695e-02
2.096480131149291992e-02
5.851268768310546875e-03
1.942066848278045654e-02
4.094129800796508789e-02
7.644772529602050781e-03
3.362949192523956299e-02
8.857339620590209961e-03
3.826200962066650391e-03
1.843887567520141602e-02
1.294845342636108398e-02
1.470911502838134766e-02
1.574486494064331055e-03
2.601215243339538574e-02
4.068559408187866211e-02
1.126071810722351074e-02
4.760921001434326172e-03
3.857868909835815430e-02
2.352240681648254395e-02
4.200237989425659180e-02
6.670773029327392578e-03
3.303033113479614258e-02
1.754641532897949219e-02
1.433616876602172852e-02
1.667243242263793945e-02
1.106023415923118591e-02
2.401345968246459961e-02
3.390920162200927734e-02
1.563863083720207214e-02
4.808694124221801758e-02
4.567354917526245117e-02
4.222678020596504211e-02
3.145268559455871582e-02
6.597876548767089844e-03
1.142841577529907227e-02
9.409487247467041016e-04
5.317354202270507812e-02
2.680167555809020996e-03
5.848646163940429688e-03
3.383278846740722656e-02
2.327078580856323242e-02
1.073557138442993164e-02
5.024671554565429688e-04
2.188897132873535156e-02
1.550383865833282471e-02
1.059645414352416992e-02
2.079033851623535156e-02
7.244056463241577148e-02
1.099163293838500977e-02
1.981198787689208984e-03
1.309391856193542480e-02
4.505515098571777344e-02
1.436471939086914062e-04
3.677527606487274170e-02
5.818903446197509766e-03
3.190743923187255859e-02
2.497320622205734253e-02
2.310201525688171387e-02
1.290065050125122070e-02
6.933525204658508301e-03
8.905053138732910156e-03
2.521347999572753906e-02
4.718005657196044922e-04
5.960911512374877930e-03
3.255057334899902344e-02
7.465213537216186523e-03
2.840472757816314697e-02
4.473686218261718750e-02
5.319863557815551758e-03
2.612443268299102783e-02
6.701946258544921875e-04
4.647135734558105469e-02
1.575713604688644409e-02
2.609848976135253906e-02
1.442039012908935547e-02
3.942396491765975952e-02
2.401667833328247070e-02
2.418833971023559570e-02
2.771333605051040649e-02
1.922398805618286133e-02
2.811956405639648438e-02
2.933997660875320435e-02
9.437322616577148438e-03
9.785652160644531250e-03
4.095259308815002441e-02
1.955881714820861816e-02
2.087897062301635742e-02
1.066105067729949951e-02
4.369980096817016602e-02
2.729415893554687500e-03
3.435313701629638672e-03
2.467069029808044434e-02
1.284128427505493164e-02
1.211068034172058105e-02
1.913517713546752930e-03
1.673704385757446289e-02
9.180486202239990234e-03
1.173384487628936768e-03
6.852149963378906250e-04
5.634039640426635742e-02
1.148882880806922913e-02
7.438182830810546875e-03
2.702128887176513672e-02
1.335479319095611572e-03
7.127165794372558594e-03
1.880776882171630859e-02
2.869889140129089355e-04
1.365214586257934570e-02
4.155039787292480469e-02
3.960532695055007935e-02
2.379852533340454102e-02
2.576059103012084961e-02
1.520499587059020996e-02
1.002663373947143555e-02
5.155825614929199219e-02
4.194062948226928711e-02
2.013821899890899658e-02
8.568525314331054688e-03
1.718163490295410156e-02
4.221901297569274902e-03
7.008016109466552734e-03
4.568219184875488281e-03
5.033567547798156738e-03
1.809918880462646484e-02
1.952803134918212891e-02
6.552882492542266846e-03
6.778895854949951172e-03
1.141661405563354492e-02
4.562467336654663086e-03
2.665680646896362305e-02
4.399496316909790039e-02
2.217284590005874634e-02
2.582183480262756348e-02
2.453565597534179688e-02
1.779347658157348633e-02
1.646685600280761719e-02
1.344710588455200195e-02
1.038815081119537354e-02
1.716467738151550293e-02
2.014118432998657227e-02
1.619374752044677734e-02
3.836020827293395996e-03
1.964861154556274414e-02
7.738471031188964844e-04
1.420699059963226318e-02
1.437127590179443359e-02
4.794597625732421875e-04
6.745249032974243164e-03
2.955716848373413086e-02
5.719304084777832031e-03
1.544439792633056641e-02
2.223980426788330078e-02
5.616962909698486328e-03
8.389078080654144287e-03
4.056155681610107422e-03
3.375083208084106445e-02
3.750467300415039062e-02
8.039563894271850586e-03
8.481562137603759766e-03
1.284345984458923340e-03
5.388975143432617188e-03
3.591221570968627930e-02
3.334024548530578613e-02
7.596552371978759766e-03
2.088648080825805664e-02
2.552923560142517090e-02
1.329720020294189453e-03
3.027689456939697266e-02
1.287379860877990723e-02
2.541281282901763916e-02
2.728557586669921875e-02
4.508316516876220703e-03
3.035701811313629150e-03
2.457380294799804688e-03
1.042425632476806641e-02
1.576582342386245728e-02
3.195881843566894531e-02
3.370165824890136719e-03
1.349134370684623718e-02
3.504365682601928711e-02
9.629428386688232422e-03
9.083099663257598877e-03
8.393555879592895508e-03
3.415787220001220703e-02
7.421806454658508301e-03
1.168131828308105469e-03
3.282588720321655273e-02
1.080194115638732910e-02
3.748714923858642578e-03
1.983863115310668945e-02
2.053859829902648926e-02
2.776065468788146973e-02
1.337987184524536133e-02
1.084291934967041016e-02
3.890369832515716553e-02
5.051928758621215820e-02
9.164929389953613281e-03
3.011173009872436523e-02
1.929533481597900391e-02
1.714861392974853516e-02
5.461761355400085449e-02
4.941821098327636719e-03
3.701448440551757812e-03
1.175384223461151123e-02
4.583233594894409180e-02
4.456132650375366211e-02
1.530187577009201050e-02
1.582932472229003906e-02
4.394197463989257812e-02
1.901219785213470459e-02
1.269966363906860352e-03
7.772743701934814453e-03
6.172510981559753418e-02
1.029977202415466309e-02
7.989108562469482422e-03
3.919202089309692383e-02
1.982186734676361084e-02
4.419088363647460938e-03
2.786368131637573242e-03
6.912760436534881592e-03
3.368741273880004883e-02
8.168101310729980469e-03
8.901227265596389771e-03
1.691019535064697266e-02
2.834665775299072266e-02
2.391332387924194336e-02
2.256882190704345703e-02
4.392266273498535156e-03
2.889359742403030396e-02
4.088306427001953125e-02
1.502019166946411133e-02
1.694383472204208374e-02
1.390278339385986328e-02
3.424882888793945312e-02
2.381858229637145996e-02
2.431896328926086426e-02
1.598185300827026367e-02
6.304875016212463379e-03
3.676977753639221191e-02
3.682428598403930664e-02
3.085973858833312988e-02
2.033680677413940430e-02
1.882761716842651367e-02
2.582421898841857910e-02
2.522449195384979248e-02
1.747012138366699219e-02
1.983761787414550781e-03
2.551291882991790771e-02
6.309509277343750000e-03
1.995450258255004883e-02
2.382474392652511597e-02
7.460892200469970703e-03
1.021248102188110352e-02
1.496557146310806274e-02
3.771483898162841797e-03
1.755940914154052734e-02
1.796870678663253784e-02
8.473277091979980469e-03
4.666090011596679688e-03
6.887987256050109863e-03
3.902256488800048828e-03
3.702938556671142578e-03
8.076503872871398926e-03
1.896798610687255859e-02
4.175674915313720703e-02
7.351756095886230469e-03
1.391023397445678711e-03
1.438075304031372070e-02
3.772079944610595703e-03
1.713514328002929688e-03
2.487033605575561523e-02
3.516077995300292969e-03
2.356730401515960693e-03
9.595990180969238281e-03
2.712184190750122070e-02
5.997842550277709961e-02
3.082871437072753906e-03
5.664527416229248047e-03
1.582204550504684448e-02
8.518815040588378906e-03
4.699409008026123047e-03
1.868367940187454224e-02
8.963942527770996094e-03
6.484985351562500000e-03
7.555559277534484863e-03
2.644065022468566895e-02
2.312231063842773438e-02
7.079452276229858398e-03
8.020043373107910156e-03
2.458697557449340820e-02
1.641097664833068848e-02
2.645082771778106689e-02
1.264429092407226562e-02
4.934078454971313477e-02
4.377551376819610596e-03
2.439242601394653320e-02
4.419845342636108398e-02
8.227750658988952637e-03
1.072311401367187500e-02
3.280276060104370117e-02
4.077351838350296021e-02
3.787636756896972656e-03
1.518309116363525391e-03
1.455681957304477692e-02
2.653181552886962891e-03
1.959502696990966797e-02
9.462282061576843262e-03
1.214146614074707031e-04
2.262836694717407227e-02
3.355890512466430664e-03
1.326224207878112793e-02
3.753429651260375977e-02
1.126927137374877930e-02
3.811568021774291992e-03
2.663242816925048828e-02
8.727043867111206055e-03
9.983971714973449707e-03
3.214186429977416992e-02
5.572471022605895996e-02
7.045298814773559570e-03
5.153656005859375000e-03
8.930623531341552734e-03
3.095924854278564453e-02
2.983433008193969727e-02
5.268770456314086914e-02
1.816355437040328979e-02
1.971077919006347656e-02
2.655607461929321289e-02
7.591098546981811523e-03
2.109825611114501953e-03
2.160936594009399414e-02
1.862889528274536133e-02
8.697420358657836914e-03
1.358014345169067383e-02
2.024199813604354858e-02
2.120757102966308594e-02
9.013891220092773438e-03
6.379997730255126953e-02
1.101702451705932617e-03
4.744291305541992188e-02
6.041526794433593750e-03
2.047881484031677246e-03
5.046147108078002930e-02
1.336994767189025879e-02
4.400685429573059082e-03
3.501957654953002930e-02
6.698369979858398438e-03
1.106487214565277100e-02
5.217492580413818359e-02
2.081233263015747070e-02
4.343140870332717896e-02
3.437876701354980469e-03
4.025465250015258789e-02
1.216802746057510376e-03
1.623123884201049805e-02
1.046478748321533203e-02
2.634823322296142578e-03
1.098656654357910156e-02
6.388425827026367188e-03
4.570007324218750000e-03
6.837129592895507812e-03
3.586113452911376953e-03
6.314575672149658203e-03
5.261182785034179688e-03
2.137345075607299805e-02
4.630297422409057617e-03
1.048025488853454590e-02
2.061599493026733398e-02
1.760065555572509766e-03
9.117394685745239258e-03
3.898245096206665039e-02
1.685237884521484375e-02
2.992176264524459839e-02
2.618277072906494141e-02
2.461671829223632812e-05
2.008327282965183258e-02
7.558465003967285156e-04
6.872057914733886719e-03
5.207892507314682007e-03
2.670371532440185547e-02
3.208678960800170898e-02
1.669339835643768311e-02
3.029200434684753418e-02
2.481031417846679688e-02
3.898805379867553711e-02
1.586160063743591309e-02
1.682323217391967773e-02
1.719817519187927246e-03
3.686636686325073242e-03
8.895576000213623047e-03
1.559206843376159668e-02
2.170652151107788086e-03
1.177549362182617188e-03
1.082307100296020508e-02
1.099482178688049316e-04
1.410692930221557617e-02
2.901172637939453125e-02
3.628142178058624268e-02
4.682326316833496094e-02
1.886379718780517578e-02
9.111013263463973999e-03
6.569623947143554688e-03
4.102408885955810547e-03
7.118720561265945435e-03
2.814590930938720703e-03
2.144008874893188477e-02
6.901621818542480469e-03
2.909523248672485352e-02
1.201295852661132812e-02
1.329508423805236816e-02
2.315497398376464844e-02
1.601040363311767578e-03
3.333321213722229004e-02
3.648698329925537109e-04
2.278852462768554688e-02
1.322716474533081055e-02
1.343478262424468994e-02
1.088845729827880859e-02
1.510345935821533203e-02
6.875395774841308594e-05
2.889764308929443359e-02
1.053404808044433594e-02
1.334623247385025024e-02
3.362059593200683594e-02
9.817481040954589844e-03
3.995262086391448975e-03
4.150992631912231445e-02
4.731142520904541016e-02
2.850715443491935730e-02
2.753186225891113281e-02
2.239543199539184570e-02
3.953392803668975830e-02
1.565548777580261230e-02
2.165865898132324219e-02
4.952751100063323975e-02
1.296478509902954102e-02
1.103621721267700195e-02
2.397111058235168457e-02
6.823360919952392578e-03
1.824796199798583984e-03
3.580072522163391113e-02
1.964214444160461426e-02
3.874492645263671875e-02
1.854836940765380859e-03
3.423408418893814087e-02
2.307057380676269531e-02
1.653540134429931641e-02
4.538309946656227112e-02
2.353686094284057617e-02
1.252979040145874023e-02
3.557201474905014038e-03
3.997939825057983398e-02
2.950364351272583008e-02
3.660263121128082275e-02
1.245367527008056641e-02
1.109457015991210938e-02
1.847430318593978882e-02
2.197995781898498535e-02
2.155661582946777344e-03
8.133602142333984375e-02
2.173063158988952637e-02
1.569509506225585938e-03
3.358155488967895508e-03
1.762774586677551270e-02
1.202625036239624023e-02
2.342462539672851562e-02
2.704901993274688721e-02
3.311336040496826172e-03
7.786363363265991211e-03
3.305003046989440918e-03
2.247470617294311523e-02
1.040744781494140625e-02
6.194137036800384521e-03
6.337738037109375000e-02
3.545600175857543945e-02
2.526173740625381470e-02
7.528185844421386719e-03
2.250534296035766602e-02
1.636877655982971191e-02
2.142417430877685547e-02
1.319050788879394531e-04
8.382074534893035889e-03
5.397239327430725098e-02
6.473422050476074219e-03
5.580186843872070312e-04
3.748714923858642578e-03
9.680986404418945312e-04
1.313039660453796387e-02
9.079992771148681641e-03
3.364568948745727539e-02
1.019117236137390137e-02
2.201959490776062012e-03
5.467450618743896484e-02
2.375739812850952148e-02
6.813704967498779297e-04
5.673205852508544922e-02
2.089196443557739258e-02
8.983999490737915039e-03
1.758742332458496094e-02
1.202768087387084961e-02
3.109326213598251343e-02
8.216083049774169922e-03
1.357817649841308594e-02
1.118913292884826660e-03
3.651553392410278320e-02
3.277778625488281250e-03
3.448873758316040039e-05
3.691142797470092773e-02
2.210897207260131836e-02
2.697260677814483643e-02
1.371189951896667480e-02
4.169583320617675781e-03
1.205509901046752930e-02
4.086971282958984375e-03
2.283787727355957031e-02
2.821061015129089355e-02
8.104816079139709473e-03
7.974267005920410156e-03
2.103179693222045898e-03
1.766127347946166992e-02
1.089650392532348633e-02
1.468205451965332031e-02
5.840048193931579590e-03
6.478667259216308594e-03
2.571624517440795898e-02
2.491891384124755859e-02
1.667594909667968750e-02
8.442401885986328125e-03
3.584007918834686279e-02
1.976019144058227539e-02
1.734375953674316406e-02
1.190677285194396973e-02
1.017591357231140137e-02
1.015430688858032227e-02
1.791264861822128296e-02
4.610162973403930664e-02
8.518457412719726562e-03
3.526297211647033691e-02
6.630086898803710938e-02
1.361721754074096680e-02
3.446131944656372070e-02
1.469263434410095215e-02
5.291944742202758789e-02
1.437187194824218750e-03
6.194740533828735352e-03
2.949434518814086914e-02
5.147874355316162109e-03
1.076298207044601440e-02
1.340466737747192383e-02
1.515871286392211914e-02
1.372070610523223877e-02
1.839697360992431641e-02
3.256797790527343750e-03
4.339573532342910767e-02
7.439851760864257812e-04
4.137545824050903320e-02
1.260710507631301880e-02
2.723708748817443848e-02
3.352969884872436523e-02
8.291035890579223633e-03
2.752453088760375977e-03
1.512765884399414062e-04
7.121294736862182617e-03
1.430514454841613770e-02
1.035040616989135742e-02
1.202461123466491699e-02
2.206389605998992920e-02
3.683722019195556641e-02
7.304638624191284180e-03
3.688037395477294922e-03
2.748012542724609375e-02
3.553688526153564453e-02
5.498396884649991989e-02
2.685737609863281250e-02
2.130621671676635742e-02
2.526290714740753174e-03
1.866406202316284180e-02
2.526086568832397461e-02
6.787945330142974854e-02
3.090441226959228516e-03
1.916593313217163086e-02
1.164203137159347534e-02
1.353397965431213379e-02
9.208559989929199219e-03
1.354292035102844238e-02
1.064777374267578125e-03
3.640574216842651367e-02
4.924193024635314941e-03
1.586246490478515625e-02
2.261555194854736328e-02
3.282785415649414062e-03
2.017453312873840332e-03
8.910417556762695312e-03
1.963979005813598633e-02
2.374917268753051758e-02
4.033792018890380859e-02
7.870674133300781250e-03
1.304385811090469360e-02
2.556663751602172852e-02
2.063030004501342773e-02
2.343069761991500854e-03
3.123027086257934570e-02
2.724641561508178711e-02
3.361582569777965546e-02
3.159159421920776367e-02
2.757567167282104492e-02
1.414639502763748169e-02
3.018537163734436035e-02
1.463472843170166016e-02
9.539887309074401855e-03
2.559396624565124512e-02
2.505403757095336914e-02
5.139812827110290527e-03
3.473767638206481934e-02
4.605054855346679688e-04
1.675125956535339355e-02
1.826807856559753418e-02
1.451474428176879883e-02
2.135068178176879883e-03
1.881094276905059814e-02
9.698510169982910156e-03
2.849578857421875000e-02
2.916118875145912170e-02
3.218507766723632812e-02
1.003497838973999023e-02
7.371775805950164795e-03
4.473060369491577148e-02
2.137202024459838867e-02
1.035779714584350586e-04
4.045248031616210938e-02
2.179658412933349609e-02
3.881086781620979309e-02
1.860916614532470703e-03
4.912465810775756836e-02
4.012808203697204590e-03
4.625529050827026367e-03
1.698732376098632812e-04
2.467700839042663574e-02
6.736606359481811523e-03
2.628564834594726562e-02
2.756300568580627441e-02
5.997866392135620117e-03
7.419526576995849609e-03
1.476383209228515625e-02
3.732614219188690186e-02
2.534866333007812500e-03
3.290116786956787109e-02
4.771059006452560425e-02
3.561258316040039062e-03
4.561245441436767578e-02
8.359715342521667480e-03
4.985749721527099609e-03
4.470348358154296875e-06
2.937527745962142944e-02
3.998088836669921875e-02
2.377098798751831055e-02
6.997525691986083984e-03
1.097726821899414062e-02
1.947677135467529297e-02
3.043103218078613281e-02
2.504783868789672852e-02
4.700905084609985352e-02
5.011761188507080078e-02
5.797654390335083008e-03
2.203166484832763672e-03
5.424261093139648438e-03
2.696867287158966064e-02
1.212507486343383789e-02
5.663418769836425781e-02
7.573224604129791260e-03
1.157492399215698242e-02
1.425719261169433594e-02
2.798534929752349854e-02
1.908379793167114258e-02
2.370709180831909180e-02
9.958427399396896362e-03
2.096831798553466797e-02
5.016338825225830078e-02
1.484157145023345947e-02
7.377266883850097656e-04
3.516310453414916992e-02
3.984209895133972168e-02
1.293897628784179688e-03
2.915751934051513672e-02
2.977882325649261475e-02
2.638688683509826660e-02
2.885639667510986328e-03
3.869786858558654785e-03
2.299982309341430664e-02
1.763314008712768555e-02
3.440293669700622559e-02
2.293509244918823242e-02
1.118260622024536133e-02
2.875030040740966797e-02
2.407218515872955322e-02
5.091452598571777344e-02
4.534393548965454102e-02
1.442860066890716553e-02
2.655899524688720703e-02
6.653428077697753906e-03
2.213807404041290283e-02
6.135165691375732422e-03
5.820453166961669922e-03
9.773142635822296143e-03
1.793658733367919922e-02
2.270162105560302734e-03
5.413182079792022705e-03
1.248842477798461914e-02
1.620471477508544922e-03
1.975020766258239746e-02
4.003226757049560547e-03
1.516002416610717773e-02
7.736682891845703125e-04
1.302102208137512207e-02
1.510787010192871094e-02
3.410995006561279297e-02
4.468433558940887451e-02
2.461075782775878906e-02
7.597088813781738281e-03
8.513174951076507568e-03
3.597325086593627930e-02
2.228856086730957031e-03
1.976566761732101440e-02
2.127456665039062500e-02
4.187113046646118164e-02
1.943687349557876587e-02
2.340579032897949219e-02
1.980763673782348633e-02
2.147138491272926331e-02
1.250684261322021484e-02
1.191490888595581055e-02
1.883788406848907471e-02
7.920950651168823242e-03
1.374918222427368164e-02
1.218989491462707520e-02
4.214763641357421875e-03
5.550444126129150391e-03
3.693097829818725586e-02
7.588118314743041992e-03
1.604378223419189453e-03
3.183969855308532715e-02
1.291275024414062500e-02
2.885282039642333984e-03
2.720302343368530273e-02
9.936667978763580322e-03
2.208578586578369141e-02
5.503058433532714844e-03
7.098406553268432617e-03
1.282161474227905273e-02
6.206274032592773438e-03
4.826112836599349976e-02
2.772617340087890625e-02
3.184437751770019531e-03
4.599690437316894531e-03
1.714515686035156250e-02
4.122334718704223633e-02
2.972752600908279419e-02
2.307650446891784668e-02
1.188397407531738281e-03
1.201416552066802979e-02
1.513579487800598145e-02
3.732931613922119141e-02
1.940748095512390137e-02
2.575853466987609863e-02
2.783471345901489258e-02
2.974694967269897461e-02
1.805527508258819580e-02
2.741205692291259766e-02
2.707642316818237305e-02
1.630500704050064087e-02
1.968091726303100586e-02
5.523979663848876953e-03
2.776264771819114685e-02
2.227503061294555664e-02
9.474635124206542969e-03
1.343504711985588074e-02
4.224419593811035156e-03
2.965170145034790039e-02
2.445091307163238525e-02
3.862357139587402344e-02
1.407444477081298828e-03
1.514091342687606812e-02
5.586087703704833984e-03
1.674109697341918945e-02
1.471807062625885010e-02
8.173346519470214844e-03
1.630622148513793945e-02
8.040413260459899902e-03
1.287063956260681152e-02
6.214141845703125000e-03
2.858382463455200195e-02
1.437962055206298828e-05
5.378723144531250000e-04
9.867399930953979492e-03
1.870816200971603394e-02
4.290938377380371094e-04
7.513821125030517578e-03
1.687057316303253174e-02
1.881176233291625977e-02
2.353948354721069336e-02
1.266408711671829224e-03
6.777703762054443359e-03
3.013193607330322266e-03
2.644451707601547241e-02
1.554232835769653320e-02
3.942251205444335938e-03
1.473927497863769531e-02
7.064920663833618164e-02
3.092825412750244141e-03
3.753654658794403076e-02
1.657178997993469238e-02
7.343173027038574219e-03
2.601055800914764404e-02
2.834446728229522705e-02
4.484242200851440430e-02
4.021024703979492188e-02
2.061605453491210938e-02
3.054594993591308594e-02
1.731854677200317383e-02
2.804816514253616333e-02
7.194280624389648438e-04
2.576744556427001953e-02
1.079940050840377808e-02
5.861282348632812500e-03
1.161617040634155273e-02
1.352561265230178833e-02
4.304647445678710938e-04
6.303548812866210938e-03
2.515337616205215454e-02
6.452322006225585938e-03
3.370046615600585938e-02
9.546488523483276367e-03
5.560457706451416016e-02
4.721105098724365234e-03
4.049068689346313477e-02
2.193310856819152832e-02
7.483363151550292969e-04
1.820549368858337402e-03
1.487389206886291504e-02
4.714566469192504883e-02
2.190330624580383301e-02
9.407445788383483887e-03
2.363365888595581055e-02
3.406104445457458496e-02
3.536343574523925781e-03
4.000067710876464844e-04
1.668643951416015625e-02
9.672302752733230591e-03
3.381031751632690430e-02
7.507461309432983398e-02
8.626352995634078979e-03
2.728003263473510742e-02
1.139557361602783203e-02
4.199520498514175415e-02
1.307028532028198242e-02
2.443403005599975586e-02
6.459526717662811279e-03
1.028537750244140625e-02
8.340477943420410156e-04
1.706169545650482178e-02
4.478248953819274902e-02
5.985820293426513672e-02
3.949719667434692383e-02
3.611375391483306885e-02
2.001678943634033203e-02
2.987986803054809570e-02
1.245133578777313232e-02
6.949305534362792969e-03
3.009533882141113281e-02
1.655322313308715820e-02
3.598123788833618164e-02
3.911131620407104492e-02
3.418950736522674561e-02
3.176635503768920898e-02
1.960265636444091797e-02
2.178407274186611176e-02
3.800010681152343750e-02
1.564663648605346680e-02
1.778555661439895630e-02
1.457309722900390625e-02
1.109087467193603516e-02
3.003083169460296631e-03
3.770998120307922363e-02
5.859851837158203125e-03
1.334410905838012695e-02
1.910269260406494141e-03
3.867465257644653320e-02
5.224630236625671387e-03
1.173657178878784180e-02
1.725625991821289062e-02
4.568496346473693848e-02
4.768937826156616211e-02
8.364319801330566406e-03
3.707855939865112305e-02
1.415099203586578369e-02
3.253853321075439453e-02
2.276539802551269531e-03
2.284348011016845703e-04
1.389026641845703125e-03
1.582539081573486328e-02
6.597056984901428223e-03
4.480004310607910156e-03
7.884800434112548828e-03
2.076733857393264771e-03
4.439127445220947266e-02
3.138887882232666016e-02
3.902943432331085205e-02
1.248389482498168945e-03
3.235399723052978516e-03
2.195805311203002930e-02
2.248713374137878418e-02
3.346085548400878906e-03
4.039207100868225098e-02
1.433035731315612793e-02
1.633864641189575195e-02
1.621571183204650879e-02
1.453615725040435791e-02
4.147177934646606445e-02
3.026524186134338379e-02
2.675396203994750977e-02
2.431929111480712891e-03
1.280075311660766602e-02
1.445917040109634399e-02
4.634279012680053711e-02
4.857981204986572266e-02
2.305203676223754883e-02
1.495140790939331055e-02
4.058682918548583984e-02
2.680469304323196411e-02
1.272976398468017578e-03
8.361697196960449219e-03
1.083337515592575073e-02
4.172566533088684082e-02
3.011262416839599609e-02
2.892302721738815308e-02
4.393249750137329102e-03
1.822781562805175781e-02
1.588679850101470947e-02
5.486544966697692871e-02
5.981576442718505859e-02
4.432201385498046875e-04
1.848985254764556885e-02
3.537774085998535156e-03
1.344203948974609375e-03
5.032140016555786133e-02
2.259761095046997070e-02
2.621603012084960938e-02
9.254604578018188477e-03
3.230631351470947266e-03
4.374146461486816406e-03
1.328760012984275818e-02
4.033923149108886719e-03
2.245777845382690430e-02
2.460753917694091797e-02
3.679096698760986328e-03
1.777827739715576172e-03
6.514862179756164551e-03
6.185442209243774414e-03
1.347219944000244141e-02
5.689248442649841309e-03
3.972053527832031250e-04
3.633457422256469727e-02
1.744844019412994385e-02
7.193571329116821289e-02
3.780293464660644531e-02
2.951514720916748047e-02
3.007623553276062012e-02
3.087335824966430664e-02
1.103737950325012207e-02
1.845154911279678345e-02
1.880282163619995117e-02
4.190391302108764648e-02
1.099832355976104736e-03
2.444994449615478516e-02
3.000456094741821289e-02
1.094077154994010925e-02
4.278141260147094727e-02
2.624380588531494141e-02
1.584930717945098877e-02
7.375007867813110352e-02
5.105060338973999023e-02
3.527112305164337158e-03
5.426523089408874512e-02
2.914965152740478516e-03
4.314255714416503906e-02
1.195746660232543945e-02
7.501661777496337891e-03
2.913862466812133789e-02
4.261910915374755859e-03
8.732676506042480469e-04
5.140778422355651855e-02
5.969151854515075684e-03
5.024874210357666016e-02
3.460779786109924316e-02
3.769192099571228027e-02
3.820264339447021484e-02
4.325234889984130859e-02
2.000115811824798584e-02
1.589351892471313477e-02
2.766788005828857422e-02
5.754905194044113159e-02
7.006585597991943359e-03
7.715642452239990234e-03
2.104227058589458466e-02
1.722186803817749023e-02
4.087865352630615234e-03
3.457625582814216614e-02
1.233857870101928711e-02
4.748553037643432617e-02
2.649778127670288086e-02
9.406656026840209961e-03
2.793848514556884766e-03
1.662901043891906738e-02
6.911337375640869141e-03
2.551817893981933594e-02
2.523362636566162109e-03
8.602753281593322754e-03
1.931190490722656250e-04
3.631207346916198730e-02
1.863561570644378662e-03
3.276467323303222656e-03
2.192991971969604492e-02
1.319861039519309998e-02
8.273959159851074219e-03
3.650557994842529297e-02
1.650043018162250519e-02
3.185164928436279297e-02
2.897858619689941406e-02
6.676536053419113159e-03
1.252990961074829102e-02
5.647432804107666016e-02
1.413632184267044067e-02
1.002958416938781738e-02
5.874371528625488281e-02
2.083453536033630371e-02
1.143354177474975586e-02
1.449447870254516602e-02
5.598387122154235840e-02
3.836989402770996094e-03
1.605331897735595703e-02
7.793962955474853516e-03
1.960204541683197021e-02
1.951617002487182617e-02
1.392224431037902832e-02
1.452643424272537231e-02
7.405877113342285156e-04
2.371090650558471680e-02
2.963987365365028381e-02
3.817671537399291992e-02
1.373094320297241211e-02
2.689838409423828125e-03
7.649028301239013672e-02
6.338775157928466797e-03
3.293476160615682602e-02
5.363517999649047852e-02
1.093333959579467773e-02
1.228143274784088135e-02
1.972988247871398926e-02
2.183067798614501953e-02
7.250517606735229492e-03
3.367024660110473633e-02
2.042484283447265625e-02
8.657574653625488281e-03
1.009684801101684570e-02
3.663676977157592773e-02
4.544764757156372070e-03
7.356733083724975586e-03
4.454845190048217773e-02
1.857724785804748535e-02
2.631229162216186523e-02
2.972763776779174805e-02
4.261493682861328125e-03
1.068950444459915161e-02
3.163129091262817383e-02
1.355022192001342773e-02
5.242563784122467041e-03
1.719683408737182617e-02
2.035439014434814453e-03
3.554774820804595947e-02
1.685023307800292969e-02
1.696193218231201172e-02
1.899880170822143555e-02
4.795074462890625000e-03
2.554571628570556641e-02
6.798018515110015869e-02
2.786013484001159668e-02
1.305770874023437500e-02
4.652112722396850586e-03
1.604697108268737793e-02
8.378505706787109375e-03
1.975348591804504395e-02
9.170085191726684570e-03
5.420637130737304688e-02
1.103109121322631836e-02
2.001623064279556274e-02
2.194875478744506836e-02
2.948248386383056641e-02
2.775613218545913696e-02
2.034068107604980469e-03
1.220154762268066406e-02
4.883730411529541016e-02
3.013849258422851562e-03
1.090419292449951172e-02
5.869064480066299438e-03
5.265474319458007812e-04
4.531645774841308594e-02
2.070440351963043213e-02
3.167495131492614746e-02
1.960849761962890625e-02
3.280763328075408936e-02
1.656877994537353516e-02
2.900803089141845703e-02
2.725714445114135742e-02
2.552264928817749023e-02
7.311701774597167969e-04
5.413144826889038086e-02
2.231343090534210205e-02
2.409410476684570312e-02
9.176015853881835938e-03
2.271968126296997070e-02
1.942276954650878906e-02
1.927334070205688477e-02
5.838535726070404053e-03
2.922910451889038086e-02
3.968358039855957031e-03
5.096378922462463379e-02
3.534752130508422852e-02
1.508301496505737305e-02
1.898556947708129883e-03
6.866633892059326172e-03
3.781479597091674805e-02
8.647724986076354980e-03
1.210087537765502930e-02
4.750555753707885742e-02
1.050530374050140381e-02
1.365566253662109375e-02
5.725902318954467773e-02
2.648252248764038086e-02
4.495215415954589844e-02
3.470975160598754883e-02
6.509959697723388672e-03
1.245133578777313232e-02
1.637041568756103516e-02
2.131587266921997070e-02
1.041293144226074219e-04
1.363486051559448242e-02
3.442209959030151367e-02
2.238112688064575195e-02
2.309870719909667969e-02
3.012913465499877930e-02
1.818139106035232544e-03
6.371676921844482422e-03
3.801465034484863281e-03
4.670694470405578613e-03
2.606594562530517578e-02
4.697340726852416992e-02
3.677049279212951660e-02
3.017455339431762695e-03
3.030854463577270508e-02
7.739424705505371094e-03
4.998475313186645508e-03
2.639275789260864258e-02
2.249205112457275391e-02
1.978188753128051758e-02
2.277851104736328125e-03
2.251181006431579590e-02
2.346688508987426758e-02
3.198683261871337891e-03
2.841472625732421875e-02
1.626767218112945557e-02
2.110713720321655273e-02
2.811563014984130859e-02
1.757314801216125488e-02
1.717478036880493164e-02
5.053830146789550781e-02
2.719293162226676941e-02
3.327131271362304688e-04
4.961895942687988281e-02
1.992525160312652588e-02
8.317410945892333984e-03
7.359504699707031250e-03
3.568965941667556763e-02
2.927762269973754883e-02
2.417236566543579102e-02
2.601474523544311523e-03
3.757572174072265625e-02
5.274862051010131836e-02
9.755775332450866699e-03
9.012103080749511719e-03
1.902997493743896484e-02
9.215682744979858398e-03
2.395461499691009521e-02
1.970905065536499023e-02
1.632302999496459961e-02
1.495179533958435059e-02
1.873791217803955078e-02
7.633149623870849609e-03
9.610608220100402832e-03
3.491348028182983398e-02
1.806139945983886719e-03
5.077240616083145142e-02
4.573523998260498047e-02
1.628243923187255859e-02
3.037414886057376862e-02
1.219916343688964844e-02
2.262890338897705078e-02
6.229385733604431152e-03
2.247285842895507812e-02
4.311668872833251953e-02
1.118794083595275879e-03
1.440459489822387695e-02
1.730662584304809570e-02
1.545071601867675781e-03
2.642464637756347656e-02
3.033161163330078125e-02
2.345302700996398926e-02
8.485317230224609375e-04
4.813164472579956055e-02
5.590051412582397461e-02
3.976432979106903076e-02
4.703760147094726562e-03
6.721019744873046875e-04
8.742354810237884521e-03
5.698025226593017578e-03
2.447426319122314453e-03
5.756180733442306519e-03
3.626036643981933594e-02
4.133164882659912109e-03
2.033930644392967224e-02
3.861927986145019531e-02
2.987331151962280273e-02
6.003826856613159180e-03
4.499197006225585938e-03
2.979910373687744141e-02
9.160444140434265137e-03
6.839483976364135742e-03
1.679003238677978516e-03
1.177072525024414062e-02
7.590472698211669922e-03
2.878475189208984375e-02
1.198393106460571289e-02
7.110118865966796875e-03
5.391478538513183594e-03
4.153662919998168945e-02
3.487123548984527588e-02
3.283083438873291016e-03
7.181107997894287109e-03
2.483539655804634094e-02
3.131973743438720703e-02
1.571476459503173828e-03
1.458584703505039215e-02
3.333961963653564453e-02
2.264314889907836914e-02
4.555767774581909180e-02
4.007768630981445312e-02
5.374610424041748047e-03
1.004710793495178223e-03
1.189708709716796875e-03
3.533130884170532227e-02
4.481405019760131836e-02
5.890730023384094238e-02
4.369503259658813477e-02
6.332099437713623047e-04
6.925642490386962891e-03
1.842254400253295898e-02
3.137722611427307129e-02
1.861384510993957520e-02
4.199504852294921875e-03
2.347573637962341309e-02
1.054663211107254028e-02
5.537259578704833984e-02
2.661919593811035156e-02
3.048678115010261536e-02
7.164061069488525391e-03
5.787730216979980469e-03
3.511978685855865479e-02
7.126927375793457031e-03
7.081031799316406250e-04
1.470381766557693481e-02
2.103841304779052734e-02
1.591473817825317383e-02
2.419888973236083984e-03
1.375487446784973145e-02
6.252098083496093750e-02
2.615211904048919678e-02
9.681522846221923828e-03
9.590446949005126953e-03
1.320229470729827881e-02
1.281666755676269531e-02
2.553254365921020508e-02
1.162537932395935059e-02
2.647858858108520508e-02
2.496725320816040039e-02
2.292096614837646484e-03
1.679910719394683838e-02
2.068227529525756836e-02
1.559621095657348633e-02
5.099631845951080322e-03
8.357167243957519531e-03
2.267539501190185547e-03
6.404288113117218018e-03
2.151423692703247070e-02
8.337259292602539062e-03
2.624398469924926758e-02
6.697177886962890625e-03
1.522713899612426758e-02
4.918396472930908203e-03
2.150407433509826660e-02
4.610925912857055664e-02
1.312854886054992676e-02
6.047296524047851562e-02
1.143527030944824219e-02
2.891066670417785645e-02
1.150578260421752930e-02
1.531898975372314453e-02
1.673617959022521973e-02
3.321583569049835205e-02
2.199089527130126953e-02
1.606729626655578613e-02
1.713760197162628174e-03
9.595811367034912109e-03
2.983051538467407227e-02
2.781331539154052734e-03
2.059233188629150391e-02
1.708304882049560547e-02
1.727304235100746155e-02
2.387762069702148438e-04
1.595401763916015625e-02
5.136433988809585571e-03
1.297593116760253906e-04
4.751777648925781250e-02
3.723293542861938477e-03
7.797569036483764648e-03
1.780486106872558594e-02
1.179803907871246338e-02
2.123713493347167969e-03
8.887290954589843750e-03
8.403867483139038086e-03
1.238322257995605469e-02
2.630072832107543945e-02
2.265921235084533691e-02
1.732514798641204834e-02
3.649729490280151367e-02
2.777233719825744629e-02
2.663008868694305420e-02
2.466273307800292969e-02
1.236414909362792969e-02
2.421788871288299561e-03
7.673859596252441406e-03
2.680677175521850586e-02
7.672555744647979736e-03
3.125429153442382812e-03
1.650327444076538086e-02
1.051396876573562622e-02
6.146430969238281250e-04
3.520518541336059570e-02
1.645430922508239746e-02
1.504302024841308594e-03
2.104818820953369141e-02
8.693590760231018066e-03
1.327842473983764648e-02
4.106068611145019531e-02
1.873143017292022705e-02
3.041553497314453125e-02
2.984988689422607422e-02
3.334447741508483887e-02
6.975978612899780273e-03
2.311933040618896484e-02
5.350553989410400391e-02
6.882458925247192383e-03
5.994755029678344727e-02
1.383054256439208984e-02
6.158836185932159424e-03
1.982420682907104492e-02
3.557384014129638672e-03
1.955641992390155792e-02
3.257364034652709961e-02
2.275723218917846680e-02
5.824677646160125732e-03
1.092720031738281250e-02
4.355835914611816406e-02
3.037238121032714844e-02
5.542016029357910156e-02
3.288781642913818359e-02
1.094633340835571289e-02
3.698930144309997559e-02
2.562147378921508789e-02
4.110506176948547363e-02
1.448121666908264160e-02
2.239286899566650391e-03
4.235711693763732910e-02
2.626347541809082031e-02
2.044385671615600586e-02
1.207691431045532227e-02
1.834682375192642212e-02
3.383237123489379883e-02
9.148657321929931641e-03
9.745068848133087158e-03
1.722127199172973633e-02
1.750409603118896484e-03
3.715845197439193726e-02
2.265030145645141602e-02
2.726799249649047852e-02
5.424544215202331543e-04
1.892757415771484375e-02
1.085704565048217773e-02
1.541019976139068604e-02
4.401981830596923828e-03
3.085911273956298828e-03
2.114297449588775635e-02
2.420440316200256348e-02
6.122356653213500977e-02
1.767623424530029297e-02
3.926423192024230957e-02
9.097814559936523438e-03
4.219311475753784180e-02
2.150610089302062988e-03
2.754515409469604492e-02
3.623795509338378906e-02
3.112693130970001221e-02
1.620191335678100586e-02
3.567892313003540039e-02
2.285212278366088867e-03
3.035074472427368164e-02
1.236742734909057617e-02
8.840896189212799072e-03
5.586659908294677734e-02
4.489338397979736328e-02
2.474595606327056885e-02
1.969611644744873047e-02
1.127678155899047852e-02
2.130901813507080078e-02
3.206408023834228516e-02
1.237428188323974609e-02
6.968200206756591797e-03
1.809760928153991699e-02
3.714394569396972656e-02
4.711806774139404297e-02
8.557051420211791992e-03
8.468705415725708008e-02
4.553556442260742188e-03
2.023029327392578125e-02
1.024150848388671875e-02
2.757379412651062012e-02
1.755262911319732666e-02
5.614942312240600586e-02
1.261502504348754883e-02
9.037993848323822021e-03
1.232933998107910156e-02
1.359486579895019531e-02
3.520002216100692749e-02
4.507124423980712891e-03
1.978302001953125000e-02
3.004090301692485809e-02
2.839809656143188477e-02
3.801012039184570312e-02
4.542586579918861389e-02
1.073390245437622070e-02
1.547217369079589844e-03
4.468417167663574219e-02
2.578365802764892578e-02
3.560423851013183594e-03
2.200515568256378174e-02
3.513067960739135742e-02
3.066784143447875977e-02
4.301995038986206055e-03
1.853166520595550537e-02
3.041744232177734375e-03
2.346542477607727051e-02
7.837101817131042480e-03
2.771198749542236328e-02
1.380556821823120117e-02
1.284835860133171082e-02
6.569027900695800781e-04
9.437680244445800781e-03
5.196627229452133179e-03
3.160834312438964844e-03
6.615000963211059570e-02
1.526588201522827148e-02
1.160389184951782227e-02
1.891899108886718750e-02
9.888671338558197021e-03
6.000429391860961914e-03
1.456922292709350586e-02
2.774156630039215088e-02
5.860120058059692383e-03
1.282334327697753906e-03
2.122470736503601074e-02
4.499450325965881348e-02
3.109580278396606445e-02
3.424063324928283691e-02
1.001195609569549561e-02
1.063984632492065430e-02
2.317327260971069336e-02
2.110913395881652832e-02
2.604907751083374023e-02
4.284787178039550781e-02
5.121529102325439453e-03
3.412187099456787109e-02
4.696601629257202148e-02
7.431894540786743164e-03
2.259266376495361328e-02
9.510636329650878906e-03
1.109817996621131897e-02
4.436206817626953125e-02
3.322505950927734375e-02
1.412954181432723999e-02
3.080010414123535156e-02
1.453578472137451172e-02
9.822040796279907227e-03
3.121539950370788574e-02
2.590250968933105469e-02
2.958540618419647217e-02
2.652585506439208984e-03
1.626083850860595703e-01
4.665651619434356689e-01
6.208917945623397827e-01
1.612514853477478027e-01
4.188210368156433105e-01
5.364360511302947998e-01
5.440763533115386963e-01
4.094233214855194092e-01
1.130786538124084473e-01
5.569840222597122192e-01
4.438824504613876343e-01
1.157038360834121704e-01
5.025540590286254883e-01
4.864773750305175781e-01
5.371798574924468994e-02
3.307537734508514404e-01
5.772278457880020142e-01
6.794269382953643799e-02
2.558937668800354004e-02
2.984559535980224609e-02
6.105718165636062622e-01
4.156598448753356934e-01
1.182472705841064453e-02
4.742141067981719971e-01
5.059431195259094238e-01
7.539051771163940430e-02
4.944337606430053711e-01
5.150517821311950684e-01
2.536183595657348633e-02
3.480311036109924316e-01
5.395192801952362061e-01
5.074045956134796143e-01
3.702145516872406006e-01
3.089471161365509033e-02
5.561165362596511841e-01
3.558654636144638062e-01
2.467823028564453125e-02
4.055339694023132324e-01
5.178542733192443848e-01
3.774315118789672852e-02
3.405639231204986572e-01
4.638746529817581177e-01
9.829193353652954102e-03
6.955248117446899414e-02
8.927887678146362305e-02
5.812839567661285400e-01
4.228303432464599609e-01
1.917314529418945312e-02
5.020397305488586426e-01
4.604720771312713623e-01
8.052849769592285156e-02
3.550256192684173584e-01
5.642084777355194092e-01
2.317249774932861328e-03
3.934302926063537598e-01
4.329956471920013428e-01
4.128840863704681396e-01
3.907910287380218506e-01
9.869471192359924316e-03
4.667920619249343872e-01
4.227142184972763062e-01
1.423224806785583496e-02
3.970875144004821777e-01
3.534753918647766113e-01
5.296862125396728516e-02
2.735878229141235352e-01
4.289921671152114868e-01
3.128252923488616943e-02
7.779708504676818848e-02
2.058094143867492676e-01
5.140600204467773438e-01
4.259653687477111816e-01
2.267583608627319336e-01
4.001679420471191406e-01
4.973902106285095215e-01
6.351518630981445312e-02
4.483181238174438477e-01
4.479145705699920654e-01
1.500439643859863281e-01
3.526093065738677979e-01
4.098608195781707764e-01
3.822827637195587158e-01
3.760863840579986572e-01
8.191554248332977295e-02
4.255579859018325806e-01
3.027376979589462280e-01
1.236095875501632690e-01
3.309703469276428223e-01
3.855509757995605469e-01
7.002705335617065430e-02
2.561355531215667725e-01
2.828906327486038208e-01
1.252422481775283813e-01
9.618166089057922363e-02
2.970765829086303711e-01
4.851998090744018555e-01
4.029496312141418457e-01
1.896331310272216797e-01
4.535760879516601562e-01
3.962733745574951172e-01
4.442636966705322266e-01
1.210114359855651855e-01
1.170370876789093018e-01
2.725372910499572754e-01
8.798989653587341309e-02
2.064260244369506836e-01
2.702990770339965820e-01
4.772925376892089844e-02
3.117079026997089386e-01
1.891297101974487305e-01
1.091160178184509277e-01
2.920902296900749207e-01
1.625946760177612305e-01
2.489351928234100342e-01
2.141936644911766052e-01
1.419744193553924561e-01
3.299638628959655762e-01
2.299305424094200134e-01
5.199044942855834961e-02
3.305080533027648926e-01
1.261205375194549561e-01
9.945207834243774414e-02
3.779693245887756348e-01
1.211344152688980103e-01
7.884779572486877441e-02
3.410452604293823242e-01
4.013094305992126465e-02
1.273714751005172729e-01
3.306698799133300781e-01
5.315423011779785156e-03
2.579011097550392151e-01
2.814446091651916504e-01
1.000268161296844482e-01
2.665076926350593567e-01
2.304537892341613770e-01
1.618986129760742188e-01
2.401494085788726807e-01
1.732658147811889648e-01
3.048640489578247070e-01
2.450847439467906952e-01
1.914635598659515381e-01
2.601946592330932617e-01
1.971504688262939453e-01
3.886139392852783203e-02
2.781822085380554199e-01
1.084985136985778809e-01
3.527700901031494141e-02
2.213917374610900879e-01
1.130159497261047363e-01
4.587849974632263184e-02
2.762574553489685059e-01
6.182911992073059082e-02
8.847285807132720947e-02
2.267979383468627930e-01
2.898761630058288574e-02
1.340606361627578735e-01
2.493565082550048828e-01
1.683543920516967773e-01
2.054343335330486298e-01
1.771638989448547363e-01
1.243995428085327148e-01
1.941459327936172485e-01
9.143841266632080078e-02
1.707476973533630371e-01
1.701489426195621490e-01
1.155196428298950195e-01
2.081599831581115723e-01
1.221563890576362610e-01
2.828049659729003906e-02
1.801900267601013184e-01
1.293222904205322266e-01
8.721053600311279297e-03
1.362844109535217285e-01
1.097747683525085449e-02
2.518147230148315430e-02
1.821851134300231934e-01
2.245134115219116211e-02
5.890716612339019775e-02
1.192199587821960449e-01
1.294431090354919434e-02
7.701724767684936523e-02
1.493241190910339355e-01
1.166195571422576904e-01
1.092292144894599915e-01
1.318259239196777344e-01
9.635025262832641602e-02
8.354030549526214600e-02
6.356006860733032227e-02
8.765494823455810547e-02
1.173144802451133728e-01
8.881860971450805664e-02
1.023404598236083984e-01
6.311155110597610474e-02
4.663944244384765625e-03
7.765883207321166992e-02
6.628426909446716309e-02
2.146247029304504395e-02
9.919333457946777344e-02
6.153568625450134277e-02
6.983369588851928711e-03
1.048308610916137695e-01
1.751542091369628906e-03
1.736864447593688965e-02
6.976753473281860352e-02
1.578295230865478516e-02
3.711526095867156982e-02
7.960242033004760742e-02
4.842364788055419922e-02
4.030078649520874023e-03
8.108180761337280273e-02
2.986043691635131836e-02
3.676074743270874023e-02
1.045039296150207520e-01
1.983284950256347656e-03
2.953704446554183960e-02
1.064813137054443359e-02
6.980884075164794922e-02
2.219980955123901367e-02
8.705675601959228516e-03
9.310662746429443359e-03
6.845489144325256348e-03
1.668825745582580566e-02
9.157657623291015625e-03
3.812834620475769043e-02
1.399201154708862305e-02
6.381690502166748047e-03
9.990125894546508789e-03
2.486097812652587891e-02
2.551805973052978516e-02
2.722650766372680664e-03
9.787306189537048340e-03
1.519697904586791992e-02
1.895678043365478516e-02
6.061077117919921875e-03
2.124255895614624023e-02
2.338349819183349609e-03
4.603192210197448730e-03
6.479144096374511719e-03
1.979255676269531250e-02
2.983933687210083008e-02
2.692717313766479492e-02
3.990405797958374023e-02
1.593596488237380981e-02
3.547468781471252441e-02
1.021492481231689453e-02
2.444426715373992920e-02
3.265738487243652344e-03
3.655558824539184570e-02
3.402307629585266113e-02
6.745159626007080078e-04
6.680130958557128906e-03
4.502370953559875488e-02
1.981531083583831787e-02
2.807891368865966797e-02
2.617105841636657715e-02
9.242326021194458008e-03
1.533663272857666016e-02
2.418434619903564453e-02
7.820963859558105469e-03
2.239376306533813477e-02
4.038870334625244141e-02
6.681568920612335205e-03
3.412133455276489258e-02
2.732712030410766602e-02
7.642433047294616699e-04
2.501368522644042969e-03
1.789194345474243164e-02
2.685321122407913208e-02
2.941519021987915039e-03
4.711806774139404297e-03
2.892326563596725464e-02
3.951102495193481445e-03
3.873169422149658203e-03
1.732662320137023926e-03
1.834097504615783691e-02
1.321458816528320312e-02
1.680853962898254395e-02
2.085737884044647217e-02
1.531839370727539062e-02
3.081178665161132812e-02
1.154594123363494873e-03
4.209589958190917969e-02
3.595858812332153320e-02
1.848821341991424561e-02
1.989632844924926758e-02
4.215836524963378906e-03
2.858687937259674072e-02
2.757745981216430664e-02
1.949179172515869141e-02
7.685191929340362549e-03
2.723097801208496094e-03
3.864395618438720703e-02
1.827984303236007690e-02
3.335654735565185547e-03
1.602596044540405273e-02
3.689065575599670410e-03
1.341015100479125977e-02
9.445011615753173828e-03
1.471316814422607422e-02
3.920900821685791016e-02
4.684042930603027344e-02
1.622384786605834961e-02
3.672425448894500732e-02
5.336880683898925781e-03
7.404202222824096680e-02
1.332975924015045166e-03
3.316223621368408203e-02
1.724106073379516602e-02
9.440395981073379517e-03
2.483546733856201172e-03
1.680403947830200195e-02
4.002887755632400513e-03
6.809353828430175781e-03
7.119178771972656250e-04
8.872054517269134521e-03
2.310824394226074219e-02
3.098648786544799805e-02
2.098500728607177734e-03
2.959659695625305176e-02
3.703594207763671875e-03
8.013933897018432617e-03
3.413489460945129395e-02
7.365107536315917969e-03
3.053602576255798340e-02
2.872207760810852051e-02
3.402775526046752930e-02
3.297045826911926270e-02
3.744719922542572021e-02
1.584470272064208984e-03
3.630459308624267578e-03
5.044608563184738159e-02
4.315316677093505859e-02
3.851950168609619141e-03
1.562035456299781799e-02
9.070694446563720703e-03
1.740753650665283203e-03
6.154660135507583618e-03
5.661249160766601562e-02
1.984149217605590820e-02
5.251310765743255615e-03
2.677059173583984375e-02
1.098996400833129883e-02
2.738759666681289673e-02
2.342462539672851562e-05
4.700303077697753906e-02
4.413268715143203735e-02
1.755523681640625000e-02
2.118092775344848633e-02
1.881061494350433350e-02
5.445997416973114014e-02
3.283995389938354492e-02
2.415105700492858887e-02
2.174405753612518311e-02
2.751177549362182617e-02
2.207463979721069336e-02
1.290553063154220581e-02
9.027779102325439453e-03
3.416270017623901367e-02
6.822833418846130371e-02
2.661722898483276367e-02
1.119011640548706055e-02
3.067181259393692017e-02
1.521635055541992188e-02
9.161353111267089844e-03
1.521095633506774902e-03
1.784485578536987305e-02
3.556925058364868164e-02
1.914972066879272461e-02
1.632958650588989258e-03
4.775339365005493164e-02
3.428474068641662598e-03
9.149312973022460938e-06
1.990538835525512695e-02
1.153066754341125488e-03
4.490256309509277344e-03
8.543133735656738281e-03
2.224624156951904297e-03
1.068365573883056641e-02
1.408725976943969727e-02
1.271352171897888184e-02
3.322894871234893799e-02
2.762472629547119141e-02
2.512538433074951172e-02
1.764500141143798828e-02
1.475208997726440430e-02
8.668184280395507812e-03
8.274376392364501953e-03
2.003300189971923828e-02
6.016612052917480469e-03
1.067776232957839966e-03
4.803013801574707031e-02
2.364605665206909180e-02
1.981208473443984985e-02
2.750033140182495117e-02
2.544957399368286133e-02
3.135308623313903809e-03
6.179571151733398438e-03
4.166460037231445312e-02
1.568062603473663330e-02
3.082551062107086182e-02
9.776771068572998047e-03
1.665797829627990723e-02
5.570816993713378906e-02
2.966821193695068359e-03
7.010698318481445312e-04
2.794243395328521729e-03
7.098913192749023438e-04
3.990465402603149414e-02
2.213960140943527222e-02
4.316031932830810547e-03
1.558458805084228516e-02
4.166720807552337646e-02
2.563333511352539062e-02
5.304813385009765625e-06
8.176764845848083496e-02
1.959425210952758789e-02
3.285181522369384766e-02
1.333134621381759644e-02
