# {'window': 92, 'n_steps': 3, 'q': 0.012552037655762032, 'contam': 0.9249420395911625, 'thres': 0.4427423731304664}
1.096319407224655151e-02
1.033824682235717773e-02
1.135713234543800354e-02
3.167909383773803711e-02
2.808144316077232361e-02
5.373418331146240234e-03
9.838607162237167358e-03
1.818418502807617188e-03
3.862987458705902100e-02
1.685988903045654297e-02
2.769902348518371582e-04
2.643537521362304688e-02
5.128033459186553955e-02
2.844393253326416016e-03
2.490827441215515137e-02
2.417230606079101562e-02
3.969086706638336182e-02
3.702819347381591797e-02
1.807872951030731201e-02
2.994257211685180664e-02
2.273356914520263672e-02
6.621658802032470703e-03
4.283526539802551270e-02
7.769459486007690430e-02
1.900330185890197754e-02
3.414326906204223633e-02
5.345118045806884766e-02
4.108995199203491211e-02
2.289673686027526855e-02
2.322480082511901855e-02
3.110432624816894531e-02
1.278513669967651367e-02
3.317731618881225586e-02
2.973854541778564453e-03
1.165854930877685547e-02
1.733118295669555664e-02
1.484215259552001953e-02
2.977490425109863281e-03
5.451846122741699219e-02
1.307037472724914551e-02
3.758901357650756836e-02
1.877322793006896973e-02
2.714246511459350586e-02
2.765113115310668945e-02
4.526734352111816406e-03
2.047874033451080322e-03
3.985494375228881836e-02
1.605160534381866455e-03
3.007948398590087891e-03
1.348169893026351929e-02
4.949212074279785156e-02
4.014644771814346313e-03
1.840156316757202148e-02
5.164891481399536133e-03
8.802831172943115234e-03
5.935530364513397217e-02
1.588612794876098633e-02
1.103094965219497681e-02
1.999825239181518555e-02
4.669156670570373535e-02
6.779849529266357422e-03
4.280373454093933105e-03
4.737395048141479492e-02
1.104173064231872559e-02
6.479918956756591797e-03
4.824841022491455078e-02
1.363378763198852539e-02
6.795585155487060547e-03
8.114492893218994141e-02
6.478282809257507324e-02
1.200056076049804688e-02
4.669868946075439453e-02
3.754138946533203125e-02
2.259236574172973633e-02
5.873143672943115234e-03
8.620917797088623047e-03
1.196414232254028320e-02
5.419605970382690430e-02
2.952420711517333984e-02
5.938708782196044922e-03
4.934632778167724609e-02
8.092737197875976562e-02
2.772718667984008789e-03
3.755897283554077148e-02
2.561137080192565918e-02
3.121155500411987305e-02
4.267603158950805664e-02
2.753388881683349609e-02
1.651510596275329590e-03
9.420931339263916016e-03
2.473212778568267822e-02
3.178524971008300781e-02
3.446404635906219482e-02
1.272249221801757812e-02
2.728551626205444336e-03
5.311906337738037109e-03
1.080888509750366211e-02
4.941344261169433594e-03
1.417610794305801392e-03
6.373524665832519531e-03
3.289572894573211670e-03
8.531826734542846680e-02
4.979374445974826813e-02
6.098568439483642578e-03
1.452962309122085571e-02
6.553616821765899658e-01
2.873894572257995605e-02
5.118030309677124023e-02
6.483909785747528076e-01
6.475515216588973999e-01
1.498851180076599121e-01
5.993098020553588867e-02
4.357980787754058838e-01
6.373457238078117371e-01
1.637541651725769043e-01
2.883828878402709961e-01
1.471695005893707275e-01
6.080725863575935364e-01
1.882072687149047852e-01
3.578963875770568848e-01
1.029819548130035400e-01
4.233369231224060059e-01
3.445605039596557617e-01
2.666875123977661133e-01
3.782758116722106934e-01
1.534102261066436768e-01
2.399178743362426758e-01
2.887911796569824219e-01
5.331056639552116394e-01
8.326810598373413086e-02
2.370308637619018555e-01
2.265378832817077637e-01
7.052986435592174530e-01
2.780151367187500000e-01
2.405557036399841309e-01
8.922097086906433105e-02
6.414034292101860046e-01
5.348972380161285400e-01
4.178690910339355469e-02
1.312433183193206787e-02
5.294100940227508545e-01
6.401913464069366455e-01
5.612254142761230469e-02
1.035284474492073059e-01
5.126094818115234375e-01
7.902903407812118530e-01
2.147704362869262695e-01
1.117757782340049744e-01
2.187427878379821777e-01
7.362200915813446045e-01
3.948189616203308105e-01
1.541172191500663757e-01
1.030176877975463867e-02
5.914817452430725098e-01
4.480554759502410889e-01
1.020711511373519897e-01
1.583736538887023926e-01
4.607126116752624512e-01
5.415962934494018555e-01
1.665478944778442383e-02
3.778257369995117188e-01
2.556543946266174316e-01
5.558699518442153931e-01
8.292764425277709961e-03
4.383257925510406494e-01
9.554558992385864258e-02
4.456337988376617432e-01
1.782203316688537598e-01
3.671693801879882812e-01
2.759402990341186523e-01
2.912161052227020264e-01
2.215598821640014648e-01
3.578082919120788574e-01
4.311836808919906616e-01
1.466481983661651611e-01
3.247828483581542969e-01
2.936431765556335449e-01
5.742979720234870911e-01
3.892481327056884766e-04
3.814551234245300293e-01
8.425474166870117188e-02
5.393360406160354614e-01
2.183263301849365234e-01
2.318380475044250488e-01
3.778290748596191406e-02
4.994041323661804199e-01
4.280259907245635986e-01
1.800686120986938477e-01
1.864895373582839966e-01
4.238414019346237183e-01
4.195553064346313477e-01
1.519525647163391113e-01
3.633219227194786072e-01
1.500284671783447266e-01
5.175839364528656006e-01
7.162180542945861816e-02
4.159115701913833618e-01
1.090907752513885498e-01
4.198835492134094238e-01
8.660918474197387695e-02
4.001856893301010132e-01
2.515230178833007812e-01
3.475556969642639160e-01
2.424852401018142700e-01
3.378352969884872437e-01
4.258007407188415527e-01
2.909044623374938965e-01
3.211523294448852539e-01
2.801155596971511841e-01
3.376263976097106934e-01
3.388611823320388794e-01
2.379878163337707520e-01
1.802189350128173828e-01
1.763998270034790039e-01
8.683821558952331543e-02
1.258610486984252930e-01
9.511131048202514648e-02
2.720832824707031250e-03
6.570914387702941895e-02
6.908184289932250977e-02
1.785895228385925293e-02
1.869359612464904785e-02
5.939733982086181641e-02
9.751316905021667480e-02
2.064521908760070801e-01
1.543049812316894531e-01
1.888879537582397461e-01
2.058219909667968750e-01
2.565297782421112061e-01
2.015610337257385254e-01
2.701435387134552002e-01
2.123246788978576660e-01
2.444032430648803711e-01
2.122860401868820190e-01
2.531518340110778809e-01
2.916544079780578613e-01
3.795772492885589600e-01
3.483636230230331421e-01
3.046644926071166992e-01
2.529041245579719543e-01
2.987111210823059082e-01
2.830158174037933350e-01
3.536700606346130371e-01
3.493108153343200684e-01
3.413481712341308594e-01
2.234989702701568604e-01
2.927454113960266113e-01
2.286466732621192932e-01
2.546184062957763672e-01
2.783440798521041870e-01
1.292420029640197754e-01
1.018599048256874084e-01
1.973133683204650879e-01
2.112706899642944336e-01
2.528329491615295410e-01
2.168597280979156494e-01
1.565957069396972656e-01
9.603880345821380615e-02
7.271784543991088867e-02
4.346698522567749023e-02
9.632331132888793945e-02
3.828242421150207520e-02
1.087188720703125000e-02
8.162614703178405762e-02
5.736774206161499023e-02
1.536315679550170898e-02
5.683898925781250000e-02
1.414462924003601074e-02
4.179954528808593750e-02
1.477708816528320312e-01
1.183166503906250000e-01
1.056165099143981934e-01
1.037009358406066895e-01
1.075198054313659668e-01
1.256230473518371582e-01
1.396437287330627441e-01
1.131188273429870605e-01
6.998610496520996094e-02
4.499423503875732422e-02
1.150842905044555664e-01
1.217325031757354736e-01
1.310034394264221191e-01
9.745211899280548096e-02
1.139196157455444336e-01
7.019704580307006836e-02
1.112424135208129883e-01
9.914656728506088257e-02
1.200468540191650391e-01
6.940659880638122559e-02
8.870941400527954102e-02
9.383115917444229126e-02
7.591366767883300781e-02
1.129400730133056641e-02
6.437718868255615234e-02
6.276634708046913147e-02
4.305362701416015625e-03
1.003701239824295044e-02
1.002609729766845703e-02
1.922860741615295410e-02
3.681498765945434570e-02
2.618758380413055420e-02
1.987040042877197266e-02
2.225922048091888428e-02
5.941683053970336914e-02
2.136063575744628906e-02
2.715277671813964844e-02
5.361582338809967041e-02
2.036648988723754883e-02
1.052844524383544922e-02
2.282750606536865234e-02
1.762706041336059570e-02
9.101718664169311523e-02
6.824377179145812988e-02
4.550635814666748047e-03
3.749367594718933105e-02
1.213449239730834961e-02
2.564641833305358887e-02
2.421814203262329102e-02
4.439783096313476562e-02
1.327151060104370117e-02
3.182590007781982422e-03
6.613701581954956055e-03
6.333881616592407227e-02
4.264974594116210938e-02
3.142815828323364258e-02
1.899710297584533691e-02
6.582897901535034180e-02
2.726408839225769043e-02
2.600550651550292969e-03
7.331907749176025391e-02
5.659073591232299805e-02
1.346771419048309326e-02
1.038378477096557617e-02
5.499243736267089844e-03
1.232135295867919922e-02
8.800528943538665771e-03
2.519929409027099609e-02
2.077203989028930664e-02
1.702260971069335938e-02
5.087029188871383667e-03
1.518332958221435547e-02
2.426805347204208374e-02
2.162253856658935547e-02
9.598605334758758545e-03
5.653095245361328125e-02
4.471972584724426270e-03
7.726073265075683594e-03
6.634548306465148926e-02
1.890635490417480469e-02
2.594347298145294189e-02
2.918601036071777344e-02
1.502406597137451172e-02
1.767122745513916016e-02
2.299316227436065674e-02
2.528631687164306641e-02
2.907916903495788574e-02
7.803946733474731445e-02
3.913164138793945312e-02
3.003555536270141602e-02
7.185637950897216797e-04
8.080542087554931641e-03
1.231014728546142578e-02
4.346168041229248047e-02
1.805162429809570312e-02
8.734405040740966797e-03
3.330177068710327148e-02
4.176020622253417969e-03
9.685277938842773438e-03
2.194017171859741211e-02
6.782954931259155273e-02
2.070999145507812500e-02
5.456936359405517578e-02
3.318622708320617676e-02
8.525073528289794922e-03
3.026312589645385742e-02
2.141851186752319336e-02
3.017075359821319580e-02
4.843950271606445312e-02
6.916984915733337402e-03
1.503527164459228516e-03
1.690232753753662109e-02
1.205533742904663086e-02
2.683743834495544434e-03
3.329366445541381836e-02
2.511107176542282104e-02
5.338430404663085938e-03
1.774775609374046326e-02
3.954946994781494141e-03
3.812991455197334290e-02
2.631950378417968750e-02
1.158550381660461426e-02
6.787180900573730469e-04
2.279990911483764648e-02
1.200145483016967773e-02
6.634540855884552002e-03
3.634846210479736328e-02
1.192121207714080811e-02
3.077697753906250000e-02
1.496068388223648071e-02
1.139956712722778320e-02
2.427041530609130859e-03
4.145824909210205078e-02
1.239250600337982178e-02
1.059710979461669922e-03
1.605923473834991455e-02
1.794064044952392578e-02
7.166951894760131836e-03
7.439959049224853516e-02
2.224439382553100586e-02
2.467572689056396484e-03
5.608215928077697754e-02
6.334882974624633789e-02
1.402318477630615234e-03
4.723775386810302734e-02
1.598399877548217773e-02
1.363149285316467285e-02
2.640861272811889648e-02
1.222258806228637695e-02
1.226729154586791992e-02
4.964542388916015625e-02
2.380204200744628906e-02
2.901402115821838379e-02
1.538753509521484375e-02
6.255686283111572266e-03
3.405743837356567383e-02
1.098981499671936035e-02
1.015067100524902344e-04
7.655829191207885742e-03
4.181474447250366211e-02
2.696640789508819580e-02
1.680737733840942383e-02
4.436719417572021484e-02
2.321773767471313477e-02
4.130022227764129639e-02
1.277834177017211914e-02
2.846433967351913452e-02
1.729458570480346680e-02
5.595799535512924194e-02
1.213252544403076172e-03
4.631727933883666992e-03
4.803657531738281250e-02
3.524735569953918457e-03
7.349252700805664062e-05
5.796308815479278564e-02
3.227472305297851562e-03
2.596751600503921509e-02
5.328845977783203125e-02
1.168519258499145508e-02
2.558338642120361328e-02
3.041847050189971924e-02
6.835877895355224609e-03
1.737090945243835449e-02
2.262359857559204102e-02
3.986126184463500977e-02
1.374506950378417969e-02
3.164169192314147949e-02
3.430634737014770508e-02
3.005307912826538086e-02
4.728651046752929688e-02
2.913454174995422363e-02
3.741419315338134766e-02
7.964885234832763672e-02
3.469946980476379395e-02
3.465551137924194336e-02
4.683291912078857422e-02
5.854183435440063477e-02
1.993489265441894531e-02
2.188062667846679688e-02
3.077557682991027832e-02
2.276247739791870117e-02
1.476001739501953125e-02
2.456927299499511719e-02
1.093900203704833984e-02
3.724253177642822266e-02
3.189085423946380615e-02
5.663871765136718750e-03
6.112933158874511719e-03
2.660548686981201172e-02
1.303924620151519775e-02
3.796643018722534180e-02
3.056481480598449707e-03
2.842247486114501953e-03
3.404821455478668213e-02
1.484674215316772461e-02
2.155855298042297363e-02
7.526803016662597656e-02
3.515695407986640930e-02
6.659924983978271484e-03
1.460328698158264160e-03
3.452700376510620117e-02
1.838264614343643188e-02
2.822262048721313477e-02
9.799018502235412598e-03
3.487437963485717773e-02
2.634741365909576416e-02
5.639225244522094727e-02
2.692858874797821045e-02
3.334605693817138672e-02
2.323698997497558594e-02
4.021102190017700195e-02
6.169936060905456543e-02
5.601531267166137695e-02
3.113746643066406250e-04
3.751796483993530273e-02
4.425311088562011719e-02
8.584856986999511719e-04
3.417792916297912598e-02
1.429033279418945312e-02
2.527832984924316406e-03
3.686010837554931641e-03
2.367681264877319336e-02
9.118914604187011719e-03
2.233016490936279297e-02
2.611777186393737793e-02
3.313171863555908203e-02
4.597190022468566895e-02
7.017922401428222656e-02
1.041215658187866211e-02
3.763681650161743164e-02
1.579791307449340820e-03
2.436053752899169922e-02
5.653142929077148438e-03
2.729481458663940430e-02
2.085351943969726562e-02
3.638309240341186523e-02
2.011565864086151123e-02
2.848803997039794922e-03
1.352038234472274780e-02
1.549434661865234375e-02
2.119056880474090576e-02
3.791630268096923828e-02
5.983054637908935547e-03
2.651154994964599609e-03
3.159194439649581909e-02
1.927977800369262695e-02
1.048565283417701721e-02
4.312855005264282227e-02
3.463111817836761475e-03
2.112692594528198242e-02
1.731085777282714844e-02
1.016634702682495117e-02
1.864559948444366455e-02
7.862877845764160156e-02
3.121787309646606445e-02
6.217300891876220703e-03
4.248052835464477539e-03
3.695154190063476562e-02
1.263988018035888672e-02
6.575405597686767578e-03
4.744857549667358398e-02
5.083155632019042969e-02
7.901161909103393555e-03
5.550432205200195312e-02
9.720653295516967773e-03
5.696207284927368164e-02
6.630778312683105469e-02
1.375561952590942383e-02
4.243245720863342285e-02
3.580385446548461914e-02
2.525085210800170898e-02
2.006065845489501953e-02
3.257811069488525391e-02
7.770538330078125000e-03
2.460354566574096680e-02
5.856883525848388672e-02
3.132593631744384766e-02
3.959544003009796143e-02
1.397639513015747070e-02
1.861764490604400635e-02
5.299407243728637695e-02
5.284176766872406006e-02
1.560044288635253906e-02
2.023842930793762207e-02
4.991888999938964844e-03
2.403713017702102661e-02
1.323807239532470703e-02
6.544739007949829102e-04
2.163773775100708008e-02
1.716680824756622314e-02
2.461767196655273438e-02
7.326267659664154053e-04
3.689581155776977539e-02
1.699860394001007080e-02
8.737921714782714844e-03
1.702330261468887329e-02
4.681903123855590820e-02
9.035259485244750977e-03
8.715945482254028320e-02
1.946964859962463379e-02
7.776319980621337891e-03
2.828231453895568848e-02
3.032231330871582031e-02
3.919783234596252441e-02
4.344111680984497070e-02
1.379062235355377197e-02
5.510449409484863281e-04
7.128700613975524902e-03
7.740795612335205078e-03
2.919775247573852539e-02
3.873300552368164062e-02
2.485263347625732422e-02
1.703393459320068359e-02
1.876875758171081543e-02
2.385640144348144531e-02
8.216589689254760742e-03
3.896307945251464844e-02
4.067078232765197754e-02
4.044160246849060059e-02
2.553129196166992188e-02
5.267772078514099121e-02
1.030606031417846680e-02
4.165574908256530762e-02
1.948392391204833984e-02
1.449820399284362793e-02
5.997192859649658203e-02
3.793288767337799072e-02
5.041658878326416016e-03
4.670441150665283203e-03
3.488683700561523438e-02
2.599960565567016602e-02
4.418551921844482422e-02
7.178574800491333008e-03
1.437538862228393555e-02
3.307335078716278076e-03
4.339814186096191406e-04
1.598887145519256592e-02
2.624088525772094727e-02
2.280029654502868652e-02
2.405226230621337891e-02
4.281101375818252563e-02
5.545377731323242188e-02
5.228206515312194824e-03
3.727638721466064453e-02
1.620368659496307373e-02
1.182359457015991211e-02
2.999792248010635376e-02
3.858476877212524414e-02
4.533741995692253113e-02
3.555512428283691406e-02
2.160818874835968018e-02
1.624464988708496094e-03
4.101300239562988281e-02
1.255184412002563477e-02
3.582587838172912598e-02
3.386861085891723633e-02
8.463829755783081055e-03
4.329174757003784180e-02
1.619759202003479004e-02
4.715907573699951172e-02
2.638357877731323242e-02
6.638938188552856445e-02
2.904918789863586426e-02
2.529549598693847656e-02
4.927173256874084473e-02
2.600389719009399414e-02
2.247822284698486328e-02
1.852035522460937500e-02
2.304279804229736328e-02
1.475861668586730957e-02
5.173516273498535156e-02
9.437501430511474609e-04
2.212327718734741211e-02
4.069563746452331543e-02
3.433609008789062500e-02
1.561258733272552490e-02
7.769823074340820312e-03
1.096941530704498291e-02
1.498371362686157227e-02
2.998545765876770020e-03
2.622020244598388672e-02
1.097597181797027588e-02
2.939885854721069336e-02
1.097889989614486694e-02
6.494522094726562500e-04
2.499590814113616943e-02
1.723772287368774414e-02
4.120206087827682495e-02
1.022678613662719727e-02
3.392249345779418945e-03
5.335509777069091797e-03
2.675118297338485718e-02
1.585650444030761719e-02
1.095553487539291382e-02
4.838687181472778320e-02
2.830998599529266357e-02
3.697127103805541992e-02
8.000984787940979004e-03
3.395229578018188477e-02
5.219787359237670898e-03
1.361399888992309570e-02
2.701745927333831787e-02
1.844471693038940430e-02
4.171219468116760254e-02
3.637617826461791992e-02
1.235669851303100586e-02
3.891003131866455078e-02
7.018539309501647949e-02
1.853704452514648438e-03
6.546404957771301270e-02
7.660865783691406250e-03
8.428782224655151367e-03
2.321928739547729492e-02
1.323205232620239258e-02
3.193318843841552734e-04
3.448683023452758789e-02
1.453727483749389648e-03
8.853137493133544922e-03
2.779588103294372559e-02
4.547315835952758789e-02
1.557263731956481934e-02
3.680598735809326172e-02
4.047977924346923828e-02
9.928643703460693359e-03
6.322118639945983887e-02
3.958576917648315430e-02
2.376288175582885742e-02
5.599170923233032227e-02
1.137603819370269775e-02
1.426392793655395508e-02
5.442474782466888428e-02
2.824002504348754883e-02
3.197695314884185791e-02
3.625923395156860352e-02
1.065114140510559082e-02
2.553045749664306641e-03
2.031706273555755615e-02
1.193481683731079102e-02
3.460157662630081177e-03
2.255815267562866211e-02
4.842296987771987915e-02
2.893668413162231445e-02
4.000648856163024902e-02
3.915607929229736328e-02
4.648796841502189636e-02
3.515642881393432617e-02
1.096501946449279785e-03
4.872381687164306641e-03
3.231456875801086426e-02
1.527166366577148438e-02
4.489794373512268066e-03
8.113086223602294922e-02
2.943423390388488770e-02
1.418620347976684570e-02
2.498102188110351562e-02
3.136181831359863281e-02
2.313134074211120605e-02
3.567159175872802734e-02
7.996800541877746582e-02
2.005934715270996094e-03
7.030728459358215332e-02
5.608770251274108887e-02
1.327121257781982422e-02
2.139100432395935059e-02
2.137583494186401367e-02
1.083433628082275391e-03
5.896759033203125000e-02
4.487732052803039551e-02
1.446926593780517578e-02
2.471169829368591309e-02
7.849514484405517578e-03
7.023155689239501953e-03
5.782246589660644531e-04
4.647642374038696289e-03
3.220635652542114258e-02
3.061258792877197266e-02
9.726166725158691406e-03
2.058044075965881348e-03
8.738040924072265625e-05
1.602970808744430542e-02
2.724945545196533203e-03
1.012921333312988281e-03
1.709502935409545898e-02
7.074777036905288696e-03
4.904872179031372070e-02
3.286403045058250427e-02
4.016995429992675781e-02
2.658814936876296997e-02
6.262600421905517578e-03
1.566667109727859497e-02
3.513932228088378906e-03
4.875801503658294678e-03
4.543519020080566406e-02
2.225717902183532715e-02
2.262926101684570312e-02
1.039347052574157715e-02
1.446855068206787109e-02
1.145035028457641602e-03
6.558835506439208984e-03
2.118268609046936035e-02
2.135127782821655273e-02
1.903411746025085449e-02
4.974812269210815430e-02
4.241162538528442383e-02
1.227086782455444336e-02
1.213014125823974609e-03
3.679031133651733398e-02
1.195222139358520508e-03
6.177112460136413574e-02
3.939184546470642090e-02
1.144260168075561523e-03
3.871947526931762695e-02
2.503395080566406250e-06
3.972768783569335938e-03
2.961605787277221680e-03
1.163524389266967773e-02
3.660425543785095215e-02
1.787745952606201172e-02
2.631850540637969971e-02
3.966033458709716797e-03
1.763892173767089844e-02
3.514724969863891602e-02
1.890705525875091553e-02
5.218267440795898438e-02
1.871676743030548096e-02
8.702099323272705078e-03
9.477712213993072510e-03
2.843081951141357422e-02
1.581548899412155151e-02
2.591347694396972656e-02
4.698611795902252197e-03
3.035902976989746094e-03
3.748030960559844971e-02
1.285076141357421875e-04
2.775096148252487183e-02
1.869368553161621094e-02
5.946621298789978027e-03
1.394820213317871094e-02
1.580794900655746460e-02
6.060361862182617188e-03
5.084499716758728027e-03
2.676159143447875977e-02
1.255770027637481689e-02
4.237008094787597656e-02
4.615250229835510254e-02
1.929831504821777344e-02
6.830096244812011719e-04
8.391189575195312500e-02
5.511227250099182129e-02
1.472324132919311523e-02
2.655884623527526855e-02
3.988713026046752930e-02
1.318278908729553223e-02
7.018065452575683594e-02
1.311466097831726074e-02
4.178434610366821289e-02
5.156677961349487305e-02
1.523602008819580078e-02
9.662389755249023438e-03
3.193691372871398926e-02
4.405969381332397461e-02
7.346600294113159180e-03
3.590649366378784180e-02
1.767516136169433594e-03
1.664757728576660156e-04
1.547852158546447754e-02
2.011406421661376953e-02
1.130300760269165039e-02
6.167989969253540039e-02
6.455302238464355469e-03
1.681691408157348633e-02
4.217475652694702148e-03
7.904946804046630859e-03
1.708999276161193848e-03
4.519188404083251953e-02
2.617691457271575928e-02
2.974218130111694336e-02
6.140055507421493530e-02
4.300099611282348633e-02
1.016136258840560913e-02
4.547607898712158203e-02
2.106508612632751465e-02
2.339363098144531250e-03
4.104167222976684570e-03
1.531219482421875000e-02
1.609237119555473328e-02
4.741322994232177734e-02
1.616474241018295288e-02
4.545867443084716797e-03
1.464609056711196899e-02
3.343260288238525391e-02
5.154095590114593506e-02
3.322184085845947266e-02
1.883357763290405273e-02
2.183508872985839844e-02
4.289121925830841064e-02
2.850365638732910156e-02
2.850878238677978516e-02
2.334570884704589844e-02
1.632091403007507324e-02
2.360647916793823242e-02
8.002728223800659180e-03
2.569991350173950195e-02
7.035136222839355469e-04
7.526719570159912109e-02
3.092476725578308105e-02
2.196118235588073730e-02
8.118569850921630859e-03
7.262146472930908203e-02
1.211071014404296875e-02
5.696102976799011230e-02
1.047259569168090820e-02
3.023126721382141113e-02
6.192088127136230469e-02
2.768319845199584961e-02
2.801847457885742188e-02
2.634365856647491455e-02
4.190742969512939453e-03
2.350464463233947754e-03
1.960283517837524414e-02
1.121182739734649658e-02
2.213710546493530273e-02
3.645841777324676514e-02
8.595347404479980469e-03
9.774722158908843994e-03
8.857786655426025391e-03
1.396311819553375244e-02
1.426112651824951172e-02
1.875793933868408203e-02
1.738452911376953125e-02
1.898553967475891113e-02
7.062160968780517578e-02
2.254195511341094971e-03
3.139901161193847656e-02
3.145024180412292480e-02
3.169405460357666016e-02
1.313909888267517090e-03
7.499516010284423828e-03
3.942461311817169189e-02
1.938819885253906250e-03
2.479538321495056152e-03
3.812271356582641602e-02
4.437454044818878174e-02
4.870951175689697266e-02
6.017620861530303955e-02
8.087754249572753906e-04
4.217025637626647949e-02
1.896423101425170898e-02
2.205395698547363281e-02
6.629598140716552734e-02
4.642748832702636719e-02
3.213495016098022461e-02
1.376032829284667969e-03
6.059688329696655273e-02
1.357567310333251953e-02
2.692165970802307129e-02
5.777299404144287109e-03
2.063363790512084961e-02
3.786569833755493164e-02
6.142190098762512207e-02
2.851068973541259766e-02
2.665966749191284180e-02
2.228534221649169922e-02
2.125577628612518311e-02
4.338598251342773438e-02
5.163103342056274414e-04
3.316903114318847656e-02
2.482989430427551270e-02
5.218756198883056641e-02
4.955962300300598145e-03
6.476283073425292969e-03
4.230588674545288086e-03
6.974875926971435547e-03
6.291521340608596802e-02
9.655237197875976562e-03
7.867675274610519409e-03
4.155546426773071289e-02
4.726286232471466064e-02
3.980398178100585938e-04
2.272326499223709106e-03
1.177418231964111328e-02
8.503369987010955811e-03
3.211826086044311523e-02
1.850589364767074585e-02
6.326377391815185547e-03
3.928489983081817627e-02
1.730561256408691406e-03
4.031851887702941895e-03
4.034352302551269531e-02
5.369171500205993652e-02
1.380258798599243164e-02
3.161694109439849854e-02
2.523028850555419922e-02
8.818536996841430664e-03
5.961495637893676758e-02
3.106534481048583984e-02
2.285659313201904297e-02
4.463285207748413086e-02
2.266812324523925781e-02
1.431962847709655762e-02
4.707813262939453125e-03
1.781967282295227051e-02
6.321072578430175781e-03
3.281992673873901367e-02
8.411517739295959473e-02
5.045056343078613281e-03
2.473691105842590332e-02
4.714685678482055664e-02
4.391443729400634766e-02
6.873506307601928711e-02
4.435098171234130859e-02
2.777987718582153320e-02
4.161478579044342041e-02
7.562875747680664062e-03
3.793299198150634766e-03
3.137546777725219727e-02
1.248912513256072998e-02
2.679699659347534180e-02
6.760334968566894531e-02
6.072163581848144531e-03
7.021379470825195312e-02
1.006919145584106445e-02
3.350308537483215332e-02
3.129506111145019531e-02
2.462254464626312256e-02
3.080964088439941406e-04
6.683878600597381592e-03
6.329154968261718750e-02
1.150459051132202148e-02
3.393810987472534180e-02
1.901329681277275085e-02
6.131839752197265625e-02
1.634848862886428833e-02
5.469226837158203125e-02
2.027311921119689941e-02
1.646667718887329102e-02
1.654002070426940918e-02
9.762704372406005859e-03
1.937136054039001465e-03
3.206712007522583008e-02
6.807793676853179932e-02
5.315887928009033203e-02
2.004268765449523926e-02
3.935384750366210938e-02
1.364007592201232910e-02
6.125843524932861328e-02
7.658481597900390625e-02
6.233632564544677734e-03
2.481821179389953613e-02
5.806294083595275879e-02
7.951319217681884766e-03
3.679838776588439941e-02
3.024536371231079102e-02
4.068642854690551758e-03
2.698272466659545898e-02
3.268656134605407715e-02
2.490848302841186523e-02
5.315449833869934082e-02
1.495105028152465820e-02
9.342566132545471191e-03
1.331812143325805664e-02
3.161749243736267090e-02
1.890879869461059570e-02
4.336023330688476562e-02
2.296173572540283203e-02
1.403548568487167358e-02
3.531503677368164062e-02
1.341249048709869385e-02
3.480350971221923828e-02
6.394736468791961670e-03
6.268322467803955078e-03
3.179121762514114380e-02
3.694981336593627930e-02
3.822598978877067566e-02
2.980995178222656250e-02
3.201266378164291382e-02
2.453213930130004883e-02
4.914686083793640137e-03
1.787722110748291016e-02
2.316540479660034180e-02
4.480779170989990234e-02
4.593667387962341309e-02
3.693974018096923828e-02
2.073034644126892090e-03
5.975556373596191406e-02
2.131311595439910889e-02
6.622081995010375977e-02
2.047634124755859375e-02
1.076555252075195312e-02
6.966680288314819336e-03
5.425506830215454102e-02
3.293302655220031738e-02
4.054665565490722656e-02
1.775255799293518066e-02
4.925829172134399414e-02
1.894426345825195312e-02
8.677959442138671875e-03
3.356742858886718750e-02
1.968896389007568359e-02
7.238119840621948242e-02
1.240113377571105957e-02
5.948126316070556641e-03
5.208611488342285156e-03
4.076540470123291016e-02
3.031897544860839844e-02
9.331202507019042969e-02
5.297033488750457764e-02
1.143068075180053711e-02
2.255146205425262451e-02
3.136038780212402344e-02
4.636509716510772705e-02
6.254208087921142578e-02
2.352744340896606445e-03
3.845220804214477539e-02
5.112156271934509277e-03
8.420526981353759766e-03
1.321435719728469849e-02
5.473381280899047852e-02
2.010443806648254395e-02
2.290469408035278320e-02
6.267800927162170410e-05
2.296566963195800781e-03
7.998421788215637207e-03
8.895814418792724609e-03
3.872431069612503052e-02
5.684834718704223633e-02
5.520744621753692627e-02
1.140832901000976562e-02
2.205677330493927002e-03
3.777015209197998047e-02
1.013278961181640625e-02
6.826877593994140625e-03
2.194853127002716064e-02
1.067817211151123047e-02
7.734417915344238281e-03
9.446620941162109375e-03
2.082827687263488770e-02
2.077609300613403320e-02
1.269674301147460938e-02
1.162219047546386719e-02
2.084413170814514160e-02
3.462243080139160156e-02
5.878716707229614258e-03
8.106529712677001953e-03
2.024415135383605957e-02
5.373907089233398438e-02
3.344491124153137207e-02
2.278050780296325684e-02
2.551394701004028320e-02
3.722646832466125488e-02
1.069962978363037109e-02
3.005814552307128906e-02
3.349977731704711914e-02
8.672368526458740234e-02
3.616929054260253906e-02
4.899471998214721680e-03
2.117836475372314453e-02
4.923924803733825684e-03
1.845598220825195312e-03
3.053021430969238281e-02
1.310622692108154297e-02
6.687663495540618896e-03
1.058149337768554688e-02
1.869946718215942383e-02
4.834371805191040039e-02
3.821659088134765625e-02
5.805432796478271484e-03
2.372176200151443481e-02
2.332466840744018555e-02
2.924784272909164429e-02
4.058778285980224609e-02
2.892295271158218384e-02
2.844434976577758789e-02
8.721366524696350098e-03
7.566130161285400391e-02
2.563241124153137207e-02
1.289767026901245117e-02
1.217264682054519653e-02
1.409941911697387695e-02
2.848701179027557373e-02
3.464758396148681641e-02
4.100896418094635010e-02
1.169151067733764648e-02
3.461666405200958252e-02
5.376464128494262695e-02
1.509442925453186035e-02
5.481386184692382812e-02
7.395529747009277344e-02
3.439456224441528320e-02
2.943226695060729980e-02
5.348378419876098633e-02
4.690137505531311035e-02
7.226902246475219727e-02
4.127737879753112793e-02
1.809930801391601562e-02
1.182270050048828125e-02
3.917321562767028809e-02
7.528066635131835938e-04
4.243883490562438965e-02
4.342871904373168945e-02
1.405832171440124512e-02
6.595975160598754883e-02
3.738456964492797852e-02
4.107284545898437500e-02
8.282440900802612305e-02
1.286590099334716797e-02
9.452462196350097656e-03
7.002675533294677734e-02
1.118689775466918945e-02
6.632685661315917969e-03
5.293548107147216797e-03
9.431421756744384766e-03
6.375111639499664307e-03
2.194964885711669922e-02
1.002326607704162598e-02
5.941689014434814453e-03
3.653388470411300659e-03
3.274869918823242188e-02
3.383299335837364197e-02
4.310953617095947266e-02
2.776021882891654968e-02
2.029037475585937500e-02
4.095308482646942139e-03
2.194058895111083984e-02
2.265125513076782227e-04
5.097550153732299805e-02
5.883751809597015381e-02
1.488739252090454102e-02
2.035498619079589844e-05
2.837777137756347656e-02
5.288153886795043945e-03
5.246490240097045898e-02
1.315285265445709229e-02
5.273002386093139648e-02
4.797768592834472656e-02
4.047685861587524414e-02
1.371449232101440430e-02
2.233445644378662109e-03
2.837634086608886719e-02
1.060366630554199219e-03
2.946677803993225098e-02
3.088068962097167969e-02
1.665067672729492188e-02
2.882277965545654297e-02
4.430091381072998047e-02
6.788045167922973633e-03
1.900386810302734375e-02
6.188306212425231934e-02
2.048015594482421875e-02
5.125790834426879883e-02
9.177505970001220703e-03
5.556315183639526367e-03
4.931682348251342773e-02
1.298420131206512451e-02
7.902860641479492188e-03
3.049050271511077881e-02
2.539253234863281250e-02
1.106029748916625977e-02
4.370170831680297852e-02
3.151655197143554688e-02
5.831718444824218750e-04
1.754839345812797546e-02
3.214180469512939453e-03
4.869081079959869385e-03
2.186918258666992188e-02
1.566419005393981934e-02
1.915723085403442383e-02
1.060006767511367798e-02
9.324550628662109375e-03
1.584552973508834839e-02
1.411125659942626953e-01
7.447819411754608154e-01
7.052627205848693848e-01
1.133583486080169678e-01
5.258560180664062500e-03
5.265208184719085693e-01
7.115968391299247742e-01
1.629771888256072998e-01
2.015264034271240234e-01
2.926511168479919434e-01
6.762242093682289124e-01
1.611864566802978516e-01
3.646449446678161621e-01
2.242866158485412598e-02
4.929922893643379211e-01
3.312686681747436523e-01
2.913779020309448242e-01
2.694551497697830200e-01
2.293021380901336670e-01
2.934676408767700195e-01
3.351059257984161377e-01
4.866151884198188782e-01
5.628031492233276367e-02
2.582010030746459961e-01
2.534118294715881348e-01
6.297530606389045715e-01
1.364204883575439453e-01
2.630313038825988770e-01
1.114401519298553467e-01
6.758578717708587646e-01
4.104961156845092773e-01
1.025951504707336426e-01
8.925765752792358398e-03
5.549823194742202759e-01
5.850660502910614014e-01
1.719546318054199219e-02
4.136285930871963501e-02
5.790567994117736816e-01
7.215614318847656250e-01
1.825901269912719727e-01
1.207866296172142029e-01
3.345536887645721436e-01
7.477773725986480713e-01
3.348416984081268311e-01
1.663936004042625427e-01
9.564471244812011719e-02
6.009396910667419434e-01
4.029208421707153320e-01
1.068886965513229370e-01
6.339657306671142578e-02
5.159448683261871338e-01
4.749345332384109497e-01
6.947422027587890625e-02
2.584739923477172852e-01
3.019388914108276367e-01
5.657697170972824097e-01
3.650477528572082520e-02
3.986578583717346191e-01
4.583853483200073242e-02
4.269373416900634766e-01
1.674535572528839111e-01
3.932527303695678711e-01
1.530898213386535645e-01
3.594410791993141174e-01
1.800312399864196777e-01
4.681226313114166260e-01
3.986517488956451416e-01
2.631150186061859131e-01
2.625508308410644531e-01
3.525737524032592773e-01
5.500332340598106384e-01
6.071555614471435547e-02
3.931456804275512695e-01
1.255497336387634277e-01
5.325669273734092712e-01
2.175196707248687744e-01
2.436015605926513672e-01
8.331835269927978516e-03
5.398899130523204803e-01
3.622560799121856689e-01
1.958274841308593750e-01
1.247552186250686646e-01
5.209059566259384155e-01
4.045277833938598633e-01
2.606917023658752441e-01
3.062296062707901001e-01
2.023741304874420166e-01
4.916162192821502686e-01
5.462545156478881836e-02
3.757077381014823914e-01
4.665431380271911621e-02
4.397240877151489258e-01
3.322902321815490723e-02
4.334496445953845978e-01
1.488861739635467529e-01
3.885243833065032959e-01
2.129741311073303223e-01
3.732133805751800537e-01
2.629697918891906738e-01
3.638322949409484863e-01
3.814817070960998535e-01
3.405009955167770386e-01
4.091695845127105713e-01
3.436242341995239258e-01
3.684797286987304688e-01
2.422568947076797485e-01
2.183321714401245117e-01
1.666198968887329102e-01
1.858360767364501953e-01
1.202197074890136719e-01
9.270304441452026367e-02
1.563495397567749023e-02
1.860922574996948242e-02
1.115730404853820801e-02
7.565420866012573242e-02
2.346029877662658691e-02
3.244483470916748047e-02
1.206946671009063721e-01
1.173582077026367188e-01
1.571680903434753418e-01
1.556707918643951416e-01
1.960729062557220459e-01
1.476431787014007568e-01
2.485411763191223145e-01
2.352234125137329102e-01
2.077383100986480713e-01
1.951677501201629639e-01
2.383026480674743652e-01
2.780450284481048584e-01
3.985725343227386475e-01
2.783533483743667603e-01
2.975693941116333008e-01
2.486800029873847961e-01
2.849313020706176758e-01
2.520847171545028687e-01
3.289974927902221680e-01
3.420671820640563965e-01
3.364830613136291504e-01
2.138718739151954651e-01
3.012399077415466309e-01
2.851252295076847076e-01
2.509958148002624512e-01
2.716716155409812927e-01
1.717478632926940918e-01
1.695997305214405060e-01
2.264365553855895996e-01
1.781278178095817566e-01
2.854224443435668945e-01
2.401186451315879822e-01
1.889116764068603516e-01
8.463194966316223145e-02
1.354751586914062500e-01
9.160532057285308838e-02
9.120726585388183594e-02
4.425542056560516357e-02
4.827380180358886719e-03
4.083383083343505859e-02
5.966603755950927734e-03
1.637852191925048828e-02
6.258583068847656250e-02
2.197295427322387695e-02
3.936219215393066406e-02
7.421851158142089844e-02
5.625623464584350586e-02
1.241219043731689453e-01
3.285413980484008789e-02
1.166785657405853271e-01
7.544413208961486816e-02
1.336575448513031006e-01
1.498703062534332275e-01
8.926326036453247070e-02
4.455351829528808594e-02
9.765213727951049805e-02
8.805468678474426270e-02
1.620550751686096191e-01
1.091208159923553467e-01
1.384397745132446289e-01
5.918201804161071777e-02
1.083306670188903809e-01
9.932321310043334961e-02
1.109730601310729980e-01
3.070627152919769287e-02
1.113243103027343750e-01
8.056847006082534790e-02
7.277148962020874023e-02
9.456120431423187256e-03
1.117422580718994141e-01
3.733690828084945679e-02
5.062270164489746094e-02
3.897450119256973267e-02
2.346193790435791016e-02
1.427475363016128540e-02
3.091156482696533203e-02
1.589310169219970703e-02
3.187698125839233398e-02
1.263848841190338135e-01
1.308131217956542969e-02
6.011337637901306152e-01
7.165951579809188843e-01
1.850329637527465820e-01
2.283006906509399414e-01
3.790315687656402588e-01
7.321450747549533844e-01
1.849043667316436768e-01
3.449851870536804199e-01
4.302293062210083008e-03
5.191908851265907288e-01
3.261004090309143066e-01
3.167590498924255371e-01
2.435121685266494751e-01
3.093077391386032104e-01
2.499359250068664551e-01
2.693914175033569336e-01
4.391577541828155518e-01
8.260712027549743652e-02
2.981520295143127441e-01
2.610862851142883301e-01
6.141129955649375916e-01
1.945085525512695312e-01
2.698883414268493652e-01
1.209256649017333984e-01
6.958154216408729553e-01
4.069906473159790039e-01
6.115573644638061523e-02
6.536880135536193848e-02
6.051313132047653198e-01
6.246360987424850464e-01
1.404315233230590820e-02
1.216508448123931885e-02
6.171621978282928467e-01
7.824043929576873779e-01
1.390093564987182617e-01
8.180525898933410645e-02
3.781339228153228760e-01
7.807816267013549805e-01
3.432820439338684082e-01
6.033080816268920898e-02
1.669219732284545898e-01
6.707307696342468262e-01
4.428490400314331055e-01
1.015500873327255249e-01
1.673620939254760742e-02
5.881817340850830078e-01
5.247011035680770874e-01
4.641401767730712891e-02
2.370118498802185059e-01
3.889126777648925781e-01
6.093724593520164490e-01
1.982045173645019531e-02
3.709381222724914551e-01
1.004227101802825928e-01
5.087169110774993896e-01
1.595939695835113525e-01
3.208622932434082031e-01
1.141625046730041504e-01
3.601194918155670166e-01
1.574198007583618164e-01
3.875012993812561035e-01
3.579916656017303467e-01
2.299780845642089844e-01
2.684913277626037598e-01
3.300187885761260986e-01
4.628969132900238037e-01
7.969933748245239258e-02
3.930640220642089844e-01
1.242741346359252930e-01
5.471778288483619690e-01
1.617588400840759277e-01
2.551296353340148926e-01
4.734942317008972168e-02
5.124747380614280701e-01
3.121948540210723877e-01
2.680875062942504883e-01
6.168767809867858887e-02
5.278498977422714233e-01
4.117923080921173096e-01
1.511623859405517578e-01
2.865608185529708862e-01
2.881560325622558594e-01
5.037615299224853516e-01
9.916424751281738281e-03
3.487132787704467773e-01
6.451153755187988281e-02
4.883534908294677734e-01
3.563901782035827637e-02
3.836996182799339294e-01
1.053740978240966797e-01
3.978438973426818848e-01
1.797075569629669189e-01
3.628708720207214355e-01
2.460095286369323730e-01
3.733020424842834473e-01
3.760120123624801636e-01
2.382012009620666504e-01
4.266947507858276367e-01
4.206931293010711670e-01
3.356009721755981445e-01
2.990056425333023071e-01
2.333043217658996582e-01
1.924797594547271729e-01
2.384631037712097168e-01
1.747930049896240234e-01
1.849397420883178711e-01
6.910243630409240723e-02
7.289063930511474609e-02
8.346676826477050781e-02
6.348043680191040039e-02
3.566905856132507324e-02
3.705233335494995117e-02
1.112285852432250977e-01
1.168573200702667236e-01
1.616231799125671387e-01
1.047930717468261719e-01
1.315495371818542480e-01
1.242463588714599609e-01
2.374151945114135742e-01
2.371937334537506104e-01
2.636530399322509766e-01
2.047158181667327881e-01
2.476569414138793945e-01
2.951523810625076294e-01
4.047286808490753174e-01
3.989239409565925598e-01
2.528389692306518555e-01
2.628671526908874512e-01
3.122562170028686523e-01
2.372372448444366455e-01
3.520559668540954590e-01
3.333332464098930359e-01
3.607640266418457031e-01
2.802085019648075104e-01
3.206328749656677246e-01
2.674656957387924194e-01
2.770507931709289551e-01
2.612714543938636780e-01
2.061492204666137695e-01
1.616357192397117615e-01
1.896367073059082031e-01
2.122555300593376160e-01
2.622560858726501465e-01
2.893794476985931396e-01
2.276167869567871094e-01
1.752474531531333923e-01
1.323891878128051758e-01
5.090095102787017822e-02
1.672377586364746094e-01
1.230896711349487305e-01
5.986803770065307617e-02
9.211227297782897949e-03
3.729641437530517578e-03
3.894549608230590820e-02
9.811735153198242188e-02
2.806740999221801758e-02
2.923220396041870117e-02
1.234121918678283691e-01
6.996273994445800781e-02
1.237932145595550537e-01
7.019892334938049316e-02
7.083356380462646484e-02
8.726817369461059570e-02
1.356316208839416504e-01
8.609107136726379395e-02
9.548258781433105469e-02
5.204707384109497070e-03
6.885832548141479492e-02
1.121416389942169189e-01
1.673521399497985840e-01
1.699539721012115479e-01
1.522506475448608398e-01
1.209437698125839233e-01
1.161407232284545898e-01
6.635753810405731201e-02
1.538714170455932617e-01
9.584037959575653076e-02
1.283562779426574707e-01
1.056476905941963196e-01
6.956064701080322266e-02
8.406783640384674072e-02
7.411545515060424805e-02
4.360701888799667358e-02
8.764708042144775391e-02
4.387700743973255157e-02
3.935390710830688477e-02
3.942079469561576843e-02
7.727700471878051758e-02
3.138116747140884399e-02
2.235442399978637695e-02
1.582409441471099854e-02
4.855346679687500000e-02
2.454128861427307129e-02
2.744537591934204102e-02
8.614391088485717773e-03
5.926847457885742188e-03
5.387042462825775146e-02
3.552538156509399414e-02
1.764640212059020996e-02
1.515954732894897461e-02
1.596450805664062500e-03
2.323222160339355469e-02
2.838867902755737305e-02
1.345235109329223633e-02
6.046041846275329590e-02
3.771531581878662109e-02
5.069777369499206543e-02
3.595846891403198242e-02
3.469333052635192871e-02
5.646207928657531738e-02
1.036047935485839844e-02
4.812803864479064941e-02
5.749380588531494141e-02
9.640276432037353516e-03
2.527147531509399414e-02
5.076026916503906250e-02
1.911675930023193359e-02
3.609365224838256836e-02
7.081234455108642578e-02
2.106864750385284424e-02
4.982721805572509766e-02
9.322762489318847656e-04
2.693837881088256836e-02
3.273384273052215576e-02
1.454746723175048828e-02
3.738887608051300049e-03
4.567086696624755859e-02
1.467475295066833496e-02
5.586564540863037109e-03
1.669851690530776978e-02
7.620811462402343750e-03
2.034133300185203552e-02
3.191494941711425781e-02
6.441846489906311035e-03
4.165232181549072266e-03
3.797546774148941040e-02
4.562622308731079102e-02
6.145283579826354980e-03
5.769091844558715820e-02
5.592519044876098633e-02
3.694832324981689453e-03
4.641199111938476562e-02
8.169710636138916016e-03
3.154172003269195557e-02
4.947155714035034180e-02
5.512237548828125000e-03
2.433758974075317383e-02
1.521815359592437744e-02
2.403175830841064453e-02
9.956538677215576172e-03
1.830840110778808594e-02
3.120711445808410645e-02
9.562313556671142578e-03
2.401173114776611328e-02
2.676784992218017578e-03
2.014189958572387695e-03
6.149777770042419434e-02
1.593047380447387695e-02
2.428948879241943359e-02
3.341799974441528320e-02
2.509897947311401367e-02
5.431354045867919922e-03
5.226388573646545410e-02
1.100301742553710938e-04
1.593062281608581543e-02
5.519080162048339844e-02
4.331141710281372070e-03
2.085584402084350586e-02
4.109939932823181152e-02
3.206330537796020508e-02
1.284013688564300537e-02
4.014468193054199219e-02
1.942896842956542969e-02
3.282666206359863281e-03
1.407340168952941895e-02
6.129682064056396484e-03
9.610883891582489014e-03
4.907953739166259766e-02
4.706602543592453003e-03
2.504503726959228516e-02
5.137812346220016479e-02
1.958858966827392578e-02
1.424454897642135620e-02
3.680968284606933594e-02
6.137773394584655762e-03
5.240565538406372070e-02
2.678961306810379028e-02
3.531944751739501953e-02
3.808632493019104004e-03
4.309785366058349609e-02
3.426979482173919678e-02
2.028465270996093750e-02
5.074733495712280273e-02
1.014900207519531250e-02
1.550602912902832031e-02
4.020649194717407227e-02
1.197251677513122559e-02
9.253919124603271484e-03
1.946640014648437500e-02
3.715950250625610352e-02
2.588003873825073242e-03
6.833690404891967773e-02
1.243078708648681641e-02
1.315653324127197266e-03
3.457945585250854492e-02
2.596706151962280273e-02
2.580940723419189453e-03
1.837417483329772949e-02
3.950595855712890625e-03
8.113622665405273438e-03
2.444857358932495117e-02
1.457622647285461426e-02
1.968550682067871094e-02
4.608339071273803711e-02
5.924057960510253906e-02
3.406740725040435791e-02
7.546722888946533203e-03
2.834577858448028564e-02
2.115654945373535156e-02
3.171275556087493896e-02
1.404243707656860352e-02
3.793861716985702515e-02
2.026432752609252930e-02
3.431266173720359802e-02
2.828663587570190430e-02
3.319822251796722412e-02
3.817915916442871094e-03
1.019848883152008057e-02
1.805126667022705078e-02
3.336774557828903198e-02
2.869468927383422852e-02
2.130209654569625854e-02
5.867183208465576172e-03
5.687676370143890381e-03
2.523952722549438477e-02
4.894018173217773438e-03
9.565651416778564453e-03
4.231330752372741699e-02
1.377946138381958008e-02
3.443010151386260986e-02
8.461225032806396484e-02
5.334798991680145264e-02
1.491147279739379883e-02
6.701990962028503418e-03
3.864198923110961914e-02
1.853355765342712402e-02
2.611815929412841797e-03
1.345854997634887695e-02
3.134524822235107422e-02
3.669485449790954590e-02
3.954911231994628906e-02
1.901388168334960938e-03
8.250442147254943848e-02
4.456800222396850586e-02
1.406690478324890137e-02
4.849910736083984375e-02
4.058775305747985840e-02
8.514523506164550781e-03
1.169380545616149902e-02
4.302507638931274414e-02
1.627242565155029297e-02
6.752324104309082031e-02
3.956532478332519531e-02
2.933728694915771484e-02
5.161572992801666260e-02
7.308900356292724609e-03
2.683328092098236084e-02
2.225703001022338867e-02
1.427434384822845459e-03
2.358257770538330078e-03
1.540586352348327637e-02
5.592894554138183594e-02
4.452418908476829529e-02
5.206972360610961914e-02
1.611207053065299988e-02
2.865999937057495117e-02
1.143441721796989441e-02
2.400338649749755859e-03
2.903208881616592407e-02
4.597026109695434570e-02
2.314872294664382935e-02
1.105290651321411133e-02
3.881789743900299072e-03
8.284270763397216797e-03
2.884109318256378174e-02
8.038997650146484375e-03
2.109999954700469971e-02
7.210731506347656250e-03
6.755918264389038086e-03
9.135365486145019531e-03
5.429640412330627441e-03
4.343998432159423828e-02
6.448447704315185547e-02
3.200811147689819336e-02
9.377300739288330078e-03
4.520589113235473633e-02
1.135176420211791992e-02
3.390347957611083984e-02
4.357457160949707031e-03
1.453191041946411133e-02
4.192709922790527344e-02
3.220155835151672363e-02
1.518201828002929688e-02
3.721380233764648438e-02
3.770798444747924805e-02
3.270339965820312500e-02
2.422773838043212891e-02
1.083496212959289551e-02
1.437073945999145508e-02
6.048157811164855957e-03
2.910208702087402344e-02
2.969563007354736328e-03
6.437355279922485352e-02
1.500560343265533447e-02
1.092910766601562500e-03
1.822256296873092651e-02
4.395961761474609375e-03
1.668396592140197754e-02
2.216702699661254883e-02
1.851018518209457397e-02
3.987610340118408203e-03
3.042075783014297485e-02
5.235671997070312500e-04
2.967993915081024170e-02
1.631826162338256836e-02
2.395495772361755371e-03
5.434578657150268555e-02
9.046502411365509033e-03
8.461475372314453125e-03
4.809717833995819092e-02
1.460319757461547852e-02
2.410629391670227051e-02
4.173934459686279297e-03
2.917450666427612305e-02
6.638526916503906250e-02
1.062153279781341553e-02
4.386687278747558594e-02
1.683804392814636230e-02
3.299772739410400391e-03
2.553820610046386719e-02
6.074804067611694336e-02
1.293534040451049805e-02
4.792791604995727539e-02
5.160623788833618164e-02
1.690608263015747070e-02
2.805811166763305664e-02
1.799160242080688477e-02
1.152411103248596191e-02
2.408710122108459473e-02
1.713234186172485352e-02
1.829704642295837402e-02
4.456120729446411133e-02
5.380436778068542480e-02
3.041791915893554688e-02
6.924957036972045898e-02
5.313533544540405273e-02
4.500517249107360840e-02
1.498651504516601562e-02
5.744516849517822266e-03
4.899674654006958008e-02
4.738087952136993408e-02
3.026103973388671875e-02
3.396853804588317871e-03
3.231710195541381836e-02
1.203440874814987183e-02
2.175050973892211914e-02
1.846058666706085205e-02
2.667719125747680664e-02
2.425149083137512207e-03
2.581894397735595703e-03
8.529126644134521484e-04
2.220058441162109375e-02
1.402468793094158173e-02
1.988726854324340820e-02
1.363772153854370117e-02
3.094983100891113281e-02
1.420033723115921021e-02
1.830184459686279297e-02
5.898647010326385498e-03
3.557056188583374023e-02
1.862004399299621582e-03
1.924264430999755859e-02
3.433471918106079102e-02
1.774829626083374023e-02
7.158607244491577148e-02
2.242767810821533203e-02
5.990967154502868652e-03
7.231253385543823242e-02
5.743226408958435059e-02
2.789497375488281250e-02
2.017793059349060059e-02
3.362715244293212891e-03
2.430647611618041992e-03
5.652189254760742188e-02
3.673881292343139648e-03
3.338694572448730469e-03
5.373704433441162109e-02
2.001163363456726074e-02
5.846202373504638672e-03
1.931908726692199707e-02
3.098630905151367188e-02
4.088371992111206055e-03
5.148953199386596680e-02
3.196850419044494629e-02
3.264313936233520508e-02
4.366189241409301758e-03
2.322959899902343750e-02
3.265051543712615967e-02
3.425121307373046875e-03
8.802667260169982910e-03
2.695649862289428711e-02
3.909513354301452637e-02
2.688544988632202148e-02
1.851227879524230957e-02
5.872863531112670898e-02
1.462669670581817627e-02
3.529578447341918945e-02
3.660055994987487793e-02
4.061937332153320312e-03
2.229793369770050049e-02
1.004445552825927734e-02
2.935186028480529785e-03
6.120753288269042969e-02
6.615947932004928589e-03
1.053971052169799805e-02
4.431464523077011108e-02
5.707371234893798828e-02
5.612633377313613892e-02
1.697415113449096680e-02
5.644512176513671875e-02
1.190429925918579102e-02
1.716424524784088135e-02
4.220813512802124023e-02
2.354207634925842285e-02
4.311263561248779297e-03
5.565756559371948242e-02
2.956378459930419922e-02
4.479229450225830078e-03
5.498558282852172852e-02
1.800692081451416016e-02
1.945239305496215820e-02
1.812672615051269531e-02
3.645676374435424805e-02
4.156082868576049805e-02
