# {'window': 56, 'n_steps': 9, 'q': 0.003466046384943585, 'contam': 0.9643591647374029, 'thres': 0.9115670560348345}
2.230054140090942383e-02
3.077983856201171875e-03
2.986574918031692505e-02
1.546919345855712891e-03
1.461249589920043945e-02
4.973770678043365479e-02
5.379331111907958984e-02
1.357078552246093750e-02
1.689171791076660156e-02
7.385641336441040039e-03
2.791762351989746094e-03
1.102030277252197266e-03
3.792463988065719604e-02
4.451382160186767578e-02
2.470672130584716797e-02
5.717944353818893433e-03
2.706927061080932617e-02
1.214027404785156250e-03
4.815846681594848633e-03
5.797922611236572266e-03
5.258381366729736328e-03
5.218852311372756958e-03
1.799589395523071289e-02
2.886998653411865234e-02
1.662300527095794678e-02
3.678923845291137695e-02
3.564381599426269531e-02
2.645492553710937500e-03
3.678256273269653320e-02
1.838558912277221680e-02
2.405622601509094238e-02
5.886673927307128906e-03
5.681693553924560547e-03
4.759073257446289062e-03
3.140941262245178223e-03
1.923370361328125000e-02
2.977797389030456543e-02
2.958435565233230591e-02
7.642149925231933594e-03
2.918922901153564453e-02
2.087830752134323120e-02
1.238757371902465820e-02
2.333593368530273438e-02
6.875839084386825562e-03
1.827532052993774414e-02
1.229894161224365234e-02
5.797415971755981445e-03
3.762036561965942383e-02
8.345067501068115234e-03
3.252638503909111023e-02
6.494253873825073242e-02
2.343809604644775391e-02
1.166126132011413574e-02
3.981095552444458008e-02
1.916760206222534180e-02
1.073102653026580811e-02
7.606238126754760742e-03
3.201305866241455078e-03
4.998433589935302734e-02
3.295917809009552002e-02
7.203340530395507812e-03
2.060246467590332031e-02
1.017865538597106934e-02
2.703684568405151367e-02
2.363264560699462891e-03
1.787061616778373718e-02
4.156947135925292969e-03
3.091764450073242188e-02
1.639178022742271423e-03
9.699046611785888672e-03
2.889978885650634766e-02
2.579779922962188721e-02
3.633368015289306641e-02
2.824902534484863281e-03
3.711134195327758789e-03
2.144250273704528809e-02
2.087968587875366211e-02
1.485276222229003906e-02
2.333921194076538086e-02
1.801985502243041992e-02
3.369119763374328613e-02
1.205801963806152344e-02
4.097104072570800781e-03
4.351049661636352539e-03
3.165319561958312988e-03
1.456379890441894531e-02
1.127219200134277344e-02
2.944461256265640259e-02
8.502423763275146484e-03
2.249169349670410156e-02
1.736455410718917847e-02
2.553284168243408203e-02
1.459854841232299805e-02
7.987085729837417603e-03
2.774912118911743164e-02
1.195734739303588867e-02
8.081465959548950195e-03
5.449134111404418945e-02
2.636611461639404297e-03
1.243353635072708130e-02
1.518380641937255859e-02
8.336788415908813477e-02
3.128777444362640381e-02
3.421860933303833008e-02
4.020673036575317383e-02
2.251920104026794434e-02
4.920482635498046875e-03
1.105397939682006836e-02
1.589867472648620605e-02
4.016359150409698486e-02
1.488840579986572266e-02
2.499839663505554199e-02
3.101882338523864746e-02
2.406859397888183594e-02
1.248371601104736328e-02
6.498336791992187500e-03
2.237677574157714844e-03
2.691835165023803711e-02
1.183965429663658142e-02
3.698110580444335938e-02
1.101458072662353516e-02
3.147061914205551147e-03
6.926411390304565430e-02
6.815850734710693359e-03
8.237510919570922852e-04
1.243829727172851562e-03
2.070331573486328125e-02
1.256684958934783936e-02
2.151125669479370117e-02
2.837467193603515625e-02
7.741868495941162109e-03
1.335212588310241699e-02
3.497177362442016602e-02
5.225390195846557617e-03
7.496684789657592773e-03
2.715009450912475586e-02
1.080214977264404297e-03
5.982533097267150879e-03
1.675069332122802734e-03
1.041567325592041016e-02
1.505924388766288757e-02
3.045576810836791992e-02
1.194000244140625000e-03
1.008507609367370605e-02
4.262268543243408203e-03
7.057368755340576172e-03
3.231342136859893799e-02
2.405720949172973633e-02
8.150875568389892578e-03
4.603069275617599487e-03
3.632101416587829590e-02
1.551371812820434570e-02
5.195796489715576172e-03
1.131775975227355957e-02
1.327693462371826172e-02
3.392547369003295898e-03
1.380553841590881348e-02
2.963823080062866211e-02
8.318960666656494141e-03
7.629856467247009277e-03
3.730952739715576172e-02
8.659064769744873047e-04
1.196525990962982178e-02
4.554903507232666016e-02
3.377771377563476562e-02
3.461426496505737305e-02
2.543550729751586914e-02
4.312443733215332031e-02
8.602801710367202759e-03
4.010820388793945312e-02
7.671236991882324219e-03
6.397210061550140381e-03
7.706701755523681641e-02
2.857232093811035156e-02
2.947769314050674438e-02
1.577720046043395996e-02
8.882641792297363281e-03
8.053779602050781250e-03
1.315233111381530762e-02
2.792537212371826172e-03
4.296749830245971680e-03
1.842457056045532227e-02
1.016336679458618164e-02
2.604034543037414551e-02
4.237456619739532471e-02
2.646028995513916016e-02
2.808466553688049316e-02
9.074307978153228760e-03
2.948826551437377930e-02
2.427095174789428711e-02
2.849972993135452271e-02
3.828316926956176758e-02
2.347975969314575195e-02
3.909736871719360352e-03
2.694851160049438477e-02
4.287779331207275391e-03
2.417076379060745239e-02
4.307740926742553711e-02
2.684193849563598633e-02
1.675624400377273560e-02
2.192175388336181641e-02
3.951370716094970703e-03
3.850370645523071289e-03
1.181992888450622559e-02
1.715499162673950195e-02
2.075731754302978516e-02
1.783975958824157715e-02
2.203607559204101562e-02
3.725215792655944824e-02
1.345235109329223633e-02
1.339727640151977539e-02
3.826358914375305176e-02
3.274153172969818115e-02
3.692090511322021484e-03
9.828388690948486328e-03
2.940751612186431885e-03
8.026361465454101562e-04
4.540979862213134766e-03
1.216509938240051270e-02
3.288048505783081055e-02
3.616958856582641602e-02
2.359282597899436951e-02
3.649044036865234375e-02
1.060402393341064453e-02
1.166305691003799438e-02
1.273936033248901367e-02
1.090294122695922852e-02
2.478688955307006836e-03
2.439913153648376465e-02
1.067489385604858398e-02
3.701074421405792236e-02
5.626115202903747559e-02
5.265766382217407227e-02
2.989560365676879883e-03
2.221225202083587646e-02
2.598893642425537109e-02
6.572127342224121094e-03
1.421279460191726685e-02
8.845329284667968750e-03
3.025710582733154297e-03
8.452247828245162964e-03
6.372869014739990234e-02
2.625799179077148438e-02
9.378165006637573242e-03
1.521283388137817383e-02
1.740539073944091797e-02
4.789847880601882935e-02
1.886975765228271484e-02
1.879125833511352539e-02
2.078264951705932617e-04
2.337551116943359375e-02
1.020520925521850586e-02
1.992326974868774414e-02
5.170911550521850586e-03
1.740038394927978516e-02
1.359052956104278564e-02
3.250360488891601562e-02
9.092926979064941406e-03
2.517402172088623047e-03
1.465763151645660400e-02
2.188301086425781250e-02
1.785641908645629883e-02
2.459838986396789551e-02
3.162741661071777344e-03
4.914283752441406250e-03
3.535858169198036194e-02
5.592739582061767578e-02
1.668524742126464844e-02
3.302388265728950500e-02
2.887719869613647461e-02
1.876354217529296875e-02
2.588374912738800049e-02
3.102940320968627930e-02
1.201629638671875000e-04
1.784712076187133789e-03
3.722906112670898438e-02
2.377808094024658203e-03
1.948282122611999512e-03
1.384696364402770996e-02
1.696950197219848633e-02
1.636727154254913330e-02
1.115337014198303223e-02
1.112323999404907227e-02
2.300480008125305176e-02
3.913959860801696777e-02
1.127904653549194336e-02
1.582589745521545410e-02
1.129116117954254150e-02
8.635699748992919922e-03
1.185536384582519531e-02
2.253131568431854248e-02
4.013741016387939453e-02
8.526802062988281250e-03
1.129134371876716614e-02
2.133327722549438477e-02
4.143768548965454102e-02
1.050229370594024658e-02
1.128745079040527344e-02
1.322823762893676758e-02
9.093463420867919922e-03
2.788299322128295898e-02
4.869818687438964844e-03
4.266454279422760010e-02
3.050646185874938965e-02
4.750561714172363281e-02
4.159748554229736328e-02
1.213335990905761719e-02
1.966512203216552734e-02
1.397579908370971680e-02
5.206450819969177246e-03
1.265066862106323242e-02
2.426764369010925293e-02
4.938654601573944092e-03
4.570037126541137695e-02
5.226361751556396484e-02
8.138313889503479004e-03
3.898048400878906250e-02
4.313975572586059570e-02
1.019437797367572784e-02
5.530297756195068359e-03
2.098602056503295898e-02
2.013748511672019958e-02
5.343824625015258789e-02
1.698660850524902344e-02
9.693354368209838867e-04
1.329657435417175293e-02
2.269268035888671875e-03
1.662175357341766357e-02
2.765604853630065918e-02
2.054852247238159180e-02
5.619376897811889648e-04
5.428418517112731934e-02
3.722774982452392578e-02
5.322581529617309570e-02
4.491776227951049805e-02
3.231906890869140625e-02
3.156602382659912109e-03
2.971649169921875000e-03
5.552148818969726562e-02
1.145076751708984375e-02
2.230963855981826782e-02
1.890993118286132812e-02
1.565015316009521484e-02
1.146746054291725159e-02
2.042967081069946289e-02
2.209126949310302734e-03
5.666173994541168213e-02
3.167945146560668945e-02
3.854638338088989258e-02
1.679838448762893677e-02
1.811105012893676758e-02
2.778643369674682617e-02
1.315338909626007080e-02
1.061588525772094727e-03
7.059395313262939453e-03
7.834702730178833008e-03
8.713549375534057617e-02
5.216002464294433594e-03
6.288766860961914062e-03
2.023130655288696289e-03
2.301883697509765625e-02
1.338875293731689453e-02
1.196782290935516357e-02
1.343351602554321289e-02
2.835339307785034180e-02
1.453753560781478882e-03
3.618597984313964844e-03
1.981556415557861328e-03
4.530331282876431942e-02
9.302914142608642578e-03
1.480156183242797852e-02
7.281266152858734131e-03
1.692289113998413086e-02
1.905417442321777344e-02
1.389712095260620117e-02
3.531575202941894531e-03
2.929383516311645508e-02
3.142540156841278076e-02
7.637956738471984863e-02
7.935047149658203125e-03
9.277015924453735352e-03
1.487174630165100098e-02
1.280438899993896484e-02
1.327601075172424316e-02
4.725115001201629639e-02
4.205489158630371094e-02
3.024175763130187988e-02
1.097381114959716797e-03
1.809656620025634766e-02
2.931267023086547852e-02
5.846797674894332886e-02
3.120732307434082031e-02
4.840701818466186523e-02
3.990651667118072510e-02
3.857880830764770508e-02
3.888189792633056641e-03
3.286898136138916016e-03
9.517312049865722656e-03
7.478475570678710938e-03
2.628572285175323486e-03
2.404075860977172852e-02
1.547789573669433594e-02
1.319824159145355225e-02
1.680833101272583008e-02
6.621241569519042969e-03
1.856815814971923828e-02
3.902736306190490723e-02
4.121601581573486328e-03
2.147585153579711914e-03
1.466870307922363281e-03
5.189323425292968750e-02
3.637173771858215332e-02
1.563846319913864136e-02
4.407763481140136719e-03
1.797914505004882812e-02
5.507603287696838379e-03
2.138537168502807617e-02
6.396377086639404297e-02
6.944394111633300781e-02
7.262617349624633789e-02
1.337552070617675781e-02
1.295074447989463806e-02
7.782876491546630859e-03
3.227478265762329102e-02
2.112130075693130493e-02
3.660669922828674316e-02
9.418427944183349609e-03
5.324433743953704834e-02
1.100975275039672852e-02
3.090977668762207031e-03
3.492966294288635254e-02
5.590458214282989502e-02
7.724225521087646484e-03
8.389443159103393555e-03
1.417653262615203857e-02
2.545410394668579102e-02
2.309763431549072266e-02
4.435227811336517334e-02
1.612007617950439453e-03
5.416357517242431641e-02
1.602443307638168335e-02
1.430678367614746094e-02
1.278764009475708008e-02
4.774641757830977440e-02
1.813757419586181641e-02
1.871633529663085938e-02
3.126770257949829102e-03
1.873284578323364258e-02
1.364648342132568359e-02
6.836630403995513916e-03
1.426282525062561035e-02
2.601855993270874023e-02
7.225647568702697754e-03
2.307370305061340332e-02
2.340650558471679688e-02
7.294490933418273926e-03
6.285807490348815918e-02
6.581664085388183594e-03
1.278099417686462402e-02
1.177196204662322998e-02
8.158922195434570312e-03
4.112380743026733398e-02
3.615400195121765137e-02
2.499061822891235352e-02
3.359431028366088867e-02
5.546943098306655884e-02
3.517687320709228516e-03
2.450656890869140625e-02
3.685383684933185577e-02
2.761423587799072266e-02
1.191294193267822266e-02
2.905452251434326172e-02
2.112078666687011719e-02
1.671987771987915039e-02
6.072679162025451660e-02
4.516938328742980957e-02
3.176862001419067383e-02
4.171252250671386719e-03
5.687415599822998047e-03
1.246374845504760742e-02
1.912195980548858643e-02
2.085268497467041016e-03
2.782773971557617188e-02
1.655080914497375488e-02
1.624003052711486816e-02
4.201829433441162109e-03
6.288498640060424805e-03
3.204496204853057861e-02
2.807444334030151367e-02
2.117699384689331055e-02
1.086842268705368042e-03
2.286976575851440430e-02
3.006935119628906250e-03
3.894161432981491089e-03
9.739458560943603516e-03
2.919435501098632812e-03
6.033439189195632935e-03
4.605293273925781250e-03
1.815509796142578125e-02
5.766443908214569092e-02
2.433881163597106934e-02
1.031935214996337891e-03
2.786788344383239746e-02
5.270797014236450195e-02
3.820860385894775391e-02
1.413449645042419434e-03
2.919465303421020508e-03
8.448839187622070312e-03
4.599186778068542480e-02
4.336850345134735107e-02
1.288425922393798828e-02
3.109866380691528320e-02
2.941998094320297241e-02
1.647353172302246094e-02
3.028213977813720703e-03
6.110072135925292969e-04
7.305324077606201172e-03
4.248386621475219727e-02
4.950981587171554565e-03
3.001284599304199219e-02
2.479356527328491211e-02
2.189675718545913696e-02
3.791528940200805664e-02
2.147138118743896484e-02
9.914189577102661133e-04
3.395420312881469727e-02
4.294133186340332031e-02
8.752644062042236328e-04
4.402428865432739258e-03
2.451735734939575195e-02
1.929083466529846191e-02
2.583369612693786621e-02
2.084189653396606445e-02
3.211873769760131836e-02
1.461678743362426758e-02
8.504033088684082031e-03
2.546128630638122559e-02
1.042321324348449707e-03
6.878614425659179688e-03
1.486313343048095703e-02
2.362288534641265869e-03
1.494127511978149414e-02
2.569258213043212891e-03
2.460644021630287170e-02
2.207994461059570312e-03
5.533039569854736328e-03
4.942151904106140137e-02
6.505388021469116211e-02
1.314830780029296875e-02
1.707329601049423218e-02
5.469566583633422852e-02
1.888525485992431641e-02
2.925418317317962646e-02
8.303582668304443359e-03
1.363748311996459961e-02
8.516713976860046387e-03
3.673872351646423340e-02
1.155316829681396484e-02
6.587803363800048828e-04
1.324018836021423340e-02
2.498149871826171875e-03
2.867153286933898926e-02
3.631033003330230713e-03
3.963649272918701172e-03
1.017898321151733398e-02
7.389288395643234253e-03
1.304280757904052734e-02
3.097730875015258789e-02
1.242951676249504089e-02
4.088008403778076172e-02
9.970307350158691406e-03
5.640260875225067139e-03
2.269101142883300781e-02
1.697492599487304688e-02
3.899761289358139038e-02
7.602542638778686523e-03
4.472255706787109375e-02
5.754381418228149414e-03
2.682399749755859375e-02
4.743069410324096680e-02
1.213718950748443604e-02
3.552001714706420898e-02
2.318507432937622070e-02
4.316538572311401367e-03
3.351671993732452393e-02
2.096921205520629883e-02
2.910283207893371582e-02
3.607369959354400635e-03
6.612241268157958984e-03
2.118474245071411133e-02
9.749829769134521484e-05
4.119861125946044922e-02
1.055514812469482422e-02
2.757005579769611359e-02
2.679592370986938477e-02
4.364573955535888672e-02
6.491824984550476074e-03
3.401029109954833984e-02
8.610606193542480469e-03
2.075004577636718750e-02
2.791076898574829102e-03
3.906947374343872070e-02
2.198854088783264160e-02
2.576217055320739746e-02
3.317290544509887695e-02
3.690142929553985596e-02
4.468798637390136719e-02
4.403430223464965820e-02
6.572306156158447266e-03
5.267204344272613525e-02
5.181431770324707031e-04
4.584005475044250488e-02
3.347888588905334473e-03
2.701330184936523438e-02
1.034605503082275391e-02
1.473739370703697205e-02
2.069854736328125000e-02
6.291812658309936523e-02
1.227889209985733032e-03
1.956200599670410156e-02
1.137632131576538086e-02
3.815721720457077026e-03
1.715683937072753906e-02
1.194411516189575195e-02
4.496828466653823853e-02
1.932212710380554199e-02
1.066625118255615234e-02
4.853859543800354004e-03
1.065060496330261230e-02
3.507137298583984375e-03
3.072634339332580566e-02
1.521858572959899902e-02
3.057593107223510742e-02
1.537829637527465820e-02
1.431107521057128906e-02
6.269216537475585938e-03
2.394488453865051270e-02
5.962401628494262695e-04
4.526883363723754883e-02
1.628875732421875000e-03
2.008634805679321289e-02
8.723443746566772461e-02
2.995133399963378906e-04
1.131019741296768188e-02
3.536045551300048828e-02
2.120089530944824219e-02
1.711100526154041290e-02
1.537030935287475586e-02
6.049692630767822266e-03
6.854845583438873291e-02
2.879071235656738281e-02
4.475110769271850586e-02
1.363396644592285156e-02
5.112898349761962891e-02
2.992033958435058594e-02
4.263818264007568359e-03
4.205316305160522461e-03
3.076756000518798828e-02
7.516831159591674805e-03
9.726867079734802246e-03
4.490202665328979492e-02
2.474325895309448242e-02
1.720181852579116821e-02
1.090520620346069336e-02
6.060361862182617188e-03
2.874433249235153198e-02
1.318395137786865234e-03
7.515132427215576172e-03
2.218051254749298096e-02
4.701787233352661133e-02
1.664656400680541992e-02
4.701010882854461670e-02
8.978486061096191406e-03
2.773153781890869141e-02
1.447160542011260986e-02
2.433845400810241699e-02
8.271813392639160156e-03
1.845464110374450684e-02
1.602408289909362793e-02
4.463791847229003906e-03
6.761610507965087891e-03
4.366409778594970703e-02
1.271110773086547852e-02
1.217067241668701172e-03
1.978495717048645020e-02
1.399695873260498047e-03
1.970949769020080566e-02
2.301886677742004395e-03
1.399207115173339844e-02
3.166282176971435547e-02
1.120692119002342224e-02
2.589285373687744141e-03
2.732098102569580078e-03
1.949036307632923126e-02
1.410245895385742188e-03
1.705473661422729492e-02
2.754456549882888794e-02
2.045559883117675781e-02
3.026002645492553711e-02
4.592500627040863037e-03
3.765851259231567383e-02
3.530621528625488281e-03
2.417519688606262207e-03
1.676142215728759766e-02
3.776532411575317383e-02
4.256998002529144287e-02
1.655906438827514648e-03
4.362189769744873047e-02
2.972394227981567383e-03
1.957699656486511230e-02
1.689910888671875000e-02
2.944612503051757812e-02
8.504711091518402100e-03
1.670175790786743164e-02
7.820129394531250000e-05
2.936586737632751465e-02
2.019560337066650391e-02
1.059854030609130859e-02
1.926483958959579468e-02
8.812785148620605469e-03
2.238208055496215820e-02
3.387182950973510742e-02
8.779108524322509766e-03
1.816493272781372070e-02
6.462633609771728516e-05
1.935079693794250488e-02
1.907145977020263672e-02
6.256565451622009277e-03
3.903329372406005859e-03
1.658910512924194336e-02
2.673362195491790771e-02
2.499315142631530762e-02
4.797154664993286133e-02
3.311175107955932617e-02
6.962132453918457031e-02
1.944345235824584961e-02
6.875395774841308594e-03
1.933263242244720459e-02
1.228392124176025391e-02
6.316882371902465820e-02
3.518459945917129517e-02
3.426033258438110352e-02
2.607446908950805664e-02
1.569145638495683670e-02
2.062129974365234375e-02
9.503901004791259766e-03
2.409521490335464478e-02
2.007049322128295898e-02
1.267188787460327148e-02
2.140132337808609009e-02
2.882623672485351562e-02
5.299806594848632812e-03
2.859652042388916016e-03
3.271451592445373535e-02
2.335906028747558594e-04
3.221496939659118652e-02
5.364505946636199951e-02
9.715497493743896484e-03
3.399759531021118164e-03
1.247170567512512207e-02
2.846390008926391602e-02
1.892685890197753906e-02
2.537202835083007812e-02
2.008259296417236328e-02
9.483098983764648438e-03
1.309126615524291992e-03
1.591545343399047852e-02
2.069020271301269531e-02
2.504831738770008087e-02
2.556955814361572266e-02
4.452097415924072266e-02
1.624953001737594604e-02
1.518696546554565430e-02
3.327888250350952148e-02
1.525166258215904236e-02
4.925268888473510742e-02
4.971444606781005859e-02
1.508709043264389038e-02
2.885013818740844727e-02
5.810260772705078125e-04
3.439536690711975098e-02
3.949129581451416016e-02
1.413267850875854492e-02
2.096423506736755371e-02
2.948582172393798828e-02
2.666652202606201172e-02
2.857688069343566895e-02
3.351829946041107178e-02
2.106672525405883789e-02
8.176088333129882812e-03
6.381142884492874146e-03
1.836496591567993164e-02
3.261208534240722656e-03
5.139350891113281250e-03
5.416339635848999023e-02
3.171420097351074219e-02
4.130473360419273376e-03
4.580724239349365234e-02
6.068050861358642578e-03
1.978676766157150269e-02
5.314496159553527832e-02
3.610134124755859375e-03
7.724642753601074219e-03
5.978533625602722168e-02
5.365669727325439453e-03
3.029432892799377441e-02
4.410065710544586182e-02
8.457720279693603516e-03
5.304396152496337891e-03
5.424529314041137695e-03
3.441083431243896484e-02
3.773730993270874023e-02
7.664248347282409668e-03
2.859950065612792969e-03
7.031083106994628906e-03
2.790939062833786011e-03
2.867341041564941406e-03
1.294910907745361328e-02
2.352015674114227295e-02
1.618748903274536133e-02
1.740974187850952148e-02
3.070729784667491913e-02
1.795387268066406250e-02
5.473196506500244141e-03
1.446395367383956909e-02
1.120552420616149902e-02
4.358452558517456055e-02
1.709038019180297852e-02
2.103078365325927734e-02
4.832053184509277344e-02
1.150962710380554199e-02
1.808974146842956543e-02
1.322174072265625000e-02
3.223389387130737305e-03
1.244947314262390137e-03
3.204524517059326172e-02
1.684772968292236328e-02
3.279067575931549072e-03
2.659916877746582031e-03
3.392320871353149414e-02
2.695748955011367798e-02
3.944438695907592773e-02
1.990026235580444336e-02
7.353816181421279907e-04
4.766196012496948242e-02
1.529663801193237305e-02
1.434732228517532349e-03
3.447157144546508789e-02
4.166823625564575195e-02
7.081188261508941650e-03
1.206612586975097656e-02
1.296484470367431641e-02
7.426202297210693359e-03
3.120905160903930664e-02
3.347367048263549805e-02
4.533977806568145752e-02
3.779962658882141113e-02
3.280228376388549805e-02
4.511415958404541016e-03
1.572197675704956055e-02
3.561413288116455078e-02
1.293340325355529785e-02
4.335011541843414307e-02
2.267551422119140625e-02
4.435360431671142578e-03
2.597518265247344971e-03
2.641969919204711914e-02
4.328668117523193359e-03
2.616625279188156128e-02
1.909434795379638672e-03
7.210969924926757812e-03
3.838196769356727600e-02
3.032386302947998047e-03
2.994877099990844727e-02
1.975642144680023193e-02
4.809558391571044922e-03
7.095634937286376953e-03
2.601534128189086914e-03
2.917063236236572266e-02
5.658507347106933594e-03
4.381707310676574707e-02
3.029853105545043945e-03
6.577849388122558594e-03
4.989862442016601562e-02
1.749999821186065674e-02
2.345710992813110352e-02
7.445961236953735352e-03
5.896677076816558838e-02
2.125406265258789062e-02
2.653795480728149414e-02
9.981050156056880951e-02
3.159546852111816406e-02
3.506594896316528320e-02
6.011351943016052246e-04
6.010526418685913086e-02
1.818799972534179688e-02
2.123387530446052551e-02
2.298557758331298828e-02
9.851396083831787109e-03
1.103524118661880493e-02
1.562708616256713867e-02
2.858000993728637695e-02
1.365393400192260742e-04
2.733170986175537109e-03
6.755948066711425781e-03
2.746701240539550781e-03
4.294008016586303711e-03
3.679215908050537109e-03
1.297032833099365234e-02
3.973558545112609863e-02
1.704263687133789062e-02
1.389843225479125977e-02
3.404241800308227539e-02
4.828989505767822266e-03
2.442240715026855469e-03
2.298516035079956055e-02
2.587181329727172852e-02
3.131878376007080078e-02
6.578516215085983276e-03
9.346902370452880859e-03
1.394015550613403320e-02
3.038429468870162964e-02
7.914900779724121094e-03
1.133137941360473633e-02
5.993634462356567383e-03
1.433756947517395020e-02
9.977817535400390625e-03
4.285951703786849976e-02
3.072667121887207031e-02
1.323682069778442383e-02
3.430974483489990234e-02
8.382022380828857422e-03
1.604217290878295898e-02
3.579536080360412598e-02
1.647734642028808594e-02
1.541489362716674805e-02
4.079607129096984863e-02
2.980276942253112793e-02
3.146582841873168945e-02
8.672118186950683594e-03
2.573708072304725647e-02
4.016035795211791992e-02
2.952599525451660156e-02
1.259218156337738037e-02
3.927415609359741211e-02
5.449360609054565430e-02
8.558630943298339844e-04
3.805786371231079102e-02
3.348284959793090820e-02
2.106082439422607422e-02
6.969034671783447266e-03
7.018172740936279297e-02
2.635757625102996826e-02
2.926439046859741211e-02
8.029878139495849609e-03
5.043894052505493164e-03
3.858000040054321289e-03
6.463468074798583984e-03
7.998943328857421875e-03
1.960760354995727539e-02
5.336534976959228516e-02
1.907491683959960938e-02
2.666683495044708252e-02
2.546787261962890625e-02
7.343703508377075195e-02
8.126601576805114746e-03
1.799798011779785156e-02
1.410317420959472656e-02
4.470703750848770142e-02
1.622676849365234375e-02
7.214903831481933594e-03
8.455440402030944824e-04
2.544349431991577148e-02
2.436077594757080078e-02
2.521615475416183472e-02
4.410028457641601562e-03
1.137226819992065430e-02
7.222294807434082031e-04
4.996973276138305664e-02
6.892979145050048828e-03
3.936141729354858398e-04
8.499830961227416992e-03
4.283040761947631836e-02
4.409283399581909180e-03
3.105069696903228760e-02
1.724368333816528320e-02
2.123078703880310059e-02
3.080822527408599854e-03
5.166548490524291992e-02
2.396005392074584961e-02
4.959991388022899628e-02
1.628470420837402344e-02
1.400488615036010742e-02
2.627456188201904297e-02
2.709621191024780273e-02
1.745742559432983398e-02
2.179262042045593262e-02
3.159803152084350586e-02
1.589208841323852539e-02
4.795937612652778625e-02
1.533108949661254883e-02
2.690988779067993164e-02
6.488427519798278809e-03
1.252043247222900391e-02
4.490303993225097656e-02
2.728253602981567383e-03
1.791223883628845215e-02
1.291918754577636719e-02
2.688965201377868652e-02
5.306407809257507324e-03
1.971286535263061523e-02
3.886908292770385742e-03
2.222677320241928101e-02
2.175927162170410156e-02
3.725314140319824219e-02
1.715414971113204956e-02
3.268152475357055664e-02
1.567840576171875000e-03
1.566633582115173340e-03
2.656286954879760742e-02
3.502470254898071289e-02
1.611021533608436584e-02
3.205001354217529297e-02
5.287885665893554688e-03
3.830984234809875488e-03
2.346682548522949219e-02
6.834805011749267578e-03
1.815147697925567627e-02
8.333504199981689453e-03
1.040840148925781250e-02
2.078688144683837891e-02
4.520341753959655762e-02
6.908416748046875000e-03
3.082120418548583984e-02
2.085545659065246582e-02
5.376219749450683594e-03
1.674872636795043945e-02
2.335906028747558594e-04
1.409399509429931641e-02
1.777529716491699219e-03
5.167562514543533325e-03
3.679633140563964844e-03
1.435440778732299805e-02
4.286032915115356445e-02
2.099812030792236328e-03
2.772092819213867188e-03
2.490463666617870331e-02
2.636432647705078125e-02
1.092851161956787109e-03
2.522253990173339844e-02
2.758270502090454102e-02
2.213317155838012695e-02
1.847252249717712402e-03
2.191162109375000000e-02
9.232521057128906250e-03
2.377302944660186768e-02
2.492398023605346680e-03
1.240372657775878906e-02
4.305511713027954102e-03
1.217216253280639648e-03
2.924144268035888672e-03
1.288682222366333008e-02
8.831985294818878174e-03
1.701885461807250977e-02
8.246898651123046875e-04
5.542635917663574219e-03
1.532876491546630859e-02
4.737889766693115234e-02
3.339467570185661316e-03
6.335794925689697266e-03
4.535853862762451172e-03
1.324392855167388916e-02
5.369067192077636719e-02
3.440380096435546875e-04
4.243887960910797119e-03
2.016493678092956543e-02
2.593660354614257812e-02
3.438189625740051270e-02
2.499425411224365234e-02
1.862305402755737305e-02
7.754489779472351074e-03
2.478459477424621582e-02
2.453988790512084961e-02
1.051485538482666016e-02
7.245337963104248047e-02
4.387563467025756836e-02
1.440307497978210449e-02
9.254880249500274658e-03
1.140356063842773438e-03
5.317807197570800781e-03
1.442238688468933105e-03
8.766472339630126953e-03
4.658818244934082031e-03
7.271137088537216187e-03
3.449076414108276367e-02
1.330333948135375977e-02
1.089079305529594421e-02
6.780922412872314453e-03
1.081711053848266602e-02
4.425764083862304688e-03
3.088137507438659668e-02
4.808938503265380859e-02
2.832887321710586548e-02
2.972310781478881836e-02
9.932637214660644531e-03
1.480674743652343750e-02
1.582345366477966309e-02
8.209824562072753906e-03
1.808035373687744141e-02
1.743704080581665039e-03
7.484138011932373047e-03
2.502444386482238770e-02
7.653236389160156250e-05
2.882099151611328125e-02
8.063852787017822266e-03
8.897058665752410889e-03
1.607203483581542969e-02
3.709971904754638672e-02
1.243051514029502869e-02
4.723370075225830078e-02
5.947411060333251953e-03
2.232140675187110901e-02
1.650953292846679688e-02
2.216339111328125000e-03
1.883896440267562866e-02
2.168092131614685059e-02
6.616115570068359375e-05
1.021827757358551025e-02
3.348636627197265625e-02
1.882714033126831055e-02
4.381029307842254639e-02
4.347711801528930664e-03
2.393341064453125000e-02
9.978413581848144531e-04
6.240087747573852539e-02
3.991723060607910156e-04
6.065517663955688477e-03
2.767328172922134399e-02
3.187066316604614258e-02
1.523852348327636719e-02
5.987912416458129883e-03
7.204055786132812500e-03
2.731978893280029297e-02
2.214231155812740326e-02
2.936947345733642578e-02
2.340203523635864258e-02
1.870759204030036926e-02
2.220684289932250977e-02
3.296309709548950195e-02
2.021919190883636475e-02
4.003486037254333496e-02
2.975606918334960938e-02
7.257893681526184082e-03
2.567744255065917969e-02
1.523119211196899414e-02
3.723980486392974854e-02
1.112642884254455566e-02
2.144098281860351562e-02
6.102621555328369141e-04
3.379909694194793701e-02
2.907514572143554688e-04
2.660199999809265137e-02
2.207213640213012695e-02
2.288758754730224609e-03
4.978734254837036133e-02
1.933349668979644775e-02
2.818441390991210938e-02
1.785933971405029297e-02
3.171582706272602081e-02
2.572441101074218750e-02
5.239665508270263672e-03
1.639127731323242188e-03
4.223585128784179688e-04
4.653811454772949219e-03
9.218499064445495605e-03
4.605352878570556641e-03
1.188892126083374023e-02
2.332119643688201904e-02
3.165355324745178223e-02
1.646280288696289062e-03
1.360487937927246094e-02
3.570912778377532959e-02
1.159662008285522461e-02
2.175062894821166992e-03
1.398093998432159424e-02
7.441639900207519531e-04
6.381699442863464355e-02
3.210537880659103394e-02
2.813464403152465820e-02
2.835810184478759766e-03
3.080179914832115173e-02
1.714885234832763672e-03
9.933769702911376953e-03
1.217407733201980591e-02
9.049534797668457031e-03
2.768510580062866211e-02
1.426897570490837097e-02
1.696640253067016602e-02
8.008480072021484375e-04
3.020964562892913818e-03
4.789590835571289062e-02
6.331205368041992188e-04
2.027055621147155762e-02
5.995535850524902344e-02
2.742487192153930664e-02
5.548864603042602539e-03
1.749646663665771484e-02
3.029233217239379883e-02
1.361158490180969238e-02
1.255725324153900146e-02
1.396298408508300781e-03
6.059885025024414062e-03
2.381952106952667236e-02
1.956468820571899414e-02
7.006168365478515625e-03
4.394374974071979523e-02
2.518194913864135742e-02
1.032382249832153320e-02
6.390862166881561279e-03
2.834504842758178711e-02
2.291285991668701172e-02
4.636343568563461304e-02
2.010715007781982422e-02
1.895236968994140625e-02
1.832783222198486328e-02
8.400082588195800781e-04
2.033209800720214844e-02
1.872286200523376465e-03
3.097561001777648926e-02
4.998505115509033203e-03
6.484523415565490723e-03
2.837607264518737793e-02
1.800310611724853516e-02
8.687257766723632812e-03
2.146223187446594238e-02
1.225525140762329102e-02
2.072930335998535156e-02
3.094848990440368652e-02
4.611319303512573242e-02
2.401781082153320312e-02
1.231867447495460510e-02
1.145935058593750000e-02
2.851414680480957031e-02
1.273448765277862549e-02
3.559762239456176758e-02
3.734469413757324219e-03
4.336344450712203979e-02
1.293641328811645508e-02
2.810102701187133789e-02
2.257489413022994995e-02
1.825943589210510254e-02
2.688556909561157227e-02
1.424621045589447021e-02
3.636121749877929688e-03
2.590531110763549805e-02
3.066685795783996582e-02
5.324926972389221191e-02
1.407366991043090820e-02
2.597934007644653320e-02
4.912540316581726074e-02
4.034578800201416016e-03
3.698751330375671387e-02
2.861674129962921143e-02
1.548302173614501953e-02
1.634120941162109375e-03
8.105561137199401855e-04
1.128971576690673828e-03
7.163047790527343750e-03
1.112110167741775513e-02
1.069045066833496094e-02
2.407729625701904297e-02
4.791416227817535400e-03
7.735788822174072266e-03
9.027361869812011719e-03
3.677506744861602783e-02
1.071977615356445312e-02
7.011294364929199219e-04
1.955747604370117188e-02
2.802994847297668457e-02
5.946159362792968750e-04
2.785186469554901123e-02
1.476839184761047363e-02
1.195400953292846680e-02
8.648544549942016602e-03
9.678155183792114258e-03
1.003175973892211914e-02
4.379719495773315430e-03
2.619944512844085693e-02
7.158398628234863281e-03
2.982068061828613281e-02
4.435195215046405792e-02
7.156133651733398438e-03
1.260304450988769531e-02
2.176795154809951782e-03
6.112277507781982422e-03
2.122122049331665039e-02
2.296271920204162598e-02
1.297992467880249023e-02
7.423102855682373047e-03
3.828142583370208740e-02
2.264109253883361816e-02
1.203078031539916992e-02
1.810362935066223145e-02
1.095023751258850098e-02
2.588069438934326172e-02
1.719620823860168457e-02
9.437504410743713379e-02
1.101022958755493164e-02
2.240490913391113281e-02
2.249567210674285889e-02
1.518356800079345703e-02
1.355767250061035156e-03
3.503695130348205566e-02
2.274376153945922852e-02
1.794189214706420898e-02
1.744560897350311279e-03
3.551185131072998047e-03
1.287853717803955078e-02
3.475438803434371948e-02
1.570510864257812500e-02
1.257777214050292969e-03
1.041807979345321655e-02
2.274757623672485352e-02
1.788520812988281250e-02
3.824335336685180664e-02
2.749601006507873535e-02
1.192033290863037109e-02
1.091966032981872559e-02
1.200467348098754883e-02
2.975332736968994141e-02
1.222549378871917725e-02
5.825310945510864258e-03
2.155119180679321289e-02
1.331809163093566895e-02
7.428035140037536621e-03
2.833741903305053711e-02
2.563181519508361816e-02
2.916687726974487305e-02
2.596127986907958984e-02
2.100294828414916992e-02
2.252985537052154541e-02
2.760785818099975586e-02
4.036450386047363281e-02
3.303633630275726318e-02
4.043805599212646484e-02
1.533716917037963867e-02
1.584395393729209900e-02
1.865839958190917969e-02
1.395893096923828125e-02
3.433229029178619385e-02
1.551902294158935547e-02
1.205480098724365234e-02
1.320743560791015625e-02
4.931330680847167969e-03
8.277773857116699219e-03
3.636464476585388184e-02
5.054771900177001953e-04
5.953311920166015625e-03
3.903746604919433594e-03
2.381013333797454834e-02
4.106104373931884766e-02
3.073868155479431152e-02
3.296975046396255493e-02
1.118743419647216797e-02
1.376265287399291992e-02
9.496137499809265137e-03
9.862065315246582031e-03
1.443058252334594727e-02
5.739547312259674072e-03
1.331746578216552734e-02
1.292198896408081055e-02
6.531562656164169312e-03
2.041697502136230469e-02
4.352223873138427734e-02
5.576016567647457123e-02
4.889696836471557617e-03
1.635628938674926758e-02
1.197049021720886230e-02
3.947132825851440430e-02
2.789974212646484375e-03
3.081256151199340820e-02
4.654914140701293945e-02
1.554459333419799805e-02
3.236219286918640137e-02
2.713774144649505615e-02
1.460194587707519531e-03
2.398517727851867676e-02
1.980639994144439697e-02
4.422122240066528320e-02
1.104366779327392578e-02
8.474320173263549805e-03
1.306235790252685547e-03
1.444000005722045898e-02
2.729185670614242554e-02
2.031558752059936523e-02
1.305329799652099609e-02
6.111390888690948486e-03
1.256507635116577148e-02
1.103162765502929688e-03
1.821593940258026123e-02
2.678182721138000488e-02
2.138972282409667969e-03
1.578263938426971436e-02
3.438627719879150391e-02
2.187550067901611328e-03
1.521036028861999512e-03
1.707985997200012207e-02
8.457720279693603516e-03
8.548051118850708008e-03
1.375715434551239014e-02
6.592273712158203125e-05
1.065310835838317871e-02
5.513392388820648193e-03
4.889059066772460938e-02
2.977466583251953125e-02
1.725035905838012695e-02
2.996236085891723633e-02
1.006150245666503906e-02
1.845928747206926346e-02
1.993459463119506836e-02
2.488583326339721680e-02
1.441602408885955811e-02
1.088792085647583008e-02
1.954239606857299805e-02
4.015814512968063354e-02
3.647840023040771484e-02
1.763039827346801758e-02
8.890397846698760986e-03
4.010012745857238770e-02
3.166913986206054688e-02
5.440917611122131348e-02
2.631813287734985352e-03
1.189172267913818359e-02
4.660108685493469238e-02
1.199895143508911133e-02
1.347249746322631836e-02
2.903440594673156738e-02
4.005214571952819824e-02
1.552224159240722656e-03
2.720719575881958008e-02
2.220714837312698364e-02
2.710169553756713867e-02
7.867097854614257812e-03
2.039487473666667938e-02
1.027959585189819336e-02
7.625180482864379883e-02
6.228350102901458740e-03
3.389102220535278320e-02
4.944610595703125000e-02
8.304141461849212646e-03
1.587316393852233887e-02
2.910882234573364258e-02
8.892789483070373535e-03
2.488723397254943848e-02
1.058292388916015625e-02
4.460071027278900146e-02
1.298636198043823242e-03
3.318208456039428711e-02
2.361220121383666992e-02
2.092060446739196777e-02
3.656125068664550781e-02
4.753381013870239258e-03
2.289349585771560669e-02
3.724801540374755859e-02
2.561128139495849609e-02
3.869286924600601196e-02
3.485912084579467773e-02
5.706250667572021484e-03
2.046059444546699524e-02
1.841551065444946289e-02
4.776060581207275391e-03
1.131705567240715027e-02
4.286861419677734375e-02
3.065019845962524414e-02
2.622136101126670837e-02
7.434487342834472656e-03
3.828734159469604492e-02
1.976381242275238037e-02
3.446608781814575195e-02
4.580736160278320312e-03
3.698360919952392578e-02
4.117500782012939453e-02
2.652305364608764648e-02
1.804721355438232422e-02
6.502166390419006348e-03
2.153301239013671875e-02
2.027034759521484375e-03
4.051610827445983887e-03
3.577113151550292969e-03
8.990466594696044922e-03
6.231936812400817871e-02
5.108183622360229492e-02
2.290892601013183594e-02
3.348449803888797760e-02
1.964843273162841797e-02
7.800996303558349609e-03
2.087331563234329224e-02
4.336714744567871094e-03
2.705425024032592773e-02
1.982193440198898315e-02
1.174241304397583008e-02
3.469997644424438477e-02
9.582243859767913818e-03
5.587399005889892578e-03
7.532536983489990234e-03
4.483480751514434814e-02
3.539440035820007324e-02
8.218944072723388672e-03
3.105545043945312500e-02
3.523980081081390381e-02
2.375632524490356445e-02
2.229151129722595215e-02
1.457386463880538940e-02
3.316372632980346680e-02
2.978420257568359375e-02
2.493044734001159668e-02
4.315614700317382812e-03
3.808283805847167969e-02
8.989132940769195557e-03
1.645982265472412109e-02
6.761789321899414062e-03
9.920760989189147949e-03
2.028560638427734375e-02
9.547889232635498047e-03
8.130129426717758179e-03
2.779099345207214355e-02
4.705935716629028320e-02
5.880266427993774414e-03
2.120974659919738770e-02
4.650431871414184570e-02
9.429752826690673828e-04
5.519568920135498047e-03
3.661757707595825195e-02
1.280248165130615234e-02
1.541760563850402832e-02
9.579241275787353516e-03
4.609149694442749023e-02
1.826587319374084473e-02
4.948556423187255859e-02
2.640765905380249023e-02
3.702975809574127197e-03
1.625388860702514648e-02
3.897017240524291992e-02
5.597977340221405029e-02
2.774477005004882812e-03
4.458117485046386719e-02
8.198538795113563538e-03
1.713216304779052734e-02
7.457911968231201172e-03
1.349912211298942566e-02
3.511130809783935547e-02
7.676124572753906250e-03
1.862300932407379150e-02
4.605561494827270508e-02
2.269458770751953125e-02
2.850696444511413574e-03
1.944059133529663086e-02
2.662765979766845703e-02
1.968738436698913574e-02
3.138141334056854248e-02
6.806731224060058594e-03
3.264367580413818359e-03
1.747556030750274658e-02
1.024794578552246094e-02
1.496887207031250000e-02
4.381730034947395325e-02
2.909898757934570312e-03
1.637971401214599609e-02
8.094523102045059204e-03
6.527006626129150391e-03
3.061431646347045898e-02
2.717780321836471558e-02
2.253234386444091797e-03
4.591345787048339844e-03
4.178412258625030518e-02
2.438956499099731445e-02
1.882666349411010742e-02
3.109610825777053833e-02
1.895666122436523438e-03
4.624783992767333984e-03
6.275251507759094238e-03
1.531863212585449219e-02
1.107299327850341797e-02
1.900926232337951660e-02
4.467621445655822754e-03
3.626519441604614258e-02
2.747660875320434570e-02
2.186208963394165039e-03
2.111333608627319336e-02
1.146966218948364258e-02
6.954215466976165771e-03
1.264673471450805664e-02
4.014611244201660156e-03
3.424188587814569473e-02
2.991694211959838867e-02
4.257440567016601562e-02
3.237962163984775543e-02
1.403874158859252930e-02
1.525199413299560547e-02
3.467857837677001953e-03
2.887162566184997559e-02
1.291620731353759766e-02
3.076856583356857300e-02
2.919495105743408203e-03
3.637892007827758789e-02
1.211208105087280273e-02
1.769495010375976562e-02
1.887363195419311523e-02
1.246690750122070312e-02
1.844826340675354004e-02
1.676142215728759766e-03
2.326664328575134277e-02
3.462871909141540527e-02
2.050572633743286133e-02
1.263540983200073242e-02
1.689933240413665771e-02
4.832744598388671875e-03
5.503058433532714844e-03
4.354589432477951050e-02
1.507687568664550781e-02
2.381712198257446289e-02
4.762579826638102531e-02
4.080957174301147461e-02
2.140581607818603516e-03
7.208332419395446777e-03
2.890035510063171387e-02
1.003980636596679688e-02
1.769757270812988281e-02
1.465821266174316406e-02
1.873040199279785156e-02
1.948878169059753418e-03
5.043542385101318359e-02
5.019164085388183594e-02
7.418394088745117188e-03
2.951341867446899414e-02
4.023742675781250000e-02
2.615523338317871094e-02
1.019385457038879395e-02
2.418899536132812500e-02
4.364478588104248047e-02
1.040426269173622131e-02
2.481251955032348633e-02
4.430353641510009766e-03
1.738232374191284180e-02
2.658128738403320312e-02
1.077151298522949219e-02
1.390177756547927856e-03
1.167577505111694336e-02
4.332423210144042969e-03
1.045063138008117676e-03
4.125624895095825195e-02
2.433818578720092773e-02
2.377778291702270508e-04
2.930745482444763184e-02
2.666294574737548828e-02
2.632337808609008789e-02
8.395880460739135742e-03
6.698429584503173828e-03
2.102530002593994141e-02
1.923674345016479492e-02
1.079022884368896484e-02
3.942817449569702148e-03
1.905642449855804443e-02
9.394049644470214844e-03
1.345854997634887695e-02
2.232763916254043579e-02
2.550464868545532227e-02
4.003596305847167969e-02
1.314581185579299927e-02
9.860575199127197266e-03
2.625465393066406250e-03
1.841738820075988770e-03
1.663351058959960938e-02
8.732080459594726562e-03
6.957978010177612305e-03
2.480760216712951660e-02
4.402518272399902344e-03
9.365975856781005859e-04
3.383475542068481445e-02
2.090895175933837891e-02
2.108289301395416260e-02
6.858646869659423828e-03
2.416259050369262695e-02
6.123363971710205078e-03
6.800144910812377930e-04
4.391318559646606445e-02
2.315142750740051270e-02
7.661513984203338623e-03
1.349425315856933594e-02
1.082623004913330078e-02
3.210056573152542114e-02
7.189929485321044922e-03
4.730761051177978516e-03
1.932352595031261444e-02
1.822865009307861328e-02
1.405656337738037109e-03
7.648337632417678833e-03
2.686953544616699219e-02
1.858389377593994141e-02
2.035026997327804565e-02
1.977562904357910156e-02
1.229155063629150391e-02
3.201593458652496338e-02
5.524873733520507812e-03
6.534337997436523438e-03
3.939718008041381836e-02
4.999080300331115723e-02
3.968775272369384766e-02
9.706318378448486328e-03
9.516984224319458008e-03
1.699078083038330078e-02
4.008862376213073730e-02
2.032726258039474487e-02
3.419756889343261719e-03
2.893745899200439453e-02
4.226353578269481659e-02
7.698535919189453125e-04
1.475471258163452148e-02
7.123809307813644409e-03
3.054922819137573242e-02
1.736253499984741211e-02
1.570785976946353912e-02
7.584810256958007812e-03
6.127136945724487305e-02
4.117789119482040405e-02
1.412084698677062988e-02
1.099318265914916992e-02
4.682928323745727539e-03
1.365444064140319824e-02
4.420340061187744141e-03
1.281552016735076904e-02
5.570322275161743164e-03
2.032417058944702148e-02
1.573973894119262695e-02
3.177516162395477295e-02
1.601028442382812500e-02
1.759216189384460449e-02
8.877344429492950439e-03
1.070493459701538086e-02
5.083096027374267578e-02
5.427464842796325684e-03
4.161828756332397461e-02
2.619624137878417969e-03
2.689912915229797363e-03
3.122007846832275391e-02
3.037869930267333984e-03
1.572564989328384399e-02
1.329368352890014648e-02
6.832182407379150391e-03
8.912153542041778564e-03
1.988875865936279297e-02
2.016496658325195312e-02
1.609964668750762939e-02
5.147472023963928223e-02
4.941105842590332031e-03
1.541149616241455078e-02
3.678727149963378906e-02
2.808094024658203125e-03
4.748010635375976562e-02
6.478643417358398438e-02
5.030632019042968750e-02
2.703642845153808594e-02
1.097374409437179565e-02
1.827001571655273438e-02
2.593535184860229492e-02
2.084627747535705566e-02
3.433287143707275391e-03
8.194446563720703125e-04
2.545082569122314453e-02
3.092312812805175781e-02
3.081238269805908203e-02
9.864408522844314575e-03
1.584011316299438477e-02
9.111106395721435547e-03
1.300664991140365601e-02
3.201723098754882812e-02
6.303697824478149414e-02
2.813147008419036865e-02
1.561009883880615234e-02
3.358119726181030273e-02
2.423582971096038818e-02
8.434057235717773438e-03
2.257019281387329102e-02
7.232457399368286133e-03
3.491422533988952637e-02
8.016586303710937500e-03
3.825098276138305664e-03
5.069141089916229248e-02
2.068310976028442383e-02
4.864189028739929199e-02
3.038798272609710693e-02
2.081423997879028320e-02
3.230351209640502930e-02
2.322848886251449585e-03
1.233547925949096680e-02
1.297467947006225586e-02
4.869492724537849426e-03
3.599703311920166016e-03
1.485109329223632812e-02
3.320585936307907104e-02
3.389969468116760254e-02
1.645505428314208984e-03
1.319780945777893066e-02
5.955457687377929688e-03
9.054899215698242188e-03
1.712609827518463135e-02
2.079626917839050293e-02
1.317793130874633789e-02
9.518146514892578125e-03
4.834473133087158203e-03
2.980422973632812500e-02
3.093868494033813477e-03
1.631453633308410645e-03
2.237701416015625000e-02
4.391282796859741211e-02
8.267596364021301270e-03
6.889963150024414062e-02
2.341926097869873047e-03
4.111156240105628967e-02
4.060029983520507812e-03
1.256644725799560547e-03
1.219024695456027985e-02
7.519125938415527344e-03
2.973598241806030273e-02
3.713067620992660522e-03
3.190156817436218262e-02
6.878644227981567383e-02
1.527518033981323242e-03
2.992358803749084473e-02
2.299314737319946289e-02
4.111474752426147461e-02
2.398788928985595703e-04
2.640765905380249023e-02
4.555130004882812500e-02
4.210174083709716797e-04
1.042842864990234375e-03
2.049985527992248535e-02
2.939395606517791748e-03
9.158432483673095703e-03
6.069242954254150391e-03
5.199231207370758057e-03
1.775473356246948242e-02
2.223944664001464844e-02
6.898745894432067871e-03
4.584556818008422852e-02
1.368516683578491211e-02
1.359514147043228149e-02
2.185106277465820312e-02
3.362149000167846680e-02
3.634820505976676941e-02
4.808485507965087891e-03
6.448626518249511719e-04
1.157303154468536377e-02
2.176782488822937012e-02
3.089725971221923828e-03
2.217620611190795898e-02
4.073318839073181152e-02
2.905261516571044922e-02
4.527777433395385742e-02
1.426939666271209717e-02
1.107507944107055664e-02
1.984933018684387207e-02
3.081345558166503906e-02
1.528370380401611328e-02
4.602968692779541016e-03
1.185628399252891541e-02
3.023302555084228516e-02
1.346313953399658203e-02
1.055509969592094421e-02
7.774889469146728516e-03
4.571771621704101562e-02
4.674740135669708252e-03
2.546179294586181641e-02
7.974475622177124023e-02
1.315836608409881592e-02
1.279622316360473633e-02
6.434619426727294922e-03
2.453292906284332275e-02
1.309424638748168945e-02
1.487565040588378906e-02
1.716905832290649414e-02
2.644518017768859863e-02
1.762634515762329102e-02
1.932516694068908691e-02
1.286013424396514893e-02
9.296894073486328125e-03
2.351066470146179199e-02
1.974374055862426758e-03
3.885233402252197266e-02
3.134012222290039062e-04
7.960349321365356445e-04
1.180022954940795898e-02
6.739020347595214844e-03
3.977458924055099487e-02
9.251892566680908203e-03
9.699225425720214844e-03
1.778065785765647888e-02
4.067957401275634766e-03
6.922066211700439453e-03
4.646122455596923828e-03
5.616512894630432129e-02
3.220820426940917969e-02
9.628251194953918457e-03
1.069378852844238281e-02
2.119445800781250000e-02
1.724107563495635986e-02
2.441325783729553223e-02
8.948862552642822266e-03
3.417164087295532227e-03
1.118831336498260498e-02
1.258128881454467773e-02
3.148078918457031250e-03
3.417631983757019043e-02
5.762380361557006836e-02
2.058261632919311523e-02
3.667832911014556885e-02
3.246492147445678711e-02
3.538191318511962891e-03
3.283023089170455933e-02
1.313024759292602539e-02
5.679768323898315430e-02
2.513547241687774658e-02
3.059023618698120117e-02
5.945026874542236328e-03
9.735874831676483154e-03
1.594156026840209961e-02
7.508695125579833984e-03
6.604343652725219727e-04
3.832429647445678711e-03
1.191556453704833984e-03
4.203677177429199219e-02
2.152979373931884766e-03
2.633631229400634766e-03
3.704899549484252930e-02
2.244412899017333984e-02
9.682238101959228516e-03
1.410445570945739746e-02
5.448333919048309326e-03
1.993936300277709961e-02
2.180308103561401367e-02
1.929649710655212402e-02
4.068887233734130859e-02
2.212101221084594727e-02
4.539415240287780762e-03
2.037537097930908203e-02
1.421970129013061523e-02
3.185061365365982056e-02
9.279668331146240234e-03
2.128767967224121094e-02
5.375848710536956787e-02
8.907318115234375000e-03
1.618683338165283203e-02
4.012088477611541748e-02
2.172461152076721191e-02
1.816213130950927734e-03
3.629446029663085938e-02
9.094476699829101562e-03
3.802537918090820312e-03
3.714582324028015137e-02
1.555268466472625732e-02
2.257126569747924805e-02
4.509836435317993164e-03
4.069218039512634277e-02
3.670454025268554688e-03
3.547137975692749023e-02
9.691055864095687866e-03
5.179089307785034180e-02
1.417458057403564453e-03
3.079860657453536987e-02
6.668210029602050781e-03
1.556026935577392578e-02
1.859658583998680115e-02
4.239141941070556641e-03
2.731502056121826172e-03
1.344510912895202637e-02
3.215485811233520508e-02
5.148649215698242188e-04
4.277515411376953125e-02
2.117645740509033203e-02
2.875006198883056641e-02
1.352781057357788086e-02
3.626869618892669678e-02
1.594585180282592773e-02
1.062962412834167480e-02
1.355040073394775391e-02
2.637952566146850586e-02
3.363943099975585938e-02
1.651601493358612061e-02
1.461637020111083984e-02
9.257853031158447266e-03
1.613762229681015015e-02
1.742631196975708008e-02
7.819116115570068359e-03
3.622226417064666748e-03
2.230101823806762695e-02
2.096968889236450195e-02
3.637021780014038086e-02
2.108770608901977539e-02
2.558529376983642578e-03
1.412321627140045166e-02
