# {'window': 85, 'level': 0.9502795503745509}
2.290394358001418898e-02
1.261314932100987996e+00
1.046613561396209091e+00
3.584654914315174579e-01
1.348933223541330051e+00
9.921764013642726532e-01
6.245714777590235522e-01
1.434308049606745072e+00
6.637974388657789104e-01
1.012165032562998501e+00
1.410620271827233374e+00
3.049965954521326461e-01
1.304302582507749220e+00
1.365711030449158869e+00
2.490865489788733067e-01
1.437492717187489610e+00
1.716809483817839155e+00
5.179618950619496731e-01
1.575681058773014342e+00
7.284414748173251297e-01
7.648155698578474881e-01
1.498453873044776063e+00
2.980410431029569818e-01
1.209732141930005556e+00
1.461022792055314934e+00
6.453791343302306416e-02
1.301762972339541635e+00
1.139894418696041578e+00
4.247987632225126986e-01
1.445032424847827679e+00
8.373276135198195469e-01
6.278686402095945418e-01
1.506963391407236452e+00
5.557648738348094364e-01
1.026028828992349373e+00
1.349360141063253415e+00
2.192751713907634403e-01
1.167443775466419975e+00
1.231283102322779044e+00
1.409962819591425720e-01
1.488205013926309217e+00
1.138534491824737982e+00
6.218428364248737017e-01
1.930761957325598077e+00
8.331451757613408393e-01
1.041809797217735145e+00
1.294219278197834555e+00
4.194784327997392315e-01
1.186800273052587062e+00
1.391577556726695697e+00
7.571841911821333704e-02
1.351103578606399624e+00
1.097033091728218057e+00
4.573082707606068720e-01
1.637155280015689884e+00
8.925877173526790553e-01
6.066849740969243454e-01
1.636115858184167937e+00
6.283573244285048931e-01
1.028729306732711013e+00
1.568483946780022453e+00
2.214445220249960933e-02
1.278464064063942196e+00
1.333738420929426960e+00
1.569592411961350242e-01
1.965131323686090559e+00
1.020118804117427613e+00
4.355945534753550841e-01
1.420175463284392814e+00
6.542265678747841706e-01
9.204370002308711607e-01
1.425092401236901285e+00
5.077694570118328476e-01
1.170984247473453976e+00
1.278321448117874404e+00
8.514174322850374954e-02
1.296088222066205553e+00
1.119787032797588733e+00
3.658141692259632149e-01
1.498039979574884217e+00
9.962761352943033666e-01
7.214816393254407378e-01
1.666936252750336633e+00
7.087174707240314619e-01
1.018058223427584119e+00
1.399360282243704567e+00
2.548312807737517227e-01
1.280582283448396197e+00
1.227681714972720384e+00
2.106519139672874130e-01
1.894467600381573025e+00
9.840348219306369604e-01
4.560248259311717733e-01
1.567012002755879152e+00
7.663937924205252994e-01
8.038725681151454028e-01
1.456822064534711192e+00
1.717336155485144511e+00
1.143902496019536308e+00
1.329020915802591629e+00
8.758640107862378232e-02
1.164911932945494666e+00
1.203159698025990432e+00
2.346575715268992279e-01
1.413436069161732922e+00
8.773772083415636303e-01
6.936421094239191287e-01
1.378959673891304138e+00
5.392983730363413164e-01
8.742951322043476248e-01
1.243668166490433213e+00
2.185450037895652620e-01
1.863315448940832120e+00
1.310728585871113516e+00
1.903147784855346025e-01
1.379174623307509284e+00
1.083543819252394513e+00
5.851230021688474947e-01
1.455723739579181775e+00
7.151735982628388832e-01
8.354533364357294989e-01
1.498930597365180972e+00
1.711978476911453884e+00
1.200236903073083283e+00
1.446359540032609470e+00
1.222741204486646749e-01
1.319540049882333088e+00
1.142234354085591042e+00
4.899918365910428952e-01
1.335448491012717120e+00
9.440604375724706010e-01
6.574877126645076730e-01
1.440318292371232323e+00
1.739211530821721974e+00
9.009110588258690822e-01
1.393537383499435123e+00
1.737491763029778979e-01
1.296378043975477512e+00
1.112319053149468662e+00
1.981411895884171437e-01
1.352447766339236912e+00
1.108354223365450864e+00
4.066139874214423355e-01
1.586489785482644521e+00
7.261951254982238479e-01
8.881915467777092843e-01
1.546274534594569650e+00
4.882779305630801647e-01
1.185481136170943861e+00
1.213087819818666757e+00
3.519902467008589886e-03
1.374507500215450539e+00
1.724962182102943498e+00
3.330724918318465622e-01
1.309564570797350669e+00
1.720158846033341682e+00
7.181559625060691676e-01
1.553372676724961154e+00
5.613124339705561905e-01
9.746314792202009913e-01
1.477708675305508645e+00
1.082478660997466535e-01
1.292985212055936195e+00
1.284272651512009533e+00
2.125057727260447893e-01
1.410700304681637540e+00
8.960437919291401876e-01
6.351317551363234726e-01
1.432902993929636271e+00
8.791998891082780654e-01
8.673332420472041893e-01
1.470268189841214657e+00
4.254017205013087000e-01
1.277590705898730361e+00
1.364972375941921223e+00
2.842118642908433163e-02
1.386543398943131056e+00
1.089394284105964505e+00
3.713144515878094021e-01
1.487751479257878762e+00
8.305966875921683146e-01
7.696866889390875377e-01
1.342770518026285886e+00
5.162325240450857944e-01
9.124436886919452538e-01
1.516207252342080869e+00
1.969083106111332859e-01
1.193959778278438133e+00
1.250278064575098602e+00
2.433227444857744837e-01
1.359616334849041319e+00
1.011523340089042655e+00
5.043330282601173886e-01
1.412621075993724995e+00
8.450505362654624486e-01
1.018269693975244916e+00
1.483037145602443374e+00
4.000340206837896262e-01
1.204709505768721156e+00
1.335003742069875265e+00
5.438670837713487777e-02
1.469842570452469133e+00
1.229636415080904044e+00
2.958732349685637697e-01
1.482100546743793323e+00
9.458908381092364648e-01
6.741372965429722752e-01
1.968986256155030645e+00
1.706678924383590035e+00
1.100822802548540702e+00
1.419302407793299192e+00
8.452795265586715567e-02
1.206141336017263921e+00
1.399006129128124165e+00
3.229996478197091347e-01
1.337027102478223650e+00
1.106710231197953753e+00
4.871395267371639304e-01
1.459555641804110016e+00
7.913731191673092358e-01
9.650449831566771941e-01
1.449611577585899758e+00
1.727412949344292681e+00
1.242527053546639282e+00
1.218233014930495628e+00
4.266132570404987390e-02
1.351446233240142458e+00
1.116178807462841371e+00
4.595681508382701286e-01
1.389165523172770866e+00
7.370126478005627479e-01
7.009448324642463257e-01
1.655060316418637489e+00
6.180911834344762212e-01
9.707749768371860544e-01
1.519597656387548179e+00
1.973501094677336809e-01
1.368989953340033816e+00
1.269455457586304403e+00
1.483983031465385127e-01
1.861768303105862721e+00
9.144136851727963089e-01
7.119699371857735049e-01
1.539897981441121111e+00
7.125112487794941218e-01
8.489657566920570941e-01
1.336368703200777386e+00
1.692574174523451713e+00
1.219213786802056498e+00
1.400497920930721785e+00
3.029857809328911911e-02
1.196600559844840594e+00
1.180482982461478203e+00
3.700217036182881780e-01
1.339908950676189869e+00
8.861095096967395168e-01
8.136328959437575392e-01
1.370078380727974832e+00
6.185641143274265286e-01
1.017483558861978388e+00
1.375043438246039473e+00
3.290840391125434139e-01
1.314133902630610917e+00
1.307826022131644894e+00
1.658055700440736135e+00
1.611730399123920687e+00
9.952962083236502888e-01
4.845550781748058089e-01
1.580670954150748209e+00
1.664166217973299888e+00
7.356304537480090611e-01
2.052380717299610247e+00
1.662244074498311797e+00
1.024344113322325445e+00
1.476021749263144001e+00
1.141307479738350728e-01
1.287756986029098272e+00
1.149101314446400623e+00
1.766151597487492397e+00
1.392621714292230140e+00
8.806992983847086176e-01
6.497752857731365905e-01
1.603758311249707802e+00
5.984845154353333196e-01
1.129228184945473501e+00
1.297173561796129748e+00
3.041253500803413612e-01
1.292125231384976480e+00
1.253484549234171741e+00
7.633986040892301594e-02
1.444777967718566591e+00
1.003564730090064971e+00
5.453572748211933385e-01
1.466108641424551218e+00
6.667063238390219526e-01
7.942321697404145509e-01
1.536084679398823649e+00
3.839481982079640532e-01
1.022623902167359322e+00
1.528969945148147103e+00
3.233797716572498621e-02
1.277689377346757693e+00
1.311222617118722233e+00
4.371536723449809259e-01
1.401558678516800160e+00
8.094242952394845592e-01
7.007624707305847300e-01
1.260347423348376239e+00
6.655449057504396748e-01
9.825605596929968266e-01
1.491174049352105513e+00
1.034936656531181276e-01
1.440718451530879740e+00
1.281039623317332454e+00
9.836172491877903656e-02
1.502297700804277270e+00
1.011423924864559121e+00
4.353730092191269718e-01
2.085222050277903083e+00
6.798422057156736642e-01
6.873368342722563362e-01
1.527755712008150857e+00
2.756842352863609347e-01
1.274595396345607812e+00
1.317821809801954291e+00
1.691816315055301612e+00
1.409669078319064850e+00
1.256206967877937286e+00
4.617669520019325180e-01
1.340068205367732412e+00
9.172613211719868875e-01
7.237596366536076520e-01
1.608140669592213134e+00
1.753958767723513557e+00
9.953026055804951033e-01
1.445382646555572137e+00
2.650074713453442476e-01
1.739413360010864551e+00
1.697468365959502234e+00
1.669195570127255668e-01
1.477167646103491494e+00
1.102118739433507688e+00
6.587887162409583608e-01
1.512614105230062567e+00
6.899786403372762944e-01
8.294339591539227063e-01
1.469427421241042087e+00
4.322482316596466534e-01
1.188935741434385740e+00
1.342267466893733108e+00
1.080919937240976125e-01
1.351535093315027414e+00
1.181912631588351026e+00
3.555622547993876337e-01
1.348194430904419816e+00
8.764014053992777997e-01
8.149747763903963937e-01
1.510597302901879768e+00
5.257760016396839653e-01
1.691245850557385522e+00
1.436144404029196409e+00
2.454077043525302593e-01
1.108460918942799411e+00
1.363113926844371493e+00
2.572373995135461833e-01
1.403493321926606585e+00
1.095301549843664457e+00
1.693130613942139817e+00
1.910690106529129295e+00
8.623180881560276179e-01
7.408010600826356873e-01
1.457370690108825917e+00
3.876716074459098937e-01
1.043708729972890437e+00
1.351209387648867333e+00
3.664971255141437345e-02
1.504277544082635032e+00
1.137830132542344996e+00
2.478497248230392414e-01
1.571864531688500932e+00
9.099891795334533739e-01
7.428659966700683626e-01
1.437280305209640785e+00
5.898966195728820860e-01
1.001188320570604029e+00
1.570764978423305980e+00
1.551326853060381872e-01
1.158923546979068187e+00
1.189484186191354098e+00
2.650026332473526258e-01
1.443380166979020052e+00
1.080353410482277621e+00
5.891495133545114893e-01
1.344145054274592077e+00
7.655034812137079259e-01
9.090040120666034174e-01
1.506956177299763500e+00
2.991327250486595646e-01
1.183191267806794844e+00
1.339901400681528854e+00
9.411315374327539063e-02
1.389731326026794944e+00
1.175851958276290521e+00
1.719308969054381464e+00
1.589015396186707507e+00
9.141044208726321063e-01
8.511754104966819945e-01
1.398363817795051922e+00
4.866846009624578584e-01
8.870384334047523023e-01
1.376304379180164572e+00
3.867118159800388422e-01
1.206610029009411056e+00
1.753463020657530569e+00
1.568803034505067140e-01
1.325518998653112623e+00
9.674537654853133661e-01
5.014203417996548895e-01
1.622922953958595871e+00
6.547630593135985722e-01
8.066134361899802707e-01
1.385355347903274525e+00
3.687443653786142139e-01
1.267974917873949892e+00
1.293825255163561394e+00
1.373315349934601803e-01
1.353529515062145139e+00
1.119256780045496447e+00
2.781850051507788191e-01
1.463241326076618165e+00
8.403302148529246951e-01
7.557048380780528873e-01
1.446757428313012239e+00
6.287639804845333025e-01
1.052595135440978158e+00
1.462645211398917677e+00
1.328921570360955262e-01
1.306473402216611790e+00
1.351432189623103630e+00
3.285502821972716148e-01
1.302636177985845078e+00
1.047456516339648092e+00
6.235740587613943786e-01
1.548824007950990067e+00
8.189669563189899693e-01
8.349204816242336014e-01
1.566322919998156538e+00
3.107261341178802483e-01
1.133030727731968890e+00
1.461654818721702886e+00
4.520581168029116914e-02
1.485849362937593510e+00
1.218066230563196184e+00
3.875908423050829499e-01
1.417355837441576005e+00
9.034524193331062714e-01
7.386277541645135392e-01
1.484501378957669537e+00
6.593816190932076937e-01
8.992473401433435098e-01
1.475972856854655957e+00
3.190341605790495971e-01
1.281203276092751642e+00
1.826655697324657046e+00
2.174113928451805733e-01
1.446528608324932685e+00
9.648754910553594133e-01
6.530972607535995289e-01
1.588160621899349145e+00
6.912196870665947568e-01
8.729135930005905708e-01
1.448775282193870861e+00
4.062667668940611598e-01
1.193466845366407458e+00
1.207063407829749968e+00
1.708868573088735854e+00
1.270597029307937609e+00
1.256497423210976239e+00
3.456949660607595565e-01
1.508666439169885631e+00
1.743097142898296426e+00
7.466902166693696330e-01
1.551487286271105770e+00
6.955001482855500683e-01
9.907622083931179047e-01
1.916216624040409044e+00
1.605934015632657086e-01
1.179939010499035712e+00
1.691151855182981389e+00
1.650992240864566529e+00
1.426545194439629016e+00
9.389834855663501401e-01
3.972369755883530806e-01
1.448094494041691993e+00
5.438368633587098433e-01
8.503714253391929656e-01
1.608256677886392039e+00
3.080954617623961056e-01
1.068463417447902186e+00
1.358614884215554985e+00
2.336257083227392950e-02
1.237925782308161082e+00
1.256320589446328073e+00
4.477197569224768414e-01
1.345362010192114433e+00
9.152027767839413519e-01
7.696388470662329784e-01
1.256627660770890165e+00
6.047946034153641737e-01
1.165215644401575101e+00
1.477710854996383549e+00
3.727390680844084314e-01
1.294626945370135118e+00
1.218274382311495208e+00
9.282319310371139887e-02
1.450231533481233459e+00
1.061326395953765767e+00
3.882447926594970733e-01
1.463112189538873009e+00
6.607395706985964567e-01
8.575047726897940814e-01
1.570575786306808386e+00
2.506813235961052322e-01
1.030684873469210672e+00
1.459802544237675415e+00
5.851005434178767339e-02
1.323914138789195727e+00
1.102948298876818667e+00
4.134013686584880887e-01
1.399302110125345555e+00
8.336845360070818112e-01
6.557167294448634776e-01
1.469667535868657282e+00
6.776256400523855694e-01
1.000817032022614406e+00
1.397312050231640290e+00
3.024360208765635161e-01
1.197045979267730598e+00
1.037250041665711553e+00
3.219200011148301566e-02
1.808061384710436093e+00
1.082449354549447795e+00
4.272267667567655747e-01
1.536212074560582286e+00
6.019455487111320391e-01
8.493120187665188503e-01
1.583167394660077276e+00
3.930101518113469083e-01
1.144290779341226028e+00
1.303251853696153262e+00
1.165042994874845445e-01
1.337356416745016707e+00
1.314369252725238413e+00
4.576184748591009543e-01
1.362746454778442029e+00
8.926983421393508422e-01
7.629457879741367021e-01
1.589524441038689950e+00
6.310355853035113372e-01
1.058620325068992285e+00
1.288547799224041057e+00
7.520262748628042671e-02
1.191677467089584441e+00
1.247668444435542590e+00
9.454589723441278459e-02
1.384063219580647264e+00
1.103173264289623257e+00
4.351025902880165663e-01
1.556125550921610756e+00
7.043597803099772570e-01
8.880307521340923271e-01
1.396445807477755707e+00
2.561412294027226588e-01
1.004231164547005895e+00
1.381461218669208124e+00
1.878918792703616197e-02
1.478124257262839247e+00
1.701626338586786025e+00
3.021094693342384341e-01
1.914449018922892654e+00
7.396179013041719319e-01
7.739449770417841101e-01
1.557889023923314298e+00
5.947759363576397007e-01
1.016884947553306828e+00
1.426661965049987435e+00
1.693694001242576352e-01
1.106465302409121332e+00
1.275866652171243398e+00
9.758464401121057230e-02
1.457317805916988007e+00
1.113470673678784939e+00
5.706561758748793789e-01
1.444604707106401653e+00
7.849320330879017149e-01
9.652396129392584179e-01
1.479621547814783833e+00
4.285681088842727693e-01
1.122465550998702266e+00
1.520211027486397359e+00
1.131782092179145077e-01
1.392542280634327945e+00
1.151900247716453940e+00
2.333758776971924243e-01
1.416562865212271261e+00
8.441079767714037008e-01
7.009262080994264066e-01
1.321076109438257928e+00
7.001634738384368006e-01
1.056070096937695268e+00
1.371039726856342789e+00
1.960636864217619180e-01
1.303617055453185403e+00
1.306722732117481245e+00
1.610720112050544883e-01
1.366677496284097071e+00
1.069424906709820489e+00
5.850138595251777041e-01
1.417431580573758287e+00
8.026000172812859379e-01
9.519556905982460293e-01
1.438870921911391987e+00
3.982177330416176719e-01
1.123224710584569186e+00
1.298529989423681252e+00
4.725600170016985846e-02
1.398377353356065722e+00
1.119032933878060687e+00
3.551483033070699236e-01
1.485593405437718673e+00
7.466375455717043641e-01
6.939845799886956712e-01
1.484519347445867554e+00
5.744599509657034586e-01
1.086942236745835011e+00
1.381134848352854050e+00
1.663326432130395605e-01
1.256569885754736937e+00
1.215896952324815317e+00
1.266314974557300466e-01
1.462303154593909360e+00
8.989886834451336073e-01
4.881531219280536571e-01
1.524668654769603782e+00
7.482400381788233412e-01
8.877491381466461329e-01
1.250237481820691610e+00
1.721279059971854375e+00
1.084793845394665501e+00
1.306420154262420752e+00
2.892374872014935594e-02
1.318324220926353041e+00
1.175850725131436958e+00
4.045870936208592061e-01
1.362634861325715097e+00
9.541592448159206263e-01
5.015617316538154569e-01
1.568240971929054650e+00
5.368356825853787262e-01
9.930104626095082043e-01
1.434281387761736637e+00
2.329732079273172385e-01
1.255425773093990172e+00
1.215546329518764290e+00
1.467428217724623396e-01
1.528508324430127407e+00
1.119874962709759059e+00
5.686218342268519743e-01
1.576693023083959755e+00
7.355154895834368212e-01
9.738004907967372503e-01
1.580677331144476394e+00
4.703748580004240565e-01
1.112008687495855241e+00
1.366974459410366993e+00
7.958840321277645125e-02
1.427544088178795079e+00
1.064719900044136525e+00
4.241618344343529579e-01
1.378956799797827149e+00
9.910996588625181625e-01
7.323920720812546747e-01
1.449713943269431482e+00
4.409469809892002656e-01
9.609355718698230353e-01
1.400100521657791530e+00
3.069995470500363477e-01
1.186753124724108321e+00
1.797228757501438290e+00
1.692204156840288742e-01
1.401425979900449814e+00
8.445571697970611913e-01
6.295168646331322782e-01
1.508304827407066728e+00
7.462536778083947997e-01
8.184236609962842746e-01
1.457780555616370988e+00
2.611719861101902129e-01
1.147978364490416014e+00
1.432998631503669129e+00
9.260074772899579143e-02
1.830423626111597590e+00
1.173731468878054240e+00
4.995243415795672659e-01
1.825414436089414227e+00
9.541416840922194442e-01
7.648294641924320292e-01
1.483878599980417157e+00
5.260659705236552242e-01
1.012013137860585887e+00
1.455510165313869120e+00
1.759910884005059239e+00
1.117576677543052899e+00
1.295139840910067397e+00
1.319870101031526133e-01
1.392731155915796215e+00
8.809031485384181126e-01
5.219336018872990923e-01
1.681929652254086527e+00
6.244854716734906663e-01
8.059003633837821257e-01
1.439911208597024705e+00
2.478481071929034274e-01
1.035389562993369594e+00
1.400641237459527177e+00
6.364180641930305971e-02
1.201851483128494991e+00
1.224774644545875812e+00
5.050642641967822977e-01
1.611067058110633887e+00
9.525586456312641337e-01
9.900908219366748586e-01
1.309775815977474833e+00
4.494416007098990806e-01
9.013107536193509794e-01
1.593466858200584424e+00
4.614410485863850581e-02
1.100829407070195165e+00
1.276866177477421704e+00
2.664041477206474107e-01
1.465333693591336139e+00
1.044438390639011560e+00
5.810440274711259345e-01
1.436847262516526280e+00
6.992051174960997040e-01
9.929055578138367144e-01
1.496390983497625893e+00
3.159852536656291844e-01
1.162760645057137499e+00
1.476123139807541174e+00
3.005667479000666276e-02
1.326480389483291278e+00
1.109931692068349074e+00
4.659416218230885143e-01
1.406223042469842088e+00
9.147542442279051889e-01
6.359574244992085568e-01
1.389803792462603438e+00
5.253885781906622032e-01
1.699317069756961285e+00
1.373684622651426768e+00
1.196029920688341380e-01
1.174943821814272926e+00
1.320526069065457664e+00
2.098615096223479526e-01
1.460256946862028782e+00
9.386080811337254026e-01
5.617606103106644877e-01
1.493169836195368694e+00
7.083225099931546032e-01
8.669116324106445060e-01
1.437019852841964207e+00
3.391475778955854725e-01
1.118348961847626999e+00
1.380607192594899724e+00
6.005732422394526038e-02
1.338065791589539533e+00
1.696094806807787903e+00
4.241769657933791016e-01
1.448370370369437277e+00
9.234911606316872357e-01
6.475092025386628425e-01
1.532800411066299162e+00
5.011232136775941592e-01
9.720145723523353487e-01
1.429131891064142623e+00
3.265761833831303251e-01
1.144112467914062181e+00
1.343372255428525008e+00
3.666076745909160883e-01
1.296439535633219897e+00
1.045246094116995428e+00
5.010405436228841936e-01
1.498781067373856635e+00
7.535008370509556075e-01
1.021674080761931780e+00
1.501512177343054200e+00
3.763474926779583063e-01
1.076217813216569175e+00
1.399639044324142434e+00
4.298696141247136671e-02
1.351879376832803681e+00
9.762781301840991466e-01
2.728127623406948477e-01
1.725819438905431324e+00
8.111840615146391764e-01
6.611837864527505548e-01
1.642856048646939904e+00
6.034565553408854921e-01
9.500523389167525590e-01
1.570972420879723108e+00
1.202691053668568377e-01
1.283279124839708629e+00
1.722283784194730050e+00
3.728489263287322331e-01
1.482483555571403766e+00
1.052651746002216226e+00
5.699919190258110335e-01
1.381661948896873549e+00
6.931462769213598829e-01
8.416992422421788467e-01
1.364176144359952714e+00
4.795776636958916095e-01
1.119982644048967746e+00
1.453410222255581363e+00
5.458242785088446292e-02
1.390950030582941643e+00
1.154756502784557437e+00
3.178531861080604592e-01
1.408586913948932651e+00
9.008724416544430236e-01
6.171296990322373555e-01
1.626995354057064302e+00
5.731898321291387655e-01
1.023361525489109081e+00
1.370916691881385097e+00
1.905450136588947296e-01
1.245937158664469413e+00
1.197273474163332185e+00
2.598646758197373785e-01
1.465465943859226794e+00
1.166604778829186895e+00
6.895460699774178526e-01
1.402133836683293833e+00
5.511459179186286583e-01
8.270000539946420481e-01
1.427944985658940791e+00
4.168063233524365585e-01
1.106128675903063741e+00
1.380564685995487650e+00
1.155100579847447295e-01
1.375712254616759500e+00
1.270306069410746641e+00
2.981017254075778444e-01
1.471616953526169169e+00
8.901681349582365455e-01
8.467107027826042964e-01
1.595719340521464025e+00
5.140384417458443433e-01
1.130905146020518615e+00
1.403596574383673579e+00
1.266690187287836111e-01
1.475806323892010941e+00
1.342850242331436572e+00
3.771217476173739647e-03
1.600447784678114882e+00
9.795887373016581856e-01
5.462052934948008476e-01
1.572979006672468927e+00
6.550068345302615391e-01
7.596457639299082354e-01
1.476300273092801651e+00
4.028576477292099556e-01
9.926224686426355914e-01
1.380131930323595935e+00
1.705341094577231154e+00
1.307072651594297197e+00
1.704504864520733909e+00
3.287025177611029858e-01
1.370581308672554677e+00
1.700332856812116100e+00
6.878885194248913759e-01
1.601295049281796778e+00
4.122325983061658206e-01
9.861022187028429808e-01
1.589080550040943507e+00
1.349826064115732804e-01
1.218134788337476904e+00
1.282570110991954948e+00
1.623750946074520585e-01
1.270736445384836433e+00
1.139470291411041947e+00
6.051351370378433847e-01
1.463413606037752723e+00
8.464931569933070721e-01
1.720796067649583927e+00
2.027068528372264922e+00
4.902241395238265409e-01
1.255357826806347887e+00
1.364599248593598046e+00
3.015130723008158792e-02
1.365779020424243262e+00
1.139079212260779794e+00
3.109468098680098769e-01
1.633126607629061589e+00
9.115780694345267943e-01
7.477684913152060631e-01
1.477836563311976548e+00
4.517732162115357664e-01
9.262977700963318517e-01
1.509620333706960249e+00
1.811420332033747416e-01
1.213155055080674449e+00
1.323229783606064025e+00
1.708490791522461749e-01
1.331099853021856294e+00
1.073641327259566847e+00
5.746030485262307863e-01
2.181733111737627961e+00
8.271614455902184249e-01
9.512587634007936277e-01
1.394295483267544933e+00
4.074222230481751028e-01
1.119978358785385986e+00
1.932194811764869735e+00
1.779232926564926764e-01
1.332668486665218976e+00
1.126481144312665439e+00
2.730253568596249791e-01
1.410147785292170663e+00
8.192958598630384337e-01
8.088078398262908975e-01
1.612808878109396549e+00
5.213624647445050941e-01
8.947786772085345453e-01
1.534978607303520093e+00
1.379839079990552719e-01
1.293571168993867149e+00
1.361366509182087459e+00
2.176743720230358003e-01
1.399741709755064845e+00
1.192273108702334383e+00
5.890769913353740561e-01
1.454116400063878878e+00
8.730712526660600048e-01
9.055162121255672103e-01
1.596328240466181159e+00
4.546959883502281752e-01
1.279248970019474019e+00
1.327850865276660519e+00
1.214044891963785566e-01
1.524738490485729514e+00
1.038476537889611473e+00
3.641047445612891065e-01
1.536415680291861152e+00
7.983819033808529086e-01
6.768865689208919401e-01
1.534261807684914602e+00
5.068650093785868060e-01
9.816186875889579833e-01
1.435665976462552340e+00
1.730510331032508176e-01
1.372230106856661136e+00
1.236254049757886442e+00
1.223229445209300381e-01
1.494885911293117209e+00
1.047157827298427213e+00
6.289443276349748757e-01
1.450612732289221052e+00
6.547886821462065576e-01
8.080391731268131705e-01
1.477763319362341399e+00
2.722165016459605069e-01
1.117665582184861561e+00
1.471743355982896073e+00
4.503415304909856587e-02
1.326560915740386593e+00
1.710780114790986906e+00
4.951345179881333491e-01
1.386365288906522997e+00
9.900645085305033177e-01
5.938715907230889268e-01
1.579926368115738500e+00
5.348246764107527085e-01
8.621340430222724782e-01
1.449703560983810258e+00
2.082510338293256380e-01
1.173320513693886458e+00
1.278386053459505511e+00
1.239663767478264012e-01
1.353868733818254233e+00
1.738089463740617457e+00
5.847693811768427397e-01
1.512370735822516910e+00
7.409264384951880222e-01
7.573527175571247438e-01
1.426019270063879185e+00
4.440527999838801976e-01
1.176013470482296874e+00
1.287633933449243928e+00
9.957746749456558577e-02
1.416691837118047026e+00
1.209128798210002298e+00
3.508139149933514056e-01
1.542732752448430888e+00
1.710911589438978142e+00
6.735383897294978661e-01
1.943309372680042557e+00
5.569941809211451655e-01
1.047915234044558774e+00
1.436242191761514686e+00
2.418284090567503902e-02
1.227289895438571365e+00
1.331261964884732363e+00
2.142701672707703620e-01
1.449934516310233068e+00
9.748570083527973162e-01
4.873011740729969454e-01
1.506577496949244921e+00
7.019205536523684952e-01
8.387758024311515737e-01
1.511070645581266358e+00
4.240021634701259812e-01
9.807175717570163487e-01
1.443820931951530717e+00
2.792494959406396221e-02
1.324974237779347197e+00
1.053815202007942542e+00
1.687081206630095531e+00
1.589500461659071995e+00
7.782590607190373877e-01
6.817698481114365938e-01
1.472748721403011052e+00
5.581227454258758103e-01
9.099950852485093611e-01
1.409114938200964007e+00
1.696321288244470038e+00
1.043410699714617751e+00
1.351572583679803374e+00
2.050781021257097603e-01
1.522602474896032287e+00
1.077965490614666733e+00
5.849902716935648783e-01
1.283355916988703216e+00
8.269920446100873512e-01
8.596700740124124662e-01
1.470528605685743839e+00
3.528439172288985737e-01
1.089127245260731014e+00
1.322481807302266166e+00
2.283180346856230614e-01
1.439039125806145902e+00
1.242641433235999848e+00
3.579353270992111091e-01
1.469614365185971439e+00
8.384598317150259161e-01
6.490648334463927638e-01
1.572041789220942620e+00
5.896227682756401967e-01
9.390233291592497977e-01
1.492968989484340758e+00
6.108229059207647554e-02
1.236841159947833058e+00
1.741451820380867987e+00
1.528272022495472671e-01
1.601936984315399881e+00
1.066094876449827700e+00
5.144463295095185185e-01
1.528870302196924991e+00
8.057813165989149429e-01
8.119409445391855273e-01
1.483967915979456986e+00
4.591577573301545145e-01
1.065197600475535689e+00
1.741444569273211229e+00
4.113758830851861614e-02
1.391267617502718323e+00
1.116277496116274470e+00
3.266047220970854648e-01
1.544300633957806035e+00
8.819540657724616040e-01
6.938877020407669960e-01
1.575258080582303322e+00
5.641556434206312920e-01
1.031624023647269572e+00
1.445399060608872688e+00
1.335037536704138383e-01
1.155843394615581055e+00
1.273774165793610802e+00
1.018450709108420504e-01
1.416491305628589048e+00
1.749920953854802175e+00
6.199777769865685295e-01
1.336719367327100505e+00
7.086546458390263759e-01
9.854020906195898322e-01
1.524979771402358519e+00
4.228147682497320758e-01
1.191800016032886766e+00
1.345982688058015464e+00
4.358730716058405175e-02
1.437936455234412270e+00
1.103503705718697381e+00
1.664495542332295797e+00
1.511039830116673865e+00
8.515009122964507515e-01
6.258803966283295050e-01
1.610807806118161878e+00
5.776288626511000279e-01
1.655568434814229439e+00
1.423416651685114998e+00
2.561668723096276190e-02
1.121588826925723481e+00
1.445034933886977679e+00
2.425212060979424766e-01
1.376605359705155074e+00
8.235938568511079749e-01
7.285066169715690432e-01
1.612591529542438451e+00
7.378380001875566307e-01
1.026241227908217146e+00
1.504092993225952135e+00
4.829350611661756831e-01
1.206148527087508304e+00
1.329894245617076365e+00
5.872361126573834994e-02
1.479144769094974832e+00
1.108058823347697341e+00
4.313119401946978737e-01
1.396333744690998024e+00
8.790081094107974335e-01
6.021488347699166521e-01
1.515555708395862400e+00
5.010293503353084876e-01
1.040674352942643210e+00
1.464309705690750141e+00
2.686148082830587813e-01
1.320099507672644945e+00
1.424982771510318047e+00
3.019092726128408954e-01
1.344285552362122882e+00
1.131352207582424718e+00
1.709704034411521301e+00
1.489297735056364314e+00
6.974563461149203558e-01
8.270586878028929334e-01
1.464142882257400302e+00
4.674661352020939575e-01
1.189261792645504023e+00
1.378640143489427317e+00
3.969592643563385481e-02
1.231919935702161739e+00
1.195719847090565446e+00
2.840256694083747591e-01
1.497816487455776446e+00
1.712229820669035396e+00
6.784760642398456332e-01
1.531399721054706120e+00
6.455361818038959365e-01
1.685199261490306855e+00
1.340380551904287953e+00
2.019409123369733938e-01
1.190058022275048755e+00
1.418500610533588668e+00
2.313491586776594000e-01
1.455593218669654076e+00
1.053817488044739070e+00
6.199501998219605348e-01
1.959324119639498596e+00
1.738548040116986160e+00
1.048969294603193658e+00
1.455817058201931635e+00
4.265161352811105422e-01
1.293449251844071002e+00
1.290762570163632272e+00
1.013951018407338589e-01
1.252719656414059468e+00
1.050709060958681773e+00
3.475931021438483093e-01
1.382890072457523267e+00
1.705615569131416098e+00
4.669146218386767688e-01
1.605723849520067414e+00
4.863844479152239497e-01
9.227172954066413801e-01
1.462342435485422421e+00
1.175649341594183078e-01
1.264123095459982249e+00
1.385165629950655175e+00
1.723548506676291503e-01
1.467670452556663729e+00
1.146225783085149441e+00
6.095228565560134593e-01
1.459508787103031002e+00
7.704226500641411235e-01
1.045218410354083360e+00
1.498957132549503468e+00
3.685582427107656489e-01
1.220393744119554924e+00
1.609169019200562323e+00
1.336173283138222465e-02
1.414546370656332153e+00
1.260699796621098656e+00
3.155569770988657652e-01
1.461677776372133142e+00
8.444760904297686777e-01
7.357045320321362603e-01
1.464410427948114046e+00
1.728618823426504303e+00
1.217748300250266480e+00
1.930830589736740377e+00
1.616219103703207538e-01
1.230282447098351106e+00
1.229289983395104313e+00
2.055477582682226634e-01
1.448039373543045460e+00
1.049292523785689601e+00
4.362061559894508389e-01
1.549638359792518738e+00
7.432568883843915231e-01
8.504601114394778616e-01
1.409606161024117954e+00
4.618539028272060087e-01
1.227021929558880453e+00
1.454556382741837073e+00
1.343167003348711419e-01
1.185919218494958294e+00
1.094130093564243289e+00
3.115029984125202711e-01
1.421641092174721788e+00
7.332238397707580013e-01
7.918097019525417446e-01
1.573631871124668624e+00
5.622205784836539211e-01
1.000824153540709860e+00
1.390037499778314034e+00
1.349471894066099353e-01
1.237322832881900370e+00
1.727457879214147729e+00
1.342581388986318902e-01
1.506395100123773423e+00
1.075075733025258273e+00
6.268158114048542062e-01
1.433328074837361354e+00
1.716415542740904465e+00
9.547068312112715338e-01
1.570880023485171861e+00
3.974968022641008902e-01
1.676831090259761847e+00
1.357443638541921072e+00
5.144965223800802151e-02
1.282582093808790846e+00
1.293329859915958613e+00
3.417971720318739304e-01
1.378978377845771375e+00
9.168881546895986112e-01
7.234750297647781769e-01
1.525175529139632946e+00
5.457989226852509868e-01
9.588541249419688661e-01
1.382705754673589027e+00
2.706255083562481012e-01
1.717373452600255090e+00
1.253873634266577497e+00
3.258510584995963910e-01
1.444288940360280327e+00
1.090756951241382611e+00
6.247241777977573518e-01
1.409275275027368712e+00
7.112298876715676954e-01
8.942917733440394201e-01
1.410841506536767653e+00
4.026078135503448618e-01
1.097985029301652427e+00
1.403892571594689276e+00
2.272644020027174416e-02
1.413456590875418417e+00
1.032376468008154191e+00
3.337407257793820747e-01
1.496651664778535284e+00
8.714416929110350152e-01
5.845632930692978846e-01
1.394780660849173959e+00
5.208308610889021972e-01
1.003470277477811479e+00
1.438479773282662189e+00
1.870706653740424885e-01
1.215591570021649970e+00
1.265148769071887003e+00
2.526018067005446066e-01
1.556149570266394777e+00
1.118066554644571609e+00
5.250350206388583185e-01
1.526057385851382175e+00
8.280949779123837340e-01
7.562667301362865357e-01
1.558291801921811937e+00
3.711563187851807943e-01
1.191071302224048223e+00
1.348234905245332405e+00
1.732872043582241339e+00
1.244453380760074168e+00
1.184868054086715583e+00
2.785155524761607770e-01
1.487261836969618667e+00
9.197874501680185499e-01
6.727580693430380565e-01
1.489917978944464316e+00
5.697853314777674427e-01
1.127837560448375909e+00
1.509480290956124682e+00
2.981955671811570285e-01
1.200356420502008525e+00
1.094238183695811051e+00
2.517762813301092639e-01
1.367550617259190027e+00
9.192336459085773681e-01
4.737212841845684919e-01
1.512334350458260701e+00
7.054015146673666692e-01
9.175041686105284144e-01
1.665106779636875700e+00
3.023714904559578476e-01
1.147473426668970342e+00
1.388386883798534033e+00
3.529571776426982180e-03
1.327047995620939114e+00
1.031845174500995554e+00
3.578681432244023575e-01
1.464950047688815982e+00
9.249575397419834699e-01
6.453753088905593849e-01
1.553059947771114002e+00
4.317784136984310073e-01
1.090665255964099911e+00
1.555845851604915620e+00
1.373536553608760147e-01
1.344394082987067973e+00
1.244074806980937975e+00
1.516549478834136599e-01
1.310317452127616411e+00
1.113237208019213886e+00
6.881557548770566024e-01
1.544421336078188212e+00
8.273613235378685093e-01
1.036822569830369023e+00
1.624801695463435669e+00
4.221041425005975789e-01
1.086897977725193032e+00
1.369335454894669901e+00
1.409798592097502301e-01
1.332183063134207979e+00
1.213702694938004978e+00
1.642553707299357901e-01
1.453746299509941053e+00
8.722151699352584941e-01
7.173182062524058322e-01
1.599767506282708140e+00
6.125005343064230390e-01
1.038952596013370089e+00
1.462714767755833867e+00
2.348455131127297202e-01
1.282846400612290383e+00
1.716173205793894319e+00
1.898539359764495060e-01
1.435855643997346220e+00
1.071402336657682808e+00
5.607827390272426271e-01
1.400043615754413384e+00
7.169091235208691071e-01
8.172875638776141427e-01
1.396867928387483859e+00
3.499745245164654350e-01
1.192941348739837037e+00
1.287446968634343269e+00
2.450304213147904558e-02
1.292537279046172660e+00
1.157217351572356501e+00
3.533960846755327401e-01
1.951257624515355671e+00
1.018085776667704723e+00
6.961135170304986186e-01
1.409433834048690048e+00
5.348453288707566422e-01
9.783102258075356827e-01
1.550713814595099826e+00
2.065491202486942623e-01
1.343699358196331461e+00
1.305654657836292865e+00
3.564124590694919825e-01
1.347582462995149166e+00
1.112752536292593408e+00
4.125864290189352745e-01
1.418925792521335882e+00
6.845115849386748108e-01
8.496448601374595455e-01
1.308655644401850449e+00
3.694344875886802493e-01
1.216426194473153810e+00
1.324699201435714402e+00
2.535410911009837107e-03
1.325166583208271742e+00
1.248069939825051655e+00
2.705319119044358733e-01
1.365897808298071503e+00
8.414102490855489558e-01
6.494506451651791412e-01
1.498505209687122974e+00
5.280178470380654243e-01
1.078950262193992593e+00
1.355573605029667617e+00
2.054414907669155077e-01
1.272641055692639522e+00
1.334487703610162335e+00
1.834646882542643187e-01
1.436073474526327942e+00
1.002635101157364872e+00
5.483830391858501851e-01
1.520574451775407843e+00
7.007419984888336728e-01
8.721983312294987467e-01
1.492188098550610409e+00
3.107943077985432234e-01
1.664746839755308905e+00
1.492495296922888404e+00
2.251619145000102740e-02
1.230983757363591113e+00
1.213823859975602826e+00
2.153973485736153382e-01
1.252060451257436258e+00
9.887199665106728430e-01
8.269789061378409745e-01
1.454205398013665107e+00
6.194046176439863549e-01
1.064535937651392983e+00
1.518358193186908345e+00
2.619147562375910288e-01
1.316871091503566849e+00
1.159576095345527635e+00
2.494675768716315412e-01
1.388777462553868469e+00
1.033275881254819728e+00
5.230882685441624602e-01
1.508357580886541927e+00
5.542172654445547408e-01
7.790678525759158202e-01
1.514677097838604380e+00
3.077288322309043034e-01
1.191367779941316707e+00
1.289555355863728270e+00
5.667186715667553443e-02
1.292890569225318087e+00
1.740332722986733360e+00
2.459655750504184391e-01
1.554438900488686270e+00
8.599039432677856309e-01
7.485048554658774167e-01
1.478645160471366404e+00
5.487207074505282556e-01
1.043621307303111090e+00
1.436027880163164960e+00
2.406665444385246710e-01
1.196357318755993493e+00
1.693900347948694929e+00
1.790358022373069180e-01
1.516861613259105512e+00
9.532130329615265962e-01
4.208909218629725002e-01
1.363979477217378777e+00
7.634847721597002312e-01
8.705918198791091633e-01
1.437102548939382940e+00
3.814450249260820103e-01
1.140429757716373560e+00
1.276817838264428628e+00
3.045229251406802659e-02
1.801937083973323306e+00
1.146658985001850706e+00
4.558622994513440996e-01
1.416284023591964036e+00
8.824737893305601988e-01
7.243541812690149628e-01
1.467169740546637957e+00
6.181860251555136854e-01
1.063464278679469910e+00
1.368001750788534254e+00
2.514546292351783618e-01
1.277021409629212290e+00
1.260307449361454113e+00
1.689876328115289539e-01
1.424846296121532019e+00
1.015093943654336028e+00
4.907971845804321442e-01
1.461566850068220846e+00
7.669818848983028792e-01
8.112293144431856895e-01
1.797941923730287161e+00
3.768280677464053152e-01
1.166568040619993418e+00
1.384630025194099057e+00
3.189344820609443104e-02
1.252577606853958248e+00
1.244406880821198547e+00
3.252441483023091884e-01
1.420745412500519000e+00
9.196519550833986978e-01
6.992909258559628638e-01
1.572058807076619269e+00
5.189161966889929145e-01
9.790377661818466803e-01
1.487286589773762602e+00
2.204228644970448459e-01
1.333960957997593511e+00
1.257120964512524752e+00
1.742323329152353495e-01
1.234978112742617595e+00
9.789321984694305812e-01
6.609127365513265406e-01
1.520279613637469662e+00
7.387830971514671718e-01
9.323671938528621528e-01
1.520735508461126040e+00
3.220572567443539258e-01
1.136209306812780984e+00
1.372651417806335372e+00
9.046374099027805482e-02
1.340308786065195878e+00
1.164311123577322915e+00
4.404590542452246349e-01
1.514079848130340356e+00
1.001628836553081658e+00
7.651487722404987091e-01
1.534442105469438378e+00
4.554187396996878245e-01
1.030707215131012822e+00
1.404322720434998617e+00
1.556429880834691859e-01
1.277904125223299436e+00
1.208967805118549066e+00
1.771320669865379949e-01
1.454859488456832217e+00
1.093474973805154349e+00
3.935693520447067217e-01
1.491711640142788786e+00
8.198120892284619377e-01
8.525635011684563613e-01
1.929840715712323629e+00
3.484818099329352603e-01
1.087877295548391965e+00
1.355693394858454193e+00
7.444334403865979222e-02
1.387365585631681109e+00
1.194850356316013329e+00
3.277052851884155182e-01
1.439258661959697871e+00
8.070704314402289414e-01
7.186331038022906181e-01
1.477273995797146577e+00
5.105424507845306437e-01
1.114097824136216941e+00
1.378572577407915167e+00
2.211801118270088073e-01
1.313082307620509148e+00
1.284902784861784886e+00
5.833393006213997978e-02
1.292697793376971438e+00
1.030522877631602885e+00
4.618299359809160398e-01
1.461436623367644128e+00
7.773215916778771772e-01
9.809030370208620120e-01
1.459338059394783560e+00
4.325117343569001571e-01
1.045598978918809818e+00
1.511149120867170792e+00
3.119134993436415565e-02
1.730980822669304420e+00
1.078873204212851933e+00
3.745460667852716918e-01
1.561197111305276941e+00
1.712266332063355323e+00
7.617575077928255833e-01
1.409901724251283017e+00
5.825584810420256776e-01
9.659868617984346262e-01
1.357829283608181115e+00
1.147210463148581605e-01
1.270239708663124967e+00
1.404043126265392738e+00
1.803525084971113190e-01
1.457396534501697483e+00
1.016401720310400547e+00
5.284204154311379353e-01
1.392065772962501224e+00
7.674296324301795869e-01
9.661796157719517719e-01
1.452908597181219674e+00
3.929610907283447863e-01
1.053918306970526020e+00
1.406052384842672032e+00
4.622669235257384490e-02
1.428337139464771033e+00
1.094524317526010870e+00
2.509991760946572170e-01
1.564710749345610052e+00
8.463254805409727854e-01
7.761117602222632472e-01
1.525060637176102185e+00
4.673767830543196777e-01
9.858359216546395132e-01
1.484587097895756269e+00
2.480908604784562987e-01
1.201795419683275634e+00
1.232162515237593903e+00
2.730333672814775903e-01
1.599354404713918321e+00
1.727126555066925251e+00
6.281427663676296680e-01
2.124816416562586685e+00
6.601594691505962009e-01
9.753477639244084729e-01
1.467802966388368269e+00
3.226248478598725544e-01
1.129873918912136732e+00
1.380830099798842747e+00
1.692211529045183765e-02
1.278822528365475497e+00
1.142081434966326858e+00
4.320230638856025207e-01
1.580476268547488905e+00
9.071575726566041276e-01
6.626364489782390343e-01
1.585338461315944691e+00
4.517735325506728183e-01
1.120328813903630039e+00
1.426609685646910153e+00
2.263036063099536366e-01
1.375040599871978575e+00
1.323140058141639708e+00
9.018158339345902497e-02
1.380790616604473442e+00
9.272324650459010664e-01
5.464152409703186830e-01
1.527789290677851408e+00
5.812447242408751436e-01
8.628805796325593747e-01
1.481105742863939589e+00
4.690951323382536731e-01
1.232346507082573872e+00
1.378161308890355263e+00
4.893205834878165683e-02
1.389215754226624133e+00
1.163257700079803225e+00
4.462367484077635615e-01
1.531406800692199921e+00
8.908300953390538846e-01
6.663758392727312518e-01
1.715821599376151196e+00
5.663195042676266722e-01
9.047823589255845622e-01
1.390195253053972291e+00
2.316614705724083789e-01
1.339742627348506243e+00
1.318392823370173161e+00
1.892835434149772178e-01
1.499324369378491228e+00
1.117861953369167827e+00
5.353497816790021568e-01
1.501419319424348364e+00
7.264738736347846615e-01
8.876742986519718936e-01
1.577453822013022755e+00
3.861467962040425195e-01
1.080761964489918903e+00
1.239753248893740611e+00
7.521033819801703491e-02
1.394353602910611611e+00
1.162235976089543543e+00
2.205956216181472751e-01
1.356745272965714122e+00
7.957127757449981020e-01
6.514012261132909876e-01
1.408484947846829982e+00
5.231071227578480975e-01
1.070726692774743860e+00
1.370115939024851848e+00
2.329146473887955537e-01
1.701151364322913251e+00
1.172026561093556740e+00
2.393669121567059133e-01
1.323264408629648781e+00
1.055904871565339631e+00
5.323770046783760090e-01
1.429641046756177758e+00
8.101567276279799668e-01
9.346345944912954895e-01
1.473944255094381983e+00
2.380248423172523220e-01
1.184532074968339455e+00
1.389444275523441075e+00
4.308847625560903449e-02
1.414539051953395132e+00
1.193729919762091196e+00
3.297556901843980426e-01
1.485872006699045178e+00
9.806579059211756322e-01
8.227078782543869595e-01
1.552185378753997869e+00
5.528428762105002114e-01
1.690098241061998907e+00
1.317398030388158281e+00
1.255003620640756656e-01
1.159018957947613782e+00
1.411222203433403877e+00
7.683628134663422760e-02
2.075491181655579442e+00
1.002549126960556425e+00
5.176966399590713364e-01
1.317291921320428383e+00
8.761655238682506397e-01
1.032884143979677649e+00
1.325498075464580205e+00
1.736274206183043622e+00
1.222553820087585619e+00
1.533384925498914031e+00
1.470259902592799608e-02
1.414482035006882077e+00
1.160469963923483894e+00
3.548008052463379469e-01
1.416443817823183293e+00
6.250253281026805219e-01
6.440416173075922401e-01
1.504844439581744187e+00
5.279795908322730824e-01
1.072921917574842787e+00
1.433685328963647088e+00
1.408292782755249106e-01
1.163537904832180558e+00
1.287866408919333683e+00
2.236224716413578451e-01
1.321457772515818085e+00
1.084058293907823822e+00
4.277787604450297154e-01
1.713744691568743539e+00
8.075562086617722457e-01
8.385386401848876625e-01
1.583747928918354919e+00
5.047086355069853036e-01
1.240495588498931934e+00
1.305256468483066312e+00
6.874370720764606812e-02
1.358793873532208485e+00
1.219118304558512111e+00
3.235100207378943660e-01
1.413102914769276630e+00
1.092744180155627243e+00
7.544787687459273418e-01
1.413017948579891936e+00
5.749396285328203238e-01
9.667442825060666989e-01
1.385925085377564425e+00
1.725281835488807480e-01
1.250104556508757847e+00
1.253479499338083336e+00
1.145437919838412089e-01
1.384599225660709365e+00
1.006880390291533311e+00
6.741365834207633245e-01
1.935905328641154277e+00
9.193159537706676598e-01
9.818633696771221775e-01
1.403246784649900158e+00
3.791411100235633769e-01
1.027014206240359551e+00
1.580032444548963966e+00
1.712577283920103000e+00
1.383252747431612306e+00
1.216936829114098506e+00
1.720946586825413682e+00
1.363200297921639326e+00
8.344495991231201115e-01
8.296675328994619347e-01
1.514702548256185333e+00
5.203722333378910658e-01
1.067513572366795227e+00
1.913645375738835419e+00
1.949306648469878445e-01
1.364746260124257482e+00
1.279574836750202893e+00
1.811160254123739821e-01
1.427443094416641411e+00
1.072834243134335175e+00
4.960073985412015718e-01
1.635650533270331275e+00
8.216923112916488803e-01
8.268388179590931975e-01
1.481207793073204382e+00
3.418924641264043940e-01
1.237979367279958831e+00
1.399787767086641432e+00
5.653134237873360529e-02
1.216354852878328785e+00
1.178068154733141970e+00
3.657988266523846121e-01
1.405191186383880630e+00
9.288420760426751022e-01
1.724225360989387612e+00
1.600613885210584231e+00
6.017765218111454928e-01
1.034621291100427776e+00
1.457843048997667035e+00
1.124647769825136007e-01
1.227881403538550353e+00
1.210228423327784686e+00
7.143667684892533731e-02
1.374304880595548894e+00
1.052510992354154462e+00
5.367892445025569392e-01
1.317772602507993218e+00
7.945234990339336001e-01
8.413970094015248424e-01
1.528059034109387149e+00
3.504162551390307967e-01
1.230588180266237064e+00
1.247984957672956030e+00
6.367538876487577326e-02
1.435930038520365049e+00
1.071243014307757591e+00
4.245664120855818791e-01
1.514052972922137474e+00
9.250270998335807793e-01
6.070897736088568530e-01
1.875784855398822781e+00
4.905826653823617267e-01
1.027884548812531440e+00
1.326073994378251575e+00
1.736959688845512717e-01
1.384286902698285360e+00
1.254908554141503707e+00
8.041084512444954951e-03
1.364790711711304727e+00
1.112993393367316619e+00
4.874817372296347817e-01
1.386699740082869114e+00
1.711444117091507344e+00
9.190586779542080365e-01
1.494482853455108007e+00
2.514276849480732157e-01
1.682890408207703414e+00
1.236142203815629337e+00
6.851053631937936705e-02
1.340078169840793310e+00
1.141395845138756693e+00
3.471545590983241003e-01
1.452139760841117067e+00
1.035779354197790880e+00
5.575429476791131655e-01
1.642214674900430049e+00
5.758160400443870230e-01
8.846920613130987432e-01
1.265744848504536835e+00
1.363047300331740597e-01
1.213774951368845167e+00
1.242917797713663619e+00
1.773845538338771066e-01
1.405678915937484952e+00
1.083138114580161959e+00
4.178343593215821383e-01
1.559830416193415337e+00
6.007482293918144922e-01
8.545698976191645757e-01
1.499551967286189669e+00
3.927399163530633786e-01
1.095133069535176640e+00
1.341632891558313778e+00
1.302542938535733094e-02
1.312372085697766089e+00
1.224073589013950469e+00
3.636183995581296902e-01
1.302885341251684093e+00
8.969406866522569022e-01
1.722346389375418507e+00
1.510508430499729382e+00
5.246058622951134121e-01
1.712337683193601245e+00
1.371788440496803041e+00
1.800314312739028921e-01
1.109856801564099715e+00
1.706162156578750810e+00
7.439536832292975577e-02
1.381015084013768712e+00
9.435207428440492983e-01
6.034274559938742621e-01
1.457374721724372657e+00
6.264501420033633527e-01
8.076765127610682216e-01
1.500412344870363901e+00
4.477684187636987723e-01
1.021596110189626927e+00
1.387189649572701411e+00
9.664647126099547292e-02
1.465998030902725624e+00
1.156753673792632053e+00
2.894664835691955762e-01
1.487457376071355419e+00
8.691904631435665163e-01
6.257438605569723977e-01
1.400135126469950642e+00
5.491319831160778042e-01
1.021194928469653762e+00
1.460900111388977685e+00
2.701604091031157839e-01
1.274091127216721464e+00
1.191629431127579464e+00
8.700502931554886243e-02
1.357261619459871671e+00
1.009383626371552989e+00
1.676576152852616630e+00
1.582872913963720540e+00
6.703119934765148225e-01
8.518010635050473622e-01
1.588378928398249235e+00
4.071257332941049523e-01
1.116569986653088264e+00
1.344919443176508134e+00
8.879533675639961210e-02
1.428241644347991057e+00
1.052756766170522384e+00
3.686459095003783437e-01
1.461574601432618081e+00
8.824699824998060160e-01
6.832549525547912950e-01
1.454610389007115812e+00
4.570182998057422674e-01
1.058648142718476404e+00
1.280210383983433342e+00
2.103280338192912158e-01
1.176366760991544469e+00
1.187383269777141370e+00
1.456176842336806554e-01
1.484149161333325084e+00
1.027222103963790989e+00
6.379399859782046711e-01
1.520147327032344009e+00
7.408864849692018417e-01
1.005699158472356247e+00
1.446501785372112270e+00
4.095525099460787799e-01
9.617992822127142682e-01
1.406548339705278261e+00
1.728197961875484467e-01
1.397518485129228383e+00
1.232770375567900700e+00
3.411470611190189905e-01
1.476677334790452045e+00
9.267213494636818982e-01
6.997098784061975829e-01
1.522553996569872004e+00
4.690172237174950465e-01
1.059738494301903255e+00
1.485741896002844564e+00
2.333942235555493683e-01
1.459758320097213291e+00
1.267592493322997393e+00
1.579830275399468631e-01
1.570923745643819647e+00
9.581497763882533825e-01
6.855394049251102295e-01
1.576537409409115575e+00
7.415878794422531284e-01
7.349274673162715654e-01
1.526408052197052001e+00
4.266063288740570836e-01
1.168441899282294472e+00
1.345734910810568286e+00
4.526697653007555333e-02
1.516947534014279286e+00
1.150282446477995490e+00
5.154301824510789665e-01
1.554821313076860223e+00
9.939616300482926325e-01
5.626962401818963455e-01
1.347637386257377612e+00
5.900891562968736404e-01
9.995803602179301750e-01
1.423689077701566719e+00
3.268562515099178722e-01
1.236998011002864439e+00
1.245550163109153452e+00
1.477657162175826100e-01
1.405210023968950006e+00
1.000229671688333655e+00
3.952202399208288863e-01
1.616370275499560361e+00
7.035406842945343131e-01
8.770550321446695108e-01
1.411142772465453499e+00
4.481269099317132243e-01
1.681877989803239437e+00
1.554276042879781716e+00
