# {'window': 38, 'level': 0.9988732295391585}
1.200946696737510422e-01
1.360010356178110946e+00
1.132439626730418425e+00
3.844133767169211069e-01
1.390127701220817968e+00
9.158622026350355938e-01
7.444468433217252823e-01
1.540524383057950253e+00
5.546947204404482079e-01
1.105302036578985181e+00
1.387741116632194682e+00
6.863207792480174874e-02
1.364314393379260970e+00
1.387354258776664295e+00
1.122009640282275456e-01
1.401296474900269651e+00
9.632516163836601919e-01
5.124082595577261756e-01
1.344395393540408712e+00
8.137016504916623205e-01
7.772066627398563909e-01
1.429293735406530708e+00
4.389608852954749452e-01
1.092516780304968016e+00
1.366325415242169328e+00
1.435467534951770929e-01
1.316040883833908381e+00
1.174455895549839646e+00
2.772272311902819197e-01
1.479261894373601116e+00
8.493556919343072664e-01
7.053732429138275251e-01
1.573804855684196369e+00
4.225157174293716622e-01
1.088755400071785395e+00
1.495469003112303241e+00
3.301997845856456948e-01
1.167232710542361218e+00
1.236906869366247719e+00
1.718569926294426509e-01
1.489116825242146724e+00
1.029785774497572248e+00
6.636743657096673132e-01
1.540832917463964336e+00
7.086460108734540242e-01
6.436120442566322097e-01
1.496632320716630105e+00
4.066271282110207608e-01
1.113432852425944475e+00
1.489090332374999548e+00
1.572179086794038838e-01
1.363631396081421698e+00
1.214862275450013129e+00
4.609177132916935093e-01
1.544273307346274215e+00
9.495187212748454897e-01
7.105487494291393702e-01
1.638317052067368884e+00
6.969308838712526821e-01
1.016497875641518611e+00
1.365308011378068898e+00
3.134013016252739092e-01
1.282791232803647041e+00
1.102507415160021154e+00
2.233064045565633648e-01
1.152511590771897687e+00
1.174962654821830377e+00
4.991303184749629196e-01
1.574031803862101064e+00
8.053352145997667577e-01
8.360089701599857648e-01
1.404532541763065190e+00
3.185968308275670680e-01
1.282697309588495038e+00
1.416408293334635360e+00
7.173653157772008626e-02
1.371007422706433942e+00
1.193551772809565925e+00
3.160065647736667316e-01
1.387242209815281235e+00
9.476041932751648744e-01
6.466210504996023900e-01
1.459137761189664317e+00
5.374549082413810908e-01
1.041295973746378500e+00
1.420951161965271936e+00
2.833380968000831501e-01
1.199187410539897414e+00
1.271708081221180286e+00
2.060783864167046175e-01
1.434178501597005884e+00
1.069495422253104344e+00
5.438622413922109544e-01
1.433478817861132626e+00
6.771958240816839947e-01
7.951612754646246728e-01
1.507786431055289533e+00
3.241099820116479790e-01
1.195981107120325682e+00
1.413857301581359138e+00
7.062563370507035643e-02
1.312103286109676858e+00
1.259875047959420513e+00
3.669225109060034740e-01
1.499590684418900643e+00
9.551890315644717688e-01
7.558767331315703331e-01
1.537892484140289895e+00
5.590911974785113259e-01
9.191748866343605329e-01
1.390201638219567215e+00
2.589105529996595934e-01
1.223389987143562507e+00
1.322758664467038159e+00
1.908101464991496243e-01
1.337442722356439795e+00
1.128847490281882138e+00
4.686130336226055348e-01
1.534547343933549080e+00
8.561156769720916770e-01
7.317942106521053702e-01
1.529731707646536876e+00
4.706889474685027608e-01
1.155791382082117735e+00
1.451026222610392047e+00
1.934328422234683487e-01
1.416449220732816983e+00
1.289878013455485473e+00
4.710394981393974945e-01
1.481541451618127780e+00
9.190353352127065278e-01
6.275797445698945154e-01
1.483100031411541231e+00
5.457811500776088565e-01
8.790993993694682374e-01
1.425640633531727097e+00
1.756638913098589327e-01
1.126763350519630613e+00
1.194850446698315416e+00
2.163760226066493431e-01
1.335344696148037968e+00
9.671273665658546292e-01
5.425136433136055203e-01
1.465815923056192460e+00
7.355226458960073543e-01
8.361477053410579785e-01
1.534668955758028197e+00
3.091178507427123634e-01
1.263155024566348317e+00
1.394863463910101409e+00
4.043188294234401070e-02
1.263980650837734920e+00
1.183545142775257020e+00
2.831699069571360639e-01
1.592027875110414215e+00
8.765780728513083986e-01
6.653228671952842177e-01
1.615964946960797732e+00
5.785304638496864271e-01
8.747242918692821334e-01
1.509778685135874099e+00
2.218271750084532812e-01
1.222015658949310968e+00
1.377890494841846447e+00
2.831025590728009078e-01
1.480628956196437862e+00
9.742591740642074782e-01
4.348434499017974630e-01
1.546756880827985903e+00
7.262438787727880651e-01
9.053741166764908144e-01
1.429229774190131863e+00
2.924425320163832609e-01
1.311824376606002041e+00
1.380654592401225678e+00
2.299887724118576671e-02
1.432988856220424267e+00
1.196398779028244874e+00
3.023800134436278597e-01
1.449284735527064605e+00
8.316878286804110232e-01
6.319458130894934911e-01
1.410901905510341336e+00
7.057969108566952698e-01
1.130048961994454260e+00
1.287726304704285951e+00
5.313757481698910823e-02
1.365064423643456593e+00
1.202781553618391897e+00
2.069579002077910346e-01
1.526984760748415049e+00
9.811432204736654228e-01
4.037539426617451355e-01
1.402438610766967741e+00
6.233090877322675638e-01
8.384937081416508065e-01
1.461165747989178421e+00
4.494043534513760818e-01
1.168700890185339958e+00
1.378569137448319992e+00
1.239624734889428481e-01
1.403757852510519655e+00
1.091740158991966858e+00
3.020694767669729330e-01
1.407836323732320594e+00
9.175258232425145266e-01
7.391950146618428974e-01
1.467925914362506745e+00
6.775111954945778336e-01
9.067670538263126190e-01
1.369081145255445442e+00
2.069808514613891148e-01
1.305821305767009832e+00
1.167509501124728288e+00
1.159211159895221499e-01
1.399323605160583739e+00
8.583353012754049161e-01
4.929207613896329221e-01
1.570708142354667380e+00
6.957509814750153510e-01
8.318096786157713751e-01
1.414197551637019323e+00
3.952689024002031815e-01
1.191898234354693109e+00
1.507937014823011346e+00
7.891843023114741840e-02
1.384554435350104917e+00
1.171450584585376653e+00
3.262574840887717542e-01
1.462907494659622110e+00
8.352560542834543966e-01
7.713912897937920121e-01
1.586293598315302589e+00
5.288394553583559698e-01
1.020799521219614370e+00
1.462703261446962166e+00
1.915450937125955377e-01
1.261695613613099454e+00
1.404845661528525191e+00
2.812745778342211622e-01
1.395719131739846297e+00
1.154790222348281326e+00
5.130441463898396393e-01
1.446607486331274117e+00
6.586011810822975932e-01
8.011713409892058380e-01
1.377650568265901931e+00
3.544970917651362186e-01
1.126269676937878828e+00
1.378538647350645796e+00
8.502682478609457917e-02
1.410456020391557708e+00
1.117930986591137987e+00
3.793024147644565858e-01
1.462984852209881836e+00
8.770544395517818614e-01
5.476435795476808366e-01
1.514938853468208002e+00
6.277242873519313093e-01
9.499148378460375852e-01
1.330086551238914616e+00
2.427598981207568229e-01
1.072299408938363285e+00
1.236830281092452744e+00
2.033350749842171012e-01
1.284941540046948383e+00
1.122246632059336946e+00
5.412401996221829492e-01
1.585654516145473814e+00
7.463459207186948774e-01
8.055599065441798601e-01
1.455925541882523433e+00
3.631317399046745109e-01
1.125287992193521269e+00
1.380665492180200182e+00
1.446467521886587448e-01
1.345677609965153287e+00
1.154450917728719439e+00
3.756338251446260657e-01
1.474071815394762730e+00
1.006855244083759260e+00
6.628032759519939532e-01
1.536688057860297718e+00
6.854894171511158873e-01
1.098618713504105671e+00
1.463105734841412264e+00
2.731598603193692298e-01
1.280370687975821653e+00
1.190780952368871048e+00
1.805496321455368758e-01
1.372669552486867062e+00
1.009438556691274691e+00
4.609005056545187884e-01
1.410638086377028699e+00
7.331318127829486997e-01
8.057218538082056014e-01
1.554615510360377151e+00
3.003144497167573590e-01
1.121662060483425094e+00
1.486037147424135618e+00
1.932434719424769298e-02
1.305875302866636112e+00
1.164924080485246094e+00
4.847483420092295603e-01
1.446524055690054489e+00
8.560188695138544190e-01
8.217480051681924635e-01
1.535040705906496328e+00
6.698437536485162269e-01
1.001769413915377882e+00
1.532516690093728151e+00
1.247638026050745808e-01
1.291165280591009434e+00
1.439779065690995452e+00
2.483020553139736464e-01
1.528289851489477158e+00
1.135927889465484952e+00
5.757464696227048151e-01
1.422191770271996170e+00
7.224918689725914334e-01
9.090486709011758037e-01
1.287512473842317817e+00
4.766286835970863223e-01
1.156226721200792618e+00
1.337237934210341983e+00
1.158779107479901427e-01
1.306277494251609106e+00
1.165424651982267079e+00
3.071329043592321284e-01
1.388498792866970533e+00
1.047219960539798045e+00
7.285948067996219635e-01
1.410477949028908995e+00
5.382402768114644687e-01
1.037286119825528985e+00
1.363602508288918713e+00
2.170019183593367984e-01
1.306281829197617483e+00
1.281177071170273685e+00
1.567806597495033927e-01
1.537153825844153943e+00
1.119942733754595743e+00
4.616260007395691645e-01
1.412381459544209683e+00
8.613396536157118533e-01
9.035174707021207396e-01
1.601759233831551832e+00
3.752464477690811151e-01
1.016210704192850756e+00
1.422847937379390970e+00
3.649108162276082368e-02
1.358976706656525479e+00
1.184079107092706806e+00
3.338950536573284111e-01
1.513679482757737560e+00
9.049693884504170782e-01
6.888103799954548023e-01
1.600996166397841591e+00
5.366312740432137574e-01
9.041145287736647163e-01
1.492653881267947291e+00
1.853005268987875098e-01
1.289496707632188155e+00
1.350754998085100134e+00
2.655272391875165283e-01
1.364209005999119206e+00
1.030970171192697293e+00
5.243097124252402708e-01
1.549478352648990587e+00
7.970780884834782754e-01
8.659040634984265239e-01
1.439203189189901977e+00
4.068556561876182087e-01
1.221316516235490646e+00
1.405747376032955742e+00
7.236584648748500825e-02
1.309686460764503124e+00
1.110083018448589698e+00
2.478030797132815266e-01
1.583846180486878197e+00
7.650453643800023684e-01
7.731392953599875995e-01
1.546246350299694150e+00
8.039665691822017735e-01
9.343147680818377765e-01
1.387292792377881945e+00
2.234953295459431999e-01
1.369074417212594597e+00
1.190527580208475378e+00
1.132147626633939197e-01
1.546276778039171518e+00
1.043741710491293162e+00
6.282725281858905220e-01
1.383638791239225618e+00
7.190247713073851799e-01
8.075939749031793014e-01
1.356030223777167976e+00
4.154441720708739183e-01
1.259972640542790678e+00
1.379332097820602065e+00
3.140273761728806790e-02
1.413456500770085000e+00
1.084022936591128250e+00
3.149237960241855205e-01
1.563489340558429141e+00
8.937264987271920091e-01
7.934695387306609504e-01
1.499417191123997739e+00
5.393756055338467803e-01
9.631271796980689359e-01
1.508955583663739830e+00
2.175196840059454573e-01
1.318795998589965990e+00
1.306062702404484632e+00
5.782792942836589845e-02
1.493430070499924156e+00
9.825511796858243940e-01
5.700315131013180547e-01
1.394259215096357529e+00
7.425824812365950933e-01
9.332603911353469783e-01
1.580689543725352308e+00
2.819938978020530840e-01
1.037880874112687479e+00
1.393649315778995756e+00
3.944438991529874983e-02
1.339011028814050874e+00
1.226231080527155903e+00
4.628498248592558539e-01
1.364690095683569915e+00
8.991172705370784612e-01
7.355507650618191562e-01
1.492953196626928047e+00
6.006107234369313375e-01
9.892899262956742490e-01
1.368170357307866958e+00
2.211696540247771736e-01
1.294692658039414468e+00
1.311444317961400152e+00
1.350192135791603576e-01
1.419860828657778740e+00
1.095456040560282673e+00
6.319816097780046604e-01
1.462204669035019222e+00
7.715764526018320524e-01
7.998646907100104286e-01
1.427998377455137913e+00
3.499001737617755126e-01
1.225879005503013097e+00
1.438294264035781644e+00
8.092099633550375870e-02
1.302471838686447114e+00
1.081407654316503653e+00
4.109492686163829234e-01
1.457087491369025045e+00
1.041853224477985229e+00
8.092401491805691904e-01
1.621277911417554840e+00
5.716724852379577726e-01
9.665780982514968755e-01
1.521581251461383566e+00
2.479617452977560532e-01
1.368278790496249009e+00
1.244773647637460456e+00
1.946875573279962524e-01
1.547517122499875164e+00
1.146038228571322648e+00
5.434843382717895466e-01
1.449680551411983487e+00
7.429592962495199515e-01
8.981403059093668872e-01
1.423251912898468419e+00
2.883154924136581698e-01
1.114613951340936104e+00
1.303391539561804535e+00
7.819703883755302343e-03
1.377325334327100137e+00
1.128634344496552977e+00
2.348146905188226441e-01
1.466713592657726828e+00
9.163874658320763089e-01
6.469658372009234881e-01
1.566712960679901734e+00
4.740567212120581075e-01
9.752889272318867597e-01
1.357530343189153221e+00
1.688077303838610987e-01
1.259860744978064773e+00
1.189512768165171153e+00
1.689257945848758879e-01
1.414271300574553081e+00
1.221121622984714605e+00
4.260747639272661758e-01
1.578074244793830516e+00
7.888676154762785941e-01
9.439033046160707485e-01
1.552000851342543619e+00
3.822185940724693864e-01
1.039220605280642751e+00
1.403554867770610670e+00
4.124551992310276916e-02
1.324156448731128144e+00
1.133758089725215967e+00
4.633822035592691790e-01
1.461907631008354080e+00
9.116189736798148147e-01
6.648144507806152959e-01
1.598766806852514044e+00
6.344920111579996913e-01
1.018256345375967875e+00
1.463211498778605346e+00
1.300646266166536336e-01
1.111325581363474591e+00
1.343702029098104767e+00
2.464307941824364079e-01
1.519715703516162364e+00
9.760095399642150227e-01
5.497001410396826770e-01
1.543478996319183061e+00
8.007545098778745540e-01
8.895180090986753996e-01
1.593306019083797764e+00
4.033924646515361090e-01
1.046909680509861218e+00
1.407099360575614355e+00
4.185391956111939038e-02
1.224297414017367913e+00
1.187039968062166828e+00
3.615511160563542603e-01
1.476157182012155289e+00
7.458364667620651645e-01
6.472664633925795385e-01
1.481354022297746376e+00
5.128017889040394905e-01
9.929974845543725337e-01
1.415063278950369430e+00
2.942832743062302470e-01
1.243999787942810187e+00
1.383112374050035065e+00
1.051547663543894728e-01
1.311263839793037178e+00
9.690730637813009807e-01
5.649248151965693410e-01
1.425480811650330359e+00
6.561856620369681536e-01
8.613975477116309065e-01
1.728809742409711525e+00
4.757038718928772170e-01
1.299043956843275893e+00
1.417835648967790796e+00
1.134677027803512317e-01
1.371783939905308891e+00
1.149217244970417440e+00
4.100657793226112346e-01
1.424064046919892412e+00
8.506005109504819472e-01
7.745447693058054028e-01
1.566067393063076629e+00
5.338798938911999414e-01
9.480443959723148240e-01
1.328989686170244156e+00
2.811543690781590499e-01
1.353966460478654987e+00
1.358222574037069919e+00
1.993515138444639234e-01
1.401517991277675179e+00
1.065704773091105118e+00
4.952589055429799103e-01
1.465974923519599571e+00
7.873712425495620337e-01
8.368588371237501988e-01
1.526175778399789351e+00
2.170992744657818108e-01
1.091031543615765820e+00
1.290520400690781777e+00
3.040935273347677992e-02
1.315236517447274878e+00
1.199066273340878119e+00
2.984118749759812061e-01
1.449175511962549123e+00
9.556646167445768114e-01
6.339113865981493845e-01
1.424556190496918617e+00
5.597024994277122190e-01
9.025704309713953322e-01
1.450277381223195938e+00
7.826482810202950446e-02
1.285221450500003471e+00
1.260599456606915858e+00
2.006616330658008707e-01
1.504330440923623335e+00
1.082258105821775729e+00
5.598447744864269993e-01
1.556363919420745034e+00
7.059899362753672136e-01
8.870908440153435492e-01
1.485075363624249967e+00
4.917844843303136315e-01
1.145589054473146184e+00
1.346368046892889581e+00
3.846801924383846938e-02
1.308850137829906224e+00
1.247514245720674708e+00
3.666564164779817503e-01
1.468710976600219986e+00
9.197792015834203028e-01
7.089997743955160914e-01
1.535353830116450879e+00
6.196163029304813108e-01
9.970738577379849588e-01
1.268564954865381011e+00
1.097953191893825675e-01
1.305911067676961856e+00
1.256911733137298981e+00
2.568980697266667335e-01
1.332479819596292359e+00
9.776213188664337750e-01
4.233499089205086108e-01
1.418915874688601697e+00
7.123809026441776382e-01
8.778097593593638948e-01
1.370777504771231392e+00
4.420644747199320435e-01
1.118929733513976288e+00
1.358363066793307539e+00
1.099623188476082092e-01
1.408737437772519030e+00
1.185225241849357403e+00
3.365320595293654904e-01
1.502255593412151313e+00
1.002984187140577355e+00
6.476116342004116788e-01
1.431820802657741254e+00
6.125529423573521370e-01
1.017613108567994473e+00
1.470266447221702855e+00
3.011187650401883076e-01
1.315693135966834681e+00
1.296385688776727996e+00
2.718591705650723611e-01
1.390929219393303384e+00
1.149558159041627725e+00
4.817994448152402853e-01
1.644240020125066870e+00
7.605604986558072156e-01
8.684894000957870119e-01
1.493172991182925458e+00
4.326328667728338573e-01
1.148594963403596125e+00
1.358280739110118596e+00
1.982335120374667525e-02
1.360150303741130884e+00
1.165971293764618721e+00
4.565964477445882963e-01
1.471132945180153584e+00
8.084103976072531950e-01
7.173296970557156982e-01
1.466746313592311779e+00
6.003578634527197977e-01
1.056643627153651899e+00
1.480931689560951448e+00
2.347350852333214277e-01
1.211409533784364001e+00
1.371362088147447977e+00
2.542045343674530500e-01
1.397712633204825750e+00
1.025546284071693570e+00
6.342668332475787096e-01
1.437874983509454196e+00
8.452879556965955388e-01
9.698386376550462984e-01
1.343153545925034109e+00
3.117702165728815089e-01
1.112716061664937861e+00
1.432965972529901322e+00
1.246351504114704412e-01
1.254567947386162174e+00
1.204048250025465450e+00
1.536586390318959161e-01
1.423005009129099996e+00
8.347013852457321192e-01
7.052375575561420362e-01
1.438349515484755869e+00
6.981848367494283281e-01
1.088550541266284810e+00
1.363855991409338664e+00
1.726353396741062696e-01
1.230803791117216051e+00
1.209947987678262393e+00
3.429048214867158606e-02
1.396062798606743982e+00
1.059152461842578496e+00
4.197522964374336141e-01
1.444439480548959764e+00
8.458183356152693122e-01
7.926052462068486903e-01
1.537606401638358378e+00
3.107743757252512395e-01
1.046301400809396043e+00
1.374125482925129482e+00
7.307149858613826154e-02
1.293406807661603430e+00
1.192044337328302284e+00
4.099777152251853352e-01
1.430726577635904384e+00
9.690414788722581108e-01
6.307422412636203291e-01
1.443675160245854627e+00
5.752475430890173769e-01
1.029232845924110684e+00
1.531745632585787220e+00
1.452449425788868709e-01
1.240209521913893553e+00
1.261872688369289008e+00
2.376030928576380319e-01
1.503827224907033688e+00
1.082963679360259057e+00
5.447614706804708717e-01
1.513767929613762497e+00
8.514085667037383232e-01
8.366316949614054366e-01
1.417787836374789556e+00
4.454671913948127226e-01
1.257476941132447124e+00
1.383442061937321554e+00
1.432033840694009186e-01
1.411862956203055575e+00
1.049954321316832306e+00
3.283433634190480177e-01
1.444115333754262487e+00
7.567862651123817841e-01
8.745333245593505112e-01
1.562578763576084384e+00
5.112175518880484049e-01
8.794038940301067697e-01
1.443629484129280272e+00
1.720709820560752945e-01
1.155606671509177730e+00
1.377277565965782102e+00
7.008409880450017226e-02
1.458592801312232901e+00
1.094585090881983191e+00
6.134625172381680258e-01
1.511380905428667099e+00
6.216591955572035033e-01
7.669074642936246633e-01
1.488471031556709789e+00
4.147936606688960026e-01
1.237784741666011712e+00
1.328810729663257639e+00
1.128223703202007044e-01
1.305705483141526457e+00
1.171940779952631573e+00
2.847585926187239380e-01
1.394652210611958765e+00
9.215767521738360557e-01
6.685210689632548053e-01
1.525264419012115624e+00
6.741979334438816807e-01
9.670976171049607828e-01
1.392703107537797358e+00
1.213234723258445058e-01
1.285310974348529811e+00
1.396218540541513953e+00
1.127647304760808211e-01
1.484206920578766464e+00
1.107296562851512789e+00
3.564042970486962503e-01
1.541906046193849633e+00
6.986949243600992787e-01
7.573464704445891371e-01
1.425345609416453385e+00
4.909109532103963502e-01
1.061784180953647905e+00
1.513109846191627916e+00
4.557286938579530045e-02
1.349744292858938266e+00
1.241244770103427264e+00
2.724344887333023379e-01
1.503583629217200901e+00
9.074514638902213548e-01
6.450706436277675593e-01
1.575590724206669790e+00
5.436409647024964542e-01
9.190359047098564105e-01
1.382399195019221594e+00
2.179200662851439319e-01
1.307930667779922729e+00
1.357741465003220682e+00
4.293665527470125198e-02
1.412319717716724377e+00
9.991849908844336881e-01
4.866540990746086592e-01
1.401988850262872788e+00
6.703015001009129392e-01
7.553517583229947263e-01
1.410385173028132044e+00
4.037125091085433937e-01
1.231560278873820025e+00
1.436238758649185598e+00
1.305351553371298934e-01
1.388298600574700892e+00
1.101381012533065196e+00
4.294225063371444051e-01
1.548441778950173209e+00
8.993494672019037850e-01
5.354511246216597797e-01
1.424112752176559304e+00
5.804875695222664334e-01
1.073757905957956282e+00
1.378784087768445410e+00
3.059319160037361485e-01
1.052735192108533724e+00
1.310374220938335554e+00
3.100370185110161714e-01
1.395192364134324237e+00
9.935471183316604282e-01
5.415197911863423030e-01
1.544440134903832806e+00
8.071442448687822235e-01
9.078743245898017733e-01
1.582270041342734856e+00
3.402736018337977342e-01
1.260917092743242485e+00
1.323692263863099683e+00
1.117623636609392790e-01
1.333008111113806571e+00
1.142707185827291916e+00
3.827553944142652043e-01
1.519706864396453305e+00
1.058798246902797224e+00
7.378772530694410747e-01
1.458049861905243105e+00
5.705658123942205506e-01
1.022341284114408388e+00
1.423765420487411504e+00
2.520161599756765014e-01
1.257483104804929752e+00
1.331757377839201339e+00
1.024616181665987114e-01
1.405053138354937836e+00
9.852798469685151161e-01
5.952161012094832060e-01
1.616349668531535499e+00
6.452979909888263421e-01
8.029020901268326682e-01
1.369885513638665842e+00
2.934086291534283575e-01
1.129634173592154234e+00
1.367703823350097991e+00
1.812061409651022359e-02
1.312108728078889897e+00
1.080371504182021880e+00
4.149929982688966845e-01
1.468522065023901035e+00
8.567318327357993368e-01
6.398484831262258865e-01
1.646819677673467375e+00
6.142780985111384595e-01
1.071917525678404814e+00
1.501332949395838057e+00
2.287299064887067246e-01
1.277276706548106766e+00
1.230351265761501445e+00
2.541719458768998408e-01
1.425288004121564533e+00
1.111130952882255052e+00
5.750317379895628633e-01
1.576072335980367001e+00
6.223830867977486747e-01
8.964818235546063718e-01
1.433989855515235945e+00
5.113102277743752921e-01
1.075856752173288022e+00
1.425914549861392544e+00
5.409688753434149788e-02
1.445116080984304219e+00
1.082923433179429296e+00
3.183032093024138476e-01
1.461077790236714691e+00
9.880848033760019078e-01
6.269065656125141217e-01
1.501162012445863780e+00
5.740064503088069259e-01
1.000775965330919171e+00
1.405221585526780892e+00
2.114826929964488400e-01
1.250085880164565566e+00
1.260010673860098684e+00
1.784326683739658748e-01
1.310950436922881046e+00
1.037709183821458048e+00
5.806773058341452298e-01
1.486068708982298148e+00
7.762413193996939853e-01
8.404613556933799856e-01
1.511888367585111581e+00
4.728863608509756844e-01
1.025286467272798596e+00
1.377788367148712112e+00
2.525856317865837752e-03
1.307064626426703846e+00
1.286601296266404404e+00
4.856144533291057996e-01
1.551940550824498111e+00
8.049501175421367449e-01
7.657747455265306868e-01
1.563153198963883383e+00
4.886691339214008778e-01
1.044931232850888847e+00
1.481475410008772364e+00
2.174941414754494318e-01
1.344856771140061191e+00
1.259386551543125066e+00
9.058345762051267513e-02
1.466838283331278525e+00
1.086188147741302679e+00
4.988825241542533817e-01
1.589733285927062312e+00
7.885959763596241956e-01
7.984624223424940936e-01
1.438814549155551070e+00
3.966106681290284541e-01
1.122893630423273059e+00
1.366348394247997255e+00
1.688406077098836278e-02
1.190724392115892094e+00
1.212060022780943491e+00
4.369358621061252279e-01
1.470737111705645361e+00
9.384036055747069227e-01
8.604627106957103422e-01
1.496977783757958314e+00
6.669484974268753419e-01
9.496993307426215836e-01
1.367442023668150597e+00
1.230741741906991038e-01
1.199403219604309179e+00
1.339290931823993169e+00
1.824075165820264743e-01
1.443843706572280894e+00
9.325094961988114051e-01
5.420275164806485080e-01
1.566876651253176433e+00
8.274694389589214438e-01
9.063658716770097712e-01
1.461172190697549667e+00
4.956897859627735770e-01
1.226986800194911353e+00
1.330072279084488329e+00
2.890137033308004533e-02
1.287877538080604900e+00
1.177591750797497561e+00
3.322292049989137297e-01
1.425281380880901061e+00
8.484531635569032559e-01
9.443096337301115639e-01
1.508594475806020796e+00
4.759246585319560907e-01
1.041604449425594936e+00
1.552138415040369424e+00
2.029329581595273879e-02
1.172795580438418916e+00
1.358555897231025433e+00
1.685714788078609416e-01
1.514765228109967943e+00
9.865767663251512332e-01
5.751046140947453367e-01
1.601392611392029153e+00
5.603712550757729005e-01
8.930409591665595670e-01
1.409141256104401663e+00
4.316784834269542515e-01
1.066319274212311541e+00
1.348786332451027192e+00
1.332192312665192446e-02
1.349994435892609701e+00
1.120500421854543127e+00
3.308836848338083669e-01
1.487201220309280814e+00
9.116483601728067043e-01
7.785562367103269210e-01
1.510915998641716662e+00
4.991513663513211796e-01
1.038793599800286849e+00
1.389946251709419656e+00
2.357975851624152241e-01
1.191713741260662651e+00
1.257149393001884441e+00
1.423160196531831900e-01
1.314267466108253402e+00
9.746857391282732763e-01
5.495974934382461541e-01
1.474882990507882852e+00
7.078246559783325509e-01
9.189376873117716116e-01
1.489891262832268914e+00
4.676280352377393257e-01
1.091463041321484084e+00
1.561039202594863617e+00
1.329406199280827039e-01
1.294625033782876855e+00
1.184959289205243849e+00
1.892641230115126305e-01
1.414424606791720329e+00
8.357761433993964317e-01
7.091432531375971848e-01
1.497215389857337264e+00
5.522523689745462150e-01
9.559884208431945751e-01
1.395151139001507445e+00
1.239248231729863647e-01
1.201956255990445754e+00
1.247450659183884092e+00
2.811341856641380588e-01
1.297792832925605211e+00
1.010803388969213401e+00
6.065299980828742221e-01
1.452591237958195336e+00
7.282492416640966582e-01
1.018872044232167262e+00
1.513461154473813686e+00
5.192477215569502036e-01
1.254081875570109972e+00
1.393424020174928835e+00
1.479284696713518699e-01
1.380733848076205916e+00
1.153321873046371238e+00
4.343007359366719555e-01
1.391356016914441440e+00
9.541586257853458264e-01
6.663449403396741744e-01
1.437581981675474019e+00
6.898858352136212346e-01
1.007866898422284940e+00
1.379973754152301169e+00
1.929862788517198169e-01
1.290542632917958343e+00
1.283392670177496697e+00
7.397723159491231826e-02
1.440061344809390853e+00
9.907713752952469477e-01
4.657700222142109325e-01
1.504380858020314626e+00
7.146992546221291320e-01
7.787653995105214833e-01
1.544146705959748900e+00
3.514726283868743195e-01
1.221262764237416754e+00
1.284419253433677355e+00
3.442041847746235561e-02
1.344131739567346884e+00
1.277756201451174967e+00
3.211287370063313773e-01
1.467295234516776681e+00
8.044204371889520644e-01
7.284764898390303500e-01
1.406637605978148464e+00
5.906685077356765845e-01
9.798469980822828163e-01
1.521722623778337891e+00
3.716000092724716097e-01
1.202209480677791653e+00
1.432074656007106483e+00
2.147352542874569892e-01
1.377641810187219207e+00
1.050077142199463687e+00
4.906291374577813613e-01
1.636669051246856021e+00
6.494343526552714962e-01
9.345732142080542815e-01
1.512132612155218325e+00
4.047141738368384978e-01
1.198302627458950553e+00
1.422117916644056734e+00
8.614325040895653984e-02
1.324839267866464887e+00
1.151680883315817638e+00
4.669368970974492328e-01
1.508151449867042082e+00
9.379582294095749617e-01
7.327874647411345421e-01
1.461291293902831079e+00
5.698584404002602355e-01
8.990401266723795359e-01
1.447963995080673527e+00
1.297578853056915449e-01
1.251172421180390515e+00
1.251886035515038742e+00
3.151243182673697518e-01
1.301345392400290457e+00
1.082860461217904025e+00
4.937327472483081792e-01
1.485726244324307110e+00
8.128188542417875695e-01
9.531972862412967373e-01
1.474624580968025178e+00
4.070518271001999366e-01
1.087946874723899171e+00
1.398631021117797246e+00
1.227097668761878424e-02
1.382128717478613211e+00
1.094998457147990933e+00
2.918399157494535601e-01
1.403011025393454680e+00
9.132856294150588639e-01
7.128736308441476766e-01
1.416132661146860094e+00
5.613894089380417896e-01
1.051661441019743570e+00
1.409087882633019539e+00
1.250533407663745322e-01
1.125247020500695250e+00
1.308243595109573221e+00
1.440645577062236171e-01
1.295437568386153870e+00
1.171620277344314509e+00
5.512060603826887117e-01
1.472029961425286082e+00
7.192685540299743607e-01
7.925060979286904228e-01
1.621248472168204557e+00
3.733644899133157224e-01
1.125129811258196000e+00
1.419334211850087790e+00
8.107974348907642792e-02
1.398412311857287094e+00
1.183524099123631323e+00
4.486631791542965431e-01
1.378627489161492470e+00
8.519208058795237903e-01
7.082240586865182763e-01
1.581158709424256514e+00
7.501426714776755489e-01
9.387949169234470759e-01
1.434466315269186332e+00
2.599398389845246626e-01
1.276685079707614356e+00
1.295023504380109713e+00
2.502757804225872462e-01
1.381413951995877909e+00
1.164816776281033306e+00
4.600097643887526289e-01
1.509556538992590902e+00
7.391605806110153054e-01
8.247170690202265675e-01
1.527336818284323883e+00
4.470037930207233501e-01
1.152539478886344781e+00
1.448273354871430385e+00
2.490023072654423686e-02
1.440902706599834104e+00
1.088944268718700314e+00
3.712716973401803955e-01
1.254662133152645964e+00
1.033167589237800499e+00
7.325516360038095698e-01
1.456986686084751348e+00
5.952715457592665516e-01
9.092328555548911950e-01
1.443634534041716044e+00
2.920518200275825649e-01
1.267524440276827313e+00
1.114751845758839899e+00
1.395373261726060576e-01
1.298018750887459660e+00
9.942011073087311246e-01
5.626675382176964391e-01
1.463641932530196144e+00
7.186685618500403550e-01
9.013493651079516056e-01
1.539337330591354025e+00
4.007405173160609735e-01
1.090227847516993087e+00
1.334129750383026725e+00
7.830990156038097894e-02
1.389554222965561081e+00
1.190545656547445930e+00
2.124396601114844074e-01
1.462678304518490791e+00
9.837285647863867055e-01
7.507915456682692223e-01
1.615635675122922166e+00
4.561202175610183929e-01
9.378298012622527935e-01
1.487500781016099616e+00
2.035663180527169658e-01
1.348435024400536975e+00
1.321142572182881558e+00
8.650305167703820075e-02
1.378172822097559092e+00
1.072672511903889792e+00
5.786561195891248843e-01
1.442488469086945280e+00
7.403976236055100912e-01
9.585090676596310644e-01
1.400307880239609837e+00
3.066616816155942615e-01
1.227703419304255306e+00
1.261626322193309058e+00
7.073300954962036258e-02
1.328246505948485812e+00
1.176700333264470544e+00
4.268353062303056333e-01
1.611255432348340122e+00
1.029794204101212252e+00
8.105314696594101420e-01
1.405229536771202881e+00
6.683165838353390953e-01
1.132172564212954313e+00
1.409940753728059271e+00
2.801093589770218273e-01
1.293976322718544125e+00
1.165780272601156575e+00
1.596898694915562800e-01
1.389242671973158316e+00
1.132334597076058991e+00
5.833844471005420473e-01
1.327205477011530022e+00
8.013828096371842236e-01
9.612354446738597957e-01
1.455391378183843010e+00
4.076917074416108733e-01
1.124839500608421083e+00
1.457083317257107602e+00
9.630465136547528004e-02
1.280779160255972826e+00
1.144392302545696793e+00
4.687761319116221514e-01
1.481965443533249882e+00
9.231991118952036501e-01
7.507156720037073683e-01
1.546717644787328538e+00
6.079481109127975458e-01
9.365854851463533137e-01
1.523786166161718469e+00
3.212623473369546900e-01
1.315151324475998251e+00
1.213493541546392329e+00
1.697299830577607693e-01
1.452819031410455430e+00
1.032208520521860073e+00
6.344511708200286648e-01
1.397143827712019615e+00
8.600248039000977229e-01
8.492030609181391299e-01
1.419139121358410804e+00
5.573858844519055111e-01
9.891805893859899612e-01
1.358296716006138993e+00
1.201085424529173551e-01
1.517902900026886215e+00
1.131553360484005566e+00
3.750072632281593599e-01
1.443006626650605639e+00
9.331613159562781590e-01
7.321335402984905372e-01
1.497472174185085159e+00
6.458147003328074121e-01
1.028104530965050500e+00
1.404719175305978673e+00
1.970948433779442510e-01
1.173960541621982934e+00
1.148663537581207095e+00
2.016198686178771737e-01
1.464434509710271115e+00
1.014899980989659056e+00
5.246218911140232422e-01
1.541270535718470391e+00
6.803094720131044326e-01
1.039347094101058744e+00
1.469868227930900773e+00
3.063349878865428977e-01
1.079673119548778537e+00
1.330780687605729540e+00
2.466108159946145406e-02
1.404427918747764181e+00
1.207041871541626676e+00
4.127246259613901458e-01
1.366637460525701897e+00
9.857160638711759404e-01
7.455825384164072034e-01
1.420809699555592331e+00
5.314308212436475998e-01
1.067572102530304434e+00
1.422070246201739607e+00
2.094097177428508871e-01
1.244891729073176023e+00
1.431441471561964995e+00
5.208777855057356021e-03
1.424138170214474641e+00
1.004944711567393512e+00
4.568767889373726021e-01
1.443884535639758049e+00
8.619865657725167551e-01
6.906048957454213877e-01
1.506846264692772941e+00
4.510502368732343115e-01
1.126992372271701015e+00
1.331965466716938273e+00
3.065054812629774972e-02
1.356646120416680645e+00
1.005085544005416942e+00
2.674102022406241730e-01
1.384175753804694153e+00
9.510879104855618493e-01
6.583229011976916567e-01
1.492155572069596481e+00
6.099541564830417428e-01
9.548891984150111867e-01
1.515584401624400002e+00
1.445309039377287164e-01
1.297840354033371391e+00
1.307497458895936937e+00
5.005660952195079005e-02
1.352441764336989927e+00
1.024857958463536889e+00
4.894195589241316924e-01
1.637270448358452590e+00
7.603287576319042174e-01
9.222079691318070260e-01
1.549778071376314514e+00
4.376080167600662207e-01
1.068377576918106975e+00
1.386056052623983348e+00
7.587077175113332572e-02
1.311930163684410289e+00
1.212258955447496511e+00
4.300444954676638787e-01
1.572828243223904465e+00
8.297103938556009695e-01
6.294890250106224272e-01
1.622285933357535903e+00
3.639106713495028345e-01
1.042551750091108786e+00
1.430280364471899546e+00
1.454853467328893757e-01
1.228162993911311673e+00
1.222490224406490356e+00
8.703979602252687187e-02
1.407246661090506556e+00
1.056350927944595064e+00
6.119475477084508341e-01
1.528584561171842715e+00
7.660325494481483588e-01
7.307608430125158705e-01
1.421859742177004726e+00
4.219257017858284442e-01
1.239022065112602711e+00
1.363128702469002640e+00
6.888365606251678486e-02
1.304754571253045725e+00
1.081656523914949375e+00
3.832967352000444805e-01
1.361362672950535924e+00
8.949851410171927313e-01
6.861581474674309788e-01
1.489844443462043699e+00
6.191879382183946845e-01
1.060190566477434260e+00
1.324107106086214181e+00
2.216401018984051063e-01
1.200089700021924166e+00
1.238816308151490020e+00
1.498822537974042746e-01
1.425957039037209384e+00
1.003350744666275496e+00
5.112733756921041817e-01
1.449319248578413877e+00
8.044215283306419551e-01
8.213832830175151756e-01
1.451373775598798765e+00
5.039611393094212133e-01
9.708145648237929137e-01
1.278209996407390747e+00
1.593375372842169568e-01
1.414656036674326600e+00
1.155608030342017756e+00
3.587865036464119584e-01
1.308005632312070787e+00
8.303774069488811804e-01
6.480630329674328394e-01
1.606167773422051859e+00
5.569513291788403819e-01
1.004153756302683220e+00
1.302671602537942341e+00
2.772966253601518716e-01
1.273234159585291181e+00
1.173830437445641195e+00
1.240412031858575403e-01
1.446451926193277338e+00
9.916327459851927983e-01
4.898917974556313837e-01
1.534116291709693769e+00
6.837561138790988480e-01
9.238372574435276263e-01
1.438112473554530979e+00
4.920152488048810113e-01
1.102821967256336855e+00
1.422319361536473536e+00
1.458392867839286566e-01
1.435471525327009168e+00
1.162569489219523078e+00
3.371637062704362364e-01
1.419849435046307562e+00
9.054927167661013243e-01
6.917864408118825637e-01
1.513379737836120675e+00
6.745613477159890792e-01
1.013003562596507479e+00
1.448641485031633813e+00
3.108508730678325449e-01
1.194328690073221289e+00
1.404486117854442995e+00
1.919820046424129956e-01
1.396867215496481407e+00
1.125017777240728378e+00
4.889803393408929111e-01
1.532466880648117424e+00
7.936425857870101908e-01
9.537821393511292101e-01
1.387936039740926830e+00
2.987708854770119160e-01
1.274489023832814816e+00
1.418374430872022529e+00
4.196622062459010039e-02
1.371030782137655279e+00
1.099575166328174092e+00
3.804866898230381267e-01
1.447471744297153862e+00
9.671932861518603985e-01
8.032583318608761402e-01
1.303615288866579291e+00
6.497265091771406986e-01
9.104093567430018297e-01
1.461985261684622728e+00
3.215140197302863712e-01
1.349506179784035531e+00
1.212711637900628858e+00
2.534603053426662811e-01
1.257205810111957867e+00
1.006112099418068340e+00
3.939611265882891900e-01
1.384684019613224848e+00
7.535821495326056052e-01
7.955477765302765292e-01
1.368400126201708922e+00
2.455656182199188464e-01
1.149135270301020029e+00
1.417648288377471033e+00
6.714702949546236255e-04
1.303548359259409928e+00
1.129414118132860523e+00
3.784455491540219541e-01
1.367747538431244969e+00
8.444634435200422118e-01
7.232747078664072404e-01
1.420878677173893934e+00
5.261843948227484802e-01
9.916556897560564465e-01
1.473893473022781286e+00
1.798762393692099337e-01
1.111203510003508477e+00
1.148749146644630237e+00
6.033749770920859845e-02
1.323993675919851398e+00
1.128569271151556030e+00
5.258639840313410474e-01
1.555562386397104646e+00
7.770019377543997408e-01
8.542412576479243569e-01
1.334075984420238115e+00
3.505306615178636065e-01
1.249471172913193762e+00
1.469394324078006520e+00
1.008437993224271523e-01
1.230976942869088653e+00
1.097717818100090170e+00
4.036051180998851962e-01
1.405956781491589425e+00
8.440748548103114146e-01
6.758165116157552887e-01
1.399300429249406896e+00
5.774637856207247566e-01
1.037942389418516242e+00
1.403726938162618509e+00
3.653449962212302893e-01
1.123013071175793520e+00
1.378144589900884398e+00
1.558299152093995943e-01
1.542678790420191959e+00
1.033339743461421101e+00
5.861850742395384728e-01
1.474556400395378830e+00
6.884450799469705728e-01
8.410902326425997444e-01
1.424457612762065395e+00
2.794778901476515642e-01
1.175391386610463940e+00
1.433938189841956756e+00
8.982908418619928170e-05
1.242585075523240157e+00
1.142937826772974397e+00
3.043575301743155492e-01
1.570988940032888692e+00
8.856294586153223847e-01
7.678274223015852940e-01
1.552578898926066486e+00
5.163917976633491946e-01
8.912773000002829349e-01
1.384591929192927395e+00
2.931031823932261915e-02
1.222273083484690659e+00
1.306183846567253504e+00
1.321602565879604896e-01
1.446880333494705795e+00
1.088447755120803606e+00
6.635211091731232358e-01
1.498737687379612105e+00
7.156818176472405924e-01
8.518120649034566227e-01
1.541054289581467174e+00
4.812983517480269313e-01
1.284000136150335258e+00
1.387931044923227830e+00
1.841015764146280986e-02
1.339612781393066498e+00
1.142083995344562730e+00
3.995245059600360804e-01
1.420081025379722917e+00
9.281198571237041506e-01
7.211590091774757738e-01
1.705155328164404516e+00
4.314620332741831987e-01
9.739598270445348760e-01
1.398168185051264167e+00
2.148445119641939627e-01
1.170702530729235136e+00
1.219340761796807726e+00
3.083963713055171141e-01
1.424642502534013033e+00
9.781214084473006665e-01
3.280195861662464907e-01
1.494688939947152129e+00
7.533954375934817094e-01
7.649409271627352069e-01
1.514853896601139560e+00
4.271358224161669881e-01
1.154541041770263732e+00
1.337584930452044851e+00
1.445223315096999528e-02
1.314158289238259947e+00
1.147742994794067606e+00
4.038103560880168530e-01
1.371595170124675356e+00
1.008896180738982906e+00
6.830938176591923039e-01
1.579695930457567954e+00
5.599365309995025797e-01
9.999845720005220429e-01
1.409072265450693529e+00
1.629442521967527924e-01
1.267979082018703352e+00
1.365303005286259364e+00
2.137799771926180981e-01
1.456257918872507773e+00
1.148799073579369612e+00
5.862804697276589039e-01
1.513272503975513494e+00
7.557043255836211060e-01
8.508802648178841466e-01
1.433660954546564170e+00
4.043169243247435318e-01
1.105709668173407323e+00
1.410873390507004999e+00
1.874209665220583076e-02
1.306789189239042415e+00
1.077483742075979301e+00
4.778330378975015336e-01
1.467747113594466413e+00
9.733167721870286115e-01
7.245278148448672795e-01
1.518745803280237894e+00
5.015978459686021296e-01
1.024184837737704967e+00
1.379539038408243101e+00
1.708021903332657132e-01
1.322721322135480548e+00
1.367628753574379630e+00
1.149668861670036790e-01
1.416881845430291165e+00
1.009550848090321473e+00
5.958373197358408646e-01
1.548566975210665220e+00
6.694147787889184187e-01
8.489749235103944969e-01
1.586233820594409316e+00
3.197438822283897863e-01
1.083026237281796256e+00
1.398323246578049073e+00
3.312087318218015497e-02
1.500064400913910134e+00
1.071543269219309202e+00
4.247263793737836579e-01
1.563862992255476314e+00
8.990471115809999247e-01
7.515553074386192023e-01
1.589428395794783455e+00
6.182161204603646709e-01
9.949042909306671234e-01
1.312828847690885148e+00
3.222235685098722158e-01
1.280608035243146148e+00
1.276753614042404728e+00
2.788894603054865584e-01
1.522961061307470665e+00
1.132114011887631833e+00
4.170659928245470383e-01
1.526313074995165664e+00
7.113172047597293712e-01
8.874155201291804573e-01
1.412299647052342344e+00
4.102160822199154566e-01
1.098151593760804623e+00
1.447682429756558697e+00
3.054755514249940518e-03
1.362437269336463253e+00
1.284955913858282450e+00
3.652452603698632672e-01
1.386773410290639497e+00
8.438054500219180909e-01
6.239823407830060731e-01
1.573300370553705640e+00
5.186527946111745280e-01
1.079364160604046496e+00
1.364733546208771742e+00
1.505810140745262871e-01
1.415913969469893452e+00
1.456454331318555617e+00
1.434542848101463264e-01
1.419285414107212873e+00
1.170099535901703014e+00
5.368804770915698299e-01
1.472852124561748077e+00
7.458958737651775195e-01
8.844844325306935318e-01
1.375097535564968609e+00
3.164848102311115241e-01
1.234656282611796385e+00
1.480129310791546970e+00
8.122722930724002310e-02
1.459746666706837281e+00
1.086800021147213080e+00
3.343427318546847715e-01
1.561815200239095702e+00
9.009822366149284889e-01
7.153347987298444011e-01
1.478176334475589826e+00
6.410620660942552007e-01
9.000375406058642724e-01
1.371050462561275829e+00
2.241669937345873720e-01
1.211557778639996918e+00
1.317840396661345004e+00
1.244242184435897514e-01
1.481329820687506071e+00
1.002673655016026011e+00
5.971154783851266856e-01
1.460119433961779123e+00
6.361291376527651309e-01
9.118027194345215136e-01
1.464247860480740293e+00
3.766740906377492593e-01
1.129543637997945993e+00
1.353632014689036822e+00
2.160314508239746800e-02
1.413635356675897015e+00
1.119258898778555000e+00
3.307484950743813101e-01
1.503260702825456541e+00
9.709500203189254108e-01
6.184187608523945556e-01
1.626402381382520801e+00
5.384741276785636188e-01
9.478103935002506475e-01
1.341412496982060887e+00
1.606564880450092048e-01
1.189041620505297381e+00
1.151300512455801339e+00
2.226900521982475567e-01
1.444236300922323579e+00
1.105304943171460330e+00
4.507557976349554352e-01
1.598515463613718879e+00
7.048749296203808967e-01
8.559714598485781423e-01
1.511257602620148077e+00
4.540902799979766868e-01
1.220439692068551629e+00
1.421349743955350853e+00
4.440777777138382731e-02
1.349680658123204147e+00
1.218162844885268825e+00
4.186451109139301963e-01
1.383131897097256591e+00
9.087224629760859429e-01
6.572014784805757515e-01
1.476733424382484117e+00
6.146263745351596697e-01
8.014395648757881574e-01
1.282077147875786416e+00
1.528986863319445888e-01
1.238055247542158455e+00
1.227879590480646321e+00
6.439207205910424392e-02
1.441830503429890165e+00
1.014978289475677364e+00
3.138256329476192263e-01
1.496125715715562521e+00
7.761080924706416084e-01
9.396860548095808952e-01
1.377067727933292574e+00
4.291913695433420273e-01
1.238771937645686272e+00
1.457939217722254988e+00
2.879605759022485501e-02
1.379316609490664369e+00
1.214071735675216424e+00
3.363352052848336271e-01
1.576733041921116296e+00
9.014198902468359975e-01
6.360876495466127878e-01
1.504191657958114270e+00
6.577676612314116156e-01
1.095975719598413889e+00
1.266640945769914595e+00
2.473760315602522297e-01
1.236775988507241131e+00
1.329694311864721534e+00
3.065103615852011743e-01
1.366019825369587437e+00
1.034916478802052175e+00
5.042652787842101247e-01
1.637832432622785994e+00
7.076558227393956457e-01
8.595784323098820678e-01
1.290873905011844514e+00
5.113880023482790804e-01
1.201939365800032355e+00
1.457790881373125735e+00
7.382447699350613846e-02
1.325296413025320419e+00
1.198090016518644774e+00
3.006757448137582500e-01
1.476755931217040185e+00
9.558036661761608599e-01
7.164812993576337163e-01
1.584979765548456321e+00
6.233771524112645679e-01
9.097252196424312487e-01
1.504094687140772102e+00
2.319334250631905903e-01
1.237146019948234255e+00
1.239955605360238522e+00
6.728242631149239372e-02
1.331567088579487468e+00
1.012419366174682978e+00
6.311195960610680444e-01
1.625824478421590058e+00
6.801408668323727369e-01
9.268072555249808886e-01
1.500318181338013979e+00
3.699700257667428716e-01
1.228126840949365750e+00
1.413830252667577447e+00
5.378319502065043167e-02
1.229785174895562605e+00
1.093672999529152534e+00
4.420218939251334689e-01
1.533634944008844592e+00
9.326448316522046866e-01
7.327916620461127906e-01
1.369206920979663344e+00
6.599425638728462218e-01
9.667889451094451303e-01
1.477535721172950289e+00
2.167736663720747359e-01
1.377605865485227454e+00
1.395105042450047073e+00
5.608794983482923158e-02
1.227542474023281649e+00
9.653229109301708633e-01
5.250973352097929592e-01
1.565222087096778125e+00
8.555118194775603868e-01
8.087881097120472873e-01
1.358659140539121957e+00
3.769732464856732079e-01
1.036608393382643101e+00
1.453589578127866488e+00
1.401320415459297308e-01
1.214790167708634350e+00
1.126145858174836256e+00
3.282563821936861359e-01
1.419647882721704946e+00
1.084736978499520887e+00
7.082382244929092963e-01
1.525871954718126311e+00
5.828454146043959838e-01
1.024973332662391101e+00
1.483455600889904247e+00
2.712743164681219454e-01
1.180526205003546103e+00
1.197693706224077559e+00
2.288484138604944818e-01
1.317889741896813405e+00
9.371108904903788783e-01
4.979846585700240524e-01
1.586427390292246109e+00
6.814622553267950522e-01
9.572600788812799522e-01
1.441141905108856314e+00
3.360495736690651825e-01
1.276221493347541092e+00
1.421101867460905943e+00
9.161426947382533825e-02
1.234508122664095708e+00
1.259162397160187297e+00
4.314685745934720984e-01
1.491823888791261155e+00
8.662016992443515306e-01
6.161841876418039377e-01
1.624034055908783358e+00
4.009225476282995970e-01
1.147516384574574388e+00
1.440935963692700383e+00
1.626496020212844229e-01
1.290674816814535220e+00
1.451261774984899944e+00
1.797506594678299763e-01
1.546019969563880991e+00
1.056199619302473636e+00
5.075862129977348758e-01
1.442037578723579294e+00
7.394834733914237290e-01
9.791357492902044157e-01
1.549508901256206883e+00
5.709271835977292042e-01
1.083905956599131137e+00
1.412304400959382811e+00
1.063974045679563218e-01
1.515702792911947761e+00
1.245804328108906844e+00
4.185314191593283439e-01
1.582667407289792827e+00
7.981858099535381612e-01
6.336379632066000411e-01
1.431692611891890010e+00
5.129513752442598218e-01
9.603413289523370366e-01
1.367189506252602271e+00
3.011725824438613586e-01
1.297861981157517164e+00
1.221643803372449710e+00
1.939955806487043688e-01
1.476181824474169346e+00
9.486470904647203994e-01
4.818081310516708626e-01
1.474087613353996851e+00
7.521498555229539917e-01
9.463352369855408952e-01
1.465247658965313171e+00
4.324503714864125214e-01
1.055407350826052415e+00
1.223721030953133670e+00
5.021407281968404135e-02
1.287783857461290538e+00
1.103952551475395616e+00
3.568041383978259873e-01
1.473360454272294895e+00
9.275600881390557717e-01
6.871188122354414674e-01
1.605747646537453832e+00
5.762984703240814355e-01
9.895686319832979194e-01
1.432137324919574795e+00
2.838922033348039164e-01
1.314038813523189297e+00
1.309274439051100636e+00
9.002637429351434406e-02
1.369326505257061122e+00
1.061593725329855964e+00
5.470534663341171111e-01
1.622731994729142535e+00
6.392012170439764773e-01
8.659721165751816940e-01
1.233454933314724222e+00
3.032078661497221717e-01
1.160087671973790258e+00
1.379797236274400873e+00
2.212482283467931410e-02
1.368164772406552210e+00
1.152343443369603371e+00
3.873477344594595806e-01
1.564784356188643422e+00
1.074038252545168604e+00
8.102997757698409131e-01
1.584427612130454577e+00
4.776029948443980544e-01
9.614303504684516000e-01
1.346387543723878366e+00
1.212399825683618815e-01
1.282563918663338853e+00
1.330056115666845784e+00
2.642819015960107265e-02
1.347132878304305947e+00
1.078608451704098137e+00
4.111472830011981827e-01
1.473653063369895655e+00
7.850563088089899111e-01
8.579675886896032111e-01
1.476937251542267404e+00
4.247151196971481468e-01
1.102928869788786237e+00
1.329406163260470564e+00
2.072484171592225977e-02
1.326915745186313167e+00
1.092247284651962858e+00
3.240727642824206001e-01
1.525120246602389429e+00
8.198601258192503849e-01
6.006015007871150502e-01
1.372936227509707230e+00
4.955640121674571574e-01
9.892699375465650036e-01
1.326263431199235399e+00
1.581824401087885690e-01
1.164966827214654721e+00
1.371036735561925290e+00
1.792195425314657697e-01
1.366088490604251859e+00
1.013579274531267949e+00
4.821534437482357660e-01
1.500886607142847495e+00
7.824919645795835876e-01
7.606037962680218811e-01
1.417149114327287407e+00
4.518201045885499312e-01
1.066104605194856170e+00
1.492416824276298293e+00
1.977057896298450856e-02
1.295827739231955711e+00
1.192448560434133498e+00
4.641778984808295760e-01
1.408991486395962056e+00
8.756050471504721600e-01
7.009612913433240777e-01
1.412770491067758982e+00
6.210708737713943606e-01
1.025189690532224418e+00
1.310872690011815500e+00
1.841727594799671408e-01
1.139310946216458120e+00
1.270330736050751419e+00
1.282494960217830382e-01
1.366149702876948702e+00
9.719073640681221704e-01
5.303378167218912864e-01
1.364844054829445597e+00
6.673524241026989046e-01
9.026184037639124469e-01
1.419016524419662417e+00
3.103593262353925297e-01
1.072915883669294246e+00
1.359537342436644813e+00
4.889992778277640895e-02
1.346358230538007739e+00
1.120349334383168305e+00
3.612637322180747290e-01
1.474894256815476368e+00
9.958705697281544644e-01
7.403774622931482696e-01
1.449758936330831638e+00
6.153128633613897946e-01
9.688548025919310192e-01
1.622482724161264045e+00
1.268032855558329786e-01
1.245555511392697490e+00
1.287797739168729194e+00
2.684895102082824891e-01
1.486315805785765498e+00
1.071481030552395630e+00
4.848294986151939767e-01
1.449006183292346428e+00
7.555143507666413072e-01
1.020714219537038225e+00
1.606121140401606695e+00
5.022693533383719711e-01
1.209896888994759223e+00
1.482855771543771795e+00
