# {'window': 120, 'level': 0.9985543728428573}
6.538646175568443852e-02
1.399564422690273924e+00
1.249115524860329618e+00
3.921940091043978338e-01
1.525078109878518440e+00
7.673307906193422845e-01
6.152914917598710787e-01
1.502772075368933979e+00
6.324006013353788980e-01
1.067649509122433393e+00
1.454409159507181304e+00
2.149144669232067595e-01
1.388035588324447067e+00
1.143496729311118010e+00
2.065829542102171901e-01
1.432469075603554298e+00
9.879223080843704263e-01
5.489495886487495424e-01
1.494586615364389637e+00
7.606266980651282816e-01
9.322741681224920862e-01
1.519972473533983681e+00
4.412550319601503124e-01
1.218077232371234109e+00
1.362067809241819250e+00
1.175652003314075766e-01
1.273542537211022285e+00
1.137240357681537750e+00
2.735655247679429913e-01
1.471346054418840588e+00
9.548500485178808006e-01
7.616956380092066992e-01
1.467594835889320937e+00
5.830760860135149048e-01
1.069582514896757930e+00
1.506708158490315919e+00
7.104003151194125676e-02
1.384773656489958205e+00
1.285782484574622853e+00
2.804232723710293196e-01
1.365263506082012412e+00
9.548355055911241784e-01
5.881789791492114672e-01
1.471732645516895310e+00
7.199939017461565172e-01
8.604119678978807695e-01
1.494997252355328987e+00
2.695905826694952045e-01
1.214796077078058811e+00
1.513948401494630280e+00
1.621098397024370030e-01
1.445260538338852596e+00
1.150848649434466520e+00
2.534322217573232172e-01
1.534311971465538660e+00
9.050034075024752100e-01
7.787860486089277501e-01
1.507544800157968767e+00
4.083454629403851510e-01
1.006603697361990513e+00
1.360181496755341835e+00
2.392094188446478309e-01
1.307464000415236915e+00
1.342676546724640430e+00
2.089339872602073156e-01
1.480822700175448148e+00
1.041798378826226168e+00
6.389618084181768465e-01
1.573628270881838764e+00
7.212953829184254317e-01
8.144790048941393801e-01
1.432942325817701867e+00
4.652527099443195535e-01
1.185568702045219469e+00
1.403731504426560805e+00
8.500290580268501928e-02
1.306700178146781299e+00
1.152950984936393031e+00
3.780847481017647893e-01
1.542094118114434753e+00
7.792468992079737422e-01
7.098709184038958231e-01
1.531393476885092975e+00
5.778159803068763090e-01
1.060591746092220733e+00
1.370097551166007177e+00
2.121820952652548053e-01
1.238419789974635865e+00
1.297499534829014145e+00
1.092996079986094937e-01
1.482152256926803080e+00
1.122112593993689567e+00
5.489066602318132260e-01
1.487556539005891798e+00
8.047664696702959697e-01
8.698933662312972048e-01
1.524058860285649519e+00
1.973253272985912299e-01
1.164362170925172135e+00
1.413006687604729361e+00
5.570539328347006575e-02
1.140072814740551888e+00
1.058956900641950138e+00
3.169945876409829277e-01
1.589740837650274186e+00
9.824631536903273288e-01
7.771289942853228938e-01
1.559585627011816467e+00
4.733143407120733448e-01
9.291728154936227391e-01
1.415596831294350544e+00
1.094851392743917823e-01
1.212124281509897816e+00
1.317324677586655168e+00
2.202776172225532902e-01
1.377929998960890190e+00
1.048220444766819970e+00
4.791073118621556604e-01
1.455441010552019687e+00
8.646325109106431928e-01
8.516440577282702318e-01
1.494230409817711491e+00
5.514405403316273713e-01
1.119555367382109035e+00
1.373998616373679038e+00
4.903229669437850213e-02
1.432623477697064995e+00
1.122673027902848952e+00
2.897485262125383265e-01
1.381572522771580713e+00
9.112519806149227408e-01
7.504390296001428595e-01
1.601992548150691142e+00
5.115984680854890332e-01
9.683236633884588773e-01
1.510108033801841332e+00
2.022791971347420725e-01
1.284671493799237396e+00
1.271320552594361830e+00
1.632278135236013283e-01
1.501946073000368642e+00
1.112057723280933663e+00
5.525314467085744585e-01
1.485891384301433860e+00
7.628497019897713116e-01
8.327484315346103116e-01
1.590909675083525876e+00
3.536709482307134333e-01
1.101468343411736273e+00
1.445496502425811070e+00
1.304143831824020050e-01
1.439348212023010998e+00
1.186997062718638585e+00
3.900928248560966427e-01
1.523294767409387740e+00
9.080235040432719229e-01
7.589046410209789872e-01
1.420911755188543069e+00
6.079355195143928414e-01
1.043767314301881299e+00
1.590236334714053790e+00
2.245841230445682069e-01
1.219279828209507643e+00
1.164349013849515613e+00
7.244973701573481639e-02
1.521671937593378043e+00
9.845984343927619564e-01
6.096841645644803798e-01
1.520464009374129954e+00
6.519254196329833384e-01
8.412235673543090320e-01
1.465673902026844555e+00
1.900292459353948582e-01
1.110990959229552155e+00
1.309513430316520788e+00
2.953910643738169584e-02
1.313488319299883855e+00
1.171814099078823723e+00
4.208206432690204668e-01
1.514191779300933627e+00
8.752168353781103471e-01
6.990144612481190567e-01
1.524565278067493646e+00
6.443456275169725522e-01
9.265908766621732129e-01
1.487045118702580382e+00
3.011401648863016867e-01
1.294545305957176318e+00
1.202031063218734541e+00
1.199298424632100624e-01
1.313099463568326630e+00
9.549276757211581090e-01
6.171749332648377440e-01
1.522681392589091631e+00
6.343010466213484522e-01
8.691947986024458617e-01
1.393087027942693457e+00
5.559082490627118567e-01
1.238846288765517389e+00
1.421041895853831338e+00
5.250412459545766852e-02
1.352562560256516333e+00
1.143890686511382038e+00
4.709335436504999417e-01
1.503926839175920849e+00
9.034918122027346676e-01
7.649219444046014837e-01
1.414923390765412181e+00
6.885718139875857124e-01
9.707901277943643548e-01
1.451975009235904945e+00
9.383476783584779324e-02
1.410375572608241868e+00
1.236304379647605201e+00
1.989766909151152730e-01
1.383701435716451877e+00
1.013279536198142372e+00
5.415523532674083595e-01
1.526038035594744491e+00
8.369997400128370568e-01
7.431468912866432408e-01
1.462878085110015380e+00
4.421599451721938689e-01
1.191428086599001679e+00
1.325860349635981539e+00
2.567874348641041582e-02
1.313210145486610081e+00
1.147447345465799184e+00
3.198894213333722258e-01
1.472988020397997921e+00
8.215109323834217658e-01
6.221061341742684103e-01
1.330764380634589239e+00
5.874129758485586716e-01
9.722000043347510667e-01
1.525090021547368835e+00
2.269853401675043791e-01
1.305391951581357235e+00
1.231304219714024484e+00
1.163906660825732714e-01
1.428504983923263305e+00
8.563750377904167932e-01
6.163661985126686060e-01
1.524107574388243957e+00
8.204888882480949608e-01
8.284449354026081069e-01
1.347296749230668667e+00
4.383987585034099799e-01
1.166006253125845715e+00
1.428991771195238458e+00
7.205432214909600341e-02
1.396389524353923717e+00
1.077875486884165124e+00
4.163575320909350119e-01
1.431974234065887641e+00
9.308488201188799271e-01
6.723420684232483957e-01
1.483456759748109421e+00
5.726296281185163650e-01
9.889428679023780644e-01
1.487512476148740603e+00
1.373257211109610576e-01
1.190152575104082011e+00
1.260929948393937572e+00
1.725465262197215244e-01
1.532512464158876098e+00
1.155784377682857356e+00
4.293824692709946045e-01
1.586210303136429856e+00
7.011608318978868049e-01
7.969754407177713773e-01
1.413962922874173911e+00
2.991336623019381635e-01
1.137873124791241031e+00
1.399738900485684168e+00
1.079054416406504679e-01
1.332105957781028582e+00
1.136529869775065427e+00
3.808072518471524170e-01
1.398152936789256229e+00
8.257634481993955111e-01
6.846677741428311981e-01
1.513414687117511370e+00
5.212675394610677415e-01
9.523412253487648638e-01
1.425598574072336255e+00
2.446647435452388442e-01
1.277565565330616604e+00
1.289046867852079448e+00
2.200391113258390874e-01
1.475625688411568603e+00
1.161537024521573258e+00
4.809605255002040169e-01
1.574543456716392731e+00
7.788935347658506592e-01
1.013263338809123892e+00
1.460226456612199852e+00
4.200131791788718760e-01
1.109948854742157431e+00
1.432348950725344627e+00
7.115437291963616628e-02
1.371140612508106926e+00
1.073545585852349937e+00
5.133670906571156101e-01
1.317205863318598569e+00
7.577500008564937994e-01
7.638279328941384172e-01
1.440645929206845199e+00
6.317207936808455493e-01
1.047267335955192502e+00
1.365740720189814184e+00
1.846666341710076487e-01
1.293058995305878422e+00
1.413929286096348603e+00
3.235013922103016637e-01
1.453668109064902403e+00
9.062284003485427952e-01
3.974305397629341874e-01
1.548054173196313998e+00
7.107462419167364098e-01
8.664193002138034227e-01
1.489716175274292675e+00
5.315506312672706457e-01
1.102958668643694740e+00
1.361587923078633189e+00
3.129298069327177134e-02
1.385570997957901396e+00
1.209624573744570553e+00
3.415381791433704239e-01
1.498946334977708572e+00
9.011335863979645922e-01
5.965252551662345581e-01
1.382465838939143543e+00
3.706302300167333419e-01
9.156071927397158028e-01
1.550480377228765194e+00
2.078262950904414541e-01
1.321283491379323438e+00
1.409759825131808419e+00
1.370100787492934125e-01
1.499264078405720291e+00
1.117567852575281462e+00
6.052642412413796746e-01
1.550397555927563342e+00
6.899431133782648606e-01
8.939195882812118743e-01
1.348969809455458746e+00
4.461858528044990169e-01
1.271008719732606762e+00
1.363472506828336206e+00
5.938808880881755320e-02
1.279458915730942392e+00
1.138972177569325117e+00
3.911516075766370282e-01
1.511367325875029533e+00
9.437931451469362409e-01
5.409920566647490325e-01
1.505990285161936670e+00
5.735327607607891842e-01
1.030651061263214707e+00
1.352238189143168290e+00
2.431439302339873376e-01
1.245315634791672066e+00
1.244047900592397005e+00
2.511390773091213280e-01
1.470894211711370136e+00
1.026491747888744754e+00
5.681415118547260557e-01
1.645016257131096005e+00
7.204201257842790529e-01
8.382507462690947930e-01
1.512266743253904311e+00
3.593529722246381897e-01
1.218219600563394733e+00
1.393876038584800803e+00
2.578839392276976658e-02
1.485750675786528419e+00
1.272769942310911118e+00
6.217010765670706318e-01
1.510482826837814319e+00
9.252142640168349308e-01
7.641259287290373958e-01
1.457071845746189531e+00
5.718552468521683751e-01
9.193949524680780083e-01
1.593076315101722429e+00
2.939049599027184767e-01
1.263107568464909125e+00
1.247174834232515073e+00
1.140746379211399486e-01
1.221456117696140042e+00
9.577921689599672161e-01
6.636726741210118297e-01
1.411194515234584390e+00
6.471565992180174920e-01
8.765924095856695297e-01
1.476653433730352294e+00
3.625683555979645201e-01
1.194202815498647041e+00
1.404097230188259049e+00
7.359992137582421767e-02
1.408600330410169743e+00
1.143502020539981512e+00
3.347322540789701706e-01
1.502335181391284635e+00
9.218880730844576377e-01
6.402982262075823661e-01
1.528225529921206416e+00
5.696280917014324707e-01
1.079841545748358334e+00
1.560931285903678578e+00
9.666444264467384528e-02
1.239107290632351921e+00
1.262778415898959894e+00
2.707253824401752440e-01
1.417532621149280025e+00
1.142959570693545590e+00
3.404679594479410598e-01
1.292393024159663506e+00
9.497729448779657080e-01
9.014608092678759732e-01
1.450688576660381424e+00
4.455214082578801693e-01
1.261464037750298806e+00
1.441231263236292248e+00
8.239815126546273794e-02
1.352323533728763127e+00
9.918578005890460458e-01
3.901381945370879789e-01
1.455682954797079987e+00
9.691798351727680672e-01
9.007490339152068870e-01
1.482705257798589527e+00
5.393839944279649190e-01
1.072975297555105678e+00
1.530782984958528825e+00
1.548456541427030708e-01
1.175526370724461422e+00
1.260630554974832007e+00
1.796580651837920498e-02
1.435512947485613422e+00
1.072149525219006083e+00
4.862784641235288752e-01
1.633883441475449283e+00
8.259421757767305694e-01
9.023719951077667778e-01
1.539751094688110333e+00
4.278059199091462927e-01
1.128320573103827940e+00
1.436051470695237642e+00
5.378098455133598077e-02
1.295647335929686728e+00
1.198215909466579854e+00
3.060011247262335310e-01
1.411785298228279029e+00
9.837679562026296898e-01
5.999505629404346951e-01
1.487560180381436670e+00
5.728495349115725332e-01
1.057984398816128380e+00
1.444338129297041196e+00
8.923683983070479497e-02
1.132265099047142343e+00
1.218851296465683909e+00
2.019103008840256452e-01
1.287092326882774307e+00
1.083041797486250735e+00
6.023968902323462160e-01
1.613997796221162240e+00
6.912060726631278351e-01
8.422191146339027545e-01
1.415490497958340255e+00
4.662074054352071673e-01
1.155063453550455366e+00
1.236058708007111262e+00
1.230444990814406753e-01
1.460218578564838721e+00
1.200828352180189906e+00
3.614223629564222162e-01
1.469691511731750833e+00
8.585453501792406072e-01
7.547796742006164239e-01
1.577023284298826544e+00
5.621634722714765608e-01
9.841872585221220771e-01
1.425546829915586233e+00
1.860816559247283619e-01
1.173707238050208712e+00
1.218212527627551500e+00
2.065728856746814612e-01
1.451386795698667243e+00
9.314938507206462770e-01
4.731711925382470763e-01
1.470281618031321624e+00
8.057759043373107222e-01
8.516685936798544798e-01
1.486065291379820463e+00
3.775926156276078194e-01
1.063711361193008020e+00
1.226239811730123641e+00
3.655007899808201954e-02
1.321826524030238259e+00
1.239241470610315865e+00
5.309619969797029215e-01
1.556063822329575741e+00
9.031290818437976986e-01
7.375176636712834632e-01
1.442795280945157854e+00
4.642007866759892964e-01
9.561938824853045693e-01
1.407537892023586146e+00
2.651409723649323369e-01
1.323837697583161610e+00
1.277756248982352183e+00
1.728853991105813170e-01
1.387757186373060447e+00
1.029222743545951335e+00
6.440869747360432607e-01
1.537018473032093935e+00
7.816809849632830876e-01
9.722161226898937691e-01
1.538878876720515265e+00
2.342803146805933490e-01
1.085056494271152028e+00
1.369436369236755491e+00
1.098574306799500466e-01
1.497429885879144607e+00
1.188342170254824914e+00
4.484615555172646872e-01
1.563906807328214743e+00
8.274664417276429429e-01
8.295052188988808473e-01
1.446274749215077815e+00
4.689037832129986927e-01
9.883939222992075280e-01
1.379116525030468887e+00
1.658213389572599228e-01
1.330762804779397346e+00
1.292396906911509546e+00
1.327607025586970968e-01
1.413087870051388029e+00
1.094069618604360361e+00
5.788887495403436390e-01
1.582483755912649892e+00
7.300620195303040294e-01
8.352987719648087284e-01
1.401509724985974925e+00
1.474580102685288385e-01
1.125498806044322953e+00
1.407930698587203766e+00
1.490460982087421782e-01
1.461070164655946302e+00
1.238644056999548271e+00
4.498728444457158471e-01
1.487429693749117599e+00
9.234837149693415626e-01
6.656124723617643513e-01
1.478893047482540801e+00
5.110847259422042210e-01
1.047121586371582369e+00
1.469232929745234006e+00
9.585341915453041151e-02
1.346108503731573203e+00
1.235087766211969473e+00
2.191474139363335516e-01
1.454188153015711693e+00
1.075404984318706569e+00
6.814799739507714227e-01
1.484965458165520502e+00
8.717826297252755374e-01
8.565968711040773398e-01
1.528043770801419177e+00
3.882775576884581192e-01
1.097195514731996724e+00
1.281274812720236911e+00
3.322167634680350812e-02
1.248807539447973403e+00
1.205689080987146111e+00
3.166915404686466151e-01
1.350976410781625558e+00
8.944734385483602557e-01
7.334341459357559545e-01
1.412165356286113393e+00
5.640818083731077293e-01
9.289571607267165243e-01
1.480436862395205999e+00
3.085926236195697947e-01
1.292383493014671814e+00
1.285248975330162358e+00
1.995041411443180812e-01
1.481503050914559028e+00
1.110438536736775950e+00
5.010783168091856865e-01
1.585311685527762693e+00
8.092674504772928712e-01
9.938632079758327187e-01
1.522513741560395095e+00
5.117307642616921726e-01
1.153977578201565102e+00
1.388159105557259743e+00
2.260277390619496243e-02
1.248845360165853569e+00
1.115210458928817427e+00
3.107140211993164036e-01
1.360790138989554032e+00
7.996771870145128469e-01
6.110587060770346080e-01
1.631938940443119046e+00
6.585729982603668597e-01
9.376419595174200206e-01
1.440448824635325753e+00
3.826858969969342272e-01
1.254771470773569764e+00
1.204759777215161032e+00
1.950224904672463455e-01
1.458912745189925309e+00
9.879458123671385206e-01
6.666374072466308975e-01
1.560817957974473424e+00
8.246726244062981825e-01
8.659171347445028255e-01
1.498317471490935304e+00
3.681834394806711153e-01
1.197313951412063648e+00
1.281987154633206449e+00
5.743782679145838233e-02
1.259047845926866804e+00
1.218822709589492126e+00
4.308847890675908676e-01
1.449723618549810800e+00
7.981773441744886011e-01
8.110568675747672485e-01
1.425719330959405395e+00
5.346030942039298184e-01
1.116361077733481366e+00
1.414404399465157613e+00
1.593433361740753118e-01
1.268596926868291286e+00
1.434334972230771887e+00
1.902641510228801347e-01
1.478863234246679426e+00
7.778541519846359220e-01
5.298216189204701942e-01
1.481424962270293744e+00
5.723777530130936819e-01
9.142856406736296071e-01
1.551730364168678600e+00
3.649718379625848108e-01
1.152592724418150194e+00
1.163541563597489503e+00
8.056504297014387139e-02
1.224625882765291385e+00
1.130947162028033581e+00
2.853102296674168703e-01
1.539961438111289604e+00
8.077304596116684499e-01
7.339971007253173196e-01
1.575871065317317576e+00
5.601904798363732674e-01
9.782768487541436686e-01
1.540351920007750008e+00
2.802073055146366842e-01
1.237158449651259096e+00
1.224789967004291436e+00
1.915604827372821561e-01
1.485218536200505923e+00
9.842153741456238780e-01
5.295928571739830781e-01
1.425423896962121129e+00
8.561593242158215267e-01
8.995432917448648036e-01
1.390357933772334853e+00
3.328596540389568981e-01
1.058976984149837763e+00
1.347185107985441554e+00
3.951807134671606048e-02
1.390076985657130892e+00
1.204141517361265290e+00
4.655448303834019974e-01
1.461741199165879523e+00
9.525075435811454216e-01
6.821357163638462895e-01
1.519891964435694298e+00
5.564176872202758473e-01
1.122584995324721557e+00
1.395743118523974813e+00
1.208180406593103162e-01
1.278715355084076633e+00
1.276362593196421535e+00
2.555564294603390185e-01
1.434638227725068882e+00
1.013718708948287306e+00
5.592511865198031007e-01
1.552717324991195635e+00
7.316148428041375773e-01
9.611851163351512461e-01
1.401964080969246851e+00
2.806259738693054895e-01
1.215129594814988501e+00
1.394162226753385747e+00
1.173121327380904216e-01
1.351753338918892933e+00
1.131388025017398657e+00
3.676362126804754715e-01
1.362331964859561317e+00
1.004698467138074536e+00
7.882272962603381616e-01
1.590125889605308096e+00
5.701506966153664369e-01
9.937891260720136399e-01
1.399467617193850266e+00
2.609358139048295055e-01
1.249912226181661978e+00
1.363043264351907258e+00
1.812436743162151032e-01
1.347647990925902706e+00
1.065126125355367215e+00
4.813946991857383506e-01
1.429251682396241785e+00
7.524609977284897333e-01
9.732779906479765986e-01
1.401878121777017983e+00
4.206102960268516266e-01
1.229858054284046931e+00
1.404253124391122265e+00
1.095671679723509290e-01
1.300696588091950989e+00
1.147275574712694146e+00
3.651049737810753704e-01
1.423202414061043974e+00
9.662384432358207542e-01
6.647872683561213414e-01
1.340498188041652439e+00
4.744319821752071564e-01
8.701013894425403405e-01
1.451508507677545579e+00
1.562808245598064916e-01
1.322427529630174181e+00
1.211615647860381006e+00
2.571185579884157496e-02
1.302217314311483909e+00
1.142319259727895275e+00
5.914818431404400556e-01
1.611331528509388100e+00
6.292343645073429359e-01
9.255485177808557840e-01
1.560026491242922475e+00
3.157267197154567384e-01
1.201531969824237267e+00
1.453893720492364316e+00
7.713481717576180230e-02
1.347875622580282817e+00
1.205464539111911426e+00
5.310571826520089633e-01
1.485107992931381293e+00
7.734645840474312362e-01
9.093027761619133509e-01
1.469956516537111346e+00
5.938011275689158985e-01
9.775924503279722622e-01
1.490530730777870794e+00
3.222366324681973926e-01
1.392427908460747377e+00
1.359781808581631335e+00
1.281204918128979187e-01
1.407577463328801848e+00
1.109675373028396583e+00
6.060724915820807635e-01
1.582089920018648899e+00
8.281431989559502327e-01
9.446048186714195438e-01
1.609818394064424396e+00
3.340083761893307690e-01
1.266440046331674285e+00
1.457003337675174537e+00
1.376236770162350964e-01
1.239423513824396750e+00
1.251470990073844103e+00
3.338424035240368237e-01
1.450678071562985005e+00
8.360923491508158722e-01
6.709499998427793654e-01
1.459721028352157113e+00
6.113248059070385265e-01
9.988800378366690103e-01
1.522091880863039259e+00
1.028269780546102463e-01
1.220378583592543587e+00
1.164708681904212506e+00
1.651527856736209332e-01
1.479100758130325710e+00
1.119037193801282415e+00
5.797999846837992299e-01
1.533116878257125171e+00
5.869578038656431129e-01
1.027797698365271906e+00
1.577075634805148008e+00
1.797121654959231429e-01
1.164044883845607004e+00
1.349494869606757019e+00
1.584354457604378041e-01
1.391594504093913054e+00
1.223497386978306123e+00
2.034973004674905106e-01
1.494976091846530686e+00
8.235269916280869573e-01
6.956374802202257568e-01
1.537276496621226451e+00
5.321031110630333183e-01
1.072541792292324381e+00
1.344563055993184930e+00
7.370214484197000482e-02
1.284697891549463122e+00
1.307681990601146538e+00
1.328111793944485031e-01
1.505273867832141788e+00
1.031282233269222415e+00
5.439895141865168648e-01
1.567886753209232209e+00
7.769836137021337574e-01
9.607302673060220677e-01
1.575324385972132646e+00
4.370825102521887495e-01
1.162234365140091930e+00
1.451139893988621088e+00
7.365345666697272614e-03
1.267692901853212373e+00
1.190435707399694287e+00
4.850202001366814009e-01
1.340686027137643954e+00
9.095027033640817882e-01
8.213236481001218170e-01
1.462603437631311731e+00
5.900802623808422132e-01
1.104317020127847604e+00
1.334125650253318751e+00
1.217894275187623998e-01
1.284868881298458998e+00
1.301309701048482204e+00
1.172708540025960006e-01
1.504190516797912602e+00
9.116435336888700780e-01
5.995858004030676369e-01
1.541757306512557157e+00
5.767283142271711904e-01
8.634541172405267861e-01
1.480876241156262374e+00
4.837673872684016274e-01
1.091053109054152648e+00
1.358053627722520140e+00
3.878615592328681083e-03
1.316806287887012816e+00
1.149765678967200611e+00
3.086798443500123890e-01
1.590563082753356783e+00
9.803767775617320268e-01
6.546543437008550681e-01
1.432583784004271665e+00
5.147923907391274145e-01
1.023082247319234916e+00
1.502006612874827507e+00
1.338250765190566460e-01
1.112845941887060874e+00
1.356906209469757041e+00
2.429273580546850997e-01
1.411244675015850492e+00
1.141768781295922741e+00
5.538363044159451132e-01
1.590751436913864669e+00
6.923849366033849595e-01
8.456097216247431270e-01
1.594492020873007121e+00
3.967740205979289891e-01
1.273871879706863108e+00
1.435624972946749178e+00
1.387564131106474793e-02
1.395404979750249685e+00
1.136553949683677178e+00
3.436571359378834956e-01
1.472117815450451506e+00
1.000826292547937424e+00
7.168133900910879097e-01
1.527584727501165585e+00
7.173743241772320145e-01
9.688073333127443787e-01
1.503165015608237454e+00
1.963970675655375975e-01
1.123643669250852462e+00
1.311881267653981942e+00
3.008419631285198514e-01
1.706752491842847608e+00
9.568978517752444457e-01
4.459064654540836337e-01
1.480132319126654661e+00
5.844759590827529605e-01
8.151300100663990689e-01
1.468977567328338507e+00
4.426456986533376381e-01
1.163305567000922691e+00
1.422280323472634223e+00
6.994088486352995071e-02
1.308868463944898419e+00
1.138088997977047434e+00
3.568118931361509705e-01
1.482657122676791062e+00
9.414734171078543712e-01
7.666353815615457590e-01
1.545773066422224451e+00
5.178604125019971027e-01
8.978671723612344779e-01
1.540584463532761905e+00
2.532865980208285905e-01
1.117276543083224549e+00
1.295215384513868973e+00
1.293372200924291504e-01
1.370873210113325857e+00
9.924058413484826424e-01
4.419382152607906344e-01
1.495050628879498245e+00
7.624674170374564630e-01
8.712712063789167516e-01
1.392858292089998118e+00
4.388388754268548464e-01
1.101146597590377585e+00
1.440217342318240057e+00
8.985189104206703359e-02
1.343244394722563628e+00
1.287793058486114139e+00
2.629459595442035225e-01
1.479271444633689203e+00
7.720501179500179889e-01
7.162119137896952870e-01
1.424421115856550735e+00
4.644742408631938879e-01
9.504305968383492953e-01
1.497764552816378991e+00
6.663746502307117681e-02
1.154283164188945721e+00
1.211194393028566685e+00
1.704092454477013352e-01
1.485886955664217357e+00
8.942155191584785223e-01
5.763133510991650388e-01
1.397122795426556596e+00
9.185630621698472886e-01
1.041717732927192053e+00
1.472704550596431128e+00
2.868296562195490895e-01
1.013190104082546839e+00
1.307280147046406160e+00
1.225791609074180361e-03
1.541203316082918384e+00
1.212002902863462683e+00
4.126559076968518980e-01
1.496869641182081656e+00
9.097171640699667217e-01
7.303960585108039139e-01
1.470081265467817255e+00
5.739188793080514106e-01
1.001399802015491503e+00
1.571772475150925219e+00
2.453228629384187343e-01
1.319397531021839765e+00
1.337276130052866829e+00
4.261207073857598560e-01
1.349978035592329206e+00
9.805306628160113114e-01
4.629335585073450776e-01
1.377655621150420062e+00
7.643246186163522582e-01
8.975029764545241484e-01
1.470618864635905521e+00
4.504400131280640873e-01
1.064502814775244666e+00
1.274023846513547609e+00
7.594614233105286341e-03
1.382321139259776732e+00
1.179645334202738649e+00
2.713177314700677689e-01
1.441424685474472112e+00
8.830385444886078572e-01
7.586202901912270091e-01
1.363454493728592842e+00
5.708929045360292553e-01
9.116758148344416002e-01
1.356869545391374610e+00
3.093896392070445422e-01
1.311390048126085617e+00
1.097998925158255146e+00
1.190734200823199418e-01
1.538869020636400853e+00
9.920092313160038255e-01
5.390165153523247543e-01
1.384860624221269543e+00
8.141276681500296819e-01
8.695640683182807029e-01
1.450632280851272604e+00
4.748328182635352390e-01
1.201047797373025805e+00
1.504380969671493817e+00
2.017109996837188751e-02
1.288827758014136293e+00
1.152371997328998976e+00
3.719263942812581214e-01
1.573247288394415078e+00
8.860505035636941917e-01
6.624613058384272168e-01
1.459479789405328853e+00
4.397928752127679419e-01
1.039211728261874024e+00
1.395033719508785630e+00
2.281961809670998986e-01
1.350232626373171874e+00
1.307538680273333309e+00
3.839637908857309462e-02
1.416904846888554115e+00
9.543636737654106472e-01
5.301541392168285238e-01
1.447991393603226262e+00
8.539128503328649034e-01
9.475272850140602499e-01
1.559552866958791917e+00
4.483331188949896684e-01
1.123336353472529581e+00
1.378948902366720741e+00
2.127318201447314303e-02
1.370072237052356368e+00
1.127916282954547711e+00
3.934984015717854500e-01
1.478356830668313249e+00
8.694253233264933600e-01
6.425029859129975929e-01
1.486220286242568411e+00
6.531861826868735621e-01
9.175832826753372862e-01
1.408327718185404365e+00
1.634896834839100477e-01
1.253297703704925770e+00
1.212429746432284849e+00
1.302803162169305362e-01
1.462528057187374664e+00
9.931614576577800779e-01
4.953870957389668872e-01
1.598482301610473666e+00
7.744454314079730617e-01
8.450441377136266308e-01
1.559386713228436694e+00
3.382650841607117709e-01
1.141024954123161406e+00
1.347871941971406917e+00
9.154628955125741763e-02
1.310606709528158831e+00
1.162484952238581171e+00
4.324076845943413683e-01
1.448816958938256017e+00
9.791477455663015750e-01
7.049420734470888128e-01
1.456312884013933884e+00
6.108549492789292490e-01
1.075479318289711106e+00
1.448567510653421930e+00
2.642083848583444139e-01
1.276825159194825643e+00
1.236475058910190494e+00
1.712148668737777657e-01
1.413246686297187971e+00
1.106665953258516133e+00
6.148885955568518247e-01
1.526393930934532017e+00
7.723070872761589323e-01
8.582360469387747548e-01
1.440066964339418831e+00
2.337495906465404949e-01
1.170397176352298452e+00
1.388786069322488048e+00
6.218748879101234500e-02
1.221645140659636253e+00
1.094558356018061840e+00
4.781429167571115690e-01
1.526193956857113454e+00
9.027398417817684706e-01
8.431045083377011196e-01
1.610053535156142246e+00
5.346165544252819979e-01
8.282588222093507646e-01
1.522484028140243861e+00
1.754662474986909415e-01
1.233615923450984475e+00
1.284464560071681305e+00
1.813467766626266353e-01
1.397175909791382509e+00
1.033888232772776750e+00
5.335789909938641884e-01
1.472790732876116726e+00
8.209117019439936547e-01
8.986181052730811691e-01
1.495073980048194473e+00
4.398729679963973016e-01
1.114672858166797953e+00
1.353409437513572566e+00
7.600838437777208967e-02
1.510443701321858345e+00
1.234004870505750251e+00
3.191850457792101414e-01
1.465225158669303696e+00
8.112184530725857767e-01
6.667488088570455718e-01
1.534253950677172185e+00
6.310209784245875975e-01
1.026940710420052749e+00
1.412172590890449442e+00
1.458764625486686506e-01
1.318246563905544066e+00
1.350096431506761840e+00
1.926955952795260940e-01
1.416162081189250355e+00
1.091721089179813475e+00
4.541424476723219250e-01
1.445140653035878131e+00
6.034379024122255020e-01
9.008705903077761645e-01
1.468583909303779134e+00
4.091987408927239556e-01
1.185120522398235066e+00
1.417709164396315336e+00
7.714166490403549792e-02
1.381433496264929506e+00
1.165371163256579079e+00
2.698838317894428074e-01
1.541677618786617465e+00
7.777384546807052379e-01
7.763982421717513516e-01
1.456413584850058784e+00
5.484190929310153173e-01
8.201961098945484974e-01
1.453675848623497080e+00
2.083716246130789818e-01
1.350546325820132898e+00
1.360274890250892987e+00
1.866516830148909067e-01
1.422783117063462388e+00
1.100432463364550584e+00
6.175069248841702496e-01
1.563282792575205082e+00
8.811664787119433129e-01
8.242693074588348656e-01
1.453647432877899881e+00
3.187449592936076326e-01
1.225151335711470058e+00
1.366576626878068801e+00
1.417564807733185661e-01
1.286580598924239593e+00
1.120419650086016183e+00
3.133262489099709613e-01
1.476831730945583399e+00
7.558457280018856528e-01
7.485839406360328407e-01
1.558180374717355932e+00
5.611657756810104480e-01
9.485554434062246631e-01
1.447464507806643930e+00
2.641267861880463585e-01
1.226028018161489763e+00
1.313920838788379841e+00
2.668509321857857192e-02
1.501533397744086562e+00
1.088902211118736307e+00
5.846210044128585803e-01
1.560371585569653385e+00
7.085581386606393250e-01
8.770269203736447139e-01
1.494295610263126628e+00
4.044063025986844306e-01
1.132327431703854970e+00
1.366569009506891419e+00
1.022631251849339014e-02
1.391479432988617759e+00
1.228768661543188534e+00
2.496213366468252592e-01
1.483672911050263110e+00
8.462730915237898222e-01
8.458800891426607738e-01
1.480713067231241631e+00
6.171546766563471564e-01
1.042151228332998780e+00
1.421753263195745687e+00
3.952692689850092478e-01
1.351360632746568147e+00
1.176773058270987660e+00
1.717314190284415787e-01
1.506586108408301206e+00
1.042778181027294915e+00
4.823889237008303632e-01
1.497539762853586698e+00
6.954266465980143419e-01
7.972557068288033122e-01
1.446275217809412927e+00
3.458349829771196760e-01
1.167069198733608149e+00
1.411306501737288110e+00
1.953304953465979099e-01
1.370744666323554517e+00
1.158487648559674232e+00
2.255425894161582900e-01
1.388116570193158150e+00
8.936489678116370516e-01
7.867748379279377868e-01
1.429156311094823328e+00
5.443432459989782091e-01
1.049855859544516212e+00
1.439734713302752267e+00
2.892984218729870438e-01
1.385698136511148038e+00
1.220915213254421650e+00
1.646276440451714951e-01
1.544977004870311754e+00
9.790730095411606104e-01
5.677723795064846257e-01
1.519385467513034937e+00
6.522275948423728043e-01
8.602179140941572655e-01
1.405028945526263895e+00
3.052908976672899510e-01
1.208224163205585455e+00
1.307589946131126002e+00
1.829487429637642604e-02
1.326396618441735953e+00
1.173879542684354682e+00
3.211234456758004785e-01
1.454745881113407524e+00
8.958271210235891902e-01
8.459530504411627572e-01
1.551762165561274776e+00
5.870149128930219895e-01
1.116942250441817164e+00
1.408301152203960127e+00
1.414798884641798593e-01
1.188508729757177029e+00
1.380479725368092048e+00
7.159787867374270420e-02
1.438871166164786608e+00
1.084261193357407560e+00
4.484856925557154095e-01
1.438396451165878220e+00
8.700912639328112208e-01
8.655243103097269852e-01
1.366004710938049538e+00
3.804263484233270654e-01
1.221430768189993188e+00
1.279232529021904208e+00
8.827444535636264078e-02
1.431857683982616258e+00
1.205621842549495559e+00
3.925680304608053506e-01
1.372865499459652971e+00
8.012274058482290462e-01
6.241077053004722153e-01
1.501663394817174479e+00
4.673289595362070115e-01
1.162696525970001948e+00
1.393855757741623291e+00
8.542511327197857551e-02
1.174084973100838702e+00
1.207499952486004613e+00
1.195141750388751811e-01
1.440245169313986384e+00
1.017787081196909638e+00
5.586868638642451534e-01
1.425606595321209813e+00
7.659303700784428903e-01
9.656905419017610681e-01
1.480615555480358170e+00
3.619708925702556646e-01
1.116263033439474972e+00
1.291741753782061464e+00
5.676742296221552742e-02
1.378774187559218767e+00
1.184681454226381714e+00
2.870287146819083812e-01
1.466473025859988732e+00
9.520867883377105434e-01
7.794169245611844987e-01
1.518131067726551819e+00
6.149323369032662079e-01
1.043144041305420489e+00
1.471217399044498331e+00
1.727128067942763912e-01
1.168675226846807247e+00
1.311476609941041982e+00
1.083185410451716069e-01
1.544279292247139113e+00
1.068369191953651320e+00
5.420758657873427921e-01
1.510815281858595371e+00
7.357166489255020370e-01
8.016063558913215648e-01
1.395713416893383574e+00
3.593041801299186044e-01
1.158059408506527443e+00
1.260781289475493283e+00
7.500035507365201970e-02
1.357673972364914938e+00
1.126896701907924347e+00
3.671588593899097197e-01
1.547097053012244094e+00
9.110712892368804106e-01
4.660554134880866561e-01
1.480500556600123030e+00
6.263389994512371661e-01
9.863791460648099196e-01
1.414935314629355956e+00
2.073720142437349701e-01
1.155367778959151215e+00
1.344958300301652088e+00
1.305825175185343079e-01
1.413619359631618000e+00
1.036540514543906832e+00
4.852051691876302919e-01
1.396631830707728561e+00
6.380888420414314588e-01
8.358352830876331074e-01
1.447626690191043952e+00
3.525404297493612282e-01
1.210226516153369847e+00
1.507390915710804968e+00
5.892063972001018723e-02
1.327041238661202271e+00
1.136430537854528078e+00
3.794227230079144086e-01
1.537354839456416933e+00
9.007991023425718780e-01
6.824205104176406245e-01
1.555964812440857603e+00
6.154236496197226236e-01
9.785040448184050277e-01
1.326994555916595875e+00
1.711712295324120392e-01
1.204197388260028312e+00
1.322543110611996253e+00
1.123885224656807902e-01
1.431251262580230055e+00
9.371100031665349217e-01
3.803059709811663081e-01
1.354683503609432238e+00
6.304861853484280410e-01
8.705578427152766974e-01
1.484524058977026328e+00
4.111551467569837248e-01
1.182279561007252511e+00
1.241025413581670733e+00
7.020324696857790925e-02
1.376559714400649392e+00
1.097687471612844190e+00
3.290904001425385417e-01
1.464344175976983964e+00
8.172671855899914517e-01
7.676379816941718559e-01
1.528938613763309418e+00
5.546016402292286429e-01
1.095444415751902101e+00
1.565591795902691929e+00
1.208664906439033682e-01
1.351095247153154322e+00
1.208947433486546430e+00
1.557929904986865288e-01
1.468011771747196104e+00
1.009397605462296621e+00
5.760722216654856620e-01
1.441753875577397981e+00
8.054985105979984850e-01
8.426305490414083277e-01
1.454886359714353539e+00
4.413303762275860853e-01
1.240776439835571177e+00
1.583477951325082733e+00
9.064193475046451731e-03
1.314358245339043663e+00
1.152433663234007533e+00
2.732635658668447487e-01
1.507277487496029522e+00
9.769551930358248981e-01
6.393501365821356863e-01
1.382734349799633833e+00
6.717379827675602488e-01
9.413347957784661268e-01
1.419104904193376537e+00
2.549414662535011700e-01
1.203372642481048915e+00
1.134902617319207607e+00
1.251824522567976106e-01
1.437543208769549441e+00
9.812574589415253845e-01
5.421885230320979687e-01
1.386003827183824200e+00
7.262915139487874372e-01
8.531703317175193257e-01
1.482718049306511965e+00
4.410200898321786078e-01
1.173525594045444320e+00
1.468086244746673374e+00
1.239393995918550428e-01
1.359383269661105675e+00
1.200485121668627642e+00
4.435276921886122103e-01
1.477357202662774815e+00
8.925938557602455248e-01
6.654675873183212298e-01
1.489618990327734371e+00
5.782684878564720021e-01
1.130103616327336802e+00
1.404626685053310675e+00
2.283413071230865621e-01
1.257099916276692264e+00
1.118834896672517676e+00
8.177149471685159210e-02
1.458991125947126877e+00
9.617604618040258568e-01
5.494977914942837938e-01
1.603043584024319568e+00
7.911209733756935369e-01
9.578338997358877283e-01
1.430236439434167783e+00
4.229027827534165840e-01
1.214920663567982118e+00
1.257926575566513216e+00
8.616644037218376684e-02
1.291520627052856307e+00
1.241022423840347777e+00
2.909343513381459356e-01
1.582504795920512297e+00
7.046786961141242589e-01
7.300976329958985822e-01
1.537044197225168718e+00
4.136378069304196270e-01
9.755869674192153562e-01
1.453775905314754979e+00
1.648947339235615483e-01
1.183335639531360561e+00
1.257813844627125421e+00
8.824963243523330225e-02
1.477133582209311902e+00
1.111011349821673377e+00
5.822630474173436932e-01
1.531707068359059676e+00
7.522557138341036120e-01
1.057033403589584974e+00
1.511978928344271722e+00
4.961042495448360068e-01
1.011838990434242413e+00
1.378971172296739711e+00
3.469963635648531941e-02
1.303947211524050687e+00
1.187035517364165571e+00
3.483569427090258963e-01
1.405852010409646802e+00
1.052395215252085681e+00
7.798086206956624800e-01
1.387850872299726257e+00
5.945775978805356576e-01
9.918572926873299167e-01
1.333001106310583994e+00
2.080001957071658802e-01
1.244222235501397877e+00
1.342834543557978266e+00
1.030675076410131757e-01
1.287999133639097682e+00
1.152362154362097213e+00
5.428107935368947645e-01
1.576754316654362054e+00
8.051085630120128345e-01
8.691148784499400648e-01
1.488094091841601685e+00
4.547309823801704010e-01
1.245636546437741687e+00
1.469366824483139267e+00
3.770476685022688262e-02
1.257243828517610185e+00
1.129204936776702084e+00
2.440848059243774515e-01
1.522307560041636032e+00
8.290178338093311394e-01
6.630174041312976163e-01
1.418483913600573132e+00
6.151431740524064828e-01
9.980576961005072079e-01
1.374517095911292230e+00
2.094218743320127307e-01
1.242826540473482622e+00
1.278537994192218141e+00
8.365143503396049729e-02
1.234164887991303639e+00
8.786006618308905836e-01
6.056467818211842546e-01
1.575498576827083497e+00
6.910071096835429527e-01
8.182974191981488010e-01
1.416702163683435156e+00
3.928096952486387350e-01
1.181865280045142352e+00
1.376755687653772986e+00
5.243967866612671280e-02
1.470978516687295512e+00
1.229213856893587309e+00
3.579160849971186331e-01
1.483835847459848090e+00
7.675413560827558657e-01
5.988256910193932026e-01
1.459571218681990912e+00
5.533583091276357280e-01
9.672135207451615369e-01
1.495825020007822026e+00
3.109603351421970641e-01
1.292935227155884492e+00
1.395406433078504538e+00
2.448542349616217861e-01
1.303709099912503389e+00
1.059659901308263263e+00
5.784309617656049340e-01
1.490124703810858708e+00
8.269153053438799139e-01
8.355144808357988229e-01
1.447987706817218667e+00
3.377019047162260201e-01
1.127686711057021895e+00
1.433842757833286408e+00
1.031760913132546975e-01
1.480233735488001967e+00
1.180383763001239705e+00
4.455328178668494510e-01
1.607006572570413683e+00
8.838820168713802383e-01
7.733808421189675153e-01
1.643687882071574791e+00
6.388580695714251023e-01
1.000564072348689271e+00
1.412923333799189107e+00
3.978262111188941574e-01
1.228357772379670365e+00
1.445986404272544767e+00
8.918475939275254116e-02
1.405456987683478376e+00
1.018216939941211319e+00
6.420997121705481758e-01
1.333602883056247412e+00
6.929325145736114910e-01
9.686511961885346800e-01
1.552955289612113932e+00
3.693864243366918321e-01
1.210276539141408980e+00
1.445512728862422103e+00
8.058872058787636128e-02
1.431341629957894046e+00
1.130944025982893786e+00
2.784724409751840324e-01
1.406284149685425033e+00
8.892296743288792271e-01
6.380377207319705146e-01
1.613927702307495826e+00
6.455195792645190833e-01
9.203705780341249199e-01
1.492481664173556100e+00
2.653841256158866457e-01
1.264334264561140397e+00
1.243910527855276227e+00
2.568650650772249522e-01
1.515388962143635387e+00
1.059424875976031633e+00
5.075432985088204063e-01
1.500112854086820491e+00
8.007077172505735474e-01
7.731668474496107279e-01
1.459904164410384508e+00
3.785074882054936807e-01
1.171340075638053868e+00
1.256722373704158180e+00
4.185800066626112897e-02
1.465195498899502624e+00
1.270001483089069350e+00
3.413642687430241129e-01
1.463693501963790222e+00
9.394207851329036130e-01
7.355588086637965262e-01
1.589885477828292037e+00
6.375427627589955737e-01
1.046160615175066866e+00
1.368498781415881771e+00
2.910988097496237659e-01
1.255044670462662770e+00
1.242514173944979872e+00
1.760450132848386529e-01
1.444616003816551197e+00
1.029662736805123435e+00
5.307953198043691145e-01
1.590903249837116507e+00
7.026887771650989212e-01
7.765474940468194420e-01
1.600403826097001714e+00
3.543958875096737127e-01
1.068127610900754920e+00
1.438335905439131146e+00
1.177315454068204453e-01
1.435154438716086611e+00
1.240443961045706089e+00
3.648679011148602824e-01
1.404204177678922028e+00
9.278217767741256949e-01
7.151810379369036852e-01
1.544543587449564992e+00
6.176276778707225912e-01
9.680146213561221513e-01
1.467390176727802809e+00
2.740469115452554560e-01
1.161874875756880199e+00
1.265722035574674775e+00
1.170266511736320625e-01
1.373620053622635284e+00
1.046720489648379049e+00
5.115628639035696423e-01
1.338148317942524645e+00
7.706349566585122268e-01
9.347281021479678653e-01
1.667212756719809397e+00
2.997533265945117598e-01
1.162211384229179023e+00
1.382694957690087545e+00
9.932094043511563441e-02
1.382761013563803765e+00
1.217559932531410816e+00
2.534258321076017784e-01
1.541874389183534255e+00
9.141099132585418507e-01
8.893618208555689186e-01
1.349772045743011351e+00
6.050321663436090125e-01
9.744570469076880848e-01
1.291866682144056755e+00
2.770980030896413315e-01
1.204543277467915452e+00
1.202719841722463379e+00
2.413844333913353624e-02
1.426543945322412688e+00
9.687761305061852735e-01
5.163992365032625820e-01
1.490527780911547806e+00
6.547753695354556758e-01
9.013414246882797132e-01
1.475388007397459900e+00
3.788258345012556205e-01
1.148477655458778335e+00
1.390744625361007625e+00
7.269084564918038005e-02
1.425912160152113195e+00
1.221222717217439691e+00
2.959403555162020139e-01
1.570934200349883625e+00
8.145708214463003305e-01
7.280804492797291472e-01
1.540610783139667594e+00
5.184130855027612172e-01
1.051991680372244442e+00
1.460506242212691763e+00
2.889094296547949914e-01
1.227731825640860697e+00
1.260834062155521851e+00
1.968004880059723016e-01
1.303241696658897553e+00
1.149952979711989842e+00
6.708704654675510248e-01
1.521219581792662590e+00
7.182185921326195155e-01
7.733859110596682518e-01
1.529405283410537386e+00
4.463744695651616912e-01
1.137365948889985434e+00
1.369301770233273929e+00
8.371927770672671354e-02
1.382811622265475826e+00
1.160211284298017675e+00
3.043961604595289971e-01
1.361831267541959045e+00
9.865349387237924983e-01
7.132671738451150656e-01
1.579460214785479710e+00
5.600160264100420004e-01
1.033016100338234322e+00
1.591359333217108540e+00
2.939164227234960514e-01
1.256446287789706684e+00
1.269947240443536574e+00
1.855379557536228907e-01
1.279739928860207598e+00
1.098606934623735043e+00
5.389212114583965541e-01
1.544775058511648869e+00
7.245060123679161190e-01
8.807766243379983040e-01
1.523691844408824103e+00
4.691356855149164673e-01
1.067013873959268944e+00
1.309552425009934407e+00
1.418715651700098446e-01
1.432422159067376910e+00
1.063486201375526186e+00
3.604575193628608010e-01
1.518685396923724396e+00
8.124989394419244171e-01
6.153706138371565215e-01
1.619087540234744882e+00
5.393712473986892464e-01
9.631699177808489276e-01
1.393684958223913029e+00
8.601633723481998117e-02
1.310079201348398614e+00
1.320799624962571084e+00
2.142017370243262664e-01
1.583752415631667354e+00
1.051509333721579953e+00
4.998325517666176721e-01
1.459979573820752607e+00
6.891582443033615890e-01
8.221645727689863570e-01
1.543493173460463552e+00
4.127618212138022269e-01
1.354259002852062244e+00
1.308356232097619642e+00
4.392041290103413514e-02
1.439295880221900026e+00
1.173030632191783607e+00
4.036399640512786102e-01
1.505102462117701156e+00
8.560801554213509634e-01
7.398441798769022082e-01
1.444699394906665324e+00
6.662527169658982729e-01
9.658222522351458394e-01
1.508830935203322898e+00
2.625451554362631668e-01
1.270011416212701194e+00
1.274771378338649841e+00
4.137604658529282081e-02
1.422215568814343190e+00
1.196116521919101228e+00
4.879419048448217500e-01
1.527248361553538381e+00
6.596183278164389208e-01
8.767693150478574893e-01
1.530661644915031649e+00
3.621571575647868912e-01
1.222259719357202457e+00
1.372902259576872952e+00
6.090013799994769411e-02
1.279928066161365230e+00
1.128012985140707913e+00
5.443412685108266480e-01
1.489038695592065364e+00
8.209147090680536385e-01
6.447674181621996237e-01
1.545221116280418139e+00
7.335226162164038000e-01
8.613627477849639114e-01
1.241055724401101346e+00
3.057631918237774249e-01
1.294454580448016090e+00
1.229136672426411225e+00
1.146811425436827792e-01
1.343689840338781361e+00
1.078684004221492687e+00
5.365184872175952080e-01
1.426171828589553714e+00
8.148651683442605931e-01
9.532831946308210069e-01
1.534608985915306478e+00
3.690693069804691362e-01
1.118272386727285905e+00
1.353934499715801820e+00
1.236121721759837616e-01
1.146305458467612892e+00
1.286136572847062842e+00
3.782874961271060488e-01
1.550775697887969651e+00
9.645593361478416172e-01
7.312352107394665124e-01
1.544888666680090727e+00
5.718471978967668568e-01
1.106715591761974204e+00
1.389242315975830033e+00
2.770292913831517434e-01
1.135615659572642100e+00
1.286529539058532512e+00
9.160232171510959004e-03
1.470480681474164220e+00
9.705606633139874928e-01
5.979673381568846313e-01
1.489072339461889660e+00
8.208026045168953511e-01
7.608876542968451284e-01
1.544529894496272204e+00
3.774087203766738896e-01
1.097338388683182453e+00
1.490456870819960589e+00
7.088151598601703796e-02
1.336792055183481764e+00
1.117037171409164698e+00
3.234709980725284373e-01
1.478447532921952856e+00
9.120644609942382131e-01
6.945391929619896265e-01
1.535597661212402931e+00
6.208094533970514028e-01
1.005645656495377294e+00
1.521636339670787041e+00
2.481623558385531170e-01
1.216657887847543362e+00
1.342533535374768272e+00
2.291719576238724354e-01
1.409042341390977837e+00
8.391647838370480672e-01
4.825059563412507080e-01
1.609822193065615803e+00
7.824291421848645900e-01
8.830580017036130380e-01
1.536252466190213273e+00
3.899109572729140827e-01
1.181987166872062733e+00
1.436392692613594591e+00
6.576960725373706684e-02
1.590916597124359289e+00
1.148779299544375743e+00
2.790300440263225323e-01
1.420017508788997462e+00
1.028229856513450446e+00
7.508920759478101559e-01
1.544833057478683491e+00
4.547806620961811208e-01
1.021144175143715138e+00
1.462829390235060201e+00
2.589444036788085546e-01
1.256194363074447651e+00
1.282596818629476054e+00
1.805766717182431813e-01
1.403769993651626802e+00
1.081595498071667105e+00
5.749416572763277333e-01
1.451457706513554768e+00
6.638123071965742472e-01
8.398360228413073170e-01
1.451929180989570911e+00
3.527430315696144514e-01
1.052449227179054647e+00
1.514610073570111570e+00
1.139460820176046996e-02
1.375421898972722712e+00
1.096218451261650850e+00
3.941008143201562008e-01
1.477326708823712087e+00
8.094113152642148368e-01
5.865209995060566284e-01
1.606283788978868365e+00
4.576034130310501213e-01
1.127774730526796221e+00
1.375126507477671955e+00
2.220312351681701102e-01
1.321817780170834622e+00
1.238448793406870418e+00
2.044882438396756208e-01
1.437474075667432905e+00
1.161549522837713955e+00
5.758178666782705069e-01
1.498565069165601615e+00
7.059201032712496549e-01
7.856036882725304649e-01
1.470081595385272610e+00
4.850493345251139510e-01
9.395558231812028982e-01
1.319988829141203635e+00
9.994836830874605227e-03
1.416248214830989838e+00
1.257908016055209632e+00
3.650816622301203962e-01
1.462647846936349083e+00
9.093258860274489042e-01
6.163165597489721481e-01
1.469291840462927823e+00
4.908729198422481232e-01
9.747575363636311607e-01
1.476132323090179055e+00
3.266736733011209037e-01
1.316934866709839946e+00
1.167162166899413878e+00
1.460106884844421526e-01
1.387131267060747852e+00
1.106744720098861379e+00
5.595262802817483339e-01
1.359983517701459643e+00
7.801616154785581125e-01
7.657942534279787994e-01
1.483559822823539598e+00
4.256520905549037170e-01
1.173401353232621513e+00
1.363455722965179584e+00
1.718586695694104827e-01
1.260517072996410359e+00
1.117663505795877033e+00
4.188799654061260980e-01
1.501309818212764879e+00
8.547522467811683455e-01
7.915906107935000158e-01
1.542099815881137426e+00
5.182364934939255319e-01
1.052736772765114681e+00
1.495617458927263055e+00
2.027227402844405668e-01
1.159864919516187864e+00
1.428621931791369315e+00
2.205536017143570060e-01
1.516649276977811267e+00
1.157603468633101595e+00
5.474074057615790911e-01
1.371360462770066846e+00
7.117316745886860252e-01
1.027832353222193129e+00
1.430473479225906175e+00
4.484263284253343085e-01
1.125994966806327824e+00
1.347215629118769797e+00
9.809207186777516019e-02
1.383537495301683906e+00
1.172561738218051097e+00
3.821069527996487913e-01
1.452627797628019746e+00
7.808866351316032794e-01
7.956280888614587488e-01
1.480487472634955948e+00
4.346732134764562105e-01
1.094739170135677009e+00
1.466040071226364594e+00
1.548579798088599857e-01
1.261333622052644099e+00
1.199837237638758936e+00
5.831889602530059002e-02
1.411304487383881812e+00
1.143789153806057390e+00
6.375825344285293017e-01
1.471182474423353037e+00
6.585273183660032004e-01
8.370522793439382214e-01
1.380627381051991120e+00
3.455707723009566190e-01
1.071939490474019152e+00
1.249587750981259626e+00
1.179843424616861675e-02
1.306358305332753877e+00
1.265043221928716877e+00
3.301195540118571081e-01
1.468503232771134481e+00
9.828653620984783013e-01
7.799530344676923743e-01
1.451113980183909025e+00
4.722743861840092428e-01
1.140004573542453992e+00
1.353109066724740739e+00
1.653103195088641841e-01
1.143849929122270570e+00
1.254127347980118712e+00
3.360838973074790070e-01
1.461333120186719459e+00
8.420063746137467220e-01
5.053308234656325171e-01
1.445762777312173730e+00
7.464299607683444471e-01
9.295185836208985641e-01
1.552253854983541848e+00
3.740094439823949957e-01
1.179326280560033746e+00
1.343790673694823967e+00
6.034093074084270064e-02
1.321822486528646090e+00
1.048449645188346269e+00
3.683167763334611045e-01
1.548954906822973543e+00
8.089875373183129659e-01
6.879983205596554852e-01
1.559020303638506633e+00
5.900903932369454541e-01
1.044217394922006159e+00
1.437174937439100963e+00
9.199572961645059721e-02
1.232182505253215155e+00
1.294586410014429756e+00
1.652587459943304637e-01
1.464642859245286033e+00
1.086834258376823126e+00
5.120803746469162476e-01
1.498689343698358156e+00
5.934136699016110406e-01
9.084574309925325108e-01
1.362123445625311513e+00
2.954663656790365023e-01
1.167163495595221256e+00
1.420578670993004611e+00
