# {'window': 39, 'n_steps': 2, 'q': 0.00896994643812077, 'contam': 0.9599376514043, 'thres': 0.47476003568602904}
1.988379657268524170e-01
1.155110001564025879e-01
1.907078623771667480e-01
1.774531900882720947e-01
3.923302292823791504e-01
3.644707202911376953e-01
3.488102257251739502e-01
2.614158391952514648e-01
1.767304539680480957e-02
1.265311241149902344e-02
3.040388226509094238e-01
2.491745352745056152e-01
3.507308810949325562e-01
3.963821232318878174e-01
4.504554271697998047e-01
1.412792727351188660e-01
1.416757702827453613e-01
1.017627716064453125e-01
3.615526575595140457e-01
4.148886799812316895e-01
4.065521955490112305e-01
3.928069770336151123e-02
2.083814144134521484e-02
1.047670841217041016e-01
2.777016982436180115e-01
2.535530924797058105e-01
3.963678479194641113e-01
3.492619544267654419e-01
2.752845883369445801e-01
1.398538947105407715e-01
8.647750318050384521e-02
6.954631209373474121e-02
2.883906960487365723e-01
3.277287483215332031e-01
3.811266124248504639e-01
2.917206883430480957e-01
7.651895284652709961e-02
6.718677282333374023e-02
2.181989550590515137e-01
2.273787260055541992e-01
4.149413220584392548e-01
3.266452550888061523e-01
2.932568192481994629e-01
2.440087199211120605e-01
2.049724459648132324e-01
2.998142838478088379e-01
2.762590050697326660e-01
3.581453561782836914e-01
4.390099644660949707e-01
2.439556196331977844e-01
1.562721133232116699e-01
1.001560091972351074e-01
1.851601600646972656e-01
1.598338037729263306e-01
3.713045120239257812e-01
3.272916674613952637e-01
3.744145482778549194e-01
2.592999935150146484e-01
1.831948757171630859e-03
4.951030015945434570e-03
2.843653559684753418e-01
2.459762394428253174e-01
3.514196723699569702e-01
3.462268114089965820e-01
2.218220233917236328e-01
1.565090864896774292e-01
1.588944196701049805e-01
1.259794831275939941e-01
3.447035215795040131e-01
3.545718193054199219e-01
3.308684229850769043e-01
2.559504136443138123e-01
3.496229648590087891e-02
2.031463384628295898e-02
2.542598396539688110e-01
2.407420277595520020e-01
3.892147541046142578e-01
3.488546311855316162e-01
2.913276255130767822e-01
1.438444256782531738e-01
1.022780239582061768e-01
6.420542299747467041e-02
3.544514179229736328e-01
3.058437108993530273e-01
3.727277666330337524e-01
2.964922189712524414e-01
3.127685189247131348e-02
9.827341139316558838e-02
1.730082631111145020e-01
2.027603387832641602e-01
3.468772843480110168e-01
3.800162672996520996e-01
3.032827675342559814e-01
1.938177347183227539e-01
2.278584241867065430e-02
5.901747941970825195e-02
3.158150427043437958e-01
3.190067112445831299e-01
4.043211936950683594e-01
2.233325839042663574e-01
1.255327463150024414e-01
1.367860436439514160e-01
1.292531639337539673e-01
1.730196177959442139e-01
3.596572279930114746e-01
3.546534776687622070e-01
3.283993005752563477e-01
1.881473660469055176e-01
3.552198410034179688e-03
3.942470252513885498e-02
2.906227707862854004e-01
3.082140386104583740e-01
3.930392414331436157e-01
3.104937076568603516e-01
2.008365094661712646e-01
1.197462603449821472e-01
1.295986771583557129e-01
9.438312053680419922e-02
3.480538800358772278e-01
3.915559947490692139e-01
3.502267003059387207e-01
2.649653535336256027e-01
7.415390014648437500e-02
2.770191431045532227e-02
2.393677309155464172e-01
2.652218639850616455e-01
4.104595780372619629e-01
3.058422952890396118e-01
2.899492383003234863e-01
2.040355205535888672e-01
1.056716740131378174e-01
6.354662775993347168e-02
3.299120664596557617e-01
3.347411155700683594e-01
3.663958162069320679e-01
3.087447285652160645e-01
8.473731577396392822e-02
9.500636160373687744e-02
2.166168093681335449e-01
1.766375899314880371e-01
3.795255608856678009e-01
3.835393786430358887e-01
2.809748947620391846e-01
2.077690996229648590e-01
2.598863840103149414e-02
5.898022651672363281e-02
3.335392102599143982e-01
2.947106063365936279e-01
3.840509057044982910e-01
2.950936928391456604e-01
1.794780194759368896e-01
7.042038440704345703e-02
2.181121706962585449e-01
1.369152516126632690e-01
3.347855806350708008e-01
3.577641397714614868e-01
3.487865924835205078e-01
2.200763225555419922e-01
1.261436939239501953e-02
1.784327626228332520e-02
2.790375947952270508e-01
2.901750206947326660e-01
3.721934109926223755e-01
3.588240146636962891e-01
2.021994292736053467e-01
1.095948666334152222e-01
8.437138795852661133e-02
1.529029607772827148e-01
3.461579009890556335e-01
3.566457629203796387e-01
3.998379707336425781e-01
2.295886240899562836e-01
8.717799186706542969e-02
5.944103002548217773e-02
2.663647234439849854e-01
2.757344394922256470e-01
4.236702322959899902e-01
3.525269478559494019e-01
2.951523959636688232e-01
8.394467830657958984e-02
9.772190451622009277e-02
5.388370156288146973e-02
3.482695221900939941e-01
3.232440948486328125e-01
3.924385309219360352e-01
2.776535153388977051e-01
1.041727960109710693e-01
1.063315048813819885e-01
2.154016494750976562e-01
2.271693944931030273e-01
3.824452757835388184e-01
3.782190084457397461e-01
2.946857810020446777e-01
1.709992028772830963e-01
3.685557842254638672e-02
1.089257001876831055e-02
2.609173431992530823e-01
3.248220682144165039e-01
3.709390461444854736e-01
2.882325127720832825e-01
1.767989099025726318e-01
1.420590281486511230e-01
2.055936157703399658e-01
1.485181748867034912e-01
3.795164823532104492e-01
3.477493971586227417e-01
3.432632684707641602e-01
2.547909617424011230e-01
2.582344412803649902e-02
2.179382741451263428e-02
3.124618530273437500e-01
3.121670484542846680e-01
3.986140787601470947e-01
3.418402671813964844e-01
1.673048138618469238e-01
1.464634425938129425e-01
9.086948633193969727e-02
1.368972659111022949e-01
3.553981147706508636e-01
3.850191533565521240e-01
3.703548312187194824e-01
2.184616439044475555e-01
3.286057710647583008e-02
7.732689380645751953e-02
2.770090699195861816e-01
2.456910461187362671e-01
3.834901452064514160e-01
3.653579950332641602e-01
2.857411205768585205e-01
1.933034062385559082e-01
5.659142136573791504e-02
6.091083586215972900e-02
2.768731117248535156e-01
3.730038702487945557e-01
4.000644385814666748e-01
2.892683744430541992e-01
1.136557161808013916e-01
7.711616158485412598e-02
2.266044616699218750e-01
2.167484760284423828e-01
4.041572287678718567e-01
3.856769502162933350e-01
2.821668982505798340e-01
1.829915083944797516e-01
3.823995590209960938e-03
2.607041597366333008e-02
2.978814914822578430e-01
3.166801631450653076e-01
3.570981025695800781e-01
2.729815319180488586e-01
1.811395883560180664e-01
1.017989516258239746e-01
1.747265011072158813e-01
1.632257997989654541e-01
4.045004248619079590e-01
3.060288429260253906e-01
3.662368804216384888e-01
2.487061023712158203e-01
4.324942827224731445e-03
2.496860921382904053e-02
2.727668285369873047e-01
3.009659051895141602e-01
3.927114009857177734e-01
3.344348669052124023e-01
1.992674767971038818e-01
1.555923745036125183e-01
2.853679060935974121e-01
1.044368147850036621e-01
3.701192568987607956e-01
3.993519544601440430e-01
3.675470650196075439e-01
2.402381077408790588e-01
4.704070091247558594e-02
3.643733263015747070e-02
2.635827884078025818e-01
2.402319312095642090e-01
3.721050024032592773e-01
3.180760443210601807e-01
2.998914420604705811e-01
1.754385828971862793e-01
8.902928233146667480e-02
9.048256278038024902e-02
4.055839776992797852e-02
2.586140334606170654e-01
1.638777554035186768e-01
3.527955412864685059e-01
1.216734349727630615e-01
1.094164773821830750e-01
1.783202886581420898e-01
2.060732245445251465e-01
6.139892339706420898e-02
4.044624269008636475e-01
3.133507072925567627e-01
1.804838441312313080e-01
5.223685503005981445e-02
6.751894950866699219e-03
2.726402059197425842e-01
3.888668119907379150e-01
4.403745234012603760e-01
2.248392701148986816e-01
1.562886834144592285e-01
1.496268510818481445e-01
1.480120122432708740e-01
2.168453633785247803e-01
3.939560055732727051e-01
3.320235759019851685e-01
3.864584118127822876e-01
2.026941776275634766e-01
3.629803657531738281e-03
1.790603995323181152e-02
3.298271894454956055e-01
2.715006470680236816e-01
4.104147255420684814e-01
3.200215101242065430e-01
2.302086353302001953e-01
1.139231771230697632e-01
1.479351520538330078e-01
1.180502772331237793e-01
3.289828598499298096e-01
3.702296018600463867e-01
3.703483343124389648e-01
2.272090502083301544e-01
5.759054422378540039e-02
3.254473209381103516e-02
2.824885174632072449e-01
2.689048051834106445e-01
4.220904111862182617e-01
2.866760343313217163e-01
2.824980318546295166e-01
1.851027011871337891e-01
1.021171063184738159e-01
7.976610958576202393e-02
3.723401427268981934e-01
3.345595598220825195e-01
3.665457963943481445e-01
2.779272794723510742e-01
6.716656684875488281e-02
7.874640077352523804e-02
2.248716354370117188e-01
2.330897450447082520e-01
3.858194500207901001e-01
3.545186817646026611e-01
3.120743930339813232e-01
1.488360241055488586e-01
4.085278511047363281e-02
4.395484924316406250e-03
2.601809799671173096e-01
3.399369418621063232e-01
3.786932826042175293e-01
2.688037976622581482e-01
1.880019605159759521e-01
1.572286486625671387e-01
2.134587541222572327e-01
2.067952901124954224e-01
3.939641118049621582e-01
2.809397876262664795e-01
3.440499305725097656e-01
2.700253129005432129e-01
3.701481223106384277e-02
1.458729803562164307e-02
2.950114011764526367e-02
2.685091495513916016e-01
4.117324799299240112e-01
3.677327632904052734e-01
1.943037509918212891e-01
8.941161632537841797e-02
1.279796361923217773e-01
9.628933668136596680e-02
3.484071828424930573e-01
4.109473824501037598e-01
3.610487580299377441e-01
2.694773955736309290e-01
7.295113801956176758e-02
2.485817670822143555e-02
2.253751605749130249e-01
2.895685732364654541e-01
4.181962013244628906e-01
2.729573547840118408e-01
2.647614479064941406e-01
1.415163874626159668e-01
6.831383705139160156e-02
6.002008914947509766e-02
3.413832783699035645e-01
3.571801781654357910e-01
4.367128610610961914e-01
2.674860954284667969e-01
9.927088022232055664e-02
1.180987954139709473e-01
1.592953205108642578e-01
2.218252420425415039e-01
3.507150784134864807e-01
4.169396460056304932e-01
2.851423025131225586e-01
1.783796511590480804e-01
4.007929563522338867e-02
4.371285438537597656e-02
2.838684469461441040e-01
3.184013068675994873e-01
3.903018534183502197e-01
2.971076816320419312e-01
1.741619706153869629e-01
1.139951348304748535e-01
1.907252818346023560e-01
1.934726536273956299e-01
3.893603682518005371e-01
3.049524575471878052e-01
3.472457528114318848e-01
2.437419295310974121e-01
3.677648305892944336e-02
2.074863016605377197e-02
2.766184806823730469e-01
2.627834379673004150e-01
4.306766837835311890e-01
2.924533486366271973e-01
1.672039031982421875e-01
1.745344065129756927e-01
1.153329014778137207e-01
1.016697883605957031e-01
3.459212295711040497e-01
4.650371968746185303e-01
3.958181142807006836e-01
1.898237764835357666e-01
6.857275962829589844e-02
5.095010995864868164e-02
2.516359314322471619e-01
2.992458045482635498e-01
3.833276033401489258e-01
2.758259922266006470e-01
2.844768762588500977e-01
1.790487170219421387e-01
1.307401359081268311e-01
8.627222478389739990e-02
3.235726952552795410e-01
2.905948162078857422e-01
2.992478609085083008e-01
3.407290577888488770e-01
1.148509979248046875e-02
6.965792179107666016e-02
2.146649360656738281e-01
2.311185002326965332e-01
3.908306658267974854e-01
3.863669931888580322e-01
2.591986656188964844e-01
1.801096647977828979e-01
1.496130228042602539e-02
3.282308578491210938e-02
3.201555013656616211e-01
3.367214798927307129e-01
3.842377066612243652e-01
1.169502884149551392e-01
1.151014566421508789e-01
2.430579662322998047e-01
1.474320888519287109e-01
1.786183714866638184e-01
3.762969970703125000e-01
3.407061100006103516e-01
3.293325006961822510e-01
2.533514499664306641e-01
1.320612430572509766e-02
2.653595805168151855e-02
2.551612257957458496e-01
3.048819005489349365e-01
3.103385120630264282e-01
2.767760753631591797e-01
1.805341243743896484e-01
2.014264632016420364e-01
1.244475245475769043e-01
9.301286935806274414e-02
3.759760768152773380e-01
4.210611879825592041e-01
3.735305070877075195e-01
1.974680945277214050e-01
6.007313728332519531e-02
7.639181613922119141e-02
2.823181860148906708e-01
3.207922875881195068e-01
4.241162538528442383e-01
2.777661532163619995e-01
2.503378689289093018e-01
1.714878678321838379e-01
1.115852147340774536e-01
1.109900623559951782e-01
3.242809772491455078e-01
3.011596500873565674e-01
3.919629752635955811e-01
3.222451210021972656e-01
1.272776126861572266e-01
6.099531054496765137e-02
1.969642639160156250e-01
1.518815159797668457e-01
3.450552895665168762e-01
4.034191370010375977e-01
2.881227135658264160e-01
1.885237097740173340e-01
4.746276140213012695e-02
4.527449607849121094e-02
3.146154657006263733e-01
3.556026816368103027e-01
3.809790313243865967e-01
2.240177616477012634e-01
2.082841396331787109e-01
1.536576747894287109e-01
1.908696889877319336e-01
2.221992611885070801e-01
4.207679033279418945e-01
2.784673869609832764e-01
3.347738385200500488e-01
2.442660927772521973e-01
3.013888001441955566e-02
1.064804196357727051e-02
2.736942172050476074e-01
2.569849789142608643e-01
3.578907549381256104e-01
3.632983565330505371e-01
1.727401018142700195e-01
1.173311471939086914e-01
7.448065280914306641e-02
7.671988010406494141e-02
2.998512983322143555e-01
3.936544358730316162e-01
3.488041758537292480e-01
8.129066228866577148e-02
7.988202571868896484e-02
2.531765103340148926e-01
2.699401080608367920e-01
2.884821593761444092e-01
4.010208249092102051e-01
2.901990711688995361e-01
2.884714901447296143e-01
1.773132681846618652e-01
8.847068250179290771e-02
4.324389994144439697e-02
3.006700277328491211e-01
4.462890326976776123e-01
4.034100323915481567e-01
2.851083278656005859e-01
8.354008197784423828e-02
8.780778199434280396e-02
2.066949009895324707e-01
2.289780974388122559e-01
3.881545811891555786e-01
3.664065301418304443e-01
2.694772779941558838e-01
2.106245961040258408e-01
1.837378740310668945e-02
4.994165897369384766e-02
3.058830536901950836e-01
3.600155115127563477e-01
4.392965734004974365e-01
2.351088821887969971e-01
1.627345085144042969e-01
9.406048059463500977e-02
1.843000054359436035e-01
1.379355192184448242e-01
2.467952370643615723e-01
3.685753047466278076e-01
1.930414438247680664e-01
2.447808980941772461e-01
1.726111769676208496e-02
1.312115788459777832e-02
2.597674131393432617e-01
2.878807783126831055e-01
4.191262573003768921e-01
3.592646718025207520e-01
3.333604037761688232e-01
1.399292945861816406e-01
1.058495640754699707e-01
1.491627097129821777e-01
3.647301122546195984e-01
3.896037936210632324e-01
3.663124442100524902e-01
2.154301144182682037e-01
5.697596073150634766e-02
6.481081247329711914e-02
2.292187884449958801e-01
2.306835502386093140e-01
4.128967523574829102e-01
3.480439037084579468e-01
2.400698363780975342e-01
2.069051265716552734e-01
1.100651621818542480e-01
9.149107336997985840e-02
3.303220868110656738e-01
2.777305841445922852e-01
3.620128333568572998e-01
3.221991062164306641e-01
9.498304128646850586e-02
5.796082317829132080e-02
2.669960856437683105e-01
2.309092879295349121e-01
4.098872728645801544e-01
3.510563969612121582e-01
3.127940297126770020e-01
2.178637413308024406e-01
1.606136560440063477e-02
3.943949937820434570e-02
3.082196004688739777e-01
3.494091928005218506e-01
4.017906188964843750e-01
2.410015836358070374e-01
1.753877103328704834e-01
1.378191709518432617e-01
1.944938302040100098e-01
1.898128539323806763e-01
3.780933022499084473e-01
2.830186784267425537e-01
2.891932427883148193e-01
3.046371936798095703e-01
6.567180156707763672e-03
2.586730569601058960e-01
3.668531775474548340e-01
6.264072656631469727e-02
3.835398107767105103e-01
3.348165750503540039e-01
1.666189432144165039e-01
1.765363961458206177e-01
1.079161167144775391e-01
1.550415754318237305e-01
3.540750071406364441e-01
3.700560629367828369e-01
3.871405124664306641e-01
2.493826001882553101e-01
4.798775911331176758e-02
2.531599998474121094e-02
2.563613727688789368e-01
3.300260603427886963e-01
4.731224775314331055e-01
2.640174329280853271e-01
2.775313556194305420e-01
1.902480125427246094e-01
1.228071898221969604e-01
3.631660342216491699e-02
3.283680081367492676e-01
3.555511832237243652e-01
4.131108075380325317e-01
3.029648661613464355e-01
7.414072751998901367e-02
8.595209568738937378e-02
2.137911915779113770e-01
2.116379141807556152e-01
3.802500069141387939e-01
3.780845403671264648e-01
2.856530845165252686e-01
2.216808972880244255e-01
8.312875032424926758e-02
2.757942676544189453e-02
3.093928880989551544e-01
3.504322469234466553e-01
4.048938155174255371e-01
2.608845606446266174e-01
2.036073505878448486e-01
1.118052601814270020e-01
2.171102017164230347e-01
1.666927933692932129e-01
3.860279917716979980e-01
3.458234071731567383e-01
3.376179933547973633e-01
5.256968736648559570e-02
4.988735914230346680e-02
1.495021283626556396e-01
2.654499411582946777e-01
2.460624277591705322e-01
3.612295091152191162e-01
4.254166483879089355e-01
3.018913865089416504e-01
1.361289992928504944e-01
1.383000016212463379e-01
1.671772003173828125e-01
3.861977756023406982e-01
4.045659303665161133e-01
4.095502495765686035e-01
1.740513145923614502e-01
7.729840278625488281e-02
7.793217897415161133e-02
2.581935450434684753e-01
2.567918300628662109e-01
4.056879281997680664e-01
3.288091570138931274e-01
2.501527965068817139e-01
2.035864591598510742e-01
1.430923193693161011e-01
6.281101703643798828e-02
3.417471051216125488e-01
3.496114909648895264e-01
3.743605017662048340e-01
3.069448471069335938e-01
7.436209917068481445e-02
1.201493889093399048e-01
1.926760673522949219e-01
2.167786955833435059e-01
3.801639229059219360e-01
1.776372790336608887e-01
1.950039565563201904e-01
3.220884799957275391e-01
5.910819768905639648e-02
2.070766687393188477e-02
2.826946005225181580e-01
4.168910384178161621e-01
4.250622987747192383e-01
2.043117359280586243e-01
1.857435703277587891e-01
1.242091059684753418e-01
1.880314350128173828e-01
2.115088999271392822e-01
3.800299167633056641e-01
3.152625709772109985e-01
3.513673245906829834e-01
2.717814445495605469e-01
1.504617929458618164e-02
1.798117160797119141e-02
2.816870212554931641e-01
2.791595757007598877e-01
4.058306589722633362e-01
8.678150177001953125e-02
2.602734863758087158e-01
9.903043508529663086e-03
1.493171453475952148e-01
7.281601428985595703e-03
3.895380496978759766e-01
4.007689952850341797e-01
3.914638459682464600e-01
2.158061377704143524e-01
1.160527467727661133e-01
5.418550968170166016e-02
2.773972973227500916e-01
2.720806002616882324e-01
3.682459592819213867e-01
3.422585278749465942e-01
3.107450902462005615e-01
1.977850198745727539e-01
8.570441603660583496e-02
6.951849162578582764e-02
2.875448465347290039e-01
3.579297363758087158e-01
4.153604954481124878e-01
2.778577804565429688e-01
1.035800278186798096e-01
7.160647213459014893e-02
1.763833761215209961e-01
2.262172102928161621e-01
3.769264072179794312e-01
3.639762103557586670e-01
2.866557836532592773e-01
1.297508850693702698e-01
2.338153123855590820e-02
8.684873580932617188e-03
2.807783037424087524e-01
3.740109205245971680e-01
4.038763940334320068e-01
2.547535076737403870e-01
2.190570533275604248e-01
1.242552399635314941e-01
1.791847050189971924e-01
2.011137753725051880e-01
3.707761168479919434e-01
3.510342240333557129e-01
3.800484538078308105e-01
2.375176548957824707e-01
1.043218374252319336e-02
1.875200867652893066e-02
2.802931666374206543e-01
2.828190028667449951e-01
4.108701422810554504e-01
3.866177201271057129e-01
2.501856088638305664e-01
1.115379780530929565e-01
2.188504934310913086e-01
9.773135185241699219e-03
3.555588833987712860e-01
3.689655661582946777e-01
3.549581766128540039e-01
2.561172004789113998e-01
7.514971494674682617e-02
7.207590341567993164e-02
2.398589774966239929e-01
2.941591739654541016e-01
4.489076733589172363e-01
2.560412883758544922e-01
2.899427115917205811e-01
2.069652676582336426e-01
7.521164417266845703e-02
1.432623565196990967e-01
3.810239434242248535e-01
2.479052543640136719e-01
3.525047600269317627e-01
3.885952234268188477e-01
1.415988802909851074e-01
6.915728747844696045e-02
2.201113700866699219e-01
2.366913557052612305e-01
3.900442793965339661e-01
3.647051453590393066e-01
3.095042407512664795e-01
1.930331476032733917e-01
4.897129535675048828e-02
3.301614522933959961e-02
3.239655308425426483e-01
3.666525483131408691e-01
4.252600371837615967e-01
2.873007021844387054e-01
2.127235829830169678e-01
1.282936334609985352e-01
1.841445714235305786e-01
1.842276751995086670e-01
3.714166283607482910e-01
2.953546047210693359e-01
3.030074238777160645e-01
6.129252910614013672e-02
9.978824853897094727e-02
1.796309947967529297e-01
2.454626560211181641e-01
2.765717506408691406e-01
4.128549024462699890e-01
3.517141342163085938e-01
1.965893507003784180e-01
1.386756300926208496e-01
1.124768853187561035e-01
1.070581674575805664e-01
3.315268717706203461e-01
4.186056852340698242e-01
4.030918776988983154e-01
2.046194933354854584e-01
1.025888919830322266e-01
2.543932199478149414e-02
2.634285241365432739e-01
2.695735096931457520e-01
4.356781244277954102e-01
3.076411783695220947e-01
2.833528816699981689e-01
8.402121067047119141e-02
1.186949610710144043e-01
3.868561983108520508e-02
2.810743451118469238e-01
3.253459334373474121e-01
3.894691318273544312e-01
3.244296908378601074e-01
1.194862127304077148e-01
9.328386932611465454e-02
1.903211474418640137e-01
1.879194378852844238e-01
3.315195888280868530e-01
4.012908637523651123e-01
2.881873250007629395e-01
1.957959271967411041e-01
4.072189331054687500e-04
2.648377418518066406e-02
2.907437682151794434e-01
3.731773495674133301e-01
4.060910344123840332e-01
2.211560830473899841e-01
1.319674849510192871e-01
1.226177215576171875e-01
2.022775411605834961e-01
1.060967743396759033e-01
2.280579805374145508e-01
5.700176060199737549e-01
4.128456115722656250e-01
1.984066963195800781e-01
1.852589845657348633e-02
5.196523666381835938e-02
2.861652970314025879e-01
2.611585557460784912e-01
4.233353063464164734e-01
3.441466689109802246e-01
2.550975084304809570e-01
9.342758357524871826e-02
2.723962068557739258e-02
1.084021329879760742e-01
3.117664530873298645e-01
4.182541966438293457e-01
3.696238696575164795e-01
2.036844678223133087e-01
5.968576669692993164e-02
7.394474744796752930e-02
2.877255417406558990e-01
2.657860666513442993e-01
4.321253299713134766e-01
6.704923510551452637e-02
1.271060407161712646e-01
3.926984071731567383e-01
9.259372949600219727e-02
6.742683053016662598e-02
3.187082409858703613e-01
3.145940601825714111e-01
3.777562975883483887e-01
3.077750205993652344e-01
5.240225791931152344e-02
9.265597909688949585e-02
2.194136381149291992e-01
2.032065391540527344e-01
4.019142724573612213e-01
3.872700333595275879e-01
2.947992384433746338e-01
1.689004823565483093e-01
1.900154352188110352e-02
6.957769393920898438e-03
2.954949289560317993e-01
3.065594136714935303e-01
3.862561583518981934e-01
3.043994754552841187e-01
1.678295731544494629e-01
3.288227319717407227e-02
2.272658348083496094e-01
9.796750545501708984e-02
3.467125296592712402e-01
3.834152221679687500e-01
3.791984021663665771e-01
1.970431804656982422e-01
6.888300180435180664e-03
8.554354310035705566e-03
3.097043037414550781e-01
2.862658798694610596e-01
4.045723825693130493e-01
3.347802758216857910e-01
2.294773459434509277e-01
1.828952860087156296e-01
9.151875972747802734e-02
1.142743825912475586e-01
3.563036732375621796e-01
3.933185338973999023e-01
1.602799296379089355e-01
2.291696071624755859e-01
8.574068546295166016e-02
7.727199792861938477e-02
2.288181036710739136e-01
2.869091629981994629e-01
2.479004859924316406e-01
2.943289875984191895e-01
2.984387278556823730e-01
1.543714404106140137e-01
1.161036491394042969e-01
7.245813310146331787e-02
3.392043709754943848e-01
3.320905566215515137e-01
3.931116610765457153e-01
3.123741745948791504e-01
1.051159501075744629e-01
7.919177412986755371e-02
1.897915601730346680e-01
2.109264731407165527e-01
4.161067306995391846e-01
4.269919395446777344e-01
3.060566186904907227e-01
1.588897034525871277e-01
2.811735868453979492e-02
2.996492385864257812e-02
3.510756883770227432e-01
3.625403940677642822e-01
4.336274266242980957e-01
2.205030098557472229e-01
2.577768862247467041e-01
1.517508029937744141e-01
1.781370192766189575e-01
1.578254699707031250e-01
3.511688113212585449e-01
3.828019946813583374e-01
3.592853248119354248e-01
2.383226752281188965e-01
7.934004068374633789e-03
3.050312399864196777e-03
2.358919978141784668e-01
3.118549883365631104e-01
4.109531641006469727e-01
3.268420100212097168e-01
2.077340483665466309e-01
1.129936724901199341e-01
1.673907637596130371e-01
1.304492354393005371e-01
4.064912602771073580e-01
3.530569672584533691e-01
3.689383268356323242e-01
2.434348613023757935e-01
6.787776947021484375e-02
6.302374601364135742e-02
2.589644640684127808e-01
3.017960786819458008e-01
4.017659425735473633e-01
3.118911832571029663e-01
2.890110313892364502e-01
1.753961443901062012e-01
1.008058637380599976e-01
9.547245502471923828e-02
3.566508889198303223e-01
3.645839393138885498e-01
3.991098403930664062e-01
2.382669448852539062e-01
1.002486050128936768e-01
4.225255548954010010e-02
2.482786178588867188e-01
1.865075230598449707e-01
3.972795717418193817e-01
4.217399358749389648e-01
3.199029564857482910e-01
1.397720575332641602e-01
1.840585470199584961e-02
5.265873670578002930e-02
8.175635337829589844e-02
3.127803504467010498e-01
3.789705336093902588e-01
3.304820023477077484e-01
1.561408042907714844e-01
9.575140476226806641e-02
2.034604847431182861e-01
1.804980188608169556e-01
3.900166153907775879e-01
3.479459434747695923e-01
3.449295461177825928e-01
1.636766195297241211e-01
9.817156195640563965e-02
2.418292313814163208e-01
2.765641212463378906e-01
2.688341438770294189e-01
4.133097454905509949e-01
3.695446252822875977e-01
1.866269707679748535e-01
1.359611600637435913e-01
1.717268228530883789e-01
9.846878051757812500e-02
3.353806883096694946e-01
4.311620891094207764e-01
4.219271540641784668e-01
2.134674787521362305e-01
7.583355903625488281e-02
5.240029096603393555e-02
2.490569949150085449e-01
2.729479223489761353e-01
4.132505655288696289e-01
3.337293714284896851e-01
2.695941627025604248e-01
1.846247315406799316e-01
9.476652741432189941e-02
9.927920997142791748e-02
3.255658745765686035e-01
2.839404642581939697e-01
4.002701789140701294e-01
3.425970077514648438e-01
1.105682253837585449e-01
5.236418545246124268e-02
1.931068897247314453e-01
2.094817161560058594e-01
4.066850244998931885e-01
4.040867388248443604e-01
3.074561357498168945e-01
9.188792109489440918e-02
1.206416487693786621e-01
1.235985755920410156e-01
3.018312826752662659e-01
3.319438695907592773e-01
3.794859051704406738e-01
2.767489403486251831e-01
1.733328998088836670e-01
1.179788112640380859e-01
1.673689782619476318e-01
1.965252310037612915e-01
3.985559344291687012e-01
2.669582664966583252e-01
3.668823987245559692e-01
3.049197793006896973e-01
6.921768188476562500e-03
1.644447445869445801e-03
2.815298438072204590e-01
2.738602161407470703e-01
3.618194162845611572e-01
3.812923431396484375e-01
2.352591454982757568e-01
1.372288316488265991e-01
1.692959070205688477e-01
1.388058066368103027e-01
3.375701606273651123e-01
3.997745811939239502e-01
3.927871584892272949e-01
1.854555308818817139e-01
9.528964757919311523e-02
5.307888984680175781e-02
2.705143839120864868e-01
2.619905769824981689e-01
3.768189549446105957e-01
3.148248642683029175e-01
2.725901007652282715e-01
1.941298842430114746e-01
1.021752804517745972e-01
1.172331422567367554e-01
3.299217224121093750e-01
2.799428999423980713e-01
3.893098086118698120e-01
3.175988793373107910e-01
8.045116066932678223e-02
7.551726698875427246e-02
2.112742662429809570e-01
2.067850232124328613e-01
3.326865136623382568e-01
3.856055736541748047e-01
3.417069911956787109e-01
1.436948403716087341e-01
3.872376680374145508e-02
1.332265138626098633e-02
2.978099137544631958e-01
3.082624077796936035e-01
3.756649494171142578e-01
3.139110431075096130e-01
1.907406151294708252e-01
1.217933297157287598e-01
2.156717106699943542e-01
2.135486006736755371e-01
4.194506406784057617e-01
2.845013141632080078e-01
3.420312702655792236e-01
2.466494441032409668e-01
1.181995868682861328e-02
1.595921814441680908e-02
6.897330284118652344e-02
4.326502382755279541e-01
4.989174157381057739e-01
2.309169769287109375e-01
2.289214730262756348e-01
1.573591977357864380e-01
1.078795790672302246e-01
1.180031299591064453e-01
3.447106480598449707e-01
3.730515837669372559e-01
3.614004254341125488e-01
2.730792779475450516e-01
7.446008920669555664e-02
5.029731988906860352e-02
1.228890120983123779e-01
2.504183351993560791e-01
1.721112132072448730e-01
3.430415093898773193e-01
2.573968768119812012e-01
1.929637193679809570e-01
9.645104408264160156e-02
9.794835746288299561e-02
3.312319517135620117e-01
3.054262697696685791e-01
3.686156272888183594e-01
2.883315086364746094e-01
1.110519766807556152e-01
7.247981429100036621e-02
2.154718041419982910e-01
1.889806389808654785e-01
3.966891989111900330e-01
3.653478324413299561e-01
2.829038500785827637e-01
1.899191476404666901e-01
1.150041818618774414e-02
1.255100965499877930e-02
3.137634396553039551e-01
3.655880391597747803e-01
4.495280683040618896e-01
2.805962525308132172e-01
1.773985624313354492e-01
1.197795271873474121e-01
1.652159243822097778e-01
1.902583539485931396e-01
4.088158607482910156e-01
2.973620295524597168e-01
3.381884694099426270e-01
2.851841449737548828e-01
3.026455640792846680e-03
1.122635602951049805e-02
2.633760571479797363e-01
2.585378289222717285e-01
3.944682851433753967e-01
3.783403635025024414e-01
2.181133031845092773e-01
1.523575708270072937e-01
1.254074573516845703e-01
1.065183281898498535e-01
3.103668242692947388e-01
4.435881376266479492e-01
3.762626647949218750e-01
1.984425932168960571e-01
8.644276857376098633e-02
1.138599514961242676e-01
2.382150366902351379e-01
3.270471245050430298e-01
4.027022719383239746e-01
2.877058684825897217e-01
2.800515592098236084e-01
1.588664054870605469e-01
1.208604276180267334e-01
1.016682982444763184e-01
3.285353183746337891e-01
3.019732534885406494e-01
4.021038115024566650e-01
7.656604051589965820e-02
6.857156753540039062e-03
3.043532073497772217e-01
1.830992698669433594e-01
1.815583705902099609e-01
3.775831609964370728e-01
4.057883024215698242e-01
2.983784675598144531e-01
1.535507813096046448e-01
2.449756860733032227e-02
2.208471298217773438e-03
2.902554199099540710e-01
3.369067907333374023e-01
4.075285196304321289e-01
3.101077415049076080e-01
1.843560338020324707e-01
1.124242544174194336e-01
1.965617537498474121e-01
1.457717269659042358e-01
3.632748723030090332e-01
3.705282062292098999e-01
3.416035175323486328e-01
2.896676063537597656e-01
2.724528312683105469e-03
3.349940478801727295e-02
2.828432917594909668e-01
2.761168181896209717e-01
4.127543792128562927e-01
4.189112782478332520e-01
2.214500308036804199e-01
1.219388917088508606e-01
1.310278773307800293e-01
1.201695799827575684e-01
3.430514372885227203e-01
3.938142657279968262e-01
3.612147569656372070e-01
1.929826065897941589e-01
6.140542030334472656e-02
9.280347824096679688e-02
2.804082781076431274e-01
3.189966380596160889e-01
4.154393076896667480e-01
5.144000053405761719e-02
1.141640543937683105e-01
4.355028867721557617e-01
1.044541597366333008e-01
9.520483016967773438e-02
3.682141304016113281e-01
3.159354031085968018e-01
4.397063106298446655e-01
3.127424716949462891e-01
9.330835938453674316e-02
6.320220232009887695e-02
2.324222326278686523e-01
1.977295875549316406e-01
4.095373079180717468e-01
4.200797379016876221e-01
3.458933830261230469e-01
1.816175207495689392e-01
1.646316051483154297e-02
1.952463388442993164e-02
3.042731545865535736e-01
3.711850643157958984e-01
3.958867788314819336e-01
2.838862910866737366e-01
1.529639959335327148e-01
1.082605719566345215e-01
1.503663361072540283e-01
1.645423769950866699e-01
5.582326650619506836e-02
3.779033869504928589e-01
3.550279736518859863e-01
2.174814343452453613e-01
2.341711521148681641e-02
4.768703877925872803e-02
2.551896572113037109e-01
3.049854934215545654e-01
4.250755310058593750e-01
3.253418207168579102e-01
1.958607435226440430e-01
1.088850796222686768e-01
2.848041057586669922e-02
6.699794530868530273e-02
2.736266329884529114e-01
4.886716008186340332e-01
1.630822122097015381e-01
2.027032077312469482e-01
2.269678115844726562e-01
2.794182300567626953e-02
2.710443288087844849e-01
2.760399878025054932e-01
4.294425845146179199e-01
3.336695283651351929e-01
3.107636868953704834e-01
1.332498192787170410e-01
1.076026260852813721e-01
1.088336855173110962e-01
3.326904773712158203e-01
3.223631978034973145e-01
4.057409763336181641e-01
2.704232335090637207e-01
1.133991181850433350e-01
6.203565001487731934e-02
1.761967539787292480e-01
1.821513175964355469e-01
3.882194980978965759e-01
4.120043516159057617e-01
3.427089452743530273e-01
2.364312899298965931e-01
7.176053524017333984e-02
2.872776985168457031e-02
3.153247982263565063e-01
3.453971147537231445e-01
3.886680603027343750e-01
2.463492453098297119e-01
1.715351343154907227e-01
1.278597712516784668e-01
1.721741408109664917e-01
1.533688008785247803e-01
3.958521485328674316e-01
3.075393140316009521e-01
3.702752739191055298e-01
2.869352698326110840e-01
2.391393333673477173e-01
2.045671641826629639e-02
2.416972517967224121e-01
2.863552868366241455e-01
3.813231885433197021e-01
3.091261386871337891e-01
2.150610685348510742e-01
1.409554854035377502e-01
1.121493577957153320e-01
1.339232325553894043e-01
3.560028485953807831e-01
3.711709678173065186e-01
3.483105897903442383e-01
2.225270532071590424e-01
6.204313039779663086e-02
7.382351160049438477e-02
2.570058405399322510e-01
2.747462689876556396e-01
4.057837724685668945e-01
3.051594346761703491e-01
2.300339043140411377e-01
2.032749056816101074e-01
6.122693419456481934e-02
1.085086911916732788e-01
3.156208992004394531e-01
3.027085363864898682e-01
3.639968782663345337e-01
3.264880776405334473e-01
1.364421248435974121e-01
5.875964462757110596e-02
2.115260958671569824e-01
2.099582552909851074e-01
3.677718490362167358e-01
3.940361142158508301e-01
3.001026809215545654e-01
1.324398145079612732e-01
2.702379226684570312e-02
2.193731069564819336e-02
3.023163527250289917e-01
3.640154004096984863e-01
4.169702529907226562e-01
2.295190244913101196e-01
1.755037903785705566e-01
1.244476437568664551e-01
1.679328233003616333e-01
1.793206781148910522e-01
3.761612176895141602e-01
3.579307049512863159e-01
3.920259177684783936e-01
1.192115545272827148e-01
1.002312302589416504e-01
1.612715572118759155e-01
2.292756438255310059e-01
2.733822762966156006e-01
4.297232329845428467e-01
3.514669537544250488e-01
1.992519497871398926e-01
1.355729773640632629e-01
1.481222510337829590e-01
1.413699984550476074e-01
3.558206558227539062e-01
3.524517416954040527e-01
1.523664295673370361e-01
2.231095507740974426e-01
7.482212781906127930e-02
8.805787563323974609e-02
2.726141139864921570e-01
2.236651480197906494e-01
3.794344067573547363e-01
3.563028573989868164e-01
2.653209865093231201e-01
2.005991935729980469e-01
8.442062139511108398e-02
8.640144765377044678e-02
2.872269749641418457e-01
2.980546653270721436e-01
3.665862679481506348e-01
3.244594335556030273e-01
8.339196443557739258e-02
3.185534477233886719e-02
2.569081187248229980e-01
2.073422670364379883e-01
3.855127617716789246e-01
3.641710877418518066e-01
2.598167955875396729e-01
1.941427439451217651e-01
8.562803268432617188e-03
1.219153404235839844e-02
3.274233452975749969e-01
3.659953773021697998e-01
4.001976847648620605e-01
2.490318343043327332e-01
1.901209056377410889e-01
1.155301332473754883e-01
2.100021988153457642e-01
1.685384064912796021e-01
3.831729888916015625e-01
3.940722197294235229e-01
3.808253705501556396e-01
1.919140219688415527e-01
2.214697003364562988e-02
6.026968359947204590e-03
2.902200222015380859e-01
2.666090726852416992e-01
4.181176498532295227e-01
3.840210437774658203e-01
1.871917247772216797e-01
1.704198829829692841e-01
1.061433553695678711e-01
1.282274127006530762e-01
3.636869192123413086e-01
3.794061541557312012e-01
3.495161533355712891e-01
2.089916989207267761e-01
9.083634614944458008e-02
7.731169462203979492e-02
2.472677454352378845e-01
2.895411401987075806e-01
4.237279891967773438e-01
2.537544071674346924e-01
2.712925374507904053e-01
2.257921695709228516e-01
6.435355544090270996e-02
2.548836171627044678e-02
2.737855315208435059e-01
4.268141090869903564e-01
4.155158102512359619e-01
2.489268183708190918e-01
8.972603082656860352e-02
7.205010950565338135e-02
2.027887701988220215e-01
2.207297086715698242e-01
3.733398318290710449e-01
3.783281445503234863e-01
3.181111216545104980e-01
1.370921507477760315e-01
7.906013727188110352e-02
7.135093212127685547e-03
3.349598478525876999e-01
3.348459899425506592e-01
3.717390894889831543e-01
2.905785217881202698e-01
1.977319717407226562e-01
8.666270971298217773e-02
2.091029733419418335e-01
1.311731338500976562e-01
1.727855205535888672e-01
3.886109739542007446e-01
3.465608656406402588e-01
2.345024347305297852e-01
1.493966579437255859e-02
1.442562043666839600e-02
2.507695555686950684e-01
2.865894138813018799e-01
3.725626319646835327e-01
3.203433752059936523e-01
2.188735604286193848e-01
1.650121062994003296e-01
9.156149625778198242e-02
7.952576875686645508e-02
3.272791355848312378e-01
4.237819612026214600e-01
3.701421618461608887e-01
2.320040166378021240e-01
6.633627414703369141e-02
7.589346170425415039e-02
2.435822188854217529e-01
1.188896894454956055e-01
3.271167278289794922e-01
4.354686737060546875e-01
4.315757900476455688e-01
1.703590154647827148e-01
1.010937541723251343e-01
1.104115992784500122e-01
3.624820709228515625e-01
2.809589207172393799e-01
3.912885338068008423e-01
2.850928306579589844e-01
1.001552045345306396e-01
1.203510537743568420e-01
2.144445180892944336e-01
2.017241716384887695e-01
3.784023076295852661e-01
4.274639189243316650e-01
3.593155145645141602e-01
1.732270568609237671e-01
2.355766296386718750e-02
1.686811447143554688e-05
3.077132701873779297e-01
3.653477430343627930e-01
4.640265107154846191e-01
2.284329682588577271e-01
1.749100387096405029e-01
1.298824548721313477e-01
2.185552865266799927e-01
2.141946107149124146e-01
4.205926656723022461e-01
3.236133158206939697e-01
3.604941666126251221e-01
2.414556145668029785e-01
7.362723350524902344e-03
9.253218770027160645e-03
2.894582152366638184e-01
4.334884583950042725e-01
4.930795058608055115e-01
1.686161160469055176e-01
2.646486759185791016e-01
1.437636688351631165e-01
1.168708801269531250e-01
9.740996360778808594e-02
3.591513484716415405e-01
4.402406215667724609e-01
4.041949510574340820e-01
1.829980909824371338e-01
7.462191581726074219e-02
8.439582586288452148e-02
2.525730207562446594e-01
2.991341501474380493e-01
3.988283276557922363e-01
2.940179407596588135e-01
2.867188453674316406e-01
1.571281552314758301e-01
9.089559316635131836e-02
6.719034910202026367e-02
3.169234395027160645e-01
3.523015081882476807e-01
3.888067007064819336e-01
2.960967421531677246e-01
1.239894628524780273e-01
1.229295954108238220e-01
1.277818083763122559e-01
2.249902486801147461e-01
3.763536885380744934e-01
3.755185604095458984e-01
2.925475835800170898e-01
1.976159699261188507e-01
2.640402317047119141e-02
1.515316963195800781e-02
3.243740722537040710e-01
4.067683815956115723e-01
4.478654563426971436e-01
2.555162496864795685e-01
1.218309402465820312e-01
9.604686498641967773e-02
1.651059538125991821e-01
1.927563846111297607e-01
3.884372711181640625e-01
2.931854128837585449e-01
3.552741110324859619e-01
2.461721897125244141e-01
2.142220735549926758e-03
2.147826552391052246e-02
3.002210855484008789e-01
2.813522815704345703e-01
4.393655285239219666e-01
3.184279799461364746e-01
2.732466757297515869e-01
1.505598053336143494e-01
1.204483509063720703e-01
1.387369632720947266e-01
3.389612212777137756e-01
3.728027939796447754e-01
3.433902263641357422e-01
2.418839782476425171e-01
8.581256866455078125e-02
5.913996696472167969e-02
2.157979756593704224e-01
3.558068573474884033e-01
4.427515864372253418e-01
2.214276492595672607e-01
2.705931067466735840e-01
2.022283077239990234e-01
8.869794011116027832e-02
6.613783538341522217e-02
3.356085419654846191e-01
3.672860264778137207e-01
4.285944402217864990e-01
3.032373189926147461e-01
9.552270174026489258e-02
3.868700563907623291e-02
2.067129015922546387e-01
2.021275758743286133e-01
4.106340296566486359e-01
3.694355487823486328e-01
3.187757134437561035e-01
1.872996166348457336e-01
1.554119586944580078e-02
3.773450851440429688e-02
2.932006865739822388e-01
3.522704839706420898e-01
4.225086569786071777e-01
2.276846840977668762e-01
1.701996624469757080e-01
1.146032810211181641e-01
1.623633652925491333e-01
1.695827692747116089e-01
3.645267486572265625e-01
3.434433341026306152e-01
3.507554233074188232e-01
2.249112725257873535e-01
1.375436782836914062e-02
2.949148416519165039e-02
2.545045018196105957e-01
3.012671768665313721e-01
3.938319385051727295e-01
3.731030821800231934e-01
2.070646882057189941e-01
1.095148101449012756e-01
1.088091731071472168e-01
1.216014027595520020e-01
3.350047543644905090e-01
3.643468618392944336e-01
3.637272715568542480e-01
2.072631269693374634e-01
5.800616741180419922e-02
3.336006402969360352e-02
2.858410701155662537e-01
2.615097463130950928e-01
3.995877504348754883e-01
3.338845670223236084e-01
2.862706482410430908e-01
1.520934104919433594e-01
8.079159259796142578e-02
9.954036772251129150e-02
3.472427725791931152e-01
2.565069198608398438e-01
3.777687996625900269e-01
3.144883513450622559e-01
6.969466805458068848e-02
7.181699573993682861e-02
1.577902436256408691e-01
1.725072264671325684e-01
3.641415238380432129e-01
4.142086505889892578e-01
3.037484884262084961e-01
1.975525766611099243e-01
7.083117961883544922e-03
1.370751857757568359e-02
2.898197323083877563e-01
5.571719408035278320e-01
4.773998260498046875e-01
1.824424900114536285e-01
1.973723471164703369e-01
1.549314260482788086e-01
2.819695025682449341e-01
5.643269419670104980e-02
4.190818071365356445e-01
3.528469502925872803e-01
3.439826071262359619e-01
2.206556200981140137e-01
2.137848734855651855e-02
8.526679873466491699e-02
3.526262044906616211e-01
2.365745902061462402e-01
4.297284558415412903e-01
3.165368437767028809e-01
3.814675211906433105e-01
1.586611494421958923e-01
1.321793794631958008e-01
1.353707909584045410e-01
3.389694690704345703e-01
3.675721883773803711e-01
3.359661698341369629e-01
2.256246022880077362e-01
8.260518312454223633e-02
2.038758993148803711e-02
2.710128873586654663e-01
2.682266235351562500e-01
3.969959020614624023e-01
3.210368454456329346e-01
2.803125381469726562e-01
1.448148488998413086e-01
1.059023737907409668e-01
8.153313398361206055e-02
3.349130153656005859e-01
3.499533832073211670e-01
3.827261328697204590e-01
2.989284396171569824e-01
1.302328407764434814e-01
8.932418376207351685e-02
1.690527200698852539e-01
2.234735488891601562e-01
3.798605203628540039e-01
3.837463855743408203e-01
2.893816828727722168e-01
1.638561338186264038e-01
4.738098382949829102e-02
1.021671295166015625e-02
2.962271273136138916e-01
3.622024059295654297e-01
3.772138655185699463e-01
2.875831797719001770e-01
1.818027198314666748e-01
1.488261818885803223e-01
1.838161796331405640e-01
1.669272184371948242e-01
3.817198872566223145e-01
3.128759562969207764e-01
3.632558286190032959e-01
2.629950046539306641e-01
1.479893922805786133e-03
1.863593161106109619e-01
3.235918283462524414e-01
9.571731090545654297e-02
3.559221476316452026e-01
1.843723654747009277e-01
1.421993374824523926e-01
2.106258273124694824e-01
1.300756335258483887e-01
1.173101663589477539e-01
3.835875838994979858e-01
3.835825622081756592e-01
3.640480637550354004e-01
2.539482973515987396e-01
9.415590763092041016e-02
8.442270755767822266e-02
2.609160169959068298e-01
3.163966536521911621e-01
4.301251173019409180e-01
3.025904372334480286e-01
3.177253007888793945e-01
1.700328588485717773e-01
8.108556270599365234e-02
6.779268383979797363e-02
3.293086886405944824e-01
3.054734766483306885e-01
3.572806119918823242e-01
3.648054003715515137e-01
7.854488492012023926e-02
1.131867989897727966e-01
1.732209324836730957e-01
2.468914389610290527e-01
3.963566347956657410e-01
3.822767138481140137e-01
3.030915856361389160e-01
1.590486094355583191e-01
2.544659376144409180e-02
1.661980152130126953e-02
5.853489041328430176e-02
3.689979910850524902e-01
4.254752397537231445e-01
2.586163356900215149e-01
2.004204094409942627e-01
1.314745545387268066e-01
1.758759021759033203e-01
2.213084995746612549e-01
4.167671799659729004e-01
3.372160941362380981e-01
3.842487633228302002e-01
2.647302150726318359e-01
3.116336464881896973e-02
2.729433774948120117e-02
2.937098741531372070e-01
2.365788817405700684e-01
3.981987014412879944e-01
4.139291048049926758e-01
2.286993265151977539e-01
1.217189058661460876e-01
1.275547742843627930e-01
1.362987756729125977e-01
3.523558937013149261e-01
3.770124018192291260e-01
3.565459251403808594e-01
2.241295799612998962e-01
1.011015176773071289e-01
5.786931514739990234e-02
2.566226795315742493e-01
2.841305881738662720e-01
3.930876255035400391e-01
2.996824085712432861e-01
2.907672822475433350e-01
1.649703383445739746e-01
5.826085805892944336e-02
7.400548458099365234e-02
3.449670076370239258e-01
3.391481041908264160e-01
4.030219912528991699e-01
3.273637890815734863e-01
1.030501127243041992e-01
4.430951178073883057e-02
2.025562524795532227e-01
1.732896566390991211e-01
3.635241538286209106e-01
4.205974936485290527e-01
3.006353974342346191e-01
1.876782439649105072e-01
5.509853363037109375e-04
5.026853084564208984e-02
3.168904706835746765e-01
3.640678226947784424e-01
3.849067091941833496e-01
2.532215490937232971e-01
1.853155195713043213e-01
1.369153261184692383e-01
1.892785578966140747e-01
1.885926723480224609e-01
4.035583734512329102e-01
3.199210613965988159e-01
3.474729359149932861e-01
2.421593070030212402e-01
4.990994930267333984e-04
1.774282753467559814e-02
2.647601962089538574e-01
2.656769752502441406e-01
3.652019798755645752e-01
3.593726158142089844e-01
1.869725584983825684e-01
1.626610755920410156e-01
7.208359241485595703e-02
8.675485849380493164e-02
3.077669739723205566e-01
4.424144327640533447e-01
4.107476472854614258e-01
2.227544672787189484e-01
9.897583723068237305e-02
4.201626777648925781e-02
2.933305092155933380e-01
3.149150758981704712e-01
4.327249526977539062e-01
2.729409486055374146e-01
2.902120053768157959e-01
1.525079011917114258e-01
1.550283730030059814e-01
1.150399744510650635e-01
4.055434465408325195e-01
2.865303158760070801e-01
3.776437044143676758e-01
2.987816929817199707e-01
9.149172902107238770e-02
7.736898213624954224e-02
1.834059953689575195e-01
1.957892775535583496e-01
2.034746110439300537e-01
4.462202191352844238e-01
3.210429549217224121e-01
1.410422846674919128e-01
2.022480964660644531e-02
4.543244838714599609e-03
3.120312876999378204e-01
3.864192962646484375e-01
4.276284873485565186e-01
2.804083526134490967e-01
2.599652409553527832e-01
1.305359005928039551e-01
2.367265224456787109e-01
1.973370611667633057e-01
3.866491317749023438e-01
3.460563719272613525e-01
3.611678779125213623e-01
2.198338508605957031e-01
3.803297877311706543e-02
2.910485416650772095e-01
4.481867551803588867e-01
4.554212093353271484e-03
3.703234493732452393e-01
3.561293482780456543e-01
2.156478166580200195e-01
1.170964464545249939e-01
1.784778833389282227e-01
1.287392973899841309e-01
3.324813917279243469e-01
3.703468739986419678e-01
4.108886718750000000e-01
2.288412936031818390e-01
8.428502082824707031e-02
3.539764881134033203e-02
2.953438386321067810e-01
2.656880021095275879e-01
4.148173332214355469e-02
2.697792351245880127e-01
1.937497258186340332e-01
2.151414155960083008e-01
7.729434967041015625e-02
6.959824264049530029e-02
3.201205730438232422e-01
3.421722352504730225e-01
3.547726720571517944e-01
2.921772003173828125e-01
1.373679637908935547e-01
9.018732607364654541e-02
2.198055982589721680e-01
2.183177471160888672e-01
3.987540639936923981e-01
3.883718848228454590e-01
2.755590081214904785e-01
2.091412730515003204e-01
4.170119762420654297e-02
2.857625484466552734e-02
2.529828920960426331e-01
3.637961447238922119e-01
4.006080627441406250e-01
2.794322483241558075e-01
1.944550871849060059e-01
1.256451606750488281e-01
2.082183286547660828e-01
1.364881396293640137e-01
3.823790550231933594e-01
2.346196472644805908e-01
2.695453464984893799e-01
5.946594476699829102e-02
1.068569421768188477e-01
2.569037377834320068e-01
2.458303570747375488e-01
2.618235647678375244e-01
3.935113325715065002e-01
3.860294818878173828e-01
1.754400730133056641e-01
1.351171657443046570e-01
1.366908550262451172e-01
1.166747212409973145e-01
3.720495626330375671e-01
4.023982584476470947e-01
3.455229103565216064e-01
1.914862170815467834e-01
6.034445762634277344e-02
3.436255455017089844e-02
2.272251620888710022e-01
2.597019076347351074e-01
3.905152678489685059e-01
2.969091832637786865e-01
2.578292489051818848e-01
1.201395988464355469e-01
1.304953098297119141e-01
4.780034720897674561e-02
2.813615202903747559e-01
3.399581015110015869e-01
3.825561106204986572e-01
2.836808562278747559e-01
6.717494130134582520e-02
4.164612293243408203e-02
1.764604449272155762e-01
1.809576749801635742e-01
3.789823055267333984e-01
4.171506166458129883e-01
2.812052965164184570e-01
1.811011172831058502e-01
1.270759105682373047e-02
5.194962024688720703e-03
2.926545552909374237e-01
3.437684476375579834e-01
3.835227191448211670e-01
2.777760922908782959e-01
1.649501919746398926e-01
1.668704152107238770e-01
1.747270226478576660e-01
1.443673968315124512e-01
3.607410788536071777e-01
4.109978824853897095e-01
3.652945160865783691e-01
1.948348879814147949e-01
2.543905377388000488e-02
2.442504465579986572e-02
2.939533591270446777e-01
2.677147090435028076e-01
5.152723193168640137e-02
4.226756095886230469e-01
1.905486881732940674e-01
5.458040535449981689e-02
1.098844408988952637e-01
9.053438901901245117e-02
3.185045123100280762e-01
3.977396786212921143e-01
4.012923538684844971e-01
2.318109348416328430e-01
6.463962793350219727e-02
2.797722816467285156e-02
2.478933855891227722e-01
2.748097479343414307e-01
4.428875446319580078e-01
3.289392292499542236e-01
3.028000295162200928e-01
1.340146660804748535e-01
9.362605214118957520e-02
9.006884694099426270e-02
3.516035676002502441e-01
3.424524664878845215e-01
3.680226802825927734e-01
2.805098295211791992e-01
1.151766777038574219e-01
8.281829953193664551e-02
2.082329392433166504e-01
2.159028053283691406e-01
3.364661857485771179e-01
2.602581679821014404e-01
2.465757727622985840e-01
2.598521634936332703e-01
4.346489906311035156e-03
2.562588453292846680e-02
1.708661615848541260e-01
3.834779858589172363e-01
4.254211783409118652e-01
2.294955104589462280e-01
