# {'window': 39, 'n_steps': 1, 'lags': 3, 'contam': 0.9054178561281756}
1.828347653150558472e+00
1.766280770301818848e+00
1.727560102939605713e+00
1.783469676971435547e+00
1.817526936531066895e+00
1.879621207714080811e+00
1.850714147090911865e+00
1.855789303779602051e+00
1.838195323944091797e+00
1.831544995307922363e+00
1.856522083282470703e+00
1.787594616413116455e+00
1.818066358566284180e+00
1.817838311195373535e+00
1.846895456314086914e+00
1.876391172409057617e+00
1.810057908296585083e+00
1.819377064704895020e+00
1.808006882667541504e+00
1.823460847139358521e+00
1.833470702171325684e+00
1.852976441383361816e+00
1.866800636053085327e+00
1.835376381874084473e+00
3.127806782722473145e-01
6.365573406219482422e-02
7.404940128326416016e-01
9.231272339820861816e-02
6.341028213500976562e-02
3.686583042144775391e-02
7.598662376403808594e-02
1.129444837570190430e-01
1.861746311187744141e-01
1.973641216754913330e-01
2.090764939785003662e-01
2.068117856979370117e-01
2.148580551147460938e-01
2.434747815132141113e-01
2.383551001548767090e-01
2.513877749443054199e-01
3.008136153221130371e-01
2.851627469062805176e-01
3.505274653434753418e-01
3.284407854080200195e-01
3.937346339225769043e-01
3.923820853233337402e-01
4.064829945564270020e-01
4.259510636329650879e-01
4.672251939773559570e-01
4.693045020103454590e-01
5.033168196678161621e-01
4.965075254440307617e-01
5.394716262817382812e-01
5.426241159439086914e-01
6.031183600425720215e-01
5.861164331436157227e-01
6.259523630142211914e-01
6.070342063903808594e-01
6.153076887130737305e-01
6.661126613616943359e-01
6.349405050277709961e-01
6.824387907981872559e-01
6.902069449424743652e-01
7.206417918205261230e-01
7.713505625724792480e-01
7.392290234565734863e-01
8.250111341476440430e-01
7.901775836944580078e-01
8.470596671104431152e-01
8.272999525070190430e-01
9.006483554840087891e-01
8.614141941070556641e-01
8.989413082599639893e-01
8.697855472564697266e-01
9.290574193000793457e-01
9.435700178146362305e-01
1.005430877208709717e+00
1.025171279907226562e+00
1.040087878704071045e+00
1.054712295532226562e+00
1.053245127201080322e+00
1.049134671688079834e+00
1.071084737777709961e+00
1.076134383678436279e+00
1.112795472145080566e+00
1.122296333312988281e+00
1.176715373992919922e+00
1.156851589679718018e+00
1.161015331745147705e+00
1.170823574066162109e+00
1.233939945697784424e+00
1.256362020969390869e+00
1.262044847011566162e+00
1.263734221458435059e+00
1.262512624263763428e+00
1.333937585353851318e+00
1.327604889869689941e+00
1.334108769893646240e+00
1.338552117347717285e+00
1.381319940090179443e+00
1.437985807657241821e+00
1.443639039993286133e+00
1.398706614971160889e+00
1.452259093523025513e+00
1.444057941436767578e+00
1.489183664321899414e+00
1.536505281925201416e+00
1.487145781517028809e+00
1.546713829040527344e+00
1.477528870105743408e+00
1.600604295730590820e+00
1.607225358486175537e+00
1.651045560836791992e+00
1.675316751003265381e+00
1.677555024623870850e+00
1.719865262508392334e+00
1.686688840389251709e+00
1.710751175880432129e+00
1.704776704311370850e+00
1.751350462436676025e+00
1.745081126689910889e+00
1.770619928836822510e+00
1.832971304655075073e+00
1.862981736660003662e+00
3.343193590641021729e+00
3.720571577548980713e+00
4.488072216510772705e+00
3.626380026340484619e+00
3.683868467807769775e+00
3.625731170177459717e+00
3.700397908687591553e+00
3.623029649257659912e+00
3.679547727108001709e+00
3.621851742267608643e+00
3.606556713581085205e+00
3.621499001979827881e+00
3.627337396144866943e+00
3.699820101261138916e+00
3.668582141399383545e+00
3.681670844554901123e+00
3.666316330432891846e+00
3.618017494678497314e+00
3.627763569355010986e+00
3.582487046718597412e+00
3.644973933696746826e+00
3.673800408840179443e+00
3.642166316509246826e+00
3.665976285934448242e+00
3.594799101352691650e+00
3.631394684314727783e+00
3.584710121154785156e+00
3.673966109752655029e+00
3.651869833469390869e+00
3.672593653202056885e+00
3.632851183414459229e+00
3.668171823024749756e+00
3.667522668838500977e+00
3.675132930278778076e+00
3.615416467189788818e+00
3.645520746707916260e+00
3.678184330463409424e+00
3.663954675197601318e+00
3.650132238864898682e+00
3.611680865287780762e+00
3.671365559101104736e+00
3.629794776439666748e+00
3.648988664150238037e+00
3.640302121639251709e+00
3.698724448680877686e+00
3.670305490493774414e+00
3.670517385005950928e+00
3.630476891994476318e+00
3.647447764873504639e+00
3.608199059963226318e+00
3.636315405368804932e+00
3.646374106407165527e+00
3.683397769927978516e+00
3.680612623691558838e+00
3.653083026409149170e+00
3.691287279129028320e+00
3.619601666927337646e+00
3.661733746528625488e+00
3.635326266288757324e+00
3.681806266307830811e+00
3.663570463657379150e+00
3.669566512107849121e+00
3.650321066379547119e+00
3.646208107471466064e+00
3.608461678028106689e+00
3.655691802501678467e+00
3.633515655994415283e+00
3.666385591030120850e+00
3.651516854763031006e+00
3.702318727970123291e+00
3.650120437145233154e+00
3.647507250308990479e+00
3.638101398944854736e+00
3.654621601104736328e+00
3.659947335720062256e+00
3.607471048831939697e+00
3.663954436779022217e+00
3.596719503402709961e+00
3.635205686092376709e+00
3.590329170227050781e+00
3.686680734157562256e+00
3.639069616794586182e+00
3.624079644680023193e+00
3.633933067321777344e+00
3.690844357013702393e+00
3.690240085124969482e+00
3.694238841533660889e+00
3.633642375469207764e+00
3.685677826404571533e+00
3.661610960960388184e+00
3.608299911022186279e+00
3.618336260318756104e+00
3.639140486717224121e+00
3.670262396335601807e+00
3.625039398670196533e+00
3.625924408435821533e+00
3.622422277927398682e+00
3.694574415683746338e+00
3.637451946735382080e+00
3.679128944873809814e+00
3.634881794452667236e+00
3.669219672679901123e+00
3.654817700386047363e+00
3.674821555614471436e+00
3.676319241523742676e+00
3.669842481613159180e+00
3.631530821323394775e+00
3.652007222175598145e+00
3.715966880321502686e+00
3.717757046222686768e+00
3.704432666301727295e+00
3.654615819454193115e+00
3.685220658779144287e+00
3.636299192905426025e+00
3.665752053260803223e+00
3.640500485897064209e+00
3.669633448123931885e+00
3.655181050300598145e+00
3.640439212322235107e+00
3.666656315326690674e+00
3.622385561466217041e+00
3.667016208171844482e+00
3.624609887599945068e+00
3.684364974498748779e+00
3.658399045467376709e+00
3.650319039821624756e+00
3.647724330425262451e+00
3.616906464099884033e+00
3.649857819080352783e+00
3.646173834800720215e+00
3.651922583580017090e+00
3.640656173229217529e+00
3.620854258537292480e+00
3.627921521663665771e+00
3.666578471660614014e+00
3.635616123676300049e+00
3.690890610218048096e+00
3.639772713184356689e+00
3.624675691127777100e+00
3.671872556209564209e+00
3.661916315555572510e+00
3.692581951618194580e+00
3.625350415706634521e+00
3.631889283657073975e+00
3.658764898777008057e+00
3.646086752414703369e+00
3.613849699497222900e+00
3.575637757778167725e+00
3.602241694927215576e+00
3.643014013767242432e+00
3.689633548259735107e+00
3.670143425464630127e+00
3.653540492057800293e+00
3.663103044033050537e+00
3.681755065917968750e+00
3.675416827201843262e+00
3.684169113636016846e+00
3.656770467758178711e+00
3.663794457912445068e+00
3.630796253681182861e+00
3.649419367313385010e+00
3.659980416297912598e+00
3.671618998050689697e+00
3.625775873661041260e+00
3.627484321594238281e+00
3.653493583202362061e+00
3.644900381565093994e+00
3.661945164203643799e+00
3.654602110385894775e+00
3.666726410388946533e+00
3.657547831535339355e+00
3.625208199024200439e+00
3.624742209911346436e+00
3.606657683849334717e+00
3.661599338054656982e+00
3.596777498722076416e+00
3.663487792015075684e+00
3.613033235073089600e+00
3.675633370876312256e+00
3.657308578491210938e+00
3.669029295444488525e+00
3.666211307048797607e+00
3.618774652481079102e+00
3.643033802509307861e+00
3.661705195903778076e+00
3.683889687061309814e+00
3.701991975307464600e+00
3.640980303287506104e+00
3.630210697650909424e+00
3.671236336231231689e+00
3.633307874202728271e+00
3.726027548313140869e+00
3.639013528823852539e+00
3.689052283763885498e+00
3.634303510189056396e+00
3.679113745689392090e+00
3.661798059940338135e+00
3.688127458095550537e+00
3.669915139675140381e+00
3.689814627170562744e+00
3.629919469356536865e+00
3.667927384376525879e+00
3.672834575176239014e+00
3.705927550792694092e+00
3.668874502182006836e+00
3.671148657798767090e+00
3.663053333759307861e+00
3.641616940498352051e+00
3.672640800476074219e+00
3.643609225749969482e+00
3.661446988582611084e+00
3.620461344718933105e+00
3.648912727832794189e+00
3.675015032291412354e+00
3.674694478511810303e+00
3.706402957439422607e+00
3.658484399318695068e+00
3.689129412174224854e+00
3.606937348842620850e+00
3.643559515476226807e+00
3.639986932277679443e+00
3.686163127422332764e+00
3.619311034679412842e+00
3.658408224582672119e+00
3.633817493915557861e+00
3.667442023754119873e+00
3.641032457351684570e+00
3.612535476684570312e+00
3.655547440052032471e+00
3.634115338325500488e+00
3.673096358776092529e+00
3.603177368640899658e+00
3.659001410007476807e+00
3.603252828121185303e+00
3.661937534809112549e+00
3.654190838336944580e+00
3.713602185249328613e+00
3.706353247165679932e+00
3.651297867298126221e+00
3.596340417861938477e+00
3.616637051105499268e+00
3.616621077060699463e+00
3.728576779365539551e+00
3.658083856105804443e+00
3.672911226749420166e+00
3.604805707931518555e+00
3.674944102764129639e+00
3.670285046100616455e+00
3.681546568870544434e+00
3.650909721851348877e+00
3.685489594936370850e+00
3.663661599159240723e+00
3.677001893520355225e+00
3.661219537258148193e+00
3.660745859146118164e+00
3.672509372234344482e+00
3.632292807102203369e+00
3.670091867446899414e+00
3.607853889465332031e+00
3.649307429790496826e+00
3.622298777103424072e+00
3.645991861820220947e+00
3.644182026386260986e+00
3.626611411571502686e+00
3.666220366954803467e+00
3.657168805599212646e+00
3.682974040508270264e+00
3.678218841552734375e+00
3.687271296977996826e+00
3.672733485698699951e+00
3.652812957763671875e+00
3.653968393802642822e+00
3.654956400394439697e+00
3.666214823722839355e+00
3.625441849231719971e+00
3.639192402362823486e+00
3.606206834316253662e+00
3.697925448417663574e+00
3.669105827808380127e+00
3.677775740623474121e+00
3.659024238586425781e+00
3.643864810466766357e+00
3.660662591457366943e+00
3.643343031406402588e+00
3.647297084331512451e+00
3.644150316715240479e+00
3.635620117187500000e+00
3.632048547267913818e+00
3.692687571048736572e+00
3.695523321628570557e+00
3.709964692592620850e+00
3.659187138080596924e+00
3.660132527351379395e+00
3.686187922954559326e+00
3.640336453914642334e+00
3.692625939846038818e+00
3.631892263889312744e+00
3.675475060939788818e+00
3.647831261157989502e+00
3.694712936878204346e+00
3.685746133327484131e+00
3.699508249759674072e+00
3.655638277530670166e+00
3.704649269580841064e+00
3.604396760463714600e+00
3.646575272083282471e+00
3.588659822940826416e+00
3.655515074729919434e+00
3.637027323246002197e+00
3.664635360240936279e+00
3.640734493732452393e+00
3.673153162002563477e+00
3.581241548061370850e+00
3.642258584499359131e+00
3.637810468673706055e+00
3.671214282512664795e+00
3.679048359394073486e+00
3.646654963493347168e+00
3.676450312137603760e+00
3.654756844043731689e+00
3.661035358905792236e+00
3.647463142871856689e+00
3.654984533786773682e+00
3.650259315967559814e+00
3.682370603084564209e+00
3.653562605381011963e+00
3.620428562164306641e+00
3.632945477962493896e+00
3.631492555141448975e+00
3.682043492794036865e+00
3.644791483879089355e+00
3.630866587162017822e+00
3.643790543079376221e+00
3.701667785644531250e+00
3.715127289295196533e+00
3.683117210865020752e+00
3.665193557739257812e+00
3.653780281543731689e+00
3.680085241794586182e+00
3.646477162837982178e+00
3.688018858432769775e+00
3.638426959514617920e+00
3.671938598155975342e+00
3.638017237186431885e+00
3.637298405170440674e+00
3.673838198184967041e+00
3.666422903537750244e+00
3.685516893863677979e+00
3.652215123176574707e+00
3.655570209026336670e+00
3.654866635799407959e+00
3.691815793514251709e+00
3.697565734386444092e+00
3.663060724735260010e+00
3.656517863273620605e+00
3.616659224033355713e+00
3.634876549243927002e+00
3.611825406551361084e+00
3.615360915660858154e+00
3.612774789333343506e+00
3.642573416233062744e+00
3.649918556213378906e+00
3.678511202335357666e+00
3.632820069789886475e+00
3.675058484077453613e+00
3.631320297718048096e+00
3.668698132038116455e+00
3.612534284591674805e+00
3.681608974933624268e+00
3.661541640758514404e+00
3.692130506038665771e+00
3.683928310871124268e+00
3.665284812450408936e+00
3.659476935863494873e+00
3.633287489414215088e+00
3.642151176929473877e+00
3.636435151100158691e+00
3.646553635597229004e+00
3.645637452602386475e+00
3.643866479396820068e+00
3.659988343715667725e+00
3.635535418987274170e+00
3.650017142295837402e+00
3.669460952281951904e+00
3.675670564174652100e+00
3.681780397891998291e+00
3.664592385292053223e+00
3.662542045116424561e+00
3.629496753215789795e+00
3.648938536643981934e+00
3.647242128849029541e+00
3.688191711902618408e+00
3.666361212730407715e+00
3.664533197879791260e+00
3.649773776531219482e+00
3.695412099361419678e+00
3.621153056621551514e+00
3.660515964031219482e+00
3.588738918304443359e+00
3.677599966526031494e+00
3.621021091938018799e+00
3.657021701335906982e+00
3.679855704307556152e+00
3.703787147998809814e+00
3.662121057510375977e+00
3.640177905559539795e+00
3.588898122310638428e+00
3.644473731517791748e+00
3.627150535583496094e+00
3.667601287364959717e+00
3.683124363422393799e+00
3.700231611728668213e+00
3.717058956623077393e+00
3.653780519962310791e+00
3.665066421031951904e+00
3.597503602504730225e+00
3.662468135356903076e+00
3.661869764328002930e+00
3.669037044048309326e+00
3.643994629383087158e+00
3.595258057117462158e+00
3.634666025638580322e+00
3.645891368389129639e+00
3.691276907920837402e+00
3.653061091899871826e+00
3.657254636287689209e+00
3.649516522884368896e+00
3.672297060489654541e+00
3.630025684833526611e+00
3.640196323394775391e+00
3.651206135749816895e+00
3.669221103191375732e+00
3.634272634983062744e+00
3.649869620800018311e+00
3.663862764835357666e+00
3.675071775913238525e+00
3.644963860511779785e+00
3.652969419956207275e+00
3.640614569187164307e+00
3.653920173645019531e+00
3.666244328022003174e+00
3.620125353336334229e+00
3.656829655170440674e+00
3.621518552303314209e+00
3.663035929203033447e+00
3.672499120235443115e+00
3.668503344058990479e+00
3.687135875225067139e+00
3.662229001522064209e+00
3.687024772167205811e+00
3.652832686901092529e+00
3.634658157825469971e+00
3.671017169952392578e+00
3.663439571857452393e+00
3.680099725723266602e+00
3.626544535160064697e+00
3.610362470149993896e+00
3.628820657730102539e+00
3.626252114772796631e+00
3.654312908649444580e+00
3.661012709140777588e+00
3.678274214267730713e+00
3.645907819271087646e+00
3.655534803867340088e+00
3.638817489147186279e+00
3.658654153347015381e+00
3.684117615222930908e+00
3.641496300697326660e+00
3.681794822216033936e+00
3.588176310062408447e+00
3.700337588787078857e+00
3.651831209659576416e+00
3.702212035655975342e+00
3.656377255916595459e+00
3.655166208744049072e+00
3.636726915836334229e+00
3.645996212959289551e+00
3.619204521179199219e+00
3.669284999370574951e+00
3.657479941844940186e+00
3.675995230674743652e+00
3.644381701946258545e+00
3.643563926219940186e+00
3.620918214321136475e+00
3.589280068874359131e+00
3.593820393085479736e+00
3.631486594676971436e+00
3.665563046932220459e+00
3.607100069522857666e+00
3.615838050842285156e+00
3.614523589611053467e+00
3.703145325183868408e+00
3.639837980270385742e+00
3.657804667949676514e+00
3.563524305820465088e+00
3.664240241050720215e+00
3.639307320117950439e+00
3.713731467723846436e+00
3.690694332122802734e+00
3.678444325923919678e+00
3.686143577098846436e+00
3.604904890060424805e+00
3.659740924835205078e+00
3.605976998805999756e+00
3.648619115352630615e+00
3.655579686164855957e+00
3.696343839168548584e+00
3.694270193576812744e+00
3.673744380474090576e+00
3.595837891101837158e+00
3.645335614681243896e+00
3.642166733741760254e+00
3.663152635097503662e+00
3.641737043857574463e+00
3.608722567558288574e+00
3.667643249034881592e+00
3.673374474048614502e+00
3.645226716995239258e+00
3.644509494304656982e+00
3.650466978549957275e+00
3.663393020629882812e+00
3.675973474979400635e+00
3.596983969211578369e+00
3.647609114646911621e+00
3.682760655879974365e+00
3.681300342082977295e+00
3.695639073848724365e+00
3.677933216094970703e+00
3.656610667705535889e+00
3.646415054798126221e+00
3.617864370346069336e+00
3.678272545337677002e+00
3.703760087490081787e+00
3.735238254070281982e+00
3.702073276042938232e+00
3.656551420688629150e+00
3.663110613822937012e+00
3.663773715496063232e+00
3.689962923526763916e+00
3.624807119369506836e+00
3.661299407482147217e+00
3.637245237827301025e+00
3.666831851005554199e+00
3.638616144657135010e+00
3.620624840259552002e+00
3.667580544948577881e+00
3.657897174358367920e+00
3.686891615390777588e+00
3.636670053005218506e+00
3.591022908687591553e+00
3.634566843509674072e+00
3.670810043811798096e+00
3.712850868701934814e+00
3.685926139354705811e+00
3.647519946098327637e+00
3.681698858737945557e+00
3.631640136241912842e+00
3.684835970401763916e+00
3.657695829868316650e+00
3.758522570133209229e+00
3.667958676815032959e+00
3.659307360649108887e+00
3.572825133800506592e+00
3.629391252994537354e+00
3.667411863803863525e+00
3.684380352497100830e+00
3.686409056186676025e+00
3.674398362636566162e+00
3.611359775066375732e+00
3.599597632884979248e+00
3.620587944984436035e+00
3.683856785297393799e+00
3.646005094051361084e+00
3.673629999160766602e+00
3.667067825794219971e+00
3.707638442516326904e+00
3.616176843643188477e+00
3.636511147022247314e+00
3.642628610134124756e+00
3.663059234619140625e+00
3.678223490715026855e+00
3.677512228488922119e+00
3.663985073566436768e+00
3.665020883083343506e+00
3.598867952823638916e+00
3.652605354785919189e+00
3.588448107242584229e+00
3.674962341785430908e+00
3.630203306674957275e+00
3.686367034912109375e+00
3.606386482715606689e+00
3.610474765300750732e+00
3.605499327182769775e+00
3.682816922664642334e+00
3.648116171360015869e+00
3.679235994815826416e+00
3.608507812023162842e+00
3.668953359127044678e+00
3.654576957225799561e+00
3.683613836765289307e+00
3.671239793300628662e+00
3.675289213657379150e+00
3.657279253005981445e+00
3.639126598834991455e+00
3.643690645694732666e+00
3.650257587432861328e+00
3.667098701000213623e+00
3.665805697441101074e+00
3.714272022247314453e+00
3.667074263095855713e+00
3.701242268085479736e+00
3.590716123580932617e+00
3.657401740550994873e+00
3.630454123020172119e+00
3.679508924484252930e+00
3.664836943149566650e+00
3.625345289707183838e+00
3.688327014446258545e+00
3.652024924755096436e+00
3.696740567684173584e+00
3.641080856323242188e+00
3.656430423259735107e+00
3.636365473270416260e+00
3.629825174808502197e+00
3.688873112201690674e+00
3.656935513019561768e+00
3.674732387065887451e+00
3.650638699531555176e+00
3.654995024204254150e+00
3.691316664218902588e+00
3.642839133739471436e+00
3.663832128047943115e+00
3.635907888412475586e+00
3.650319755077362061e+00
3.648543059825897217e+00
3.667813122272491455e+00
3.711770594120025635e+00
3.677230775356292725e+00
3.669882357120513916e+00
3.625239014625549316e+00
3.655466616153717041e+00
3.632678329944610596e+00
3.670425534248352051e+00
3.676772654056549072e+00
3.664715945720672607e+00
3.696986258029937744e+00
3.682887375354766846e+00
3.686441123485565186e+00
3.648393511772155762e+00
3.631301581859588623e+00
3.618782699108123779e+00
3.664795994758605957e+00
3.668079018592834473e+00
3.696616232395172119e+00
3.670790374279022217e+00
3.630379498004913330e+00
3.634991466999053955e+00
3.609785795211791992e+00
3.693917155265808105e+00
3.663788259029388428e+00
3.669111549854278564e+00
3.649477243423461914e+00
3.684375464916229248e+00
3.645159065723419189e+00
3.668962657451629639e+00
3.655144512653350830e+00
3.703703105449676514e+00
3.653771221637725830e+00
3.602060019969940186e+00
3.642159640789031982e+00
3.674024760723114014e+00
3.711060941219329834e+00
3.657276928424835205e+00
3.658775866031646729e+00
3.642404973506927490e+00
3.678572833538055420e+00
3.638021886348724365e+00
3.633936822414398193e+00
3.702832996845245361e+00
3.633885204792022705e+00
3.724006891250610352e+00
3.575557768344879150e+00
3.695339977741241455e+00
3.629139840602874756e+00
3.713306844234466553e+00
3.645814955234527588e+00
3.692696928977966309e+00
3.619627892971038818e+00
3.670396387577056885e+00
3.655459165573120117e+00
3.653870880603790283e+00
3.665115892887115479e+00
3.579992830753326416e+00
3.638035237789154053e+00
3.590493619441986084e+00
3.700268447399139404e+00
3.683644115924835205e+00
3.689038932323455811e+00
3.644127786159515381e+00
3.617703258991241455e+00
3.664477050304412842e+00
3.612770557403564453e+00
3.686674773693084717e+00
3.623425662517547607e+00
3.651634991168975830e+00
3.615391254425048828e+00
3.625631630420684814e+00
3.603949904441833496e+00
3.645959079265594482e+00
3.616998255252838135e+00
3.638119518756866455e+00
3.601050555706024170e+00
3.640840351581573486e+00
3.677521526813507080e+00
3.704738140106201172e+00
3.678636491298675537e+00
3.676119387149810791e+00
3.671415209770202637e+00
3.691571056842803955e+00
3.660018861293792725e+00
3.672255873680114746e+00
3.655140101909637451e+00
3.643251597881317139e+00
3.664394438266754150e+00
3.648221313953399658e+00
3.667176902294158936e+00
3.670682191848754883e+00
3.673587381839752197e+00
3.682667076587677002e+00
3.652257978916168213e+00
3.677091121673583984e+00
3.631341874599456787e+00
3.647428452968597412e+00
3.614261746406555176e+00
3.677830159664154053e+00
3.673692524433135986e+00
3.650954544544219971e+00
3.662684142589569092e+00
3.603370845317840576e+00
3.640573680400848389e+00
3.622694671154022217e+00
3.642015755176544189e+00
3.684484064579010010e+00
3.659519851207733154e+00
3.678249418735504150e+00
3.631981372833251953e+00
3.645567238330841064e+00
3.660444915294647217e+00
3.683388173580169678e+00
3.641281902790069580e+00
3.622966706752777100e+00
3.607650458812713623e+00
3.693520367145538330e+00
3.678210318088531494e+00
3.698955893516540527e+00
3.685635149478912354e+00
3.641808450222015381e+00
3.644125044345855713e+00
3.607690036296844482e+00
3.666600883007049561e+00
3.651913464069366455e+00
3.657770156860351562e+00
3.667978227138519287e+00
3.642249524593353271e+00
3.668402850627899170e+00
3.613639533519744873e+00
3.701495349407196045e+00
3.664879620075225830e+00
3.679858148097991943e+00
3.581829607486724854e+00
3.628920674324035645e+00
3.602555215358734131e+00
3.669741332530975342e+00
3.622242569923400879e+00
3.661684930324554443e+00
3.623776376247406006e+00
3.656225144863128662e+00
3.662461280822753906e+00
3.658183515071868896e+00
3.644882619380950928e+00
3.652479827404022217e+00
3.677429735660552979e+00
3.682992815971374512e+00
3.666687309741973877e+00
3.639903843402862549e+00
3.607240617275238037e+00
3.642202675342559814e+00
3.616226971149444580e+00
3.661599814891815186e+00
3.649119257926940918e+00
3.664468467235565186e+00
3.628850996494293213e+00
3.648055613040924072e+00
3.643455803394317627e+00
3.695114195346832275e+00
3.682430267333984375e+00
3.717387735843658447e+00
3.700040280818939209e+00
3.664974391460418701e+00
3.642613470554351807e+00
3.647403895854949951e+00
3.699113965034484863e+00
3.712209522724151611e+00
3.691485941410064697e+00
3.676183044910430908e+00
3.630692958831787109e+00
3.690181791782379150e+00
3.656265676021575928e+00
3.700178861618041992e+00
3.650401175022125244e+00
3.617547810077667236e+00
3.639449179172515869e+00
3.629643023014068604e+00
3.663693726062774658e+00
3.658015727996826172e+00
3.656783282756805420e+00
3.592078268527984619e+00
3.611232578754425049e+00
3.574099838733673096e+00
3.689622461795806885e+00
3.644979059696197510e+00
3.721383869647979736e+00
3.656828105449676514e+00
3.679521024227142334e+00
3.669936597347259521e+00
3.634955704212188721e+00
3.661368191242218018e+00
3.610063076019287109e+00
3.693367063999176025e+00
3.668405830860137939e+00
3.712437510490417480e+00
3.629500210285186768e+00
3.635296642780303955e+00
3.652026474475860596e+00
3.679928243160247803e+00
3.667354762554168701e+00
3.655442357063293457e+00
3.655494153499603271e+00
3.671563684940338135e+00
3.648892939090728760e+00
3.621928274631500244e+00
3.656893074512481689e+00
3.651894271373748779e+00
3.663066923618316650e+00
3.646691024303436279e+00
3.618782699108123779e+00
3.599858462810516357e+00
3.589797198772430420e+00
3.602705121040344238e+00
3.631402611732482910e+00
3.644352853298187256e+00
3.677184641361236572e+00
3.695902764797210693e+00
3.638325989246368408e+00
3.659280240535736084e+00
3.637893259525299072e+00
3.706110417842864990e+00
3.629430651664733887e+00
3.648805260658264160e+00
3.618595898151397705e+00
3.641047656536102295e+00
3.685694396495819092e+00
3.640283763408660889e+00
3.661312282085418701e+00
3.628717243671417236e+00
3.678040444850921631e+00
3.674241602420806885e+00
3.688604414463043213e+00
3.624117672443389893e+00
3.641586244106292725e+00
3.634517610073089600e+00
3.674608886241912842e+00
3.656159818172454834e+00
3.635168075561523438e+00
3.636473238468170166e+00
3.626085340976715088e+00
3.617865622043609619e+00
3.698400378227233887e+00
3.644333541393280029e+00
3.674295246601104736e+00
3.635110139846801758e+00
3.658976852893829346e+00
3.665802299976348877e+00
3.654060184955596924e+00
3.673375666141510010e+00
3.680846273899078369e+00
3.663888454437255859e+00
3.610737740993499756e+00
3.638383448123931885e+00
3.625802755355834961e+00
3.661372721195220947e+00
3.629085361957550049e+00
3.622385740280151367e+00
3.685529887676239014e+00
3.658491551876068115e+00
3.675735592842102051e+00
3.626787364482879639e+00
3.641133606433868408e+00
3.645039439201354980e+00
3.625595390796661377e+00
3.650480329990386963e+00
3.623062193393707275e+00
3.659237205982208252e+00
3.601468980312347412e+00
3.667912423610687256e+00
3.641442596912384033e+00
3.727594077587127686e+00
3.646526873111724854e+00
3.644958794116973877e+00
3.618022620677947998e+00
3.630216181278228760e+00
3.716149747371673584e+00
3.678435981273651123e+00
3.719004213809967041e+00
3.686144828796386719e+00
3.681712687015533447e+00
3.611670911312103271e+00
3.620450675487518311e+00
3.642596423625946045e+00
3.730808198451995850e+00
3.733213961124420166e+00
3.696445882320404053e+00
3.665185987949371338e+00
3.650529801845550537e+00
3.634034335613250732e+00
3.631131350994110107e+00
3.686064124107360840e+00
3.651454091072082520e+00
3.669368803501129150e+00
3.632029712200164795e+00
3.674106359481811523e+00
3.681481182575225830e+00
3.631632387638092041e+00
3.652012467384338379e+00
3.615892827510833740e+00
3.614167034626007080e+00
3.602482974529266357e+00
3.618406236171722412e+00
3.645177900791168213e+00
3.660653829574584961e+00
3.663151204586029053e+00
3.628158628940582275e+00
3.658369600772857666e+00
3.654686868190765381e+00
3.665436804294586182e+00
3.632234692573547363e+00
3.660198628902435303e+00
3.655095398426055908e+00
3.663790047168731689e+00
3.651515901088714600e+00
3.674938380718231201e+00
3.616007566452026367e+00
3.649434030055999756e+00
3.572373688220977783e+00
3.666001856327056885e+00
3.628315806388854980e+00
3.685747802257537842e+00
3.687032043933868408e+00
3.678962767124176025e+00
3.649912059307098389e+00
3.593027770519256592e+00
3.632176697254180908e+00
3.626110374927520752e+00
3.682563602924346924e+00
3.659280776977539062e+00
3.660711467266082764e+00
3.659934222698211670e+00
3.678878009319305420e+00
3.683090150356292725e+00
3.633299291133880615e+00
3.643044769763946533e+00
3.661335527896881104e+00
3.696150720119476318e+00
3.618161380290985107e+00
3.637930095195770264e+00
3.626421749591827393e+00
3.677599132061004639e+00
3.619692325592041016e+00
3.632115423679351807e+00
3.667133331298828125e+00
3.659416735172271729e+00
3.650263249874114990e+00
3.611074507236480713e+00
3.686247587203979492e+00
3.628594338893890381e+00
3.705031216144561768e+00
3.617147505283355713e+00
3.699897587299346924e+00
3.644501268863677979e+00
3.638936758041381836e+00
3.614918053150177002e+00
3.663896143436431885e+00
3.643380880355834961e+00
3.711111247539520264e+00
3.616699516773223877e+00
3.684760808944702148e+00
3.672383368015289307e+00
3.668840706348419189e+00
3.660654604434967041e+00
3.625691473484039307e+00
3.703540146350860596e+00
3.679091811180114746e+00
3.698701918125152588e+00
3.630145370960235596e+00
3.632899999618530273e+00
3.714007318019866943e+00
3.688095629215240479e+00
3.744859397411346436e+00
3.637015223503112793e+00
3.656499564647674561e+00
3.619429051876068115e+00
3.654199779033660889e+00
3.619068682193756104e+00
3.654158413410186768e+00
3.654208302497863770e+00
3.676868021488189697e+00
3.638102948665618896e+00
3.638838529586791992e+00
3.672143876552581787e+00
3.673563897609710693e+00
3.666111052036285400e+00
3.631658256053924561e+00
3.636615812778472900e+00
3.654808044433593750e+00
3.657644450664520264e+00
3.679619848728179932e+00
3.642902612686157227e+00
3.660512387752532959e+00
3.607165992259979248e+00
3.609789609909057617e+00
3.656580448150634766e+00
3.674086868762969971e+00
3.688812553882598877e+00
3.661153316497802734e+00
3.693615853786468506e+00
3.679574787616729736e+00
3.711632311344146729e+00
3.617180049419403076e+00
3.649885475635528564e+00
3.589416980743408203e+00
3.642900168895721436e+00
3.592975676059722900e+00
3.656065404415130615e+00
3.654656469821929932e+00
3.683402836322784424e+00
3.654492676258087158e+00
3.623224198818206787e+00
3.636604964733123779e+00
3.664797961711883545e+00
3.691520869731903076e+00
3.675086557865142822e+00
3.639179646968841553e+00
3.650188386440277100e+00
3.624781906604766846e+00
3.672839939594268799e+00
3.636978685855865479e+00
3.672966301441192627e+00
3.677716434001922607e+00
3.693746566772460938e+00
3.692178905010223389e+00
3.666784942150115967e+00
3.668837964534759521e+00
3.627417862415313721e+00
3.629185378551483154e+00
3.608959317207336426e+00
3.661905586719512939e+00
3.629577219486236572e+00
3.677112102508544922e+00
3.633750975131988525e+00
3.690627276897430420e+00
3.682164430618286133e+00
3.677264869213104248e+00
3.659280359745025635e+00
3.624958634376525879e+00
3.631996572017669678e+00
3.629725873470306396e+00
3.664669930934906006e+00
3.642560660839080811e+00
3.672895729541778564e+00
3.660435795783996582e+00
3.686263740062713623e+00
3.673484027385711670e+00
3.642654657363891602e+00
3.616717159748077393e+00
3.637396037578582764e+00
3.608692467212677002e+00
3.669225454330444336e+00
3.665996968746185303e+00
3.679469406604766846e+00
3.682889521121978760e+00
3.640924870967864990e+00
3.649959862232208252e+00
3.652159452438354492e+00
3.664425313472747803e+00
3.650798261165618896e+00
3.668270111083984375e+00
3.648199856281280518e+00
3.656694352626800537e+00
3.670428991317749023e+00
3.651445567607879639e+00
3.698109805583953857e+00
3.623158633708953857e+00
3.670160233974456787e+00
3.621051967144012451e+00
3.673532247543334961e+00
3.634195089340209961e+00
3.693292319774627686e+00
3.639780461788177490e+00
3.713852047920227051e+00
3.674475491046905518e+00
3.647856056690216064e+00
3.637138068675994873e+00
3.603535354137420654e+00
3.681317508220672607e+00
3.654892444610595703e+00
3.691934168338775635e+00
3.663623631000518799e+00
3.684925258159637451e+00
3.642153680324554443e+00
3.658380568027496338e+00
3.646033406257629395e+00
3.697459042072296143e+00
3.671023666858673096e+00
3.696096718311309814e+00
3.648809731006622314e+00
3.650573909282684326e+00
3.619296729564666748e+00
3.664307713508605957e+00
3.692808330059051514e+00
3.686857044696807861e+00
3.675612628459930420e+00
3.605882108211517334e+00
3.621779620647430420e+00
3.638320386409759521e+00
3.673500955104827881e+00
3.697261869907379150e+00
3.669340789318084717e+00
3.662951290607452393e+00
3.678276598453521729e+00
3.669738650321960449e+00
3.660907447338104248e+00
3.597290337085723877e+00
3.657707810401916504e+00
3.651802957057952881e+00
3.661078274250030518e+00
3.638361871242523193e+00
3.636158406734466553e+00
3.667650282382965088e+00
3.688576877117156982e+00
3.663890421390533447e+00
3.656887352466583252e+00
3.627095937728881836e+00
3.654930353164672852e+00
3.651110708713531494e+00
3.646145582199096680e+00
3.631678879261016846e+00
3.650798499584197998e+00
3.620667338371276855e+00
3.649577736854553223e+00
3.674020111560821533e+00
3.675791084766387939e+00
3.718641817569732666e+00
3.640093863010406494e+00
3.658961594104766846e+00
3.618110537528991699e+00
3.670542657375335693e+00
3.689053237438201904e+00
3.708103299140930176e+00
3.687695562839508057e+00
3.642467439174652100e+00
3.628393292427062988e+00
3.677540242671966553e+00
3.698725044727325439e+00
3.719917058944702148e+00
3.658850967884063721e+00
3.606895029544830322e+00
3.658945202827453613e+00
3.643545269966125488e+00
3.698352515697479248e+00
3.630059242248535156e+00
3.684932947158813477e+00
3.681238710880279541e+00
3.647943079471588135e+00
3.635129690170288086e+00
3.618162810802459717e+00
3.650996029376983643e+00
3.683479964733123779e+00
3.704142034053802490e+00
3.678508579730987549e+00
3.642157793045043945e+00
3.641966283321380615e+00
3.671122848987579346e+00
3.714872956275939941e+00
3.684005439281463623e+00
3.653623402118682861e+00
3.612754344940185547e+00
3.637361228466033936e+00
3.625796377658843994e+00
3.660539269447326660e+00
3.581609308719635010e+00
3.634333550930023193e+00
3.613742053508758545e+00
3.679828405380249023e+00
3.638760030269622803e+00
3.655140638351440430e+00
3.669226467609405518e+00
3.680726587772369385e+00
3.685590803623199463e+00
3.661145031452178955e+00
3.683586418628692627e+00
3.679615080356597900e+00
3.693372488021850586e+00
3.674136102199554443e+00
3.654617846012115479e+00
3.659655928611755371e+00
3.673619806766510010e+00
3.696806490421295166e+00
3.643977403640747070e+00
3.617184817790985107e+00
3.595344483852386475e+00
3.649104416370391846e+00
3.644097864627838135e+00
3.667744338512420654e+00
3.623131632804870605e+00
3.660821259021759033e+00
3.607109487056732178e+00
3.663443863391876221e+00
3.643715798854827881e+00
3.626649796962738037e+00
3.651062607765197754e+00
3.619336485862731934e+00
3.665841639041900635e+00
3.645160377025604248e+00
3.650947988033294678e+00
3.673244297504425049e+00
3.652824938297271729e+00
3.677276551723480225e+00
3.642349660396575928e+00
3.596137583255767822e+00
3.658915817737579346e+00
3.675284922122955322e+00
3.742227733135223389e+00
3.694044828414916992e+00
3.658378064632415771e+00
3.654693186283111572e+00
3.689298689365386963e+00
3.662478864192962646e+00
3.679468691349029541e+00
3.621413648128509521e+00
3.678985416889190674e+00
3.644433319568634033e+00
3.662191152572631836e+00
3.670262038707733154e+00
3.673583805561065674e+00
3.668209612369537354e+00
3.659912467002868652e+00
3.689578592777252197e+00
3.659133195877075195e+00
3.669564723968505859e+00
3.650289595127105713e+00
3.667789041996002197e+00
3.659658491611480713e+00
3.657514631748199463e+00
3.621775448322296143e+00
3.672041118144989014e+00
3.639199078083038330e+00
3.673864424228668213e+00
3.623215138912200928e+00
3.679741799831390381e+00
3.651058256626129150e+00
3.661112606525421143e+00
3.649734318256378174e+00
3.632631123065948486e+00
3.677412450313568115e+00
3.650150835514068604e+00
3.676225364208221436e+00
3.688675820827484131e+00
3.632389128208160400e+00
3.662642180919647217e+00
3.607891201972961426e+00
3.676379740238189697e+00
3.678927838802337646e+00
3.688901126384735107e+00
3.591400563716888428e+00
3.611788690090179443e+00
3.584969103336334229e+00
3.697140216827392578e+00
3.689863264560699463e+00
3.687009274959564209e+00
3.660745561122894287e+00
3.635598599910736084e+00
3.648862659931182861e+00
3.665923595428466797e+00
3.655100047588348389e+00
3.668055474758148193e+00
3.650826394557952881e+00
3.642849862575531006e+00
3.629654705524444580e+00
3.658742129802703857e+00
3.709866940975189209e+00
3.650171101093292236e+00
3.653395473957061768e+00
3.611201822757720947e+00
3.643970191478729248e+00
3.631278395652770996e+00
3.655460596084594727e+00
3.599352419376373291e+00
3.692744851112365723e+00
3.605706214904785156e+00
3.708107054233551025e+00
3.601013958454132080e+00
3.644127190113067627e+00
3.627432882785797119e+00
3.651901304721832275e+00
3.690256714820861816e+00
3.685600340366363525e+00
3.653388917446136475e+00
3.653360009193420410e+00
3.640148341655731201e+00
3.655671656131744385e+00
3.638021528720855713e+00
3.611744582653045654e+00
3.623626530170440674e+00
3.674773514270782471e+00
3.664287149906158447e+00
3.691355049610137939e+00
3.638321459293365479e+00
3.679204821586608887e+00
3.632805287837982178e+00
3.659685134887695312e+00
3.665279865264892578e+00
3.690030634403228760e+00
3.680834889411926270e+00
3.639258205890655518e+00
3.657366216182708740e+00
3.615444958209991455e+00
3.662640631198883057e+00
3.650443375110626221e+00
3.708467781543731689e+00
3.693451642990112305e+00
3.675554931163787842e+00
3.599316537380218506e+00
3.621930956840515137e+00
3.605142652988433838e+00
3.674588978290557861e+00
3.645502090454101562e+00
3.645670592784881592e+00
3.609146535396575928e+00
3.648541688919067383e+00
3.664306700229644775e+00
3.642722427845001221e+00
3.620801687240600586e+00
3.567621231079101562e+00
3.623998939990997314e+00
3.670762181282043457e+00
3.705821454524993896e+00
3.704782068729400635e+00
3.644398808479309082e+00
3.644429802894592285e+00
3.656307995319366455e+00
3.661204397678375244e+00
3.677273452281951904e+00
3.673965394496917725e+00
3.669041454792022705e+00
3.670781075954437256e+00
3.690817296504974365e+00
3.647361814975738525e+00
3.747693538665771484e+00
3.660998642444610596e+00
3.713245809078216553e+00
3.645102322101593018e+00
3.651869595050811768e+00
3.634246289730072021e+00
3.601590037345886230e+00
3.655358970165252686e+00
3.649984061717987061e+00
3.690662682056427002e+00
3.650619983673095703e+00
3.689570248126983643e+00
3.621342658996582031e+00
3.682313024997711182e+00
3.623339593410491943e+00
3.690403044223785400e+00
3.591044723987579346e+00
3.638577997684478760e+00
3.560405075550079346e+00
3.641490638256072998e+00
3.584561169147491455e+00
3.665358603000640869e+00
3.629153132438659668e+00
3.697199642658233643e+00
3.641528427600860596e+00
3.669147670269012451e+00
3.643874466419219971e+00
3.607313573360443115e+00
3.641770362854003906e+00
3.600241959095001221e+00
3.634568393230438232e+00
3.633348703384399414e+00
3.644468605518341064e+00
3.655157387256622314e+00
3.651106536388397217e+00
3.656604528427124023e+00
3.670015990734100342e+00
3.669506669044494629e+00
3.652767896652221680e+00
3.657199680805206299e+00
3.651792824268341064e+00
3.658542156219482422e+00
3.626566708087921143e+00
3.634633243083953857e+00
3.624363064765930176e+00
3.632514774799346924e+00
3.629856884479522705e+00
3.661009907722473145e+00
3.661738932132720947e+00
3.650379002094268799e+00
3.704043149948120117e+00
3.660424292087554932e+00
3.644534647464752197e+00
3.592868208885192871e+00
3.647817194461822510e+00
3.624755084514617920e+00
3.668685674667358398e+00
3.632124602794647217e+00
3.696834981441497803e+00
3.653588891029357910e+00
3.674552500247955322e+00
3.667041718959808350e+00
3.639485180377960205e+00
3.633695185184478760e+00
3.648601830005645752e+00
3.636005103588104248e+00
3.654939532279968262e+00
3.629773080348968506e+00
3.648252904415130615e+00
3.669442713260650635e+00
3.698897659778594971e+00
3.676919043064117432e+00
3.702890872955322266e+00
3.632774412631988525e+00
3.638274371623992920e+00
3.621363162994384766e+00
3.596367180347442627e+00
3.668932616710662842e+00
3.672493457794189453e+00
3.697755634784698486e+00
3.619627058506011963e+00
3.581261515617370605e+00
3.613624453544616699e+00
3.663184106349945068e+00
3.668286740779876709e+00
3.669560551643371582e+00
3.672055661678314209e+00
3.634195804595947266e+00
3.631964743137359619e+00
3.643325150012969971e+00
3.696414768695831299e+00
3.692074120044708252e+00
3.652996361255645752e+00
3.620158135890960693e+00
3.642022311687469482e+00
3.673292577266693115e+00
3.674887478351593018e+00
3.672100007534027100e+00
3.594510853290557861e+00
3.611703455448150635e+00
3.608403086662292480e+00
3.667052090167999268e+00
3.674465477466583252e+00
3.705751121044158936e+00
3.634852945804595947e+00
3.656795561313629150e+00
3.552681088447570801e+00
3.693285167217254639e+00
3.655112326145172119e+00
3.730997622013092041e+00
3.629666566848754883e+00
3.660482823848724365e+00
3.611439168453216553e+00
3.676714301109313965e+00
3.627044498920440674e+00
3.670052945613861084e+00
3.652138411998748779e+00
3.658416926860809326e+00
3.654956877231597900e+00
3.680757701396942139e+00
3.712071955204010010e+00
3.706149160861968994e+00
3.703367829322814941e+00
3.680462896823883057e+00
3.669106066226959229e+00
3.644112229347229004e+00
3.628539502620697021e+00
3.627524793148040771e+00
3.617534816265106201e+00
3.669307649135589600e+00
3.665068686008453369e+00
3.698087096214294434e+00
3.652944624423980713e+00
3.635135233402252197e+00
3.642940402030944824e+00
3.678920984268188477e+00
3.675029933452606201e+00
3.694540679454803467e+00
3.656366229057312012e+00
3.710881412029266357e+00
3.611630618572235107e+00
3.706290602684020996e+00
3.592287838459014893e+00
3.709101021289825439e+00
3.612949013710021973e+00
3.679195582866668701e+00
3.638446033000946045e+00
3.670958518981933594e+00
3.642071187496185303e+00
3.654134690761566162e+00
3.672497332096099854e+00
3.635888636112213135e+00
3.621021330356597900e+00
3.611065447330474854e+00
3.657917678356170654e+00
3.693844616413116455e+00
3.627194941043853760e+00
3.646454930305480957e+00
3.621395409107208252e+00
3.704889059066772461e+00
3.649546682834625244e+00
3.638315021991729736e+00
3.647492766380310059e+00
3.658222913742065430e+00
3.676038682460784912e+00
3.660096406936645508e+00
3.678779661655426025e+00
3.676650822162628174e+00
3.663353264331817627e+00
3.654654502868652344e+00
3.631073415279388428e+00
3.642703473567962646e+00
3.618949711322784424e+00
3.664852678775787354e+00
3.629887163639068604e+00
3.647396385669708252e+00
3.649507820606231689e+00
3.667618930339813232e+00
3.654585540294647217e+00
3.698382198810577393e+00
3.636294066905975342e+00
3.653440952301025391e+00
3.623265087604522705e+00
3.640161812305450439e+00
3.650336086750030518e+00
3.613061606884002686e+00
3.643793284893035889e+00
3.644958317279815674e+00
3.673803627490997314e+00
3.679563224315643311e+00
3.661560237407684326e+00
3.694956719875335693e+00
3.649980843067169189e+00
3.641952097415924072e+00
3.663199543952941895e+00
3.659324347972869873e+00
3.674862444400787354e+00
3.640929222106933594e+00
3.636729896068572998e+00
3.656480252742767334e+00
3.656645238399505615e+00
3.667628467082977295e+00
3.635162889957427979e+00
3.640675783157348633e+00
3.673399150371551514e+00
3.665282905101776123e+00
3.692847669124603271e+00
3.599279940128326416e+00
3.619240105152130127e+00
3.566167473793029785e+00
3.677214026451110840e+00
3.625762283802032471e+00
3.661586880683898926e+00
3.593228042125701904e+00
3.674177110195159912e+00
3.651575565338134766e+00
3.675597906112670898e+00
3.657837092876434326e+00
3.677162945270538330e+00
3.660692274570465088e+00
3.694765508174896240e+00
3.684740364551544189e+00
3.695527672767639160e+00
3.622108280658721924e+00
3.657641828060150146e+00
3.661233425140380859e+00
3.676771938800811768e+00
3.628178417682647705e+00
3.666268050670623779e+00
3.647934019565582275e+00
3.666057407855987549e+00
3.635368883609771729e+00
3.649870097637176514e+00
3.601573288440704346e+00
3.664594292640686035e+00
3.646145999431610107e+00
3.676602423191070557e+00
3.617998659610748291e+00
3.644878447055816650e+00
3.660753548145294189e+00
3.632730305194854736e+00
3.648156762123107910e+00
3.651469886302947998e+00
3.673192322254180908e+00
3.687619209289550781e+00
3.677494704723358154e+00
3.651293814182281494e+00
3.631949961185455322e+00
3.635279119014739990e+00
3.669776737689971924e+00
3.639803946018218994e+00
3.650195538997650146e+00
3.662651836872100830e+00
3.692558646202087402e+00
3.690981090068817139e+00
3.669503986835479736e+00
3.667035698890686035e+00
3.668516457080841064e+00
3.646930396556854248e+00
3.608854293823242188e+00
3.631638228893280029e+00
3.618996679782867432e+00
3.677579522132873535e+00
3.712382793426513672e+00
3.674331009387969971e+00
3.650217831134796143e+00
3.610743761062622070e+00
3.687820971012115479e+00
3.673811018466949463e+00
3.667477190494537354e+00
3.657036602497100830e+00
3.670869648456573486e+00
3.666674196720123291e+00
3.629332125186920166e+00
3.669846355915069580e+00
3.669974267482757568e+00
3.690236866474151611e+00
3.641533315181732178e+00
3.657475531101226807e+00
3.670965135097503662e+00
3.658973395824432373e+00
3.687465846538543701e+00
3.636484444141387939e+00
3.645992338657379150e+00
3.639176130294799805e+00
3.628576278686523438e+00
3.644904434680938721e+00
3.657784879207611084e+00
3.694134593009948730e+00
3.652617394924163818e+00
3.584203481674194336e+00
3.646398365497589111e+00
3.657188713550567627e+00
3.739066660404205322e+00
3.696130633354187012e+00
3.634852945804595947e+00
3.644095003604888916e+00
3.652240574359893799e+00
3.694333136081695557e+00
3.679191648960113525e+00
3.663173854351043701e+00
3.672597825527191162e+00
3.626271784305572510e+00
3.663432061672210693e+00
3.617571294307708740e+00
3.661855757236480713e+00
3.597546339035034180e+00
3.668440163135528564e+00
3.628663241863250732e+00
3.710559904575347900e+00
3.655897021293640137e+00
3.695731937885284424e+00
3.661653161048889160e+00
3.621158540248870850e+00
3.646760165691375732e+00
3.649533689022064209e+00
3.700347244739532471e+00
3.648198068141937256e+00
3.616298973560333252e+00
3.619806289672851562e+00
3.646513879299163818e+00
3.635682642459869385e+00
3.660957634449005127e+00
3.661699473857879639e+00
3.684015095233917236e+00
3.645256698131561279e+00
3.618608772754669189e+00
3.679089605808258057e+00
3.612704634666442871e+00
3.687701880931854248e+00
3.616864383220672607e+00
3.695707619190216064e+00
3.636780321598052979e+00
3.604480564594268799e+00
3.620562732219696045e+00
3.648972928524017334e+00
3.687487900257110596e+00
3.651613056659698486e+00
3.600934922695159912e+00
3.609448134899139404e+00
3.615690648555755615e+00
3.690895795822143555e+00
3.652320206165313721e+00
3.681498229503631592e+00
3.618781924247741699e+00
3.632275402545928955e+00
3.630681097507476807e+00
3.636088013648986816e+00
3.635610878467559814e+00
3.613488495349884033e+00
3.643499612808227539e+00
3.645005643367767334e+00
3.658744156360626221e+00
3.649901568889617920e+00
3.644698441028594971e+00
3.636016547679901123e+00
3.604299545288085938e+00
3.654046952724456787e+00
3.635656177997589111e+00
3.649227142333984375e+00
3.665441095829010010e+00
3.652426660060882568e+00
3.682011842727661133e+00
3.665008783340454102e+00
3.641495168209075928e+00
3.677615046501159668e+00
3.679992854595184326e+00
3.690617263317108154e+00
3.688128650188446045e+00
3.691905438899993896e+00
3.682357609272003174e+00
3.648112833499908447e+00
3.669954657554626465e+00
3.681661069393157959e+00
3.709712445735931396e+00
3.639288008213043213e+00
3.667516648769378662e+00
3.626517355442047119e+00
3.675106704235076904e+00
3.611917793750762939e+00
3.662992179393768311e+00
3.628849923610687256e+00
3.662204086780548096e+00
3.687065422534942627e+00
3.659022331237792969e+00
3.666361868381500244e+00
3.631060659885406494e+00
3.676371514797210693e+00
3.639707803726196289e+00
3.647881090641021729e+00
3.620794892311096191e+00
3.620239973068237305e+00
3.626371800899505615e+00
3.617309629917144775e+00
3.685787558555603027e+00
3.706618487834930420e+00
3.671500146389007568e+00
3.699398398399353027e+00
3.636652290821075439e+00
3.671295106410980225e+00
3.637013733386993408e+00
3.693936526775360107e+00
3.650171101093292236e+00
3.662274301052093506e+00
3.609866678714752197e+00
3.664826929569244385e+00
3.628294050693511963e+00
3.656436264514923096e+00
3.616773068904876709e+00
3.674413979053497314e+00
3.656704783439636230e+00
3.646238029003143311e+00
3.614821314811706543e+00
3.609063923358917236e+00
3.615877449512481689e+00
3.623526215553283691e+00
3.645403385162353516e+00
3.629140317440032959e+00
3.655229985713958740e+00
3.624552190303802490e+00
3.683540880680084229e+00
3.662870705127716064e+00
3.677231252193450928e+00
3.669863045215606689e+00
3.638385593891143799e+00
3.677599668502807617e+00
3.647988140583038330e+00
3.632871329784393311e+00
3.644265711307525635e+00
3.665421068668365479e+00
3.671897113323211670e+00
3.718720495700836182e+00
3.683052241802215576e+00
3.671083033084869385e+00
3.647591590881347656e+00
3.628498494625091553e+00
3.689468324184417725e+00
3.632582485675811768e+00
3.683312714099884033e+00
3.654680907726287842e+00
3.671365797519683838e+00
3.633578419685363770e+00
3.641501009464263916e+00
3.621890604496002197e+00
3.650526821613311768e+00
3.640199363231658936e+00
3.661446869373321533e+00
3.657665252685546875e+00
3.688885509967803955e+00
3.671688139438629150e+00
3.688383460044860840e+00
3.654498040676116943e+00
3.670696914196014404e+00
3.638648450374603271e+00
3.670241296291351318e+00
3.617118656635284424e+00
3.665250241756439209e+00
3.621583878993988037e+00
3.668138921260833740e+00
3.607459604740142822e+00
3.679781734943389893e+00
3.672570884227752686e+00
3.704447567462921143e+00
3.644964218139648438e+00
3.635793745517730713e+00
3.658838987350463867e+00
3.649862468242645264e+00
3.646932065486907959e+00
3.630115330219268799e+00
3.624143779277801514e+00
3.658985078334808350e+00
3.647125780582427979e+00
3.661496877670288086e+00
3.623588621616363525e+00
3.626550257205963135e+00
3.623618662357330322e+00
3.658464610576629639e+00
3.641858875751495361e+00
3.640461921691894531e+00
3.638864934444427490e+00
3.619860470294952393e+00
3.660166859626770020e+00
3.654510557651519775e+00
3.668518126010894775e+00
3.689079403877258301e+00
3.631012678146362305e+00
3.622743785381317139e+00
3.612155020236968994e+00
3.672835409641265869e+00
3.652387678623199463e+00
3.670614719390869141e+00
3.624185800552368164e+00
3.668338716030120850e+00
3.615955889225006104e+00
3.673390150070190430e+00
3.648924410343170166e+00
3.669949591159820557e+00
3.620812773704528809e+00
3.643214046955108643e+00
3.629076063632965088e+00
3.658943712711334229e+00
3.630168616771697998e+00
3.607575833797454834e+00
3.657634317874908447e+00
3.659962832927703857e+00
3.671324193477630615e+00
3.644139051437377930e+00
3.629514634609222412e+00
3.628491222858428955e+00
