# {'thres': 0.17857375144958504}
4.615744948387145996e-02
1.197867393493652344e-01
6.775394082069396973e-03
6.591323018074035645e-02
2.154414653778076172e-01
4.726038873195648193e-02
1.654532551765441895e-02
1.640974283218383789e-01
6.660014390945434570e-03
1.857282221317291260e-02
1.796197295188903809e-01
4.476317763328552246e-02
3.536562621593475342e-02
1.558906435966491699e-01
1.135864555835723877e-01
3.472055494785308838e-02
1.521876454353332520e-01
3.314161300659179688e-02
9.913165122270584106e-03
3.956067562103271484e-02
1.392490267753601074e-01
4.677945002913475037e-02
1.058592796325683594e-01
8.743393421173095703e-02
3.986015915870666504e-03
1.721429824829101562e-02
5.880552530288696289e-02
1.403224468231201172e-02
8.415487408638000488e-02
2.026333212852478027e-01
2.063283324241638184e-02
9.488463401794433594e-04
1.969464421272277832e-01
2.929827570915222168e-02
2.622042596340179443e-02
1.976921558380126953e-01
1.383084058761596680e-02
1.796816289424896240e-02
1.404200196266174316e-01
6.993627548217773438e-02
1.359524205327033997e-02
1.095560193061828613e-01
2.557867765426635742e-02
3.077989188022911549e-02
7.740569114685058594e-02
1.765033006668090820e-01
7.693257741630077362e-02
8.465701341629028320e-02
7.763451337814331055e-02
2.310010790824890137e-02
1.143586635589599609e-02
1.244807839393615723e-01
3.499505668878555298e-02
2.235758304595947266e-02
1.503676176071166992e-01
3.142625093460083008e-02
6.162831187248229980e-02
1.819071769714355469e-01
8.161514997482299805e-03
3.497457504272460938e-02
2.064855098724365234e-01
1.729485392570495605e-02
1.933071762323379517e-02
1.499024033546447754e-01
6.406122446060180664e-02
1.259987056255340576e-02
1.164671778678894043e-01
6.778967380523681641e-02
3.715147729963064194e-02
6.657469272613525391e-02
7.251799106597900391e-02
2.433983981609344482e-02
3.749728202819824219e-04
1.024892330169677734e-01
1.234640926122665405e-02
2.462100982666015625e-02
9.098559617996215820e-02
2.033591270446777344e-02
5.405759811401367188e-02
1.497949957847595215e-01
2.117022871971130371e-02
8.378523588180541992e-02
1.925446987152099609e-01
1.030772924423217773e-02
4.230673611164093018e-02
1.784372329711914062e-01
1.268082857131958008e-02
1.528412103652954102e-02
1.898826360702514648e-01
2.358034253120422363e-02
2.615150995552539825e-02
1.244215965270996094e-01
5.489635467529296875e-02
2.411526162177324295e-02
8.750307559967041016e-02
8.038473129272460938e-02
7.585067301988601685e-03
2.295547723770141602e-02
1.321252584457397461e-01
4.094637930393218994e-03
1.494801044464111328e-02
1.394275426864624023e-01
4.745870828628540039e-02
6.548830866813659668e-02
1.268976926803588867e-01
1.034866273403167725e-02
4.813674092292785645e-02
1.542854309082031250e-01
4.879215359687805176e-02
7.388848066329956055e-02
1.786205768585205078e-01
1.434791088104248047e-02
1.252502202987670898e-03
1.550893783569335938e-01
6.295889616012573242e-02
3.492965921759605408e-02
9.144788980484008789e-02
1.010785102844238281e-01
7.905066013336181641e-05
6.013309955596923828e-02
1.295416355133056641e-01
5.103323236107826233e-02
5.371379852294921875e-02
8.194047212600708008e-02
1.042197644710540771e-02
1.820200681686401367e-02
9.347105026245117188e-02
6.990864872932434082e-03
7.097652554512023926e-02
1.383186578750610352e-01
1.091496646404266357e-02
1.189805716276168823e-01
2.184683084487915039e-01
3.940212726593017578e-02
1.229596138000488281e-02
2.123195528984069824e-01
1.864746212959289551e-02
1.270344853401184082e-02
1.585352420806884766e-01
3.790938854217529297e-02
1.880133524537086487e-02
1.498011946678161621e-01
1.121248006820678711e-01
3.002917394042015076e-02
1.237003207206726074e-01
8.091610670089721680e-02
7.226467132568359375e-04
2.885663509368896484e-02
1.255987882614135742e-01
4.514116048812866211e-02
2.598881721496582031e-03
1.256321072578430176e-01
1.345857977867126465e-03
5.885913968086242676e-02
1.745012402534484863e-01
3.247842192649841309e-03
7.439517974853515625e-02
1.409981846809387207e-01
2.756187319755554199e-02
5.804407596588134766e-02
2.695510387420654297e-01
1.840257644653320312e-02
1.972318440675735474e-02
1.008718013763427734e-01
1.025444567203521729e-01
6.376631557941436768e-03
9.679776430130004883e-02
5.539464950561523438e-02
6.236508488655090332e-04
7.752823829650878906e-02
8.165371417999267578e-02
1.923792064189910889e-02
4.018098115921020508e-02
8.245444297790527344e-02
2.325002104043960571e-02
3.794103860855102539e-02
1.326025128364562988e-01
3.516459465026855469e-02
1.000120639801025391e-01
1.849585175514221191e-01
4.832775890827178955e-02
9.898543357849121094e-03
1.920875906944274902e-01
2.273562550544738770e-02
1.080669462680816650e-02
1.619088649749755859e-01
9.560522437095642090e-02
1.292571425437927246e-02
1.984925270080566406e-01
4.261118173599243164e-02
3.020067512989044189e-02
1.045982241630554199e-01
1.071128845214843750e-01
3.081570751965045929e-02
1.010141372680664062e-01
5.682057142257690430e-02
6.087735295295715332e-03
3.107637166976928711e-02
1.203797459602355957e-01
1.989828050136566162e-02
1.739561557769775391e-02
7.932382822036743164e-02
9.568944573402404785e-03
1.774123311042785645e-02
1.756354570388793945e-01
1.102986931800842285e-02
1.038962304592132568e-01
1.725028157234191895e-01
3.628328442573547363e-02
3.583945333957672119e-02
2.113696932792663574e-01
4.889190196990966797e-02
7.366091012954711914e-04
1.755496859550476074e-01
4.007989168167114258e-02
2.463012933731079102e-02
7.686644792556762695e-02
1.421094536781311035e-01
6.236262619495391846e-03
7.974153757095336914e-02
4.385644197463989258e-02
1.724383234977722168e-02
3.131437301635742188e-02
2.646301984786987305e-01
1.153758503496646881e-01
1.583734154701232910e-02
8.128452301025390625e-02
1.246510446071624756e-02
8.170726895332336426e-02
1.455565094947814941e-01
3.198494017124176025e-02
8.734109997749328613e-02
1.869584918022155762e-01
6.532132625579833984e-03
4.449316859245300293e-02
1.995006203651428223e-01
1.295936107635498047e-02
1.161251962184906006e-02
1.794682741165161133e-01
4.172325134277343750e-02
7.766101509332656860e-03
2.545512914657592773e-01
1.924991607666015625e-03
4.039587825536727905e-02
3.372400999069213867e-02
7.405507564544677734e-02
5.318433046340942383e-02
1.776766777038574219e-02
1.252679824829101562e-01
1.198034733533859253e-02
7.004022598266601562e-03
5.072444677352905273e-02
2.334164083003997803e-02
6.255337595939636230e-02
1.634666919708251953e-01
8.765310049057006836e-03
1.029541194438934326e-01
2.643890380859375000e-01
7.872205972671508789e-02
2.120509743690490723e-03
1.580950617790222168e-01
3.995820879936218262e-02
2.382104843854904175e-02
1.612797975540161133e-01
2.053797245025634766e-02
4.567705094814300537e-03
8.424448966979980469e-02
7.323384284973144531e-02
5.381384119391441345e-02
6.761205196380615234e-02
7.785946130752563477e-02
2.250634133815765381e-04
4.046946763992309570e-02
7.363551855087280273e-02
1.573608070611953735e-02
3.565227985382080078e-02
1.460272669792175293e-01
4.190042614936828613e-03
7.014909386634826660e-02
7.604807615280151367e-02
4.741474986076354980e-03
1.764050275087356567e-01
2.172884941101074219e-01
1.282989978790283203e-03
3.490178287029266357e-02
2.184751033782958984e-01
3.764808177947998047e-03
2.760037034749984741e-02
1.540863513946533203e-01
4.243350028991699219e-02
5.525953322649002075e-02
1.222077012062072754e-01
8.757120370864868164e-02
1.731725037097930908e-02
9.724575281143188477e-02
1.019194126129150391e-01
2.279693633317947388e-02
4.832953214645385742e-02
1.003115177154541016e-01
2.241208404302597046e-02
4.431855678558349609e-02
1.129897832870483398e-01
4.179045557975769043e-03
5.889376997947692871e-02
1.869711875915527344e-01
2.328689396381378174e-02
3.065019845962524414e-02
1.587869524955749512e-01
2.585771679878234863e-02
3.668279945850372314e-02
1.774169206619262695e-01
2.377629280090332031e-02
1.037695258855819702e-02
1.658350825309753418e-01
2.725768089294433594e-02
1.840935833752155304e-02
1.284074187278747559e-01
1.324726343154907227e-01
5.656446423381567001e-02
7.709830999374389648e-02
8.339738845825195312e-02
3.118161112070083618e-02
3.066658973693847656e-02
5.252456665039062500e-02
2.528467029333114624e-02
5.889114737510681152e-02
1.045228242874145508e-01
1.715841889381408691e-02
4.264396429061889648e-02
1.742143034934997559e-01
5.504103004932403564e-02
2.388870716094970703e-02
1.788037419319152832e-01
2.564600110054016113e-02
1.332934200763702393e-02
2.290428280830383301e-01
1.455360651016235352e-02
2.572156488895416260e-03
1.675252914428710938e-01
4.054102301597595215e-02
1.477032899856567383e-02
1.352671384811401367e-01
7.951736450195312500e-03
3.536054864525794983e-02
4.780185222625732422e-02
1.086823344230651855e-01
3.896785154938697815e-02
2.425849437713623047e-02
1.070107221603393555e-01
5.025175213813781738e-02
3.696250915527343750e-02
1.396329998970031738e-01
3.989505767822265625e-02
2.242374420166015625e-02
2.998964488506317139e-01
1.888563930988311768e-01
1.780078113079071045e-01
2.345572113990783691e-01
6.427186727523803711e-02
1.231148689985275269e-01
1.888391375541687012e-01
4.427501559257507324e-02
2.784662693738937378e-02
1.584669947624206543e-01
9.288480877876281738e-02
2.886921167373657227e-02
2.536614537239074707e-01
5.138415098190307617e-02
5.298504349775612354e-02
9.026706218719482422e-02
9.562152624130249023e-02
2.446463257074356079e-01
8.311110734939575195e-02
1.256580352783203125e-01
1.086339987814426422e-01
2.549123764038085938e-02
1.242793798446655273e-01
2.933517098426818848e-03
8.128336071968078613e-02
2.339066863059997559e-01
4.599498212337493896e-02
2.524256706237792969e-05
2.012498378753662109e-01
5.033108592033386230e-02
5.303384363651275635e-02
2.335678339004516602e-01
3.539091348648071289e-02
8.915913105010986328e-02
2.081552147865295410e-01
4.224115610122680664e-02
5.019783973693847656e-03
1.078745722770690918e-01
3.136634826660156250e-02
3.411173820495605469e-04
6.213998794555664062e-02
7.324326038360595703e-02
1.231923326849937439e-02
4.788267612457275391e-02
1.154417991638183594e-01
1.062735170125961304e-02
6.714463233947753906e-04
1.384273171424865723e-01
3.229777514934539795e-02
1.213777959346771240e-01
1.026695370674133301e-01
1.135302186012268066e-01
1.025634109973907471e-01
2.388917207717895508e-01
1.110009849071502686e-01
3.888696432113647461e-02
1.423689723014831543e-01
1.548740267753601074e-02
3.008379787206649780e-02
2.192553281784057617e-01
6.250447034835815430e-02
1.448340639472007751e-01
5.071258544921875000e-02
1.184088587760925293e-01
5.422728136181831360e-02
1.429936885833740234e-01
1.277217864990234375e-01
6.464636884629726410e-02
8.804613351821899414e-02
1.624441146850585938e-02
1.267307251691818237e-02
7.574677467346191406e-03
7.372945547103881836e-02
9.343117475509643555e-03
7.882973551750183105e-02
2.522292137145996094e-01
6.230638921260833740e-02
3.044188022613525391e-03
1.766539216041564941e-01
3.173664212226867676e-02
6.747376918792724609e-02
1.834247708320617676e-01
2.729496359825134277e-02
4.095646739006042480e-02
1.298613548278808594e-01
4.492712020874023438e-02
2.778239920735359192e-02
1.178556680679321289e-01
1.076366305351257324e-01
2.360780537128448486e-02
8.513611555099487305e-02
1.339741945266723633e-01
5.201506614685058594e-02
3.503912687301635742e-02
2.581340670585632324e-01
5.686555802822113037e-02
6.325215101242065430e-03
1.255804896354675293e-01
2.388352155685424805e-02
3.233200311660766602e-02
1.482855677604675293e-01
1.210935413837432861e-02
6.414562463760375977e-02
1.598858833312988281e-01
1.228705048561096191e-02
3.803399205207824707e-02
1.595607399940490723e-01
4.382044076919555664e-02
4.226480424404144287e-02
1.727066636085510254e-01
7.178980112075805664e-02
8.534550666809082031e-03
1.419374942779541016e-01
3.940939903259277344e-02
2.101032063364982605e-02
1.842973232269287109e-01
3.044098615646362305e-02
3.053922951221466064e-02
2.045398950576782227e-02
5.070674419403076172e-02
7.116831839084625244e-03
2.683579921722412109e-02
1.213619709014892578e-01
4.173733294010162354e-02
6.180024147033691406e-02
1.506167054176330566e-01
4.391744732856750488e-03
1.452583074569702148e-02
1.582872271537780762e-01
1.547774672508239746e-02
2.615013718605041504e-02
1.985960006713867188e-01
3.721967339515686035e-02
8.899498730897903442e-02
2.002834081649780273e-01
1.151072978973388672e-02
1.176580786705017090e-03
9.711492061614990234e-02
9.405326843261718750e-02
4.907436668872833252e-03
4.438638687133789062e-02
9.259629249572753906e-02
1.800029352307319641e-02
5.452203750610351562e-02
1.266083121299743652e-01
1.053222268819808960e-02
1.166695356369018555e-02
1.266626715660095215e-01
8.663739264011383057e-02
6.450352072715759277e-02
1.589608788490295410e-01
2.462598681449890137e-02
1.068325340747833252e-01
2.048267722129821777e-01
2.048909664154052734e-04
4.527072608470916748e-02
1.891412138938903809e-01
1.766952872276306152e-02
1.352864503860473633e-02
1.657419800758361816e-01
8.135896921157836914e-02
1.240146905183792114e-02
1.031461358070373535e-01
7.438659667968750000e-02
8.113625645637512207e-02
8.959484100341796875e-02
7.511383295059204102e-02
2.150835841894149780e-02
2.479141950607299805e-02
1.058219671249389648e-01
7.375054061412811279e-03
4.538908600807189941e-02
1.461690068244934082e-01
3.917595744132995605e-02
5.387583374977111816e-02
1.065648794174194336e-01
9.493499994277954102e-03
7.418292760848999023e-02
1.983838081359863281e-01
6.069719791412353516e-03
2.043409645557403564e-02
1.762598156929016113e-01
1.866286993026733398e-02
3.570161759853363037e-02
1.783607006072998047e-01
9.801828861236572266e-02
2.896271646022796631e-03
1.011042594909667969e-01
1.159883737564086914e-01
3.612966462969779968e-02
1.138647198677062988e-01
7.096827030181884766e-02
2.067846059799194336e-02
3.403902053833007812e-02
7.310664653778076172e-02
4.981055855751037598e-03
1.706004142761230469e-02
7.520788908004760742e-02
4.699756950139999390e-02
4.028895497322082520e-02
1.645449995994567871e-01
1.985837519168853760e-02
3.599569201469421387e-02
1.674091815948486328e-01
2.101209759712219238e-02
1.621171832084655762e-02
1.993547677993774414e-01
5.496132373809814453e-02
2.556569874286651611e-02
8.733272552490234375e-02
1.824793219566345215e-01
1.048271311447024345e-01
1.443952322006225586e-01
5.781042575836181641e-02
6.747350422665476799e-02
1.358008384704589844e-01
5.682241916656494141e-02
2.668888680636882782e-02
6.086909770965576172e-02
5.043029785156250000e-02
8.316859602928161621e-04
5.734917521476745605e-02
1.059738993644714355e-01
1.902256906032562256e-02
1.031531095504760742e-01
1.589457988739013672e-01
3.742991387844085693e-02
4.807844758033752441e-02
1.592527627944946289e-01
1.150268316268920898e-02
1.470625400543212891e-03
2.109793424606323242e-01
5.552512407302856445e-02
5.248569697141647339e-02
1.814244985580444336e-01
6.921344995498657227e-02
3.763804771006107330e-02
2.943319082260131836e-01
5.905985832214355469e-02
9.100160561501979828e-03
4.560440778732299805e-02
9.047758579254150391e-02
8.546620607376098633e-03
9.785532951354980469e-03
1.536259651184082031e-01
1.789432018995285034e-02
6.367734074592590332e-02
1.125161051750183105e-01
1.096259057521820068e-02
4.780018329620361328e-02
1.678184866905212402e-01
4.772475361824035645e-02
5.578291416168212891e-02
2.129013538360595703e-01
5.872011184692382812e-03
3.044445812702178955e-02
1.975914239883422852e-01
4.530629515647888184e-02
6.233866512775421143e-02
1.716067194938659668e-01
3.779488801956176758e-02
3.631146997213363647e-02
1.118644475936889648e-01
5.695283412933349609e-02
1.567753031849861145e-01
4.866266250610351562e-02
1.042127609252929688e-01
7.303848862648010254e-03
3.815943002700805664e-02
6.474500894546508789e-02
3.968200832605361938e-02
2.741903066635131836e-02
8.221447467803955078e-02
2.623263001441955566e-02
1.351653337478637695e-01
1.891046762466430664e-01
3.205211460590362549e-02
7.328385114669799805e-02
2.095252871513366699e-01
4.071763157844543457e-02
1.102285161614418030e-01
2.132295966148376465e-01
5.542486906051635742e-03
3.050976246595382690e-02
1.794519424438476562e-01
2.186357975006103516e-03
3.806537389755249023e-02
1.254264712333679199e-01
6.374269723892211914e-02
1.984548941254615784e-02
7.625466585159301758e-02
1.046539545059204102e-01
3.825425803661346436e-01
1.420372128486633301e-01
1.701308488845825195e-01
1.295555606484413147e-01
3.247433900833129883e-02
1.745482087135314941e-01
3.376846015453338623e-02
7.743388414382934570e-03
1.196878552436828613e-01
2.986644208431243896e-02
3.836140036582946777e-02
1.450433135032653809e-01
1.413330435752868652e-02
2.461043000221252441e-02
2.311689257621765137e-01
1.848042011260986328e-03
8.389562368392944336e-03
1.512117385864257812e-01
4.966145753860473633e-02
2.049404941499233246e-02
1.418792009353637695e-01
8.791345357894897461e-02
1.597394794225692749e-02
9.671491384506225586e-02
7.660877704620361328e-02
2.704755589365959167e-02
5.810654163360595703e-02
1.253537535667419434e-01
2.139206975698471069e-02
2.342236042022705078e-02
8.087652921676635742e-02
6.962597370147705078e-03
7.892620563507080078e-02
1.705281138420104980e-01
4.239633679389953613e-02
4.021146893501281738e-02
1.476427912712097168e-01
5.067992210388183594e-02
7.357318699359893799e-02
1.923537254333496094e-01
5.229139328002929688e-02
4.309460520744323730e-03
1.645998954772949219e-01
4.390919208526611328e-02
1.020693033933639526e-02
1.364467740058898926e-01
7.785570621490478516e-02
7.613211870193481445e-03
7.791101932525634766e-02
7.730442285537719727e-02
1.730236411094665527e-02
1.043289899826049805e-02
5.654978752136230469e-02
2.893166989088058472e-02
1.425337791442871094e-02
9.229940176010131836e-02
1.675651967525482178e-02
7.253053784370422363e-02
1.204904913902282715e-01
5.846513807773590088e-02
1.409372687339782715e-02
1.375551819801330566e-01
6.847465038299560547e-02
9.210671484470367432e-02
2.250542640686035156e-01
3.601700067520141602e-03
2.377620339393615723e-02
1.571125984191894531e-01
6.333225965499877930e-02
6.406120955944061279e-03
1.523149609565734863e-01
1.140270233154296875e-01
1.476921141147613525e-03
6.484496593475341797e-02
1.028454899787902832e-01
3.733193688094615936e-02
1.517230868339538574e-01
6.766659021377563477e-02
1.157470420002937317e-02
1.380503177642822266e-02
1.256738305091857910e-01
3.208026289939880371e-03
9.208384156227111816e-02
1.809800267219543457e-01
1.172164082527160645e-02
1.393914669752120972e-01
2.425569891929626465e-01
4.957553744316101074e-02
1.801729202270507812e-03
1.712325215339660645e-01
6.801900267601013184e-02
2.249410748481750488e-02
1.208419799804687500e-01
8.045336604118347168e-02
2.039790153503417969e-03
1.060975193977355957e-01
8.262777328491210938e-02
4.335223138332366943e-02
1.342716217041015625e-01
1.098406910896301270e-01
2.460352703928947449e-02
6.205600500106811523e-02
6.582248210906982422e-02
6.465151160955429077e-02
4.290753602981567383e-02
1.257519721984863281e-01
1.533551514148712158e-02
6.329742074012756348e-02
1.252068877220153809e-01
1.181480139493942261e-01
1.687702536582946777e-02
1.511445641517639160e-01
4.716065526008605957e-02
7.399210333824157715e-02
1.934865117073059082e-01
3.384721279144287109e-02
2.207405120134353638e-02
2.500222921371459961e-01
3.102809190750122070e-02
3.183592110872268677e-02
1.269609332084655762e-01
8.190160989761352539e-02
5.412057042121887207e-02
7.979893684387207031e-02
7.879948616027832031e-02
2.601303160190582275e-03
3.728342056274414062e-02
7.191824913024902344e-02
1.146165281534194946e-02
5.473899841308593750e-02
1.604821681976318359e-01
5.681076645851135254e-02
4.672375321388244629e-02
1.404663920402526855e-01
2.745077013969421387e-02
9.632956981658935547e-02
1.952939033508300781e-01
4.382103681564331055e-03
1.431417465209960938e-02
2.153378725051879883e-01
1.759460568428039551e-02
2.056836783885955811e-01
8.805423974990844727e-02
8.574482798576354980e-02
4.368609189987182617e-02
9.331965446472167969e-02
1.325353980064392090e-01
1.865647733211517334e-02
8.207345008850097656e-02
8.366656303405761719e-02
3.569858521223068237e-02
6.148838996887207031e-02
9.145915508270263672e-02
2.417694032192230225e-02
4.959213733673095703e-02
1.118787527084350586e-01
1.983274519443511963e-02
4.431036114692687988e-02
1.544198989868164062e-01
3.529272973537445068e-02
1.047061681747436523e-01
1.902397274971008301e-01
5.475729703903198242e-03
2.043640613555908203e-02
1.796133518218994141e-01
1.516392827033996582e-02
6.172053515911102295e-02
1.395093798637390137e-01
1.112532019615173340e-01
2.006671577692031860e-02
1.314739584922790527e-01
6.849479675292968750e-02
4.182070717215538025e-01
6.351280212402343750e-02
1.666154265403747559e-01
1.018841415643692017e-01
9.884899854660034180e-02
1.237174272537231445e-01
1.829279214143753052e-02
1.396781206130981445e-02
9.955161809921264648e-02
4.183784127235412598e-02
5.394819378852844238e-02
1.498938798904418945e-01
2.203236520290374756e-02
2.654621005058288574e-02
3.572982549667358398e-02
1.010340452194213867e-01
1.556502655148506165e-01
2.495438456535339355e-01
3.365215659141540527e-02
6.741456687450408936e-02
1.958857178688049316e-01
3.440612554550170898e-02
4.846056737005710602e-02
1.733066439628601074e-01
1.027959585189819336e-02
3.324858471751213074e-02
8.188641071319580078e-02
8.573144674301147461e-02
2.071885019540786743e-02
1.592808961868286133e-02
1.499632000923156738e-01
3.173438459634780884e-02
5.684310197830200195e-02
1.679129004478454590e-01
1.578420689329504967e-01
3.321582078933715820e-02
1.545536518096923828e-01
1.026529073715209961e-02
4.247379302978515625e-02
1.995850205421447754e-01
1.514852046966552734e-02
1.697450876235961914e-02
1.865684986114501953e-01
5.681896209716796875e-02
3.970324993133544922e-02
1.539337038993835449e-01
8.620947599411010742e-02
3.663692250847816467e-02
1.240102648735046387e-01
1.381675004959106445e-01
3.347732126712799072e-02
9.729230403900146484e-02
9.180653095245361328e-02
1.377892121672630310e-02
2.912223339080810547e-03
7.223451137542724609e-02
3.726386278867721558e-02
1.076042652130126953e-02
9.179461002349853516e-02
3.896340727806091309e-03
9.741950035095214844e-02
1.519414186477661133e-01
2.029338479042053223e-02
2.822381258010864258e-02
1.821650266647338867e-01
5.565583705902099609e-04
2.651581168174743652e-02
1.919655203819274902e-01
1.023453474044799805e-02
3.755867481231689453e-03
1.550504565238952637e-01
3.951025009155273438e-02
1.392328366637229919e-02
1.319954991340637207e-01
7.108044624328613281e-02
2.131953835487365723e-02
5.077368021011352539e-02
8.251571655273437500e-02
3.023781999945640564e-02
3.582781553268432617e-02
8.082902431488037109e-02
1.614011824131011963e-03
3.914368152618408203e-02
8.236759901046752930e-02
3.143140673637390137e-02
5.526593327522277832e-02
1.895352005958557129e-01
1.620748192071914673e-01
1.358271539211273193e-01
2.363973259925842285e-01
4.502305388450622559e-02
1.082106828689575195e-01
1.377253532409667969e-01
1.920274496078491211e-01
9.586717933416366577e-02
2.451322674751281738e-01
2.784490585327148438e-03
1.393706351518630981e-02
1.770747303962707520e-01
5.709570646286010742e-02
6.613023579120635986e-04
1.612693667411804199e-01
5.748695135116577148e-02
5.380194634199142456e-03
3.501236438751220703e-03
6.941854953765869141e-02
1.992862671613693237e-02
5.135545134544372559e-02
1.280944347381591797e-01
3.579530119895935059e-02
7.811981439590454102e-02
2.113522291183471680e-01
2.605959773063659668e-03
6.263345479965209961e-03
1.943047046661376953e-01
1.971426606178283691e-02
1.328061744570732117e-01
2.459930777549743652e-01
1.878979802131652832e-02
6.685394048690795898e-02
1.752575635910034180e-01
8.352398872375488281e-03
1.669059693813323975e-02
1.249281764030456543e-01
5.643367767333984375e-02
4.067472717724740505e-02
1.066865921020507812e-01
9.583967924118041992e-02
3.051001578569412231e-03
3.757232427597045898e-02
9.318757057189941406e-02
1.325447112321853638e-02
2.554422616958618164e-02
1.194338798522949219e-01
3.581327199935913086e-02
8.771884441375732422e-02
2.042775154113769531e-01
8.752571046352386475e-02
1.428565084934234619e-01
2.509547472000122070e-01
6.281742453575134277e-02
5.470004677772521973e-02
2.501252293586730957e-01
8.001506328582763672e-03
1.948054879903793335e-02
2.251178622245788574e-01
1.053851544857025146e-01
9.240321815013885498e-04
1.389690637588500977e-01
6.255769729614257812e-02
3.763324767351150513e-02
8.670657873153686523e-02
3.636413812637329102e-02
1.704226285219192505e-01
7.804930210113525391e-02
1.008877158164978027e-01
3.016305714845657349e-02
1.049220561981201172e-03
1.450612545013427734e-01
4.763349890708923340e-02
1.497361063957214355e-02
2.113023996353149414e-01
2.063961327075958252e-02
3.752420842647552490e-02
1.780949234962463379e-01
1.376336812973022461e-02
3.203301131725311279e-02
2.055532336235046387e-01
2.091929316520690918e-02
7.214308530092239380e-02
1.435185074806213379e-01
4.982781410217285156e-02
1.968321949243545532e-02
1.626200675964355469e-01
7.942312955856323242e-02
3.993976861238479614e-03
5.666440725326538086e-02
1.019787192344665527e-01
6.142441183328628540e-03
4.712325334548950195e-02
1.043063998222351074e-01
8.788615465164184570e-03
8.364817500114440918e-02
9.903067350387573242e-02
1.231193542480468750e-03
3.394469618797302246e-02
6.713134050369262695e-02
5.037169158458709717e-02
7.650405168533325195e-02
6.586670875549316406e-02
2.663901448249816895e-02
3.224579989910125732e-02
2.283268570899963379e-01
1.058661937713623047e-02
2.031654119491577148e-02
1.291670799255371094e-01
6.357458233833312988e-02
9.046636521816253662e-03
2.052241563796997070e-01
2.836227416992187500e-02
3.286533057689666748e-03
9.965193271636962891e-02
2.163488268852233887e-01
3.703327476978302002e-02
3.322285413742065430e-02
1.020128726959228516e-01
1.672090590000152588e-02
6.669282913208007812e-03
9.771209955215454102e-02
2.659653127193450928e-02
1.082504391670227051e-01
1.905306577682495117e-01
7.410447299480438232e-02
2.192869782447814941e-02
2.441385388374328613e-01
1.998078823089599609e-02
1.376882195472717285e-02
1.459593772888183594e-01
1.875069290399551392e-01
4.370657354593276978e-02
2.302567958831787109e-01
9.774982929229736328e-03
7.844368182122707367e-02
1.366081833839416504e-01
7.411587238311767578e-02
1.692260801792144775e-02
1.286823749542236328e-01
3.727340698242187500e-02
1.329757645726203918e-02
3.417491912841796875e-02
9.446328878402709961e-02
2.653545662760734558e-01
1.742486655712127686e-01
1.561694741249084473e-01
9.861437976360321045e-02
3.948569297790527344e-03
1.765068173408508301e-01
1.360738277435302734e-02
1.264762878417968750e-02
1.686632633209228516e-01
1.339891552925109863e-02
4.471713304519653320e-02
2.681506276130676270e-01
4.046714305877685547e-02
1.492200046777725220e-02
2.101682424545288086e-01
1.013654470443725586e-02
3.288921713829040527e-02
1.056752204895019531e-01
1.031038761138916016e-01
9.394273161888122559e-03
7.095921039581298828e-02
1.009095311164855957e-01
5.992161482572555542e-02
2.117115259170532227e-02
8.073461055755615234e-02
9.724758565425872803e-03
2.006593346595764160e-02
9.535515308380126953e-02
7.310802489519119263e-02
3.563681244850158691e-02
1.740644574165344238e-01
3.411471843719482422e-02
1.146294474601745605e-01
1.903724074363708496e-01
2.795916795730590820e-02
2.449917793273925781e-02
2.241333723068237305e-01
1.927050948143005371e-02
4.355950653553009033e-02
1.460914611816406250e-01
5.702590942382812500e-02
3.287994861602783203e-02
1.418086886405944824e-01
4.290795326232910156e-02
2.635771036148071289e-02
8.644324541091918945e-02
8.100503683090209961e-02
1.432394608855247498e-02
3.693020343780517578e-02
7.822328805923461914e-02
2.082625776529312134e-02
4.440701007843017578e-02
1.577528715133666992e-01
2.446687221527099609e-02
3.980422019958496094e-02
1.763662099838256836e-01
1.472063362598419189e-02
1.110721677541732788e-01
2.609825134277343750e-01
1.627370715141296387e-02
3.842666745185852051e-02
1.450045108795166016e-01
5.530634522438049316e-02
3.775668144226074219e-02
1.801992654800415039e-01
7.056346535682678223e-02
8.843414485454559326e-03
9.650403261184692383e-02
4.927688837051391602e-02
3.249779343605041504e-03
1.132384538650512695e-01
8.472782373428344727e-02
1.062974333763122559e-03
1.373928785324096680e-02
1.121841073036193848e-01
4.877291619777679443e-03
3.860592842102050781e-03
8.394616842269897461e-02
3.741924464702606201e-02
1.054991483688354492e-01
1.465542316436767578e-01
1.858116686344146729e-02
4.674622416496276855e-02
1.272956132888793945e-01
1.849904656410217285e-02
5.805282294750213623e-02
2.083946466445922852e-01
5.921563506126403809e-02
1.484602689743041992e-02
1.615545153617858887e-01
2.483135461807250977e-02
1.738598942756652832e-02
1.367988586425781250e-01
5.996096134185791016e-02
2.886106376536190510e-02
9.913671016693115234e-02
7.860291004180908203e-02
1.436782255768775940e-02
2.750450372695922852e-02
8.319622278213500977e-02
1.081056147813796997e-02
2.739137411117553711e-02
1.299230456352233887e-01
2.324695885181427002e-02
4.399597644805908203e-02
1.848076581954956055e-01
3.401477634906768799e-02
1.481303870677947998e-01
2.120748758316040039e-01
4.582998156547546387e-02
1.940957233309745789e-01
2.437137365341186523e-01
2.868369221687316895e-02
1.200921833515167236e-02
1.567282676696777344e-01
1.393151283264160156e-02
6.133119016885757446e-02
1.057165861129760742e-01
1.161549687385559082e-01
3.382672555744647980e-02
1.023343801498413086e-01
8.824616670608520508e-02
1.923608407378196716e-02
5.859720706939697266e-02
5.870389938354492188e-02
3.601075708866119385e-02
6.401836872100830078e-02
1.308877468109130859e-01
1.476658880710601807e-02
6.772631406784057617e-02
2.107148170471191406e-01
3.187757730484008789e-02
8.533167839050292969e-02
2.402831912040710449e-01
6.437164545059204102e-02
3.927350044250488281e-04
1.937201023101806641e-01
5.297154188156127930e-02
4.837720096111297607e-02
1.368058323860168457e-01
9.663641452789306641e-03
5.541127175092697144e-03
1.180592179298400879e-01
9.456449747085571289e-02
2.591905556619167328e-02
7.533860206604003906e-02
2.995651960372924805e-02
1.924555748701095581e-02
3.542637825012207031e-02
1.214710474014282227e-01
1.557005941867828369e-02
5.299508571624755859e-03
1.138404607772827148e-01
3.946433961391448975e-02
6.050306558609008789e-02
1.408838629722595215e-01
3.116196393966674805e-02
1.239300221204757690e-01
1.995835304260253906e-01
9.407103061676025391e-04
3.784123063087463379e-02
2.038561701774597168e-01
2.849611639976501465e-02
6.640850752592086792e-02
1.513811349868774414e-01
5.796080827713012695e-02
6.262687966227531433e-03
1.048681735992431641e-01
1.009194850921630859e-01
2.383171766996383667e-02
1.110988855361938477e-01
6.119537353515625000e-02
2.184630185365676880e-02
2.946716547012329102e-02
6.287360191345214844e-02
6.278775632381439209e-02
6.812536716461181641e-02
1.487648487091064453e-01
1.434968411922454834e-02
6.319040060043334961e-02
2.094047665596008301e-01
6.572867929935455322e-02
2.894049882888793945e-02
1.645371913909912109e-01
3.496488928794860840e-02
1.390148624777793884e-01
2.775980830192565918e-01
2.457946538925170898e-02
5.335176736116409302e-02
1.702649593353271484e-01
1.692634820938110352e-02
2.912455797195434570e-02
8.467155694961547852e-02
7.698285579681396484e-02
1.908983476459980011e-02
9.838324785232543945e-02
6.180542707443237305e-02
1.327279955148696899e-02
1.692217588424682617e-02
1.702210903167724609e-01
2.164971083402633667e-02
2.588140964508056641e-02
1.374099850654602051e-01
5.219718068838119507e-02
5.603775382041931152e-02
1.758095026016235352e-01
9.771838784217834473e-03
1.421088725328445435e-01
2.016463875770568848e-01
2.947923541069030762e-02
5.664631724357604980e-02
1.790859103202819824e-01
2.635672688484191895e-02
6.212636828422546387e-02
1.652799248695373535e-01
3.326922655105590820e-02
1.291218772530555725e-02
1.350777745246887207e-01
1.144827008247375488e-01
1.416880637407302856e-03
1.806815266609191895e-01
5.281794071197509766e-02
1.052643358707427979e-02
2.022039890289306641e-02
6.359577178955078125e-02
1.192470639944076538e-02
1.012068986892700195e-02
9.886687994003295898e-02
5.295127630233764648e-04
1.076530814170837402e-01
1.927050948143005371e-01
1.416665315628051758e-02
4.640147089958190918e-02
2.093380093574523926e-01
6.260275840759277344e-04
2.162989974021911621e-02
1.909467577934265137e-01
2.304989099502563477e-02
3.596315532922744751e-02
1.867452263832092285e-01
4.802405834197998047e-02
2.694419026374816895e-02
7.532703876495361328e-02
9.099948406219482422e-02
2.357196062803268433e-03
9.558075666427612305e-02
6.643664836883544922e-02
1.805327832698822021e-03
3.214895725250244141e-02
1.193398237228393555e-01
2.561500668525695801e-02
7.495760917663574219e-03
9.597820043563842773e-02
5.243454873561859131e-02
8.806854486465454102e-02
1.641409397125244141e-01
3.591179847717285156e-04
7.022941112518310547e-02
1.829190850257873535e-01
1.752611994743347168e-02
4.918338358402252197e-02
1.952297687530517578e-01
8.698308467864990234e-02
3.308737277984619141e-02
1.717689633369445801e-01
8.875954151153564453e-02
1.682005822658538818e-02
1.070764064788818359e-01
9.402620792388916016e-02
3.186343470588326454e-02
9.611678123474121094e-02
4.454779624938964844e-02
1.368829980492591858e-02
3.961664438247680664e-02
1.057463884353637695e-01
3.174971789121627808e-02
2.579453587532043457e-02
1.433332562446594238e-01
3.012153506278991699e-02
8.384928107261657715e-02
1.930541396141052246e-01
4.740905761718750000e-02
1.646965742111206055e-02
1.992641687393188477e-01
2.136311084032058716e-01
1.044097840785980225e-01
2.433262467384338379e-01
1.192736625671386719e-02
3.790435194969177246e-02
1.671259999275207520e-01
7.709163427352905273e-02
1.114683598279953003e-02
2.071294784545898438e-01
6.889158487319946289e-02
1.914903800934553146e-02
6.143820285797119141e-02
1.246715188026428223e-01
3.721422329545021057e-02
5.672389268875122070e-02
6.256288290023803711e-02
5.574591457843780518e-03
5.292767286300659180e-02
1.213643550872802734e-01
2.191075682640075684e-02
2.017617225646972656e-04
1.276761293411254883e-01
2.275559306144714355e-02
4.050952196121215820e-02
2.163898348808288574e-01
2.395325899124145508e-02
3.284315764904022217e-02
2.368811368942260742e-01
3.417313098907470703e-03
1.458697021007537842e-03
1.643288731575012207e-01
1.861149072647094727e-02
4.041895270347595215e-03
1.572839617729187012e-01
4.491621255874633789e-02
1.058609038591384888e-02
9.101086854934692383e-02
2.743546962738037109e-01
7.328423112630844116e-02
4.216259717941284180e-02
8.751499652862548828e-02
8.011765778064727783e-03
1.325473189353942871e-02
1.095828413963317871e-01
1.577045023441314697e-02
4.121813178062438965e-02
8.804219961166381836e-02
2.655759453773498535e-03
8.475887775421142578e-02
1.797721385955810547e-01
1.410126686096191406e-02
3.100886940956115723e-03
1.472184658050537109e-01
4.714995622634887695e-02
7.366351783275604248e-03
2.105981707572937012e-01
5.557018518447875977e-02
4.215031117200851440e-02
8.675503730773925781e-02
7.895195484161376953e-02
3.232393972575664520e-02
9.972691535949707031e-02
4.865831136703491211e-02
3.461864776909351349e-02
8.231812715530395508e-02
9.942173957824707031e-02
2.224177122116088867e-02
1.458597183227539062e-02
9.993839263916015625e-02
5.628719925880432129e-02
4.538491368293762207e-02
1.543728709220886230e-01
6.316065788269042969e-03
9.567353129386901855e-02
1.472893357276916504e-01
5.403131246566772461e-03
3.001418709754943848e-02
2.017012834548950195e-01
2.356174588203430176e-02
1.709060370922088623e-02
1.136606931686401367e-01
1.175634264945983887e-01
9.641014039516448975e-03
1.351400017738342285e-01
1.088200807571411133e-01
4.053731635212898254e-02
6.318092346191406250e-02
1.461788415908813477e-01
7.714390754699707031e-03
1.039594411849975586e-02
1.118640303611755371e-01
1.088479161262512207e-02
5.484342575073242188e-03
1.695637702941894531e-01
3.538742661476135254e-02
3.867754340171813965e-02
1.369519233703613281e-01
6.649255752563476562e-03
4.059484601020812988e-02
1.779865622520446777e-01
8.017092943191528320e-03
3.680366277694702148e-02
2.024674415588378906e-01
5.570554733276367188e-02
3.713794797658920288e-02
1.427343487739562988e-01
1.781058609485626221e-01
4.343117773532867432e-02
2.278369069099426270e-01
5.699765682220458984e-02
4.031723737716674805e-02
1.059310436248779297e-01
5.716490745544433594e-02
2.068042755126953125e-03
7.608252763748168945e-02
7.890766859054565430e-02
5.329027771949768066e-03
1.214581727981567383e-02
6.684881448745727539e-02
1.877246797084808350e-02
8.044299483299255371e-02
1.862649321556091309e-01
3.215460479259490967e-02
8.448688685894012451e-02
1.808016300201416016e-01
3.864917159080505371e-02
5.109243094921112061e-02
1.802490949630737305e-01
6.403025984764099121e-02
5.316588282585144043e-02
2.370833754539489746e-01
5.511069297790527344e-02
5.709178745746612549e-03
1.210328340530395508e-01
3.909367322921752930e-02
5.133462883532047272e-02
1.241647601127624512e-01
2.708441019058227539e-02
4.359707236289978027e-03
2.495098114013671875e-02
7.754445075988769531e-02
3.134248778223991394e-02
1.913404464721679688e-02
9.026050567626953125e-02
2.542728185653686523e-02
7.996946573257446289e-02
1.494178771972656250e-01
5.438938736915588379e-03
5.618226528167724609e-02
1.932606697082519531e-01
2.010372281074523926e-02
1.091191768646240234e-01
2.424190640449523926e-01
1.794344186782836914e-02
4.203388839960098267e-02
1.862232089042663574e-01
3.251504898071289062e-02
1.701672747731208801e-02
1.342212557792663574e-01
6.845206022262573242e-02
7.404558360576629639e-03
9.701186418533325195e-02
4.846429824829101562e-02
1.072831079363822937e-02
5.772787332534790039e-02
9.603768587112426758e-02
2.468803524971008301e-02
2.480697631835937500e-02
1.188077926635742188e-01
1.457378268241882324e-03
1.009104549884796143e-01
1.989748477935791016e-01
4.144182801246643066e-02
2.977922558784484863e-02
1.925601959228515625e-01
3.613501787185668945e-03
1.806858181953430176e-02
1.531702280044555664e-01
5.892768502235412598e-02
6.425368785858154297e-02
1.580731272697448730e-01
7.715308666229248047e-02
5.185306072235107422e-04
1.057595014572143555e-01
1.019713878631591797e-01
5.952324578538537025e-02
1.215329170227050781e-01
9.358721971511840820e-02
7.780279964208602905e-03
4.158860445022583008e-02
1.101692914962768555e-01
9.803755721077322960e-02
5.130136013031005859e-02
8.037418127059936523e-02
2.662657946348190308e-02
5.897313356399536133e-02
1.204654574394226074e-01
6.032487750053405762e-02
4.437020421028137207e-02
1.899449229240417480e-01
3.942680358886718750e-02
8.230121433734893799e-02
2.338462471961975098e-01
2.579921483993530273e-02
1.410639286041259766e-02
1.643218994140625000e-01
4.975208640098571777e-02
4.838221520185470581e-02
1.031227707862854004e-01
8.166432380676269531e-02
2.226246520876884460e-02
3.142786026000976562e-02
9.640324115753173828e-02
3.681130707263946533e-03
2.154994010925292969e-02
8.100706338882446289e-02
3.408104926347732544e-02
7.122883200645446777e-02
1.341882944107055664e-01
3.550966084003448486e-02
9.575870633125305176e-02
1.606000661849975586e-01
1.978047192096710205e-02
1.922613382339477539e-02
1.576585173606872559e-01
1.097345352172851562e-02
3.508348762989044189e-02
1.703749895095825195e-01
5.087453126907348633e-02
2.211079001426696777e-02
1.505920886993408203e-01
8.030033111572265625e-02
5.247521400451660156e-02
2.206313610076904297e-01
3.333002328872680664e-02
9.961463510990142822e-03
7.511943578720092773e-02
8.015227317810058594e-02
2.896557748317718506e-02
1.063144207000732422e-02
1.518568992614746094e-01
2.400219440460205078e-03
3.705263137817382812e-02
8.734130859375000000e-02
1.893687248229980469e-02
5.445483326911926270e-02
1.811342835426330566e-01
9.666034579277038574e-02
4.718089103698730469e-02
1.964160799980163574e-01
4.368242621421813965e-02
6.206145882606506348e-02
2.539569139480590820e-01
1.306852698326110840e-02
4.781902581453323364e-02
1.724961996078491211e-01
3.166204690933227539e-02
1.805644482374191284e-02
1.313000321388244629e-01
6.864494085311889648e-02
3.551132231950759888e-02
4.723525047302246094e-02
6.682449579238891602e-02
2.143779024481773376e-02
5.678927898406982422e-02
8.017015457153320312e-02
1.727806031703948975e-01
8.214926719665527344e-02
1.044150590896606445e-01
4.405628144741058350e-02
5.824431777000427246e-02
1.733402609825134277e-01
1.165017485618591309e-03
1.018500179052352905e-01
1.647022962570190430e-01
4.389163851737976074e-02
8.948192000389099121e-03
1.969635486602783203e-01
1.022705435752868652e-02
1.145420968532562256e-02
1.625606417655944824e-01
7.990515232086181641e-02
1.542758196592330933e-03
1.186926960945129395e-01
8.164548873901367188e-02
1.068532839417457581e-02
1.133176684379577637e-01
9.813892841339111328e-02
1.156710088253021240e-03
2.586764097213745117e-02
1.264171600341796875e-01
2.949881553649902344e-02
3.389000892639160156e-02
1.129709482192993164e-01
2.019107341766357422e-02
6.977775692939758301e-02
1.966402530670166016e-01
6.334692239761352539e-03
1.521936058998107910e-02
1.545986533164978027e-01
2.583616971969604492e-02
2.716198563575744629e-03
1.783229112625122070e-01
5.544608831405639648e-02
1.804624497890472412e-02
1.498047113418579102e-01
6.988465785980224609e-02
4.767276346683502197e-03
9.069091081619262695e-02
5.939918756484985352e-02
2.366307005286216736e-02
8.193618059158325195e-02
1.459662318229675293e-01
6.467912904918193817e-02
8.570498228073120117e-02
1.005191206932067871e-01
1.650799065828323364e-02
5.922102928161621094e-02
7.744294404983520508e-02
5.725070834159851074e-03
8.820921182632446289e-02
1.718518137931823730e-01
4.685297608375549316e-03
9.023573994636535645e-02
1.999158859252929688e-01
9.267868101596832275e-02
1.701408624649047852e-02
1.794179677963256836e-01
8.936804533004760742e-02
1.588249206542968750e-02
1.502965688705444336e-01
2.190172672271728516e-03
4.222659021615982056e-02
1.118487715721130371e-01
9.350085258483886719e-02
1.605828478932380676e-02
1.210848093032836914e-01
3.713029623031616211e-02
1.475460454821586609e-02
1.819789409637451172e-03
1.185495853424072266e-01
1.196716725826263428e-02
5.760234594345092773e-02
1.299312710762023926e-01
1.395508646965026855e-02
4.979801177978515625e-02
1.495657563209533691e-01
2.472676336765289307e-02
1.299303770065307617e-02
1.750383377075195312e-01
1.738274097442626953e-02
2.079533040523529053e-02
1.813507676124572754e-01
4.324263334274291992e-02
3.474066406488418579e-02
1.574802398681640625e-01
8.376002311706542969e-02
4.212921671569347382e-02
1.541004776954650879e-01
4.926502704620361328e-02
8.322738111019134521e-03
3.279823064804077148e-02
9.222680330276489258e-02
1.319402456283569336e-02
2.498817443847656250e-02
8.436256647109985352e-02
1.552586257457733154e-02
2.460348606109619141e-02
1.446667909622192383e-01
3.653571009635925293e-03
4.902428388595581055e-02
1.510818600654602051e-01
1.078681647777557373e-02
2.207657694816589355e-02
1.898231506347656250e-01
2.233886718750000000e-02
6.772449612617492676e-02
1.955418586730957031e-01
4.135039448738098145e-02
4.052820801734924316e-02
1.947708129882812500e-01
6.811201572418212891e-03
4.582356661558151245e-03
1.781178712844848633e-01
7.993918657302856445e-02
6.081350147724151611e-03
1.024628877639770508e-01
1.820434927940368652e-01
4.627069830894470215e-02
8.685350418090820312e-02
1.687600612640380859e-01
4.192216694355010986e-02
4.168152809143066406e-04
8.933711051940917969e-02
6.271186470985412598e-02
5.698868632316589355e-02
1.158039569854736328e-01
1.875787973403930664e-03
1.001584231853485107e-01
1.602782607078552246e-01
4.806637763977050781e-03
4.241046309471130371e-02
1.953588128089904785e-01
6.031131744384765625e-02
4.901045560836791992e-02
1.700366735458374023e-01
7.837927341461181641e-02
2.254433184862136841e-02
1.003960967063903809e-01
7.069683074951171875e-02
3.603576123714447021e-02
4.752933979034423828e-02
8.274793624877929688e-02
2.463696897029876709e-02
3.099060058593750000e-02
9.268504381179809570e-02
2.036900073289871216e-02
2.865234017372131348e-02
1.138794422149658203e-01
3.410671651363372803e-02
5.015799403190612793e-02
1.240579485893249512e-01
6.641730666160583496e-03
1.448979973793029785e-02
1.742625832557678223e-01
3.296312689781188965e-02
6.372362375259399414e-02
1.852031946182250977e-01
3.057840466499328613e-02
5.554318428039550781e-03
1.773090362548828125e-01
4.194569587707519531e-02
1.143970340490341187e-02
1.005017161369323730e-01
1.446350812911987305e-01
3.838535957038402557e-02
1.074609160423278809e-01
8.435487747192382812e-02
1.286938786506652832e-03
6.556212902069091797e-02
7.995456457138061523e-02
1.028945297002792358e-02
4.825887084007263184e-02
1.408063173294067383e-01
1.317749395966529846e-01
6.301632523536682129e-02
1.697713136672973633e-01
1.188047230243682861e-02
1.315259486436843872e-01
1.974754929542541504e-01
1.784265041351318359e-04
2.710431814193725586e-03
1.862078905105590820e-01
2.779892086982727051e-02
1.261531561613082886e-02
1.301909685134887695e-01
8.286225795745849609e-02
3.774231672286987305e-02
1.503361463546752930e-01
4.634374380111694336e-02
5.641393363475799561e-04
5.058515071868896484e-02
7.072436809539794922e-02
1.495420932769775391e-03
1.429200172424316406e-03
1.436266899108886719e-01
3.656667470932006836e-02
9.985387325286865234e-03
8.466666936874389648e-02
4.896253347396850586e-03
6.353569030761718750e-02
1.567456126213073730e-01
2.364493906497955322e-02
5.388408899307250977e-03
2.311474680900573730e-01
2.462258934974670410e-02
2.659204602241516113e-02
2.041389942169189453e-01
4.806405305862426758e-02
4.218346625566482544e-02
1.700830459594726562e-01
6.200647354125976562e-02
3.506097942590713501e-02
2.116419672966003418e-01
5.699056386947631836e-02
3.018599748611450195e-02
3.080767393112182617e-02
1.115462183952331543e-01
4.103366285562515259e-02
5.826014280319213867e-02
1.010088920593261719e-01
3.139455616474151611e-02
3.228604793548583984e-02
1.513476371765136719e-01
3.964895009994506836e-02
6.043630838394165039e-02
1.378505825996398926e-01
4.120089113712310791e-02
2.298793196678161621e-02
1.669361591339111328e-01
5.502963066101074219e-02
3.328396379947662354e-02
2.183479666709899902e-01
1.794272661209106445e-02
1.390562951564788818e-02
1.828698515892028809e-01
6.332141160964965820e-02
1.559747010469436646e-02
8.579307794570922852e-02
5.399334430694580078e-02
2.179418690502643585e-02
8.483958244323730469e-02
7.388448715209960938e-02
2.938112244009971619e-02
1.258254051208496094e-04
7.496798038482666016e-02
3.721319139003753662e-03
3.979232907295227051e-02
1.751163005828857422e-01
5.635406076908111572e-02
8.916768431663513184e-02
1.674015522003173828e-01
1.958608627319335938e-02
2.013379335403442383e-02
1.501914858818054199e-01
8.977055549621582031e-03
8.656859397888183594e-03
1.678496003150939941e-01
4.760015010833740234e-02
1.497819274663925171e-02
1.311069726943969727e-01
4.837387800216674805e-02
2.131356298923492432e-02
1.423137784004211426e-01
9.088933467864990234e-02
2.455651760101318359e-03
7.523322105407714844e-02
7.931303977966308594e-02
2.243923395872116089e-02
2.593845129013061523e-02
2.684397101402282715e-01
3.140044212341308594e-02
4.125684499740600586e-02
9.745812416076660156e-02
3.822562843561172485e-02
7.138630747795104980e-02
1.877547502517700195e-01
7.747709751129150391e-03
8.053418993949890137e-02
1.695380806922912598e-01
1.698571443557739258e-02
2.402894198894500732e-02
1.619209647178649902e-01
3.156694769859313965e-02
2.928300946950912476e-02
1.386410593986511230e-01
4.879230260848999023e-02
1.025922968983650208e-02
1.329969167709350586e-01
6.202381849288940430e-02
1.660983264446258545e-02
1.058592200279235840e-01
8.233088254928588867e-02
1.519604027271270752e-02
4.207253456115722656e-03
9.463268518447875977e-02
1.381009817123413086e-02
4.006841778755187988e-02
1.013216972351074219e-01
5.619168281555175781e-03
6.381052732467651367e-02
1.288434267044067383e-01
1.592981815338134766e-02
4.946643114089965820e-02
2.103707790374755859e-01
2.853864431381225586e-02
3.384055197238922119e-02
2.118788957595825195e-01
1.464903354644775391e-03
1.022990047931671143e-02
1.505542397499084473e-01
6.691861152648925781e-02
1.798014342784881592e-02
7.066911458969116211e-02
9.815263748168945312e-02
3.246266394853591919e-02
7.052129507064819336e-02
9.940111637115478516e-02
2.902100980281829834e-02
3.458845615386962891e-02
1.221519708633422852e-01
1.745888814330101013e-01
8.729329705238342285e-02
1.819229722023010254e-01
1.003854647278785706e-01
2.952766418457031250e-02
1.813105344772338867e-01
1.730829477310180664e-02
7.553240656852722168e-02
1.253368258476257324e-01
1.364716887474060059e-02
3.435535728931427002e-02
1.977809667587280273e-01
2.581098675727844238e-02
4.669263958930969238e-03
1.507488489151000977e-01
6.791085004806518555e-02
1.483093202114105225e-02
1.485164761543273926e-01
8.110606670379638672e-02
4.393087117932736874e-02
9.508478641510009766e-02
6.597268581390380859e-02
8.111793547868728638e-03
3.214371204376220703e-02
9.038257598876953125e-02
9.987768903374671936e-02
2.787739038467407227e-02
1.014578342437744141e-01
4.809305071830749512e-03
9.375360608100891113e-02
1.511215567588806152e-01
2.028031647205352783e-02
7.031136751174926758e-02
1.721445322036743164e-01
6.785333156585693359e-03
2.564065158367156982e-02
2.029342055320739746e-01
5.860924720764160156e-03
5.229748785495758057e-03
1.496521234512329102e-01
6.435906887054443359e-02
1.558525860309600830e-02
1.507526636123657227e-01
8.283138275146484375e-03
2.325157448649406433e-02
8.017468452453613281e-02
7.796847820281982422e-02
1.572342216968536377e-02
8.983969688415527344e-03
9.686034917831420898e-02
3.980095684528350830e-02
6.138727068901062012e-02
1.280667185783386230e-01
2.698856592178344727e-02
2.619865536689758301e-02
1.465742588043212891e-01
1.708450913429260254e-02
7.758235931396484375e-02
1.892716884613037109e-01
1.219549775123596191e-02
7.824994623661041260e-02
2.562987208366394043e-01
7.211565971374511719e-04
1.824006438255310059e-02
1.356144547462463379e-01
4.879018664360046387e-02
1.237365603446960449e-02
1.228873729705810547e-01
1.746017336845397949e-01
3.071577996015548706e-01
4.168939590454101562e-02
1.134753227233886719e-01
9.396914765238761902e-02
7.295787334442138672e-02
1.253409385681152344e-01
3.339819982647895813e-02
