# {'thres': 0.3836795091629029}
3.756022453308105469e-02
1.372098922729492188e-03
7.321413606405258179e-02
2.297765016555786133e-02
2.547466754913330078e-02
1.014095693826675415e-01
2.179886400699615479e-02
4.128372669219970703e-02
1.885890960693359375e-04
1.035186722874641418e-01
6.490230560302734375e-03
5.852049589157104492e-02
2.900266647338867188e-02
6.860940903425216675e-02
5.489748716354370117e-02
4.969477653503417969e-02
7.085025310516357422e-03
9.572089090943336487e-02
2.953070402145385742e-02
2.895790338516235352e-02
7.944656908512115479e-02
2.330267429351806641e-02
4.719722270965576172e-02
1.748281717300415039e-02
9.230551123619079590e-02
1.606801152229309082e-02
2.448618412017822266e-02
3.097355365753173828e-02
1.055195629596710205e-01
1.841545104980468750e-03
5.011606216430664062e-02
1.395702362060546875e-03
7.707484811544418335e-02
4.886984825134277344e-04
4.339039325714111328e-02
2.437239885330200195e-02
4.479742050170898438e-02
2.116805315017700195e-02
2.820938825607299805e-02
9.121008217334747314e-02
6.675988435745239258e-03
5.882740020751953125e-02
7.317006587982177734e-03
6.654868274927139282e-02
1.203316450119018555e-02
1.853537559509277344e-02
3.227227926254272461e-02
1.198000218719244003e-01
2.193748950958251953e-02
7.079422473907470703e-03
5.187138915061950684e-02
9.514451026916503906e-03
3.257066011428833008e-02
3.497451543807983398e-02
8.290974795818328857e-02
1.594349741935729980e-03
9.207612276077270508e-02
3.107750415802001953e-02
6.178769469261169434e-02
7.443755865097045898e-03
6.656545400619506836e-02
2.182626724243164062e-02
1.201822794973850250e-01
4.888653755187988281e-03
5.266338586807250977e-02
1.833415031433105469e-02
6.393653154373168945e-02
2.004122734069824219e-02
4.712462425231933594e-02
6.755092740058898926e-02
1.167359948158264160e-02
3.902775049209594727e-02
1.033180952072143555e-02
7.270057499408721924e-02
2.514928579330444336e-03
5.322843790054321289e-02
3.976619243621826172e-02
1.181877944618463516e-01
1.816082000732421875e-02
7.862806320190429688e-03
1.337471604347229004e-02
7.694108784198760986e-02
2.653753757476806641e-02
2.878844738006591797e-02
8.360718190670013428e-02
8.005976676940917969e-03
4.951620101928710938e-02
9.593307971954345703e-03
1.127623692154884338e-01
2.450466156005859375e-03
3.079277276992797852e-02
2.625137567520141602e-02
1.056551523506641388e-01
2.167552709579467773e-02
4.994928836822509766e-02
1.212871074676513672e-02
9.264727681875228882e-02
3.181934356689453125e-03
1.719558238983154297e-02
6.370088458061218262e-02
3.670604526996612549e-02
8.149719238281250000e-02
4.575330018997192383e-02
1.213650107383728027e-01
1.565372943878173828e-02
6.292641162872314453e-02
2.099657058715820312e-02
7.261426746845245361e-02
2.977842092514038086e-02
3.885304927825927734e-02
1.852843165397644043e-02
8.731658384203910828e-02
4.995161294937133789e-02
2.561599016189575195e-02
7.792857289314270020e-02
4.368228465318679810e-02
6.232142448425292969e-03
7.089662551879882812e-02
6.839333474636077881e-02
2.267815172672271729e-02
5.687767267227172852e-02
2.303838729858398438e-03
1.226455196738243103e-01
2.078959345817565918e-02
3.729313611984252930e-02
1.004174351692199707e-02
9.273779764771461487e-02
1.643025875091552734e-02
5.473721027374267578e-02
4.584008455276489258e-02
9.340643137693405151e-02
2.357620000839233398e-02
1.567858457565307617e-02
5.747859179973602295e-02
7.267013192176818848e-03
5.177867412567138672e-02
2.117288112640380859e-02
7.487966120243072510e-02
5.235761404037475586e-03
6.145101785659790039e-02
4.999577999114990234e-03
1.319112908095121384e-01
1.599496603012084961e-02
5.144131183624267578e-02
1.043277978897094727e-02
9.520199149847030640e-02
2.016705274581909180e-02
1.635450124740600586e-02
2.524025738239288330e-02
2.493649721145629883e-02
7.487058639526367188e-03
2.566498517990112305e-02
1.087020412087440491e-01
2.446740865707397461e-02
1.061027050018310547e-01
4.349577426910400391e-02
1.018934734165668488e-01
1.076442003250122070e-02
3.695166110992431641e-02
1.942434906959533691e-02
9.881935641169548035e-02
2.370256185531616211e-02
5.465257167816162109e-02
5.066490173339843750e-02
2.357998490333557129e-02
7.694542407989501953e-03
2.122962474822998047e-02
6.519857048988342285e-02
5.364537239074707031e-03
7.729673385620117188e-02
1.944714784622192383e-02
1.259854119271039963e-01
9.120732545852661133e-03
1.149719953536987305e-02
1.377761363983154297e-04
7.889987528324127197e-02
8.683145046234130859e-03
1.197028160095214844e-02
1.021128892898559570e-02
5.963892489671707153e-02
2.893429994583129883e-02
5.613768100738525391e-02
1.204907149076461792e-01
2.878352999687194824e-02
8.839011192321777344e-02
7.003664970397949219e-03
1.070700697600841522e-01
2.187606692314147949e-02
8.323651552200317383e-02
7.693052291870117188e-03
1.253834217786788940e-01
4.371279478073120117e-02
9.936451911926269531e-03
5.945891141891479492e-03
5.301225185394287109e-02
1.105666160583496094e-03
8.662939071655273438e-03
8.022819459438323975e-02
2.623866498470306396e-02
2.056759595870971680e-02
1.941317319869995117e-02
6.982231885194778442e-02
2.002140879631042480e-02
7.983326911926269531e-02
1.062381267547607422e-02
6.946492195129394531e-02
6.461092829704284668e-02
3.064018487930297852e-02
1.882940530776977539e-02
8.798199146986007690e-02
5.324125289916992188e-03
1.444512605667114258e-02
5.122707784175872803e-02
6.601333618164062500e-03
7.058882713317871094e-02
3.160357475280761719e-03
1.544480882585048676e-01
4.111641645431518555e-02
5.947673320770263672e-02
2.211403846740722656e-02
1.025242507457733154e-01
9.777367115020751953e-03
4.254615306854248047e-02
6.006720662117004395e-02
1.062958315014839172e-01
2.721458673477172852e-02
5.702972412109375000e-02
6.320409476757049561e-02
2.013260126113891602e-02
4.668736457824707031e-02
3.313773870468139648e-02
9.685900807380676270e-02
2.686294913291931152e-02
6.507301330566406250e-02
6.825864315032958984e-03
1.783708352595567703e-01
2.526223659515380859e-03
1.293975114822387695e-02
2.362966537475585938e-02
1.093208082020282745e-01
1.897823810577392578e-02
5.149650573730468750e-02
1.418036222457885742e-02
6.947517395019531250e-02
4.270595312118530273e-02
4.637944698333740234e-02
1.054944694042205811e-01
1.703698933124542236e-02
5.711674690246582031e-02
1.914989948272705078e-02
1.034691184759140015e-01
1.609820127487182617e-02
9.108901023864746094e-03
1.457452774047851562e-02
9.598796442151069641e-02
1.727950572967529297e-02
3.169673681259155273e-02
2.400028705596923828e-02
6.008780747652053833e-02
3.503143787384033203e-02
4.473960399627685547e-02
1.102329790592193604e-01
1.351724565029144287e-02
4.641163349151611328e-02
2.506083250045776367e-02
6.756501644849777222e-02
2.713528275489807129e-02
6.691330671310424805e-02
2.169382572174072266e-02
1.019316986203193665e-01
6.912410259246826172e-03
6.786215305328369141e-02
2.189952135086059570e-02
1.091936230659484863e-01
4.616439342498779297e-03
2.843970060348510742e-02
6.340393424034118652e-02
1.689350605010986328e-02
3.800159692764282227e-02
1.068359613418579102e-02
8.598338067531585693e-02
1.119044423103332520e-02
7.672917842864990234e-02
3.244560956954956055e-02
1.237511299550533295e-01
5.312460660934448242e-02
3.010940551757812500e-02
2.642330527305603027e-02
2.757575362920761108e-02
3.547960519790649414e-02
6.463158130645751953e-02
5.395551025867462158e-02
1.688434183597564697e-02
5.193305015563964844e-02
1.101285219192504883e-02
1.011486724019050598e-01
2.672970294952392578e-04
4.034495353698730469e-02
8.920222520828247070e-02
8.670819178223609924e-02
1.977157592773437500e-02
9.302532672882080078e-02
1.617509126663208008e-02
8.757650107145309448e-02
9.126842021942138672e-03
1.626121997833251953e-02
4.196235537528991699e-02
6.591055542230606079e-02
2.439844608306884766e-02
3.593295812606811523e-02
1.071987897157669067e-01
3.549316525459289551e-02
7.241904735565185547e-02
2.729076147079467773e-02
8.885081857442855835e-02
4.100352525711059570e-02
7.199293375015258789e-02
1.325967907905578613e-02
7.076884806156158447e-02
1.564925909042358398e-02
4.939377307891845703e-03
3.728184103965759277e-02
1.082820594310760498e-01
2.252352237701416016e-02
3.241640329360961914e-02
4.876065254211425781e-02
2.672064304351806641e-02
1.460182666778564453e-02
3.167778253555297852e-02
1.078018024563789368e-01
2.991640567779541016e-02
5.612754821777343750e-02
1.356285810470581055e-02
1.074706986546516418e-01
9.411692619323730469e-03
1.338392496109008789e-02
1.796811819076538086e-03
6.086561828851699829e-02
6.744146347045898438e-03
8.598804473876953125e-03
5.058163404464721680e-02
2.070112526416778564e-02
2.732229232788085938e-02
2.224290370941162109e-02
1.180705204606056213e-01
6.866839528083801270e-02
4.725366830825805664e-02
3.679656982421875000e-02
8.348900079727172852e-02
2.899223566055297852e-02
4.955905675888061523e-02
6.806731224060058594e-03
1.119640693068504333e-01
6.498157978057861328e-03
6.254684925079345703e-02
4.429072141647338867e-03
4.256822168827056885e-02
1.692217588424682617e-02
3.680163621902465820e-02
1.035348251461982727e-01
1.807302236557006836e-02
7.035797834396362305e-02
9.253442287445068359e-03
1.304143816232681274e-01
6.273031234741210938e-03
5.032795667648315430e-02
6.495803594589233398e-03
1.208925433456897736e-01
4.893541336059570312e-04
1.962709426879882812e-02
7.137238979339599609e-03
5.438576638698577881e-02
2.722394466400146484e-02
6.599187850952148438e-03
1.466772779822349548e-01
1.993241906166076660e-02
4.928076267242431641e-02
4.282641410827636719e-02
1.589343007653951645e-01
2.786713838577270508e-02
6.760269403457641602e-02
2.939757704734802246e-02
9.143870696425437927e-02
3.941380977630615234e-02
4.819047451019287109e-02
2.315554022789001465e-02
6.288029253482818604e-02
3.425383567810058594e-02
3.972107172012329102e-02
5.698774755001068115e-02
4.401355981826782227e-03
4.116451740264892578e-02
7.839739322662353516e-03
5.841396749019622803e-02
2.784836292266845703e-02
4.541176557540893555e-02
4.410719871520996094e-02
1.073321588337421417e-01
4.710251092910766602e-02
5.215454101562500000e-02
4.226297140121459961e-03
5.533135682344436646e-02
3.079074621200561523e-02
9.903907775878906250e-03
7.187902927398681641e-02
1.848012208938598633e-03
8.375847339630126953e-02
2.522677183151245117e-02
1.040354818105697632e-01
2.087473869323730469e-03
8.334475755691528320e-02
2.472108602523803711e-02
7.071197777986526489e-02
5.984246730804443359e-02
4.238796234130859375e-02
4.244238138198852539e-03
9.844459965825080872e-02
2.138972282409667969e-02
5.304217338562011719e-02
5.930359661579132080e-02
3.023116290569305420e-02
4.931926727294921875e-02
5.353099107742309570e-02
8.760803937911987305e-02
1.659557223320007324e-02
9.347659349441528320e-02
4.237467050552368164e-02
1.188596189022064209e-01
1.520332694053649902e-02
3.489923477172851562e-02
2.199852466583251953e-02
1.195015497505664825e-01
8.617192506790161133e-02
6.847292184829711914e-02
2.160438895225524902e-02
5.374695360660552979e-02
2.313572168350219727e-02
1.910769939422607422e-02
4.487250745296478271e-02
2.859489619731903076e-02
3.939467668533325195e-02
1.718735694885253906e-02
1.256768926978111267e-01
2.870756387710571289e-02
1.430165767669677734e-02
3.848296403884887695e-02
1.038991063833236694e-01
2.086335420608520508e-02
2.774989604949951172e-02
1.053306460380554199e-02
6.917852163314819336e-02
5.592703819274902344e-04
6.746530532836914062e-03
8.365602791309356689e-02
4.013650119304656982e-02
4.005998373031616211e-02
1.862853765487670898e-02
9.616716951131820679e-02
2.265834808349609375e-02
8.142679929733276367e-02
3.596544265747070312e-03
9.689266979694366455e-02
2.818202972412109375e-02
4.083889722824096680e-02
2.637445926666259766e-03
7.812505960464477539e-02
4.037499427795410156e-03
3.741979598999023438e-03
9.409596025943756104e-02
1.079319417476654053e-02
2.773177623748779297e-02
1.113981008529663086e-02
8.695504069328308105e-02
3.159058094024658203e-02
1.038599014282226562e-01
4.662519693374633789e-02
9.503165259957313538e-02
8.638027310371398926e-02
5.285191535949707031e-02
2.185121178627014160e-02
7.737909257411956787e-02
5.802851915359497070e-02
1.737236976623535156e-03
4.233476519584655762e-02
3.508286178112030029e-02
1.117140054702758789e-02
1.984298229217529297e-03
1.241820603609085083e-01
1.156818866729736328e-02
4.202669858932495117e-02
2.194166183471679688e-03
9.693102538585662842e-02
4.702648520469665527e-02
5.114543437957763672e-02
3.973799943923950195e-02
1.498009627684950829e-01
1.553654670715332031e-02
5.898678302764892578e-02
1.697486639022827148e-02
4.766456037759780884e-02
3.044134378433227539e-02
1.627564430236816406e-02
6.536228954792022705e-02
2.070868015289306641e-02
5.991929769515991211e-02
4.141777753829956055e-02
5.882146954536437988e-02
2.529814839363098145e-02
3.942084312438964844e-02
3.701865673065185547e-03
1.085108183324337006e-01
6.196999549865722656e-02
7.600969076156616211e-02
4.611700773239135742e-03
7.901281863451004028e-02
2.405703067779541016e-02
8.820176124572753906e-03
5.128693580627441406e-02
1.167942583560943604e-02
6.347256898880004883e-02
4.773259162902832031e-02
8.765768259763717651e-02
1.847988367080688477e-02
8.794772624969482422e-02
2.144575119018554688e-04
1.043976768851280212e-01
7.373234629631042480e-02
4.089993238449096680e-02
5.896380543708801270e-02
1.739221066236495972e-02
2.122032642364501953e-02
3.386658430099487305e-02
4.001739621162414551e-02
4.032047092914581299e-02
4.136979579925537109e-03
3.117227554321289062e-02
8.915106207132339478e-02
6.476730108261108398e-03
3.692001104354858398e-02
4.726469516754150391e-03
8.620633929967880249e-02
6.478935480117797852e-03
2.214413881301879883e-02
1.369741559028625488e-02
1.001891121268272400e-01
2.595937252044677734e-02
9.605920314788818359e-02
3.396421670913696289e-02
5.106396973133087158e-02
3.610205650329589844e-02
8.138340711593627930e-02
1.297093629837036133e-01
1.226842403411865234e-03
2.165096998214721680e-02
2.613520622253417969e-02
1.232429742813110352e-01
1.353538036346435547e-02
8.557558059692382812e-02
4.737815260887145996e-02
1.418581176549196243e-01
1.879811286926269531e-03
2.931034564971923828e-02
3.677010536193847656e-04
7.279031723737716675e-02
1.813364028930664062e-02
5.336999893188476562e-03
6.995689868927001953e-02
6.474769115447998047e-02
6.568425893783569336e-02
6.125211715698242188e-03
6.885923445224761963e-02
1.800310611724853516e-02
6.107354164123535156e-02
6.869560480117797852e-02
8.750771731138229370e-02
4.759305715560913086e-02
7.496929168701171875e-02
1.121604442596435547e-02
5.806614458560943604e-02
8.850097656250000000e-04
1.481145620346069336e-02
9.218747913837432861e-02
2.413737773895263672e-02
2.587437629699707031e-04
2.678138017654418945e-02
1.017945408821105957e-01
7.220000028610229492e-03
7.110923528671264648e-02
9.493231773376464844e-03
7.036335766315460205e-02
3.097259998321533203e-02
3.323483467102050781e-02
3.532171249389648438e-04
3.279219567775726318e-02
6.243646144866943359e-03
3.811228275299072266e-02
7.331052422523498535e-02
1.008760929107666016e-02
3.575313091278076172e-02
3.129017353057861328e-02
7.625782489776611328e-02
5.997245013713836670e-02
8.866888284683227539e-02
1.667022705078125000e-02
7.498829811811447144e-02
4.126280546188354492e-03
1.532447338104248047e-02
1.944541931152343750e-02
7.748536020517349243e-02
3.740012645721435547e-03
6.779438257217407227e-02
9.339323639869689941e-02
1.553495228290557861e-02
6.702113151550292969e-02
1.248884201049804688e-02
6.446045637130737305e-02
3.728359937667846680e-03
3.507983684539794922e-02
3.224307298660278320e-02
1.211714483797550201e-01
7.359784841537475586e-02
3.615832328796386719e-02
1.631537079811096191e-02
8.764246851205825806e-02
2.400821447372436523e-02
1.869523525238037109e-02
7.298210263252258301e-02
2.524735778570175171e-02
5.159139633178710938e-03
1.602280139923095703e-02
7.793655991554260254e-02
1.496537029743194580e-02
6.062924861907958984e-02
2.106851339340209961e-02
9.289578348398208618e-02
2.626505494117736816e-02
3.881096839904785156e-02
1.867616176605224609e-02
1.318203043192625046e-01
3.181797266006469727e-02
4.224437475204467773e-02
2.857303619384765625e-02
6.836826354265213013e-02
2.275329828262329102e-02
4.640156030654907227e-02
6.850968301296234131e-02
2.856205403804779053e-02
3.090476989746093750e-02
1.393318176269531250e-03
5.604688823223114014e-02
3.691741824150085449e-02
7.328051328659057617e-02
1.738101243972778320e-02
9.826637431979179382e-02
2.963384985923767090e-02
6.205570697784423828e-02
1.633018255233764648e-03
5.431126058101654053e-02
2.845525741577148438e-03
3.429007530212402344e-02
2.730312943458557129e-02
3.254936635494232178e-02
2.975380420684814453e-02
3.860455751419067383e-02
6.867870688438415527e-02
1.765978336334228516e-02
5.855756998062133789e-02
6.273555755615234375e-02
1.060815006494522095e-01
1.235711574554443359e-02
2.122688293457031250e-02
5.227476358413696289e-02
1.162972766906023026e-01
2.580928802490234375e-02
7.758522033691406250e-02
4.605892300605773926e-02
6.754836440086364746e-02
2.562993764877319336e-02
5.555504560470581055e-02
7.267706096172332764e-02
5.883961915969848633e-03
5.203789472579956055e-02
3.175574541091918945e-02
1.268234141170978546e-01
7.990628480911254883e-03
5.959868431091308594e-02
2.587693929672241211e-02
6.678692251443862915e-02
1.135104894638061523e-02
5.506974458694458008e-02
2.452871203422546387e-02
4.456505924463272095e-02
4.883939027786254883e-02
1.701796054840087891e-02
9.019225835800170898e-02
3.578320145606994629e-02
7.033962011337280273e-02
2.594876289367675781e-02
1.523596495389938354e-01
1.042059063911437988e-02
1.143142580986022949e-01
1.936587691307067871e-02
7.615313678979873657e-02
3.703773021697998047e-02
4.947352409362792969e-02
1.762422919273376465e-02
1.155252195894718170e-01
3.358095884323120117e-02
5.768114328384399414e-02
3.623254597187042236e-02
2.631515264511108398e-03
2.799159288406372070e-02
1.134932041168212891e-03
6.780707836151123047e-02
2.599567174911499023e-03
6.678104400634765625e-02
3.613424301147460938e-02
1.017802618443965912e-01
6.149858236312866211e-02
6.610012054443359375e-02
2.035677433013916016e-03
9.443672746419906616e-02
1.179099082946777344e-02
1.636999845504760742e-02
2.542176842689514160e-02
1.930296421051025391e-03
1.502031087875366211e-02
1.708322763442993164e-02
6.769530475139617920e-02
4.917967319488525391e-02
3.207063674926757812e-02
1.384049654006958008e-02
7.137201726436614990e-02
1.971498131752014160e-02
4.554587602615356445e-02
3.505551815032958984e-02
5.875796079635620117e-02
1.894724369049072266e-02
6.787258386611938477e-02
5.760732293128967285e-02
4.238128662109375000e-03
5.077254772186279297e-02
4.344385862350463867e-02
1.037426888942718506e-01
1.539427042007446289e-02
4.153871536254882812e-02
5.553621053695678711e-02
1.323639154434204102e-01
3.928914666175842285e-02
2.692437171936035156e-02
3.648099303245544434e-02
9.111010655760765076e-02
3.189003467559814453e-02
2.667427062988281250e-02
4.051414132118225098e-02
6.931416690349578857e-02
3.579783439636230469e-02
5.716031789779663086e-02
6.557112932205200195e-02
1.449251174926757812e-02
5.943602323532104492e-02
3.116726875305175781e-03
9.291951358318328857e-02
4.181534051895141602e-03
5.332875251770019531e-02
4.775643348693847656e-03
7.406407594680786133e-02
5.410909652709960938e-03
5.989193916320800781e-02
4.842811822891235352e-02
7.360234856605529785e-02
1.045405864715576172e-02
5.699968338012695312e-02
7.621914148330688477e-02
1.125842332839965820e-02
5.284601449966430664e-02
3.300279378890991211e-02
4.057933390140533447e-02
4.185554385185241699e-02
3.614103794097900391e-02
2.354657649993896484e-02
1.195927951484918594e-01
3.338712453842163086e-02
2.170807123184204102e-02
2.932909131050109863e-02
3.837511688470840454e-02
9.036302566528320312e-03
3.437364101409912109e-02
8.123368024826049805e-03
3.920255601406097412e-02
4.674398899078369141e-02
2.112627029418945312e-02
1.040442585945129395e-01
3.354650735855102539e-02
8.940672874450683594e-02
2.622699737548828125e-02
1.268672421574592590e-01
2.482542395591735840e-02
5.820643901824951172e-02
1.528790593147277832e-02
5.604937672615051270e-02
3.763586282730102539e-02
6.811559200286865234e-02
4.264971613883972168e-02
5.038267374038696289e-02
7.881820201873779297e-03
3.573483228683471680e-02
8.390435576438903809e-02
7.204800844192504883e-03
4.888182878494262695e-02
9.208440780639648438e-03
1.315483711659908295e-01
3.342387080192565918e-02
3.711032867431640625e-02
6.436997652053833008e-02
1.010324284434318542e-01
2.309006452560424805e-02
1.430505514144897461e-02
1.010701060295104980e-02
6.477840989828109741e-02
2.564477920532226562e-02
2.430754899978637695e-02
1.052587181329727173e-01
2.958720922470092773e-02
1.639884710311889648e-02
2.448976039886474609e-02
1.110823974013328552e-01
1.410496234893798828e-02
4.155778884887695312e-02
2.585291862487792969e-03
9.044519811868667603e-02
4.918217658996582031e-02
3.186142444610595703e-02
9.230077266693115234e-04
6.939210742712020874e-02
6.198346614837646484e-03
5.888336896896362305e-02
3.950972855091094971e-02
1.549163460731506348e-02
4.218345880508422852e-02
1.507711410522460938e-02
8.582267910242080688e-02
2.829155325889587402e-02
4.021334648132324219e-02
2.605712413787841797e-02
8.577135205268859863e-02
2.515640854835510254e-02
5.507391691207885742e-02
1.437404751777648926e-02
1.006776019930839539e-01
1.167970895767211914e-02
3.818285465240478516e-02
3.917475044727325439e-02
4.149314016103744507e-02
3.171533346176147461e-02
9.482800960540771484e-03
1.089830920100212097e-01
3.575697541236877441e-02
1.651591062545776367e-02
1.761841773986816406e-02
9.059096127748489380e-02
2.438554167747497559e-02
5.990225076675415039e-02
6.340980529785156250e-03
7.344469428062438965e-02
1.415789127349853516e-02
7.071721553802490234e-02
6.088045239448547363e-02
2.697934210300445557e-02
2.439892292022705078e-02
2.318578958511352539e-02
1.025562733411788940e-01
1.026847958564758301e-02
7.590055465698242188e-02
4.633295536041259766e-02
8.862974494695663452e-02
7.547795772552490234e-03
2.972280979156494141e-02
2.597418427467346191e-02
8.521297201514244080e-02
4.778933525085449219e-02
1.019968986511230469e-01
2.248099446296691895e-02
7.635658234357833862e-02
1.583200693130493164e-02
5.083978176116943359e-02
7.356157898902893066e-02
3.080846369266510010e-02
4.903793334960937500e-02
7.160770893096923828e-02
9.943840652704238892e-02
4.222977161407470703e-02
4.599058628082275391e-02
4.158854484558105469e-02
1.182376518845558167e-01
5.729001760482788086e-02
7.960259914398193359e-02
1.448154449462890625e-02
7.547881454229354858e-02
4.986149072647094727e-02
6.067943572998046875e-02
5.984634160995483398e-02
2.996623516082763672e-04
2.346271276473999023e-02
2.267944812774658203e-02
8.383917063474655151e-02
9.127378463745117188e-03
4.965591430664062500e-02
8.284270763397216797e-03
9.006942063570022583e-02
2.428367733955383301e-02
5.611449480056762695e-02
7.838010787963867188e-06
6.798841804265975952e-02
2.221864461898803711e-02
1.697379350662231445e-02
2.821865677833557129e-02
4.745164513587951660e-02
1.340943574905395508e-02
4.396021366119384766e-03
8.700831234455108643e-02
4.253518581390380859e-02
6.158196926116943359e-02
2.090883255004882812e-02
5.061320215463638306e-02
3.271436691284179688e-02
7.027226686477661133e-02
4.872828722000122070e-03
1.173704713582992554e-01
2.668982744216918945e-02
9.392452239990234375e-02
3.276342153549194336e-02
3.122188895940780640e-02
2.574521303176879883e-02
1.090484857559204102e-02
1.006588786840438843e-01
4.568949341773986816e-03
5.893862247467041016e-02
6.610274314880371094e-03
8.696082979440689087e-02
2.164229750633239746e-02
7.315802574157714844e-02
1.028150320053100586e-02
1.339569445699453354e-01
6.932795047760009766e-03
1.416128873825073242e-02
2.157109975814819336e-02
5.720049887895584106e-02
4.870557785034179688e-02
1.263815164566040039e-02
7.113488018512725830e-02
6.217926740646362305e-03
5.226147174835205078e-02
3.733932971954345703e-03
8.767715096473693848e-02
4.275515675544738770e-02
5.643165111541748047e-02
4.249709844589233398e-02
9.214879199862480164e-02
6.079009175300598145e-02
4.098796844482421875e-02
9.347200393676757812e-04
7.178986817598342896e-02
2.514314651489257812e-02
2.876996994018554688e-02
4.220874607563018799e-02
1.699733734130859375e-02
1.638078689575195312e-02
2.854931354522705078e-02
9.294445812702178955e-02
9.383231401443481445e-03
6.558483839035034180e-02
1.586848497390747070e-02
1.268781423568725586e-01
2.262529730796813965e-02
1.238173246383666992e-02
1.577055454254150391e-02
9.751284122467041016e-02
2.262318134307861328e-02
5.886828899383544922e-02
7.021437585353851318e-02
5.654454231262207031e-03
1.110261678695678711e-02
1.578027009963989258e-02
1.100521385669708252e-01
1.694270968437194824e-02
4.051715135574340820e-02
7.200181484222412109e-03
1.277459450066089630e-01
4.825115203857421875e-03
5.922758579254150391e-02
2.257549762725830078e-02
1.000079736113548279e-01
7.684230804443359375e-03
3.411263227462768555e-02
5.483329296112060547e-03
2.084571123123168945e-02
1.009833812713623047e-02
3.504228591918945312e-02
1.098121553659439087e-01
3.674574196338653564e-02
4.381930828094482422e-02
2.976435422897338867e-02
1.084346771240234375e-01
2.066031098365783691e-02
6.305938959121704102e-02
7.394254207611083984e-03
6.858365982770919800e-02
3.630280494689941406e-02
5.123931169509887695e-02
1.115381717681884766e-03
3.615809977054595947e-02
1.978754997253417969e-03
3.181964159011840820e-02
2.980414032936096191e-02
1.666228473186492920e-02
6.431704759597778320e-02
2.601855993270874023e-02
9.174069017171859741e-02
8.886963129043579102e-03
5.548393726348876953e-02
3.994339704513549805e-02
1.055705212056636810e-01
6.547388434410095215e-02
7.827806472778320312e-02
1.566246151924133301e-02
8.207836374640464783e-02
2.276694774627685547e-02
1.534879207611083984e-03
3.280726075172424316e-02
2.897277474403381348e-02
3.570580482482910156e-02
5.445563793182373047e-02
8.477767556905746460e-02
8.457899093627929688e-04
4.784429073333740234e-02
4.195815324783325195e-02
9.051893278956413269e-02
2.658906579017639160e-02
4.707878828048706055e-02
4.757753014564514160e-02
8.122286200523376465e-02
2.186626195907592773e-02
9.761989116668701172e-03
4.766152799129486084e-02
8.083875477313995361e-02
4.316335916519165039e-02
2.056443691253662109e-02
6.570486724376678467e-02
6.198626756668090820e-02
8.046823740005493164e-02
2.921819686889648438e-04
1.311553437262773514e-01
2.124530076980590820e-02
2.312517166137695312e-02
1.619905233383178711e-02
6.947887688875198364e-02
8.154213428497314453e-03
5.859059095382690430e-02
2.438682317733764648e-02
7.490316033363342285e-02
1.531440019607543945e-02
4.040235280990600586e-02
5.499002337455749512e-02
3.359648585319519043e-02
3.188920021057128906e-02
7.337689399719238281e-03
8.585130423307418823e-02
3.483727574348449707e-02
5.046707391738891602e-02
3.101608157157897949e-02
1.155913006514310837e-01
2.909290790557861328e-02
3.288614749908447266e-02
4.501780867576599121e-02
8.781179040670394897e-02
1.428186893463134766e-03
3.694534301757812500e-02
5.637955665588378906e-02
2.122345566749572754e-02
5.100250244140625000e-03
8.259236812591552734e-03
1.058505326509475708e-01
1.469466090202331543e-02
8.113586902618408203e-02
4.909974336624145508e-02
6.035088002681732178e-02
4.709357023239135742e-02
3.623998165130615234e-02
4.313573241233825684e-02
5.584850162267684937e-02
2.548897266387939453e-02
3.611046075820922852e-02
7.887199521064758301e-02
1.919466257095336914e-02
4.062741994857788086e-02
1.361680030822753906e-02
9.761047363281250000e-02
1.626238226890563965e-02
9.778636693954467773e-02
4.349678754806518555e-02
7.984323054552078247e-02
7.063865661621093750e-02
6.946033239364624023e-02
3.098720312118530273e-02
9.913409501314163208e-02
6.014347076416015625e-03
4.015922546386718750e-03
2.702507376670837402e-02
2.772670984268188477e-02
5.533039569854736328e-03
4.651278257369995117e-02
9.290912747383117676e-02
2.287133038043975830e-02
2.149850130081176758e-02
1.046025753021240234e-02
1.038610078394412994e-01
1.667827367782592773e-03
3.440332412719726562e-02
4.261142015457153320e-02
6.790749728679656982e-02
2.343475818634033203e-03
3.541219234466552734e-02
1.125919818878173828e-02
5.390708148479461670e-02
4.151451587677001953e-02
8.818447589874267578e-03
9.008021652698516846e-02
1.551301777362823486e-02
5.479365587234497070e-02
3.379452228546142578e-02
8.528105169534683228e-02
2.188736200332641602e-02
8.568686246871948242e-02
2.097433805465698242e-02
1.344958432018756866e-01
1.663309335708618164e-02
3.993964195251464844e-02
2.739983797073364258e-02
6.096964329481124878e-02
2.586936950683593750e-02
5.247563123703002930e-02
9.406195580959320068e-02
2.628564834594726562e-05
2.193510532379150391e-02
3.279608488082885742e-02
8.691629022359848022e-02
7.564336061477661133e-03
5.776834487915039062e-02
1.930236816406250000e-02
1.015818566083908081e-01
2.935081720352172852e-02
2.543407678604125977e-02
2.310943603515625000e-02
9.950140491127967834e-02
4.163503646850585938e-03
1.531600952148437500e-03
8.088706433773040771e-02
1.062172651290893555e-02
1.397460699081420898e-02
1.728266477584838867e-02
1.365359425544738770e-01
1.955550909042358398e-02
8.483570814132690430e-02
9.018957614898681641e-03
1.126087643206119537e-01
2.823925018310546875e-02
3.282648324966430664e-02
2.083659172058105469e-03
1.010001786053180695e-01
2.708375453948974609e-02
5.833524465560913086e-02
6.108476221561431885e-02
9.019494056701660156e-03
3.053581714630126953e-02
2.786171436309814453e-02
7.252883911132812500e-02
2.555613219738006592e-02
6.484252214431762695e-02
2.746647596359252930e-02
9.911596775054931641e-02
2.569293975830078125e-02
1.855713129043579102e-02
1.673725247383117676e-02
8.227205276489257812e-02
1.679027080535888672e-02
3.035384416580200195e-02
3.826820850372314453e-02
1.824100315570831299e-02
5.455732345581054688e-03
4.016274213790893555e-02
9.885479509830474854e-02
2.618750929832458496e-02
6.997573375701904297e-02
1.308619976043701172e-03
5.003415048122406006e-02
7.566809654235839844e-05
5.389362573623657227e-02
8.853316307067871094e-03
1.238010078668594360e-01
5.397826433181762695e-02
7.369107007980346680e-02
2.665174007415771484e-02
4.714807868003845215e-02
1.210927963256835938e-03
3.584671020507812500e-02
6.329882144927978516e-02
3.330528736114501953e-02
8.042955398559570312e-02
5.088567733764648438e-03
1.119771599769592285e-01
3.350973129272460938e-04
5.322366952896118164e-02
1.592302322387695312e-02
8.639293164014816284e-02
5.570864677429199219e-02
7.114535570144653320e-02
1.485189795494079590e-02
3.546015918254852295e-02
4.296195507049560547e-02
4.195272922515869141e-03
4.065422713756561279e-02
2.182948589324951172e-02
3.757089376449584961e-02
2.075123786926269531e-02
8.041714131832122803e-02
5.317568778991699219e-03
9.917628765106201172e-02
2.056163549423217773e-02
1.025469563901424408e-01
4.182338714599609375e-02
3.396397829055786133e-02
2.447152137756347656e-02
9.380399808287620544e-02
5.010694265365600586e-02
2.599465847015380859e-02
1.068592071533203125e-03
6.247824430465698242e-02
3.424942493438720703e-03
3.297752141952514648e-02
1.040155589580535889e-01
7.635548710823059082e-03
7.796525955200195312e-02
2.512931823730468750e-04
8.971516042947769165e-02
1.099863648414611816e-02
3.375822305679321289e-02
8.319109678268432617e-03
1.360991410911083221e-01
2.987921237945556641e-02
5.351322889328002930e-02
4.985266923904418945e-02
7.584968209266662598e-02
2.800363302230834961e-02
3.374660015106201172e-02
1.231179088354110718e-01
2.493511140346527100e-02
4.344767332077026367e-02
2.109646797180175781e-02
8.865889906883239746e-02
1.031440496444702148e-02
7.182204723358154297e-02
4.052752256393432617e-02
1.057660430669784546e-01
2.243322134017944336e-02
5.203276872634887695e-02
3.363063931465148926e-02
6.551118940114974976e-02
7.985830307006835938e-04
1.917183399200439453e-03
3.295242786407470703e-03
6.079240143299102783e-02
6.007915735244750977e-02
2.131032943725585938e-02
1.058104783296585083e-01
2.674514055252075195e-02
3.502261638641357422e-02
4.219174385070800781e-02
1.021989323198795319e-01
3.507614135742187500e-03
2.805197238922119141e-02
4.760414361953735352e-03
5.775073915719985962e-02
6.064355373382568359e-03
2.428710460662841797e-02
3.145298361778259277e-02
3.571154177188873291e-02
6.050336360931396484e-02
3.322303295135498047e-02
7.580989599227905273e-02
2.717855572700500488e-02
7.148122787475585938e-02
3.236532211303710938e-03
9.149537235498428345e-02
1.785546541213989258e-02
2.813118696212768555e-02
1.665949821472167969e-03
7.377012073993682861e-02
2.807432413101196289e-02
3.825473785400390625e-02
3.024038672447204590e-02
3.515951335430145264e-02
5.278152227401733398e-02
2.075743675231933594e-02
8.680832386016845703e-02
1.471567153930664062e-02
1.030034422874450684e-01
6.397366523742675781e-03
9.210520237684249878e-02
1.990497112274169922e-04
5.448269844055175781e-02
4.289662837982177734e-02
1.056289933621883392e-01
2.955591678619384766e-02
3.764063119888305664e-02
5.994862318038940430e-02
1.683256030082702637e-02
1.535069942474365234e-02
2.225363254547119141e-02
4.146103560924530029e-02
8.431911468505859375e-03
4.177927970886230469e-02
4.746496677398681641e-03
9.829298406839370728e-02
2.302077412605285645e-02
1.104918122291564941e-01
1.564276218414306641e-02
8.217544108629226685e-02
1.758050918579101562e-02
1.795881986618041992e-02
1.778227090835571289e-02
3.525135666131973267e-02
3.246992826461791992e-02
4.297709465026855469e-02
8.598130941390991211e-02
1.096448302268981934e-02
6.867206096649169922e-02
2.526986598968505859e-02
1.096909791231155396e-01
2.354881167411804199e-02
1.016095876693725586e-01
7.116436958312988281e-03
7.390598207712173462e-02
3.740075230598449707e-02
3.087937831878662109e-02
3.270691633224487305e-02
1.165345013141632080e-01
2.324783802032470703e-02
7.566720247268676758e-02
4.613327980041503906e-02
2.871200442314147949e-03
5.339878797531127930e-02
2.336859703063964844e-03
8.029641956090927124e-02
4.778125882148742676e-02
5.090111494064331055e-02
4.112339019775390625e-02
1.263620350509881973e-01
2.798855304718017578e-02
5.827999114990234375e-02
2.438288927078247070e-02
1.041079983115196228e-01
2.490127086639404297e-02
1.006335020065307617e-02
2.665081620216369629e-02
2.819208800792694092e-02
8.250594139099121094e-03
1.574599742889404297e-02
7.934816181659698486e-02
6.301939487457275391e-03
7.283151149749755859e-03
1.861822605133056641e-02
5.650659650564193726e-02
2.327287197113037109e-02
3.317433595657348633e-02
3.501772880554199219e-03
1.041305176913738251e-01
2.055472135543823242e-02
5.563771724700927734e-02
5.058228969573974609e-02
7.479678094387054443e-02
3.867489099502563477e-02
3.359937667846679688e-02
6.148469448089599609e-02
1.439565420150756836e-02
1.827895641326904297e-02
2.485233545303344727e-02
1.059344708919525146e-01
1.011267304420471191e-02
6.715238094329833984e-02
2.141913771629333496e-02
1.370210517197847366e-01
3.314155340194702148e-02
5.506867170333862305e-02
7.091432809829711914e-03
8.322596549987792969e-04
9.734690189361572266e-03
2.948516607284545898e-02
5.761939287185668945e-02
1.922094821929931641e-02
5.340027809143066406e-02
3.466904163360595703e-03
9.762340784072875977e-02
7.789731025695800781e-03
1.662975549697875977e-02
7.287144660949707031e-03
7.555507868528366089e-02
5.836904048919677734e-02
2.690887451171875000e-02
2.706676721572875977e-03
7.397592067718505859e-02
2.744209766387939453e-02
1.157879829406738281e-02
9.364664554595947266e-03
3.644651174545288086e-02
6.389129161834716797e-02
3.047657012939453125e-02
7.730612158775329590e-02
1.610040664672851562e-02
8.020752668380737305e-02
1.973533630371093750e-02
9.993615746498107910e-02
2.871155738830566406e-03
7.516896724700927734e-02
5.180239677429199219e-04
7.311616092920303345e-02
3.040158748626708984e-02
1.214541196823120117e-01
4.163321852684020996e-02
6.536221504211425781e-02
2.581942081451416016e-02
8.841633796691894531e-03
3.163684904575347900e-02
1.101197302341461182e-02
4.496562480926513672e-02
6.015181541442871094e-03
9.816172719001770020e-02
3.524422645568847656e-04
5.504775047302246094e-02
2.262443304061889648e-03
5.420614778995513916e-02
4.903364181518554688e-02
1.371806859970092773e-02
7.371872663497924805e-03
5.522677302360534668e-02
4.103386402130126953e-02
6.071150302886962891e-03
1.125377118587493896e-01
5.425940454006195068e-02
6.831169128417968750e-02
1.241499185562133789e-02
9.972219169139862061e-02
2.830106019973754883e-02
1.035954356193542480e-01
2.712619304656982422e-02
1.192350015044212341e-01
7.901418209075927734e-02
7.472628355026245117e-02
4.009693861007690430e-03
6.023242324590682983e-02
1.415824890136718750e-02
4.495179653167724609e-02
8.901564776897430420e-02
1.295199990272521973e-02
1.574909687042236328e-02
2.505260705947875977e-02
1.038410738110542297e-01
1.467913389205932617e-03
4.468894004821777344e-02
3.191810846328735352e-02
1.418511420488357544e-01
4.851964116096496582e-02
5.903196334838867188e-02
8.121013641357421875e-03
9.045311808586120605e-02
7.540643215179443359e-03
5.264955759048461914e-02
2.493509650230407715e-02
1.583369076251983643e-02
5.305826663970947266e-03
1.444911956787109375e-02
6.955277919769287109e-02
3.995454311370849609e-02
7.231074571609497070e-02
3.970897197723388672e-02
1.461070524528622627e-01
2.212384343147277832e-02
7.361710071563720703e-02
2.665096521377563477e-02
1.053332723677158356e-01
2.532953023910522461e-02
4.793190956115722656e-02
8.046656847000122070e-03
5.117292702198028564e-02
5.580908060073852539e-02
4.115951061248779297e-02
9.364874660968780518e-02
2.941243350505828857e-02
3.536045551300048828e-03
3.283667564392089844e-02
6.894657015800476074e-02
8.314251899719238281e-03
5.060416460037231445e-02
2.040109038352966309e-02
8.888860046863555908e-02
5.297839641571044922e-02
3.353071212768554688e-02
4.017660021781921387e-02
4.448695480823516846e-02
3.979671001434326172e-02
6.209784746170043945e-02
6.173886358737945557e-02
5.319714546203613281e-06
6.678473949432373047e-02
3.144854307174682617e-02
1.318312734365463257e-01
3.679761290550231934e-02
7.538813352584838867e-02
2.464467287063598633e-02
1.122123561799526215e-01
2.666193246841430664e-02
4.687780141830444336e-02
4.147443175315856934e-02
9.734909608960151672e-02
9.372889995574951172e-03
1.483118534088134766e-02
4.215440154075622559e-02
1.280342042446136475e-02
1.168459653854370117e-02
3.921973705291748047e-02
1.068844497203826904e-01
5.532291531562805176e-02
6.879907846450805664e-02
3.099834918975830078e-02
1.199364103376865387e-01
7.041156291961669922e-03
5.276978015899658203e-03
9.133487939834594727e-03
6.152761727571487427e-02
1.288485527038574219e-02
5.913555622100830078e-03
4.468694329261779785e-02
1.791110634803771973e-02
5.983531475067138672e-03
2.163475751876831055e-02
1.246417388319969177e-01
3.251472115516662598e-02
6.513011455535888672e-02
2.768152952194213867e-02
1.471845973283052444e-01
1.138329505920410156e-03
3.976756334304809570e-02
6.268033385276794434e-02
9.245076403021812439e-02
5.294197797775268555e-02
7.607096433639526367e-02
3.695279359817504883e-02
1.943016052246093750e-02
2.597308158874511719e-02
4.047310352325439453e-02
1.248760446906089783e-01
1.885458827018737793e-02
4.075455665588378906e-02
4.046350717544555664e-02
1.111150048673152924e-01
1.197654008865356445e-02
6.811219453811645508e-02
5.513429641723632812e-04
9.459233283996582031e-02
5.296105146408081055e-02
5.251020193099975586e-02
2.397549152374267578e-02
1.602216064929962158e-02
1.622796058654785156e-03
1.314717531204223633e-02
8.084432780742645264e-02
2.384588122367858887e-02
8.114755153656005859e-03
3.680229187011718750e-03
9.941374510526657104e-02
5.158782005310058594e-03
9.976381063461303711e-02
5.817574262619018555e-02
9.228398278355598450e-02
4.538220167160034180e-02
2.521508932113647461e-02
2.449676394462585449e-02
6.133517622947692871e-02
1.076787710189819336e-02
5.353850126266479492e-02
8.178646862506866455e-02
3.162175416946411133e-03
3.780698776245117188e-02
3.408145904541015625e-02
1.119923070073127747e-01
2.479866147041320801e-02
7.299500703811645508e-02
3.975051641464233398e-02
1.297272555530071259e-01
3.922119736671447754e-02
1.859968900680541992e-02
2.763539552688598633e-03
1.027180626988410950e-01
1.358014345169067383e-02
5.715680122375488281e-02
6.688049435615539551e-02
1.436263322830200195e-02
4.998922348022460938e-03
1.751428842544555664e-02
1.084413826465606689e-01
3.058351576328277588e-02
6.833541393280029297e-02
5.836248397827148438e-03
1.357988994568586349e-01
1.200172305107116699e-02
4.614412784576416016e-03
3.884077072143554688e-03
7.525336742401123047e-02
3.607648611068725586e-02
2.096688747406005859e-02
1.471179723739624023e-02
1.438172161579132080e-02
6.734490394592285156e-03
3.551131486892700195e-02
9.295329451560974121e-02
8.847832679748535156e-03
3.547638654708862305e-02
1.794815063476562500e-03
1.136587560176849365e-01
1.134040951728820801e-02
5.931943655014038086e-02
1.396235823631286621e-02
1.341611668467521667e-01
4.378890991210937500e-02
5.134963989257812500e-02
1.836448907852172852e-03
6.075943261384963989e-02
1.034921407699584961e-02
1.295602321624755859e-02
6.926704943180084229e-02
4.793831706047058105e-02
5.895900726318359375e-02
3.336960077285766602e-02
5.644656717777252197e-02
1.948535442352294922e-03
1.070500612258911133e-01
2.824753522872924805e-02
1.032456345856189728e-01
7.700860500335693359e-03
5.713486671447753906e-02
3.126809000968933105e-02
8.800836652517318726e-02
3.835636377334594727e-02
2.119398117065429688e-02
6.148195266723632812e-02
4.118269681930541992e-02
3.829896450042724609e-03
5.025196075439453125e-02
8.470153808593750000e-02
2.228707075119018555e-02
6.558656692504882812e-02
8.877158164978027344e-03
9.105988591909408569e-02
1.639726758003234863e-02
2.579545974731445312e-02
2.195322513580322266e-02
6.671283394098281860e-02
1.169997453689575195e-02
1.948404312133789062e-02
1.911801099777221680e-02
9.678840637207031250e-03
4.927593469619750977e-02
3.953826427459716797e-02
1.358073055744171143e-01
1.768684387207031250e-02
7.434517145156860352e-02
1.826870441436767578e-02
8.957561850547790527e-02
3.131824731826782227e-02
3.192335367202758789e-02
5.070179700851440430e-03
8.950625732541084290e-02
6.178915500640869141e-03
4.278260469436645508e-02
1.711666584014892578e-02
6.555735319852828979e-02
2.135854959487915039e-02
4.837125539779663086e-02
1.091755330562591553e-01
9.541288018226623535e-03
1.334798336029052734e-02
6.462872028350830078e-03
8.782287687063217163e-02
3.927057981491088867e-02
5.843901634216308594e-02
5.793249607086181641e-02
1.137979514896869659e-01
2.172350883483886719e-03
2.702915668487548828e-02
1.105278730392456055e-03
5.805747210979461670e-02
3.320753574371337891e-02
1.699012517929077148e-02
2.098402380943298340e-02
4.907906055450439453e-03
4.706341028213500977e-02
1.913905143737792969e-04
9.006731957197189331e-02
9.287595748901367188e-03
8.076035976409912109e-02
3.375864028930664062e-02
1.331738848239183426e-01
5.309998989105224609e-03
5.955272912979125977e-02
5.543798208236694336e-03
7.907615602016448975e-02
5.872559547424316406e-02
3.670746088027954102e-02
7.352946698665618896e-02
2.403067052364349365e-02
4.868954420089721680e-02
5.078434944152832031e-02
7.785924524068832397e-02
3.332540392875671387e-02
2.299642562866210938e-02
2.807766199111938477e-02
1.218419857323169708e-01
6.026983261108398438e-02
5.764049291610717773e-02
3.366380929946899414e-03
6.925155967473983765e-02
7.015961408615112305e-02
5.283612012863159180e-02
4.872876405715942383e-02
4.972042888402938843e-02
3.618484735488891602e-02
3.381550312042236328e-03
1.051078736782073975e-01
9.161680936813354492e-03
2.716475725173950195e-02
1.082324981689453125e-02
8.817411214113235474e-02
4.459232091903686523e-03
1.302611827850341797e-02
3.311920166015625000e-02
6.848857551813125610e-02
1.042693853378295898e-02
3.358823060989379883e-02
1.544317603111267090e-02
6.013169884681701660e-02
1.931226253509521484e-02
4.119336605072021484e-03
1.121917963027954102e-01
1.567509770393371582e-02
8.560508489608764648e-02
9.090125560760498047e-03
8.116668462753295898e-02
1.296040415763854980e-02
1.193761229515075684e-01
2.804362773895263672e-02
1.193335521966218948e-01
1.544946432113647461e-02
2.010554075241088867e-02
3.294345736503601074e-02
5.064853280782699585e-02
2.275270223617553711e-02
5.952537059783935547e-03
8.308278024196624756e-02
2.766986191272735596e-02
4.454898834228515625e-02
4.472553730010986328e-02
9.520903229713439941e-02
3.769418597221374512e-02
1.257371306419372559e-01
2.023005485534667969e-02
8.096069470047950745e-02
3.375589847564697266e-02
1.873952150344848633e-02
2.643901109695434570e-02
5.216408520936965942e-02
1.120507717132568359e-03
4.387843608856201172e-02
2.694860100746154785e-02
3.277422487735748291e-02
6.206208467483520508e-02
1.747739315032958984e-02
8.370824158191680908e-02
2.325049042701721191e-02
5.079656839370727539e-02
1.583099365234375000e-03
4.987317323684692383e-02
1.526358723640441895e-02
5.902820825576782227e-02
7.327616214752197266e-03
4.826143383979797363e-02
4.938596487045288086e-02
4.052382707595825195e-02
1.181185245513916016e-03
4.610943794250488281e-02
3.628206253051757812e-02
3.791505098342895508e-02
4.832135140895843506e-02
2.327089011669158936e-02
9.612119197845458984e-02
1.153051853179931641e-03
1.402217317372560501e-01
5.194729566574096680e-02
5.564767122268676758e-02
2.129489183425903320e-02
1.284693963825702667e-01
3.216737508773803711e-02
4.925626516342163086e-02
2.743896842002868652e-02
7.732452452182769775e-02
6.132620573043823242e-02
2.002823352813720703e-02
8.414679765701293945e-02
2.996970713138580322e-02
3.387176990509033203e-02
4.256486892700195312e-03
1.068563237786293030e-01
1.620572805404663086e-02
3.829842805862426758e-02
2.610623836517333984e-02
1.113846041262149811e-01
3.647267818450927734e-03
7.358843088150024414e-02
1.289919018745422363e-02
6.430366635322570801e-02
1.166957616806030273e-02
5.244976282119750977e-02
8.754070103168487549e-02
6.413251161575317383e-03
5.324190855026245117e-02
1.164990663528442383e-02
1.378836967051029205e-01
4.167956113815307617e-02
7.132446765899658203e-02
2.476632595062255859e-03
7.276751846075057983e-02
3.217798471450805664e-02
5.246323347091674805e-02
1.244366168975830078e-03
4.593933373689651489e-02
1.863706111907958984e-02
5.692100524902343750e-02
4.466274380683898926e-02
1.713901758193969727e-03
5.163741111755371094e-02
1.878815889358520508e-02
9.091971814632415771e-02
1.485985517501831055e-02
9.673613309860229492e-02
4.087722301483154297e-02
9.938097372651100159e-02
3.147211670875549316e-02
6.072282791137695312e-02
4.162642359733581543e-02
9.294247627258300781e-02
2.006423473358154297e-02
5.171549320220947266e-02
1.396650075912475586e-02
3.179599344730377197e-02
2.438527345657348633e-02
3.996199369430541992e-02
9.425650537014007568e-02
4.370315372943878174e-02
5.734652280807495117e-02
1.677066087722778320e-02
9.650754928588867188e-02
3.674653172492980957e-02
4.408663511276245117e-02
3.018933534622192383e-02
1.110086813569068909e-01
1.708167791366577148e-02
1.903963088989257812e-02
4.808005690574645996e-02
1.283971965312957764e-02
2.530199289321899414e-02
4.578644037246704102e-02
1.417320668697357178e-01
1.278643310070037842e-02
2.880495786666870117e-02
1.222252845764160156e-02
9.078444540500640869e-02
3.177264332771301270e-02
5.904585123062133789e-02
3.146427869796752930e-02
6.420357525348663330e-02
5.672061443328857422e-02
3.718990087509155273e-02
1.456665992736816406e-02
8.246325701475143433e-02
3.316658735275268555e-02
4.940676689147949219e-02
5.174039304256439209e-02
2.379094064235687256e-02
5.114382505416870117e-02
2.522832155227661133e-02
7.863165438175201416e-02
1.098927855491638184e-02
3.806793689727783203e-02
3.218239545822143555e-02
1.393086058087646961e-01
4.532217979431152344e-03
6.923621892929077148e-02
3.874534368515014648e-02
7.128443568944931030e-02
1.474827527999877930e-02
4.194331169128417969e-02
4.739329218864440918e-02
9.662598371505737305e-03
1.175427436828613281e-02
4.660373926162719727e-02
9.558188915252685547e-02
9.053349494934082031e-04
6.863874197006225586e-02
2.380192279815673828e-03
1.242288798093795776e-01
3.886282444000244141e-03
1.515823602676391602e-02
9.897202253341674805e-03
4.783906787633895874e-02
3.617107868194580078e-03
5.903178453445434570e-02
3.080311417579650879e-02
4.116195440292358398e-02
2.490347623825073242e-02
5.981796979904174805e-02
6.087686121463775635e-02
1.841238141059875488e-02
7.164108753204345703e-02
2.407222986221313477e-02
1.082984656095504761e-01
1.532360911369323730e-02
3.804296255111694336e-02
1.824519038200378418e-02
7.437650859355926514e-02
5.290240049362182617e-02
5.228507518768310547e-02
3.266277909278869629e-02
7.259438186883926392e-02
8.777558803558349609e-02
4.088759422302246094e-03
1.035250127315521240e-01
6.762146949768066406e-03
5.230039358139038086e-02
2.421903610229492188e-02
1.083444729447364807e-01
3.866639733314514160e-02
5.993884801864624023e-02
4.916071891784667969e-02
1.274121459573507309e-01
2.429425716400146484e-02
4.406428337097167969e-02
2.921837568283081055e-02
3.850879520177841187e-02
1.969599723815917969e-02
2.682107686996459961e-02
4.303576052188873291e-02
5.533243715763092041e-02
7.831382751464843750e-02
2.790391445159912109e-02
1.539235189557075500e-01
7.053703069686889648e-03
6.502008438110351562e-02
5.138337612152099609e-03
6.897355616092681885e-02
5.016231536865234375e-02
3.969031572341918945e-02
2.710554003715515137e-02
7.604204118251800537e-02
1.664322614669799805e-02
4.308158159255981445e-02
6.384307146072387695e-02
3.297920525074005127e-02
4.539149999618530273e-02
1.741957664489746094e-02
1.002370491623878479e-01
4.804277420043945312e-02
3.626948595046997070e-02
1.575231552124023438e-02
1.112122125923633575e-01
1.982998847961425781e-02
3.530853986740112305e-02
2.064067125320434570e-02
9.738166257739067078e-02
1.510405540466308594e-02
4.443091154098510742e-02
1.347133517265319824e-02
2.909605205059051514e-02
1.716250181198120117e-02
5.416870117187500000e-02
9.372742474079132080e-02
2.983023226261138916e-02
2.615475654602050781e-02
5.100685358047485352e-02
9.575179964303970337e-02
5.285441875457763672e-04
1.207590103149414062e-03
