# {'thres': 0.39943784587085246}
1.907558739185333252e-01
3.789096474647521973e-01
1.821252107620239258e-01
2.586043477058410645e-01
4.011079072952270508e-01
9.941557049751281738e-02
3.264403045177459717e-01
3.964901566505432129e-01
1.962405443191528320e-02
3.997284322977066040e-01
3.245917558670043945e-01
1.852856278419494629e-01
3.561247736215591431e-01
2.240843772888183594e-01
4.553591310977935791e-01
3.002035245299339294e-01
1.443544030189514160e-01
3.160815834999084473e-01
3.874669987708330154e-01
2.046775817871093750e-02
3.829122781753540039e-01
1.378786414861679077e-01
1.268506050109863281e-03
3.546505868434906006e-01
2.883960232138633728e-01
1.878893077373504639e-01
3.909443616867065430e-01
2.048578113317489624e-01
2.618602514266967773e-01
3.578215241432189941e-01
7.391373813152313232e-02
3.265779316425323486e-01
3.080214858055114746e-01
1.536712050437927246e-02
3.685499131679534912e-01
2.772183418273925781e-01
9.020864963531494141e-02
3.952038288116455078e-01
2.337035536766052246e-01
1.937197446823120117e-01
4.271652214229106903e-01
7.661914825439453125e-02
2.748021483421325684e-01
6.754374504089355469e-02
1.980995833873748779e-01
3.523876070976257324e-01
2.941069304943084717e-01
6.287968158721923828e-02
4.145161211490631104e-01
2.321531847119331360e-01
1.456297636032104492e-01
3.761643767356872559e-01
1.817546188831329346e-01
2.672010064125061035e-01
3.811977505683898926e-01
5.759510397911071777e-02
3.533131927251815796e-01
3.403935432434082031e-01
2.775973081588745117e-02
3.756441771984100342e-01
3.060336709022521973e-01
1.705603599548339844e-01
3.561702221632003784e-01
1.789084076881408691e-01
2.156024873256683350e-01
3.948481082916259766e-01
1.613065600395202637e-01
2.995462715625762939e-01
3.709413968026638031e-01
1.093804836273193359e-02
3.049360513687133789e-01
3.531477078795433044e-01
3.840315341949462891e-02
3.715783059597015381e-01
2.650463730096817017e-01
1.905024945735931396e-01
3.858837485313415527e-01
1.916063427925109863e-01
2.757038176059722900e-01
3.482686877250671387e-01
9.008011221885681152e-02
3.382296264171600342e-01
3.745112419128417969e-01
7.054051756858825684e-02
3.624186068773269653e-01
2.567027807235717773e-01
3.982913494110107422e-02
4.398799538612365723e-01
1.838980317115783691e-01
2.122680544853210449e-01
3.649101033806800842e-01
1.145421266555786133e-01
2.877959609031677246e-01
3.756432235240936279e-01
2.521622180938720703e-02
2.960317730903625488e-01
3.387796096503734589e-01
9.267956018447875977e-02
3.821104168891906738e-01
2.042442262172698975e-01
1.084271669387817383e-01
4.063704013824462891e-01
1.201671808958053589e-01
2.374129891395568848e-01
3.688874840736389160e-01
9.813240170478820801e-02
3.059819340705871582e-01
3.201840519905090332e-01
1.575797796249389648e-02
3.968247026205062866e-01
3.100748658180236816e-01
1.270394921302795410e-01
3.891379982233047485e-01
1.884194016456604004e-01
1.979979276657104492e-01
3.729641214013099670e-01
1.388354897499084473e-01
3.059465289115905762e-01
3.740152493119239807e-01
4.846870899200439453e-03
3.252077102661132812e-01
3.716296534985303879e-01
8.367693424224853516e-02
3.694551587104797363e-01
2.474145367741584778e-01
1.655064821243286133e-01
4.038270711898803711e-01
1.645581573247909546e-01
2.711178064346313477e-01
3.960685133934020996e-01
7.857853174209594727e-02
3.536508381366729736e-01
3.508179783821105957e-01
4.251685738563537598e-02
3.544084280729293823e-01
2.937017083168029785e-01
6.768052279949188232e-02
4.947803616523742676e-01
2.267796993255615234e-01
2.586493194103240967e-01
4.017859287559986115e-01
6.989151239395141602e-02
2.616316974163055420e-01
3.857600428164005280e-01
2.271312475204467773e-02
3.178386390209197998e-01
3.564239069819450378e-01
1.250833272933959961e-01
3.656350374221801758e-01
2.537683323025703430e-01
1.705717742443084717e-01
3.401736021041870117e-01
2.212360799312591553e-01
2.938402593135833740e-01
3.458039164543151855e-01
8.763347566127777100e-02
3.267705440521240234e-01
3.288954496383666992e-01
3.075224161148071289e-02
3.772396296262741089e-01
3.001367449760437012e-01
1.291840970516204834e-01
3.697392493486404419e-01
2.339770197868347168e-01
2.091226577758789062e-01
3.765774518251419067e-01
9.335005283355712891e-02
2.287516593933105469e-01
3.712340220808982849e-01
2.706795930862426758e-02
3.754367828369140625e-01
3.230247162282466888e-01
8.917260169982910156e-02
3.865123987197875977e-01
2.687869966030120850e-01
1.767361164093017578e-01
4.166295528411865234e-01
2.085765153169631958e-01
2.840488255023956299e-01
2.995955944061279297e-01
9.852874279022216797e-02
3.295149803161621094e-01
3.680236935615539551e-01
4.697310924530029297e-02
3.804375529289245605e-01
2.517581582069396973e-01
1.124822199344635010e-01
4.166586622595787048e-01
2.247609496116638184e-01
2.093123197555541992e-01
3.967678248882293701e-01
1.253794431686401367e-01
2.830294668674468994e-01
3.666710592806339264e-01
3.804361820220947266e-02
3.645776510238647461e-01
2.783276215195655823e-01
9.096997976303100586e-02
3.511481285095214844e-01
2.633788362145423889e-01
1.682676970958709717e-01
4.137776494026184082e-01
1.897121965885162354e-01
3.014795184135437012e-01
3.912031650543212891e-01
4.978533089160919189e-02
3.221304416656494141e-01
3.495877385139465332e-01
1.123070716857910156e-03
4.031714648008346558e-01
3.328007459640502930e-01
1.269956231117248535e-01
3.939011991024017334e-01
2.267038226127624512e-01
1.741612255573272705e-01
4.282369203865528107e-01
9.181553125381469727e-02
2.618336975574493408e-01
3.816169165074825287e-01
2.377450466156005859e-02
3.463484048843383789e-01
3.287504427134990692e-01
3.292685747146606445e-02
4.249483048915863037e-01
2.755758464336395264e-01
2.174108326435089111e-01
3.826219439506530762e-01
1.939858496189117432e-01
2.706798017024993896e-01
4.017443060874938965e-01
2.925679087638854980e-02
3.356100171804428101e-01
2.979888319969177246e-01
1.549169421195983887e-02
3.842352926731109619e-01
3.002572059631347656e-01
1.344972252845764160e-01
3.960454463958740234e-01
2.395513057708740234e-01
2.156768739223480225e-01
4.191350415349006653e-01
1.189854145050048828e-01
2.712594270706176758e-01
3.857606388628482819e-01
1.713454723358154297e-03
3.398680686950683594e-01
3.170876577496528625e-01
1.081826090812683105e-01
3.377743363380432129e-01
2.504332736134529114e-01
1.691190600395202637e-01
3.635522127151489258e-01
1.715901941061019897e-01
2.588674128055572510e-01
4.140704274177551270e-01
2.642482519149780273e-02
3.465278893709182739e-01
3.151075839996337891e-01
1.408976316452026367e-02
3.918761610984802246e-01
2.932156324386596680e-01
1.206423044204711914e-01
3.891673088073730469e-01
2.094654440879821777e-01
2.016737163066864014e-01
4.176560714840888977e-01
2.852883934974670410e-01
3.783591687679290771e-01
3.960093390196561813e-01
1.020967960357666016e-03
3.428506255149841309e-01
3.440659716725349426e-01
5.103391408920288086e-02
3.832160830497741699e-01
2.708149477839469910e-01
2.023995220661163330e-01
3.699495196342468262e-01
1.599068343639373779e-01
2.795152962207794189e-01
3.542657494544982910e-01
7.268843054771423340e-02
3.104443252086639404e-01
2.266550064086914062e-02
7.437035441398620605e-02
1.561867892742156982e-01
3.705995678901672363e-01
1.391299962997436523e-01
4.218654707074165344e-01
1.855114698410034180e-01
2.192027568817138672e-01
7.989728450775146484e-02
2.565555572509765625e-01
3.018651604652404785e-01
3.687377236783504486e-01
5.101931095123291016e-02
3.786426484584808350e-01
2.889143899083137512e-01
3.556269407272338867e-02
4.143165349960327148e-01
2.407361268997192383e-01
1.463741660118103027e-01
4.271854162216186523e-01
1.305925846099853516e-01
2.102303206920623779e-01
3.993396759033203125e-01
1.029977053403854370e-01
3.640523105859756470e-01
3.194261789321899414e-01
1.488631963729858398e-02
3.488373458385467529e-01
3.522913455963134766e-01
1.427989602088928223e-01
4.076372683048248291e-01
1.816394925117492676e-01
2.279138267040252686e-01
3.556558191776275635e-01
1.581668853759765625e-01
2.879480421543121338e-01
3.552515208721160889e-01
1.473248004913330078e-02
3.451316952705383301e-01
3.232890851795673370e-01
5.700993537902832031e-02
3.689581155776977539e-01
2.915906831622123718e-01
1.781005561351776123e-01
4.144763350486755371e-01
1.472719758749008179e-01
2.621419131755828857e-01
3.718190789222717285e-01
8.284316956996917725e-02
3.295354247093200684e-01
3.915209770202636719e-01
3.894332051277160645e-02
3.528313040733337402e-01
2.821348309516906738e-01
7.979702949523925781e-02
4.096160456538200378e-01
2.386153936386108398e-01
1.963355541229248047e-01
3.978375345468521118e-01
1.185904145240783691e-01
2.986712455749511719e-01
3.327882066369056702e-01
4.775297641754150391e-02
3.631224334239959717e-01
2.777603864669799805e-01
7.504379749298095703e-02
3.565325438976287842e-01
2.600479647517204285e-01
1.786917150020599365e-01
4.225780069828033447e-01
1.934997215867042542e-01
2.504118382930755615e-01
4.006033539772033691e-01
3.826704621315002441e-02
3.242596983909606934e-01
3.468458056449890137e-01
6.210592389106750488e-02
3.404399901628494263e-01
5.193763971328735352e-02
2.459785342216491699e-02
4.102180451154708862e-01
2.188951969146728516e-01
2.020677924156188965e-01
3.607848435640335083e-01
1.406254768371582031e-01
2.950893342494964600e-01
3.745612241327762604e-01
3.154152631759643555e-02
3.377216458320617676e-01
3.899507208261638880e-01
8.763426542282104492e-02
3.725920319557189941e-01
2.331221550703048706e-01
1.358231902122497559e-01
4.073441028594970703e-01
1.586574018001556396e-01
2.449443936347961426e-01
3.388606309890747070e-01
6.074225902557373047e-02
3.227812349796295166e-01
3.614311218261718750e-01
1.360180974006652832e-02
4.214814901351928711e-01
2.576594352722167969e-01
1.125222742557525635e-01
4.359093308448791504e-01
1.653682589530944824e-01
1.975363790988922119e-01
3.668790236115455627e-01
1.640625596046447754e-01
2.794230878353118896e-01
3.905853144824504852e-01
3.696864843368530273e-02
3.388828039169311523e-01
3.052280992269515991e-01
9.033358097076416016e-02
3.694324195384979248e-01
2.727525383234024048e-01
1.689208745956420898e-01
3.933489918708801270e-01
1.813735514879226685e-01
2.433898448944091797e-01
3.964999914169311523e-01
5.874539911746978760e-02
3.259700536727905273e-01
3.389557600021362305e-01
1.494431495666503906e-02
3.629555404186248779e-01
2.990875244140625000e-01
1.284063160419464111e-01
4.292043894529342651e-01
1.351979970932006836e-01
1.569577157497406006e-01
4.277059100568294525e-01
1.150101423263549805e-01
3.092013299465179443e-01
3.716915957629680634e-01
7.440882921218872070e-02
3.776469230651855469e-01
3.235875666141510010e-01
6.829357147216796875e-02
3.828992843627929688e-01
2.565968260169029236e-01
1.425893902778625488e-01
3.716115951538085938e-01
1.831780821084976196e-01
2.655981779098510742e-01
3.731838464736938477e-01
1.113164424896240234e-01
3.352655768394470215e-01
3.421343564987182617e-01
5.529755353927612305e-02
2.890508770942687988e-01
3.305387496948242188e-01
3.237965703010559082e-02
4.320619404315948486e-01
2.288673520088195801e-01
1.925087869167327881e-01
4.029686152935028076e-01
1.472938656806945801e-01
2.521698474884033203e-01
4.008701294660568237e-01
1.191949844360351562e-02
3.390306830406188965e-01
3.401980698108673096e-01
9.413820505142211914e-02
3.614383935928344727e-01
1.113450080156326294e-01
9.363609552383422852e-02
4.398364424705505371e-01
1.251332759857177734e-01
2.525316476821899414e-01
3.859664201736450195e-01
7.185882329940795898e-02
3.073656260967254639e-01
3.688175082206726074e-01
4.104179143905639648e-02
3.407423198223114014e-01
2.776191830635070801e-01
7.554653286933898926e-02
3.036174923181533813e-01
2.216490507125854492e-01
1.757853329181671143e-01
4.599855262786149979e-01
1.149750351905822754e-01
3.330658972263336182e-01
4.009140045382082462e-01
3.409206867218017578e-03
3.493410646915435791e-01
3.046930655837059021e-01
5.494767427444458008e-02
4.044396281242370605e-01
2.826397828757762909e-01
1.419033408164978027e-01
4.099872112274169922e-01
1.869830340147018433e-01
2.337712943553924561e-01
3.901101350784301758e-01
9.209947288036346436e-02
3.025181889533996582e-01
3.402494192123413086e-01
1.845866441726684570e-02
3.789258301258087158e-01
3.078615069389343262e-01
1.511405110359191895e-01
3.767018020153045654e-01
2.122839689254760742e-01
2.608499825000762939e-01
3.692147806286811829e-01
8.766120672225952148e-02
2.697015702724456787e-01
3.672316372394561768e-01
4.823052883148193359e-02
3.353385627269744873e-01
3.365984931588172913e-01
6.265437602996826172e-02
3.555562496185302734e-01
2.506140395998954773e-01
1.960291266441345215e-01
4.033166766166687012e-01
1.735893785953521729e-01
2.229195833206176758e-01
4.256273508071899414e-01
4.433870315551757812e-02
3.139157295227050781e-01
3.387942910194396973e-01
9.592026472091674805e-03
3.691805154085159302e-01
2.961128950119018555e-01
1.406217515468597412e-01
3.584311306476593018e-01
2.221097946166992188e-01
1.761539578437805176e-01
3.921702355146408081e-01
8.265727758407592773e-02
3.024834394454956055e-01
3.250016570091247559e-01
1.103115081787109375e-02
3.232188522815704346e-01
1.684319972991943359e-02
8.952885866165161133e-02
3.961323201656341553e-01
2.742278873920440674e-01
1.624424457550048828e-01
3.912054598331451416e-01
1.752351820468902588e-01
2.698869407176971436e-01
3.713302016258239746e-01
6.922028958797454834e-02
4.467262178659439087e-01
3.190387487411499023e-01
1.011103391647338867e-03
3.862043768167495728e-01
3.081758022308349609e-01
1.063264310359954834e-01
4.212349876761436462e-01
2.174549698829650879e-01
2.007188498973846436e-01
4.017734676599502563e-01
1.165477037429809570e-01
2.563413679599761963e-01
4.134293403476476669e-01
1.026713848114013672e-02
3.295596539974212646e-01
3.274172581732273102e-01
5.714553594589233398e-02
4.137182831764221191e-01
2.393956780433654785e-01
1.529340147972106934e-01
3.690993189811706543e-01
1.820468902587890625e-01
2.869859635829925537e-01
2.582769989967346191e-01
1.294389963150024414e-01
1.708319187164306641e-01
4.249718189239501953e-01
9.588450193405151367e-03
3.663252592086791992e-01
2.821571826934814453e-01
1.050760746002197266e-01
4.149636477231979370e-01
2.289844155311584473e-01
3.435665369033813477e-01
3.550284355878829956e-01
1.076213121414184570e-01
2.547427713871002197e-01
3.907140120863914490e-01
3.740960359573364258e-02
3.435334861278533936e-01
3.380097486078739166e-01
5.836248397827148438e-02
4.039748311042785645e-01
2.305118814110755920e-01
2.079194188117980957e-01
4.141311645507812500e-01
1.492609828710556030e-01
2.208976447582244873e-01
4.183423519134521484e-01
8.252319693565368652e-02
3.279377222061157227e-01
3.488979935646057129e-01
7.115483283996582031e-02
3.528931438922882080e-01
2.712275981903076172e-01
1.071597933769226074e-01
3.765464574098587036e-01
2.841392159461975098e-01
2.053122818470001221e-01
4.208833165466785431e-01
1.130884289741516113e-01
2.999772429466247559e-01
4.030501870438456535e-01
5.878388881683349609e-03
3.414557278156280518e-01
3.282645232975482941e-01
7.640665769577026367e-02
3.774541616439819336e-01
2.430780306458473206e-01
1.639189422130584717e-01
4.035207629203796387e-01
1.813309192657470703e-01
2.527976334095001221e-01
3.859596252441406250e-01
3.363144397735595703e-02
2.701809108257293701e-01
3.956110477447509766e-01
2.706480026245117188e-02
1.212621629238128662e-01
3.681829571723937988e-01
1.173894107341766357e-01
3.822729140520095825e-01
1.960440278053283691e-01
1.656073033809661865e-01
4.473588019609451294e-01
1.036269664764404297e-01
2.579615414142608643e-01
3.800953552126884460e-01
2.188342809677124023e-02
3.627891242504119873e-01
3.490962535142898560e-01
5.519920587539672852e-02
3.756086230278015137e-01
2.653734460473060608e-01
1.060140728950500488e-01
4.552727341651916504e-01
1.801781356334686279e-01
2.623393833637237549e-01
4.017722606658935547e-01
9.654672443866729736e-02
3.875589370727539062e-01
3.506072163581848145e-01
4.651796817779541016e-02
4.010455757379531860e-01
2.689218521118164062e-01
8.970147371292114258e-02
4.168143197894096375e-01
2.258775234222412109e-01
2.177923917770385742e-01
3.964275717735290527e-01
1.126357913017272949e-01
2.718636095523834229e-01
4.158657966181635857e-01
7.246303558349609375e-02
3.823134005069732666e-01
3.276480026543140411e-01
8.304953575134277344e-02
3.809797465801239014e-01
2.563134804368019104e-01
1.951918900012969971e-01
3.723681569099426270e-01
2.096788436174392700e-01
2.791436910629272461e-01
3.957034349441528320e-01
7.283601164817810059e-02
3.154821991920471191e-01
6.400734186172485352e-02
7.606551051139831543e-02
3.866422176361083984e-01
2.853466868400573730e-01
1.758791506290435791e-01
3.676356971263885498e-01
2.409468889236450195e-01
3.129845857620239258e-01
3.655576780438423157e-01
1.407818198204040527e-01
2.494233846664428711e-01
4.109070003032684326e-01
6.340414285659790039e-02
3.903803229331970215e-01
2.980857789516448975e-01
7.261943817138671875e-02
3.994153439998626709e-01
2.579810544848442078e-01
1.964221894741058350e-01
4.023988842964172363e-01
1.643736511468887329e-01
2.316583693027496338e-01
4.142011404037475586e-01
1.157251149415969849e-01
3.704756796360015869e-01
3.627141714096069336e-01
3.354102373123168945e-02
3.609336018562316895e-01
3.045921325683593750e-01
9.470927715301513672e-02
4.553552120923995972e-01
1.971338391304016113e-01
2.196836173534393311e-01
3.975763469934463501e-01
9.709912538528442383e-02
1.741682589054107666e-01
3.803286552429199219e-01
5.859386920928955078e-02
3.665109276771545410e-01
3.013539835810661316e-01
3.633677959442138672e-03
3.990918397903442383e-01
2.590822055935859680e-01
1.769587397575378418e-01
3.916464447975158691e-01
1.773512065410614014e-01
2.257006168365478516e-01
3.854145407676696777e-01
9.234689176082611084e-02
3.290342986583709717e-01
3.893069624900817871e-01
5.154755711555480957e-02
3.546296954154968262e-01
3.040567040443420410e-01
1.235496401786804199e-01
4.029176011681556702e-01
4.877305030822753906e-02
2.356835007667541504e-01
7.570403814315795898e-02
1.618981957435607910e-01
2.033938169479370117e-01
4.137914776802062988e-01
6.488394737243652344e-02
3.725205659866333008e-01
3.484786860644817352e-01
1.217229962348937988e-01
3.736871778964996338e-01
2.802236303687095642e-01
1.844650804996490479e-01
3.617671728134155273e-01
2.178185135126113892e-01
2.972458899021148682e-01
4.003198742866516113e-01
5.582100152969360352e-02
3.412900567054748535e-01
3.081517815589904785e-01
2.938836812973022461e-03
4.006585925817489624e-01
2.718293070793151855e-01
1.185960173606872559e-01
3.893904983997344971e-01
1.909908056259155273e-01
1.798964440822601318e-01
3.896422237157821655e-01
1.259638667106628418e-01
2.741700410842895508e-01
3.267973139882087708e-01
3.374975919723510742e-02
3.614102602005004883e-01
2.971139699220657349e-01
5.366045236587524414e-02
3.784906268119812012e-01
2.710639610886573792e-01
2.127684056758880615e-01
3.825611472129821777e-01
1.673942506313323975e-01
2.335165143013000488e-01
3.773353099822998047e-01
1.190384626388549805e-01
3.578737974166870117e-01
3.636807799339294434e-01
2.038592100143432617e-02
3.607459962368011475e-01
3.027278780937194824e-01
1.161743402481079102e-01
4.070307686924934387e-01
2.564457058906555176e-01
2.674305140972137451e-01
1.460897624492645264e-01
2.345087528228759766e-01
2.820156514644622803e-01
3.818172030150890350e-01
3.306925296783447266e-03
3.297311663627624512e-01
3.584322389215230942e-01
8.182668685913085938e-02
4.102156460285186768e-01
2.381152138113975525e-01
1.536605954170227051e-01
4.394642710685729980e-01
1.181494593620300293e-01
2.680564820766448975e-01
3.765786290168762207e-01
5.264890193939208984e-02
2.574637234210968018e-01
3.937191963195800781e-01
6.217804551124572754e-02
3.419207632541656494e-01
3.613887429237365723e-01
1.787995100021362305e-01
3.885307610034942627e-01
2.327582836151123047e-01
1.939387023448944092e-01
4.019156172871589661e-01
1.282938718795776367e-01
2.982635200023651123e-01
3.835453279316425323e-01
4.447388648986816406e-02
3.552504479885101318e-01
3.438519351184368134e-01
6.667387485504150391e-02
3.996718525886535645e-01
2.974816523492336273e-01
2.145022451877593994e-01
4.019663333892822266e-01
1.684216409921646118e-01
2.565945088863372803e-01
3.801119923591613770e-01
4.001942276954650879e-02
2.835100293159484863e-01
2.940666675567626953e-02
1.242641806602478027e-01
3.961445689201354980e-01
2.657369971275329590e-01
1.346114277839660645e-01
4.134839102625846863e-01
1.865998506546020508e-01
1.970095336437225342e-01
3.989374339580535889e-01
1.169130802154541016e-01
2.954429388046264648e-01
3.576180599629878998e-01
4.368674755096435547e-02
3.802449703216552734e-01
3.110348545014858246e-01
1.012153029441833496e-01
3.414346873760223389e-01
2.741648107767105103e-01
1.655329763889312744e-01
4.273748695850372314e-01
1.672225594520568848e-01
2.659272253513336182e-01
1.172326803207397461e-01
1.447793245315551758e-01
3.206040561199188232e-01
3.011949062347412109e-01
2.092650532722473145e-02
3.776243776082992554e-01
2.980423569679260254e-01
1.408644020557403564e-01
4.101395383477210999e-01
2.001874446868896484e-01
2.367117106914520264e-01
3.521490544080734253e-01
1.216051578521728516e-01
2.735304236412048340e-01
3.864292539656162262e-01
3.845036029815673828e-03
3.392697870731353760e-01
3.098101913928985596e-01
4.909723997116088867e-02
3.803039491176605225e-01
2.436951622366905212e-01
1.201626062393188477e-01
4.058277010917663574e-01
1.935598254203796387e-01
5.471267402172088623e-01
2.373926639556884766e-01
1.280959546566009521e-01
3.908649682998657227e-01
3.139996528625488281e-01
3.814813494682312012e-02
3.062603175640106201e-01
3.075107336044311523e-01
1.040408909320831299e-01
4.187954589724540710e-01
2.165215611457824707e-01
2.621520161628723145e-01
3.381173312664031982e-01
1.520103216171264648e-02
2.185969054698944092e-01
3.379587009549140930e-01
6.449186801910400391e-02
3.477410972118377686e-01
3.310236521065235138e-01
5.938458442687988281e-02
4.096614420413970947e-01
2.872091270983219147e-01
2.004368603229522705e-01
4.273583590984344482e-01
9.765490889549255371e-02
1.210123598575592041e-01
4.086857438087463379e-01
6.736347079277038574e-02
3.427743017673492432e-01
3.392557501792907715e-01
5.288347601890563965e-02
3.671658039093017578e-01
2.699801325798034668e-01
6.502509117126464844e-02
4.297537431120872498e-01
2.306786775588989258e-01
2.305518090724945068e-01
4.197669960558414459e-01
9.993755817413330078e-02
2.808292508125305176e-01
3.587011620402336121e-01
2.178043127059936523e-02
3.585542738437652588e-01
3.125612586736679077e-01
1.250761747360229492e-01
3.694875240325927734e-01
2.489991933107376099e-01
1.586639285087585449e-01
2.413387894630432129e-01
2.491332292556762695e-01
2.837184071540832520e-01
3.574678301811218262e-01
1.117704212665557861e-01
3.568029105663299561e-01
3.176712989807128906e-01
2.394306659698486328e-02
3.523076921701431274e-01
3.321300148963928223e-01
1.262387335300445557e-01
4.004294425249099731e-01
2.103658318519592285e-01
2.330961823463439941e-01
4.338903855532407761e-01
8.416277170181274414e-02
2.954461276531219482e-01
3.822532705962657928e-01
3.211200237274169922e-03
1.353912055492401123e-01
4.179042875766754150e-01
8.636331558227539062e-02
4.031090140342712402e-01
2.272398024797439575e-01
1.558361351490020752e-01
2.396930456161499023e-01
2.330295443534851074e-01
2.793063521385192871e-01
3.409971594810485840e-01
1.041612625122070312e-01
3.354418277740478516e-01
3.584870100021362305e-01
2.876123785972595215e-02
3.797648698091506958e-01
3.011604547500610352e-01
1.269145607948303223e-01
4.025048017501831055e-01
2.022554874420166016e-01
2.071165442466735840e-01
4.322335124015808105e-01
1.465984582901000977e-01
3.027149438858032227e-01
3.664164915680885315e-01
2.900499105453491211e-02
3.421858549118041992e-01
3.712634835392236710e-01
8.068239688873291016e-02
4.082656204700469971e-01
2.240980640053749084e-01
2.448330819606781006e-01
3.783612251281738281e-01
1.618533283472061157e-01
2.808678746223449707e-01
3.621007204055786133e-01
1.068679541349411011e-01
3.368725478649139404e-01
3.653114438056945801e-01
3.705483675003051758e-02
3.673656433820724487e-01
2.578745484352111816e-01
7.956415414810180664e-02
4.050875306129455566e-01
2.197217941284179688e-01
2.134714424610137939e-01
3.760823458433151245e-01
1.759342551231384277e-01
2.874055802822113037e-01
4.326662824023514986e-01
2.609652280807495117e-02
3.433293998241424561e-01
3.319762796163558960e-01
6.971484422683715820e-02
3.981486558914184570e-01
2.605663388967514038e-01
1.489132642745971680e-01
3.903787732124328613e-01
2.088334113359451294e-01
2.751727998256683350e-01
3.862076401710510254e-01
7.807104289531707764e-02
3.161853253841400146e-01
3.745042085647583008e-01
1.206570863723754883e-02
3.808954358100891113e-01
2.738495469093322754e-01
1.118163764476776123e-01
3.579038232564926147e-01
2.674716711044311523e-01
2.321758866310119629e-01
4.143555276095867157e-01
1.423850059509277344e-01
3.140533566474914551e-01
3.369830995798110962e-01
2.443236112594604492e-02
3.070130646228790283e-01
5.847272276878356934e-02
7.245451211929321289e-02
3.573645949363708496e-01
3.168888948857784271e-01
1.600033044815063477e-01
3.960802555084228516e-01
1.962935626506805420e-01
2.592849731445312500e-01
3.983147144317626953e-01
8.888418972492218018e-02
3.224767148494720459e-01
3.724414110183715820e-02
1.137140691280364990e-01
3.829936832189559937e-01
2.966004014015197754e-01
1.569559276103973389e-01
4.157456085085868835e-01
1.925441026687622070e-01
1.891565918922424316e-01
4.036068767309188843e-01
1.761924028396606445e-01
3.291281163692474365e-01
3.612644821405410767e-01
4.703080654144287109e-02
3.996727168560028076e-01
3.162770271301269531e-01
7.747709751129150391e-02
3.839536309242248535e-01
2.532085776329040527e-01
1.692446172237396240e-01
4.062848091125488281e-01
1.936176270246505737e-01
2.550931274890899658e-01
4.017530083656311035e-01
6.969159841537475586e-02
3.117174804210662842e-01
3.432054519653320312e-01
5.297386646270751953e-02
3.899912387132644653e-01
2.907161116600036621e-01
1.323519051074981689e-01
3.733814805746078491e-01
2.099995613098144531e-01
1.961985528469085693e-01
4.211815893650054932e-01
1.396772861480712891e-01
3.010491430759429932e-01
1.095614433288574219e-01
1.355866789817810059e-01
3.477064371109008789e-01
3.211772218346595764e-01
9.416562318801879883e-02
3.577266335487365723e-01
2.642479985952377319e-01
1.650705039501190186e-01
3.918074369430541992e-01
1.581984460353851318e-01
2.302802205085754395e-01
4.053717255592346191e-01
2.044570446014404297e-02
3.485223799943923950e-01
3.557060360908508301e-01
3.882813453674316406e-02
3.713661283254623413e-01
3.033673763275146484e-01
1.392848193645477295e-01
3.610531389713287354e-01
2.477687597274780273e-01
2.454182207584381104e-01
3.940359801054000854e-01
1.717152595520019531e-01
2.911670207977294922e-01
3.637747764587402344e-01
4.947996139526367188e-02
3.701919317245483398e-01
2.984491288661956787e-01
8.994138240814208984e-02
3.658265471458435059e-01
2.763933688402175903e-01
1.862630546092987061e-01
3.713101148605346680e-01
1.793967336416244507e-01
2.540028095245361328e-01
3.949417471885681152e-01
7.781882584095001221e-02
2.963859438896179199e-01
3.455151319503784180e-01
3.876399993896484375e-02
3.781059831380844116e-01
2.833257913589477539e-01
9.785559773445129395e-02
4.054804742336273193e-01
2.249228358268737793e-01
2.171489298343658447e-01
3.491096198558807373e-01
1.385700106620788574e-01
3.290737569332122803e-01
3.170656189322471619e-01
4.636394977569580078e-02
3.518578708171844482e-01
3.169405907392501831e-01
1.170139908790588379e-01
3.576798737049102783e-01
2.725599929690361023e-01
1.850999295711517334e-01
3.934196829795837402e-01
2.043053433299064636e-01
2.361616790294647217e-01
4.246896505355834961e-01
4.647728800773620605e-02
3.210059702396392822e-01
3.405151963233947754e-01
3.366878628730773926e-02
3.790687471628189087e-01
4.793405532836914062e-02
1.605218946933746338e-01
4.818278700113296509e-01
2.123066782951354980e-01
2.359410524368286133e-01
4.130777269601821899e-01
1.061137318611145020e-01
2.916161417961120605e-01
3.708568215370178223e-01
3.916621208190917969e-03
3.358110487461090088e-01
3.652874249964952469e-01
8.405727148056030273e-02
3.919885158538818359e-01
1.199925243854522705e-01
3.589811921119689941e-02
1.692529320716857910e-01
2.747572064399719238e-01
2.404661178588867188e-01
4.072567224502563477e-01
7.072094082832336426e-02
3.142232596874237061e-01
3.490226268768310547e-01
3.566187620162963867e-02
3.566565513610839844e-01
2.720070481300354004e-01
1.221968829631805420e-01
3.830414712429046631e-01
2.304484248161315918e-01
2.324866354465484619e-01
4.154368862509727478e-01
7.287812232971191406e-02
2.642493247985839844e-01
3.698118366301059723e-01
1.209264993667602539e-02
3.529087305068969727e-01
3.313521444797515869e-01
7.206398248672485352e-02
4.245438277721405029e-01
2.718938849866390228e-01
1.758887767791748047e-01
4.037826061248779297e-01
1.529624015092849731e-01
2.389717996120452881e-01
4.165470600128173828e-01
3.630247712135314941e-02
3.178433775901794434e-01
3.713930249214172363e-01
3.452053666114807129e-02
3.855629861354827881e-01
2.843283414840698242e-01
1.556210815906524658e-01
3.979129567742347717e-01
2.022612094879150391e-01
2.214420735836029053e-01
4.077555760741233826e-01
1.249504089355468750e-01
2.010899484157562256e-01
3.363342136144638062e-01
7.292217016220092773e-02
3.556466400623321533e-01
3.301105648279190063e-01
8.624559640884399414e-02
4.383521974086761475e-01
2.272195592522621155e-01
1.318399906158447266e-01
3.895099461078643799e-01
1.988314390182495117e-01
2.641509473323822021e-01
3.670578598976135254e-01
1.045523881912231445e-01
3.127371370792388916e-01
3.452811241149902344e-01
2.699276804924011230e-02
3.896375596523284912e-01
1.012061834335327148e-01
2.010649442672729492e-02
3.897407948970794678e-01
1.961996555328369141e-01
2.318598330020904541e-01
3.981999903917312622e-01
1.065857410430908203e-01
2.845639586448669434e-01
3.421410396695137024e-01
3.058832883834838867e-02
3.642430305480957031e-01
3.065132722258567810e-01
9.496366977691650391e-02
3.863284885883331299e-01
2.812454439699649811e-01
1.825897693634033203e-01
3.930490612983703613e-01
1.864296793937683105e-01
2.943819463253021240e-01
3.747603893280029297e-01
8.180250227451324463e-02
3.193518519401550293e-01
4.083759188652038574e-01
3.880658745765686035e-02
4.167698770761489868e-01
3.008017539978027344e-01
1.633585095405578613e-01
4.154311046004295349e-01
2.404131889343261719e-01
2.370533645153045654e-01
3.901452943682670593e-01
1.358818411827087402e-01
2.894250452518463135e-01
3.692595101892948151e-01
2.657151222229003906e-02
3.371841311454772949e-01
3.069455847144126892e-01
5.560851097106933594e-02
4.189073145389556885e-01
2.769000977277755737e-01
1.485373973846435547e-01
4.023551940917968750e-01
1.465460658073425293e-01
1.183843016624450684e-01
3.729265332221984863e-01
8.664593100547790527e-02
3.137532472610473633e-01
3.857715725898742676e-01
3.822314739227294922e-02
4.264522045850753784e-01
2.805863022804260254e-01
1.148863434791564941e-01
3.914802074432373047e-01
2.476197481155395508e-01
2.304130494594573975e-01
4.268680140376091003e-01
1.336260437965393066e-01
3.392964005470275879e-01
3.664937391877174377e-01
1.286751031875610352e-02
3.928172588348388672e-01
3.152007423341274261e-01
8.102148771286010742e-02
3.715835213661193848e-01
2.878102436661720276e-01
1.502739191055297852e-01
4.009692370891571045e-01
1.416881382465362549e-01
2.544816136360168457e-01
6.576901674270629883e-02
2.414579242467880249e-01
3.327314853668212891e-01
3.513653278350830078e-01
4.729676246643066406e-02
4.075115025043487549e-01
2.725624442100524902e-01
1.253116726875305176e-01
4.228901863098144531e-01
1.759108901023864746e-01
1.939286291599273682e-01
3.657547384500503540e-01
1.735681295394897461e-02
3.959487378597259521e-01
2.784709110856056213e-01
3.728109598159790039e-02
1.393782794475555420e-01
4.037026166915893555e-01
2.301383018493652344e-01
4.811219871044158936e-01
2.817232161760330200e-01
1.624724864959716797e-01
4.200311303138732910e-01
2.038991302251815796e-01
2.986116111278533936e-01
3.396762013435363770e-01
9.610167145729064941e-02
2.950572967529296875e-01
3.481122255325317383e-01
3.931760787963867188e-03
3.900449275970458984e-01
2.778877615928649902e-01
1.284377276897430420e-01
3.756346106529235840e-01
1.923557519912719727e-01
2.188716530799865723e-01
4.075903818011283875e-01
1.182810068130493164e-01
3.316531479358673096e-01
4.130944502539932728e-01
5.557006597518920898e-02
3.819579780101776123e-01
3.330780416727066040e-01
9.239208698272705078e-02
3.656531870365142822e-01
2.407468259334564209e-01
1.591011285781860352e-01
3.926685750484466553e-01
1.623686105012893677e-01
2.761631906032562256e-01
4.067330956459045410e-01
1.347500085830688477e-02
3.517534285783767700e-01
3.378721475601196289e-01
2.124273031949996948e-01
4.531392604112625122e-01
2.641937732696533203e-01
9.290710091590881348e-02
3.768432438373565674e-01
1.985432505607604980e-01
2.131474018096923828e-01
3.896605446934700012e-01
1.167227625846862793e-01
2.681334912776947021e-01
3.822099976241588593e-01
1.106590032577514648e-02
3.235071599483489990e-01
3.329170309007167816e-01
6.131905317306518555e-02
4.079304337501525879e-01
2.566367983818054199e-01
1.782037019729614258e-01
3.995510935783386230e-01
1.629992574453353882e-01
2.108514606952667236e-01
4.189181327819824219e-01
3.480422496795654297e-02
2.892642021179199219e-01
3.323782682418823242e-01
2.087193727493286133e-02
3.514685183763504028e-01
3.187541365623474121e-01
1.603440046310424805e-01
3.705491125583648682e-01
2.271994352340698242e-01
2.077279090881347656e-01
3.828001469373703003e-01
1.424797177314758301e-01
2.908623516559600830e-01
3.313245102763175964e-01
3.564953804016113281e-02
3.361082375049591064e-01
3.228333741426467896e-01
5.698615312576293945e-02
3.914035260677337646e-01
2.430423051118850708e-01
1.645925641059875488e-01
3.914553821086883545e-01
1.582374423742294312e-01
2.483039498329162598e-01
3.848359584808349609e-01
1.007599681615829468e-01
3.695674836635589600e-01
7.072865962982177734e-03
1.234594285488128662e-01
3.647536486387252808e-01
2.515007853507995605e-01
1.106297671794891357e-01
4.281733930110931396e-01
1.951959729194641113e-01
2.028096914291381836e-01
3.993040695786476135e-01
1.524235010147094727e-01
2.764761447906494141e-01
3.819265067577362061e-01
6.541609764099121094e-04
1.268698573112487793e-01
4.062484577298164368e-01
7.224321365356445312e-02
4.139837324619293213e-01
2.692160233855247498e-01
2.403341531753540039e-01
3.826751708984375000e-01
1.562262177467346191e-01
2.456965744495391846e-01
3.986653089523315430e-01
5.944523215293884277e-02
3.200455307960510254e-01
3.061236143112182617e-01
3.611940145492553711e-02
3.560630679130554199e-01
2.904989719390869141e-01
1.006452739238739014e-01
3.603012263774871826e-01
2.767320871353149414e-01
2.112703323364257812e-01
3.985178992152214050e-01
1.202030777931213379e-01
2.470217049121856689e-01
4.017661064863204956e-01
4.537999629974365234e-03
3.580803871154785156e-01
3.441518954932689667e-01
8.016914129257202148e-02
3.753630518913269043e-01
2.593412324786186218e-01
1.814256608486175537e-01
3.811887502670288086e-01
2.016907483339309692e-01
2.753071188926696777e-01
3.927468657493591309e-01
1.234408468008041382e-01
3.595518767833709717e-01
3.294461965560913086e-01
2.534806728363037109e-03
3.695170134305953979e-01
3.125365376472473145e-01
1.410451531410217285e-01
4.173597171902656555e-01
2.264801263809204102e-01
1.981247365474700928e-01
4.484102986752986908e-01
1.001529097557067871e-01
2.860385477542877197e-01
3.898929357528686523e-01
7.081031799316406250e-05
3.244467675685882568e-01
3.152138814330101013e-01
8.629828691482543945e-02
3.932781517505645752e-01
2.471656724810600281e-01
1.588729619979858398e-01
4.147449731826782227e-01
1.232914924621582031e-01
2.491956651210784912e-01
3.996349573135375977e-01
3.685122728347778320e-02
4.254286736249923706e-01
2.935740351676940918e-01
6.082653999328613281e-04
3.998341858386993408e-01
2.520418763160705566e-01
9.865808486938476562e-02
3.892245441675186157e-01
2.181676626205444336e-01
1.941150128841400146e-01
3.866150379180908203e-01
1.373954415321350098e-01
3.077719211578369141e-01
3.259087875485420227e-01
8.714318275451660156e-02
3.884226977825164795e-01
3.509034644812345505e-01
1.170504689216613770e-01
3.509671092033386230e-01
2.733100131154060364e-01
1.909871697425842285e-01
3.531327843666076660e-01
2.074589878320693970e-01
3.033341765403747559e-01
1.848464608192443848e-01
1.741851717233657837e-01
3.241088092327117920e-01
3.622409105300903320e-01
1.184993982315063477e-02
3.639434725046157837e-01
2.731697559356689453e-01
1.013723611831665039e-01
3.684341758489608765e-01
2.094308137893676758e-01
2.188871502876281738e-01
4.151399284601211548e-01
8.985137939453125000e-02
3.230982422828674316e-01
3.518583327531814575e-01
2.227610349655151367e-02
3.459227383136749268e-01
3.400114178657531738e-01
6.930983066558837891e-02
4.131342172622680664e-01
2.417560517787933350e-01
3.305550217628479004e-01
3.404631614685058594e-01
1.412677466869354248e-01
4.105643779039382935e-01
2.885661125183105469e-01
8.724959194660186768e-02
2.930900156497955322e-01
3.779407143592834473e-01
5.046805739402770996e-02
3.799447566270828247e-01
2.520066499710083008e-01
1.088225543498992920e-01
4.327690079808235168e-01
2.208635210990905762e-01
2.403142154216766357e-01
3.977180570363998413e-01
1.381997466087341309e-01
3.515583872795104980e-01
3.499508947134017944e-01
2.254414558410644531e-02
3.728915750980377197e-01
3.228508532047271729e-01
7.739686965942382812e-02
4.395282268524169922e-01
2.065741866827011108e-01
1.615775525569915771e-01
3.906675279140472412e-01
2.087364941835403442e-01
2.350150644779205322e-01
4.256381392478942871e-01
8.742091059684753418e-02
3.380243480205535889e-01
3.650659322738647461e-01
2.202436327934265137e-02
3.864019215106964111e-01
3.106578588485717773e-01
1.049345731735229492e-02
4.757744893431663513e-01
1.546089053153991699e-01
2.569868266582489014e-01
3.609828725457191467e-01
1.226341128349304199e-01
3.045301437377929688e-01
3.850421756505966187e-01
4.668378829956054688e-02
3.829627931118011475e-01
2.996434867382049561e-01
7.022190093994140625e-02
4.075218141078948975e-01
2.506840303540229797e-01
1.542808413505554199e-01
3.885654211044311523e-01
1.834671497344970703e-01
2.689658403396606445e-01
3.557385206222534180e-01
1.051554679870605469e-01
2.552714049816131592e-01
3.368690013885498047e-01
6.727963685989379883e-03
3.739863634109497070e-01
3.025001883506774902e-01
1.446316540241241455e-01
4.373488649725914001e-01
1.239817142486572266e-01
7.652944326400756836e-02
3.925182893872261047e-01
1.117185950279235840e-01
2.783085703849792480e-01
3.875388391315937042e-01
2.228158712387084961e-02
3.628877699375152588e-01
3.415874168276786804e-01
3.661662340164184570e-02
4.217444062232971191e-01
2.875986881554126740e-01
1.220776438713073730e-01
4.061234593391418457e-01
1.588360816240310669e-01
2.295554280281066895e-01
3.953521847724914551e-01
4.989197850227355957e-02
3.346807658672332764e-01
3.283084034919738770e-01
1.811423897743225098e-02
3.461764454841613770e-01
3.226756453514099121e-01
1.183297932147979736e-01
4.350387081503868103e-01
1.814975738525390625e-01
2.732436656951904297e-01
3.776054009795188904e-01
1.222745776176452637e-01
2.712971866130828857e-01
3.651519492268562317e-01
2.128797769546508789e-02
3.187390267848968506e-01
3.563993722200393677e-01
9.033715724945068359e-02
3.900254070758819580e-01
2.177081853151321411e-01
7.606899738311767578e-02
4.225071668624877930e-01
1.696452498435974121e-01
2.515510916709899902e-01
4.014582633972167969e-01
6.242489814758300781e-02
3.432411849498748779e-01
3.563109636306762695e-01
9.374856948852539062e-03
4.129031598567962646e-01
3.008543252944946289e-01
1.202994287014007568e-01
3.685980886220932007e-01
2.251906394958496094e-01
2.027093470096588135e-01
4.255462773144245148e-01
1.005215644836425781e-01
3.047935366630554199e-01
3.668647781014442444e-01
1.388365030288696289e-02
3.326119780540466309e-01
3.140301853418350220e-01
6.331175565719604492e-02
3.977294862270355225e-01
2.275005653500556946e-01
1.572982370853424072e-01
3.786480426788330078e-01
1.564290374517440796e-01
2.511603534221649170e-01
3.738031387329101562e-01
8.435931801795959473e-02
3.285782039165496826e-01
3.372207880020141602e-01
3.430759906768798828e-02
3.906695544719696045e-01
2.743507027626037598e-01
1.165082454681396484e-01
3.907108008861541748e-01
2.442345023155212402e-01
2.190353274345397949e-01
3.802156224846839905e-01
1.168788671493530273e-01
2.723904848098754883e-01
3.612403646111488342e-01
6.296157836914062500e-03
3.382466435432434082e-01
3.012584894895553589e-01
5.202633142471313477e-02
3.606549501419067383e-01
2.961874529719352722e-01
1.840940117835998535e-01
3.929224610328674316e-01
1.974453032016754150e-01
2.715301811695098877e-01
3.613043427467346191e-01
6.562104821205139160e-02
2.967443466186523438e-01
3.641188144683837891e-01
8.175155520439147949e-02
3.693761676549911499e-01
2.487753629684448242e-01
7.794603705406188965e-02
3.967676609754562378e-01
1.733089089393615723e-01
2.228352725505828857e-01
3.852761685848236084e-01
1.165418624877929688e-01
2.908792197704315186e-01
3.863774091005325317e-01
2.247989177703857422e-03
3.570710718631744385e-01
3.066754192113876343e-01
1.272921562194824219e-01
4.668158888816833496e-01
3.030205406248569489e-01
1.994887292385101318e-01
1.256220936775207520e-01
3.078543394804000854e-01
2.590116560459136963e-01
4.271504282951354980e-01
8.389294147491455078e-02
3.215344250202178955e-01
3.532168865203857422e-01
4.480296373367309570e-02
2.750290930271148682e-01
3.715392351150512695e-01
1.256113648414611816e-01
4.251785948872566223e-01
1.863370537757873535e-01
3.815223574638366699e-01
3.398293629288673401e-01
1.320415139198303223e-01
2.824932932853698730e-01
3.652010262012481689e-01
1.067888736724853516e-02
3.107436895370483398e-01
3.360068909823894501e-01
8.161383867263793945e-02
3.454316854476928711e-01
2.826905399560928345e-01
1.679460406303405762e-01
3.886137306690216064e-01
1.975369751453399658e-01
2.650125622749328613e-01
3.547882437705993652e-01
9.321939945220947266e-02
3.228996098041534424e-01
3.534221649169921875e-01
2.279579639434814453e-04
3.666193485260009766e-01
3.197720050811767578e-01
1.545958518981933594e-01
4.041532948613166809e-01
1.793155074119567871e-01
1.913199126720428467e-01
3.945748209953308105e-01
1.291968226432800293e-01
2.783658802509307861e-01
3.633472174406051636e-01
4.997718334197998047e-02
3.881189525127410889e-01
3.102314472198486328e-01
7.886141538619995117e-02
3.531610071659088135e-01
2.962535396218299866e-01
1.793865263462066650e-01
4.296369552612304688e-01
1.633913069963455200e-01
2.780773937702178955e-01
3.921762704849243164e-01
3.048554062843322754e-02
3.438269197940826416e-01
3.273712992668151855e-01
2.339926362037658691e-02
1.811667978763580322e-01
3.325147032737731934e-01
1.418702304363250732e-01
3.598222583532333374e-01
2.142882347106933594e-02
1.161778271198272705e-01
3.846768438816070557e-01
1.377194523811340332e-01
2.865697145462036133e-01
4.098091572523117065e-01
2.914667129516601562e-04
3.394142091274261475e-01
3.599936626851558685e-01
1.018534898757934570e-01
4.156313240528106689e-01
2.558025643229484558e-01
1.451095342636108398e-01
4.177200794219970703e-01
1.957584992051124573e-01
3.034358620643615723e-01
3.673056364059448242e-01
6.030547618865966797e-02
3.338552415370941162e-01
3.496012091636657715e-01
6.319132447242736816e-02
3.471678495407104492e-01
3.286657929420471191e-01
1.065063774585723877e-01
4.527643248438835144e-01
1.781533956527709961e-01
1.805618107318878174e-01
4.086318537592887878e-01
1.397080421447753906e-01
2.949656844139099121e-01
3.589742407202720642e-01
2.798479795455932617e-02
3.520091772079467773e-01
3.997325897216796875e-02
9.294521808624267578e-02
3.999971449375152588e-01
2.667846754193305969e-01
1.951214373111724854e-01
3.995826840400695801e-01
1.616217494010925293e-01
2.144841551780700684e-01
4.214785695075988770e-01
1.064322441816329956e-01
3.621694147586822510e-01
3.913319706916809082e-01
7.120212912559509277e-02
3.407335579395294189e-01
3.161990046501159668e-01
1.652379035949707031e-01
4.020493403077125549e-01
2.333939671516418457e-01
2.409540116786956787e-01
3.835709318518638611e-01
1.330384612083435059e-01
2.708173692226409912e-01
3.785543404519557953e-01
2.183789014816284180e-02
3.322339355945587158e-01
3.373657986521720886e-01
1.019847393035888672e-01
3.777074217796325684e-01
2.597046867012977600e-01
1.632478237152099609e-01
3.843314051628112793e-01
1.804646253585815430e-01
2.725883424282073975e-01
3.600552678108215332e-01
4.216930270195007324e-02
3.136899173259735107e-01
3.644742369651794434e-01
2.634000778198242188e-02
3.891310095787048340e-01
3.180456161499023438e-01
1.309220194816589355e-01
3.734376877546310425e-01
2.200574278831481934e-01
2.341603934764862061e-01
3.837106078863143921e-01
1.309913396835327148e-01
2.902607619762420654e-01
3.838843964040279388e-01
2.984404563903808594e-03
3.161657452583312988e-01
3.389256522059440613e-01
5.478918552398681641e-02
3.589915931224822998e-01
2.872706726193428040e-01
1.803477704524993896e-01
4.120435118675231934e-01
1.733165234327316284e-01
2.545760273933410645e-01
4.117937684059143066e-01
5.581469833850860596e-02
3.258655965328216553e-01
3.426058292388916016e-01
2.212706208229064941e-02
3.512242883443832397e-01
2.872431278228759766e-01
1.234857738018035889e-01
3.636446893215179443e-01
2.305815219879150391e-01
1.925687491893768311e-01
4.344363659620285034e-01
6.936281919479370117e-02
3.089874684810638428e-01
3.327108919620513916e-01
5.373829603195190430e-02
3.883150815963745117e-01
3.290641494095325470e-01
1.027104854583740234e-01
3.664152920246124268e-01
2.993790991604328156e-01
1.426401734352111816e-01
4.182636737823486328e-01
1.810465008020401001e-01
2.732215821743011475e-01
3.526684045791625977e-01
1.414028704166412354e-01
3.112241923809051514e-01
4.204596281051635742e-01
5.800762772560119629e-02
3.653572797775268555e-01
2.824273109436035156e-01
1.064602732658386230e-01
4.002598300576210022e-01
1.970589160919189453e-01
2.162600457668304443e-01
2.217059731483459473e-01
2.401586771011352539e-01
3.191692531108856201e-01
3.448220118880271912e-01
2.477824687957763672e-02
3.586324453353881836e-01
3.290771134197711945e-01
5.236762762069702148e-02
4.015858471393585205e-01
3.011946678161621094e-01
2.623788118362426758e-01
3.849005699157714844e-01
2.201540768146514893e-01
2.665742039680480957e-01
3.940091133117675781e-01
9.855750203132629395e-02
3.387044370174407959e-01
3.446236252784729004e-01
1.497918367385864258e-02
9.421163797378540039e-02
4.425953030586242676e-01
1.605449020862579346e-01
3.725391328334808350e-01
1.990079879760742188e-01
2.151595354080200195e-01
3.679353967308998108e-01
1.876369118690490723e-01
2.926373183727264404e-01
3.586956933140754700e-01
2.183371782302856445e-02
3.860859870910644531e-01
3.130410499870777130e-01
8.516275882720947266e-02
3.623832166194915771e-01
3.035174235701560974e-01
1.886985301971435547e-01
3.474706411361694336e-02
2.859458029270172119e-01
1.717936396598815918e-01
4.245308041572570801e-01
5.246871709823608398e-02
3.337732851505279541e-01
3.404669761657714844e-01
2.342584729194641113e-02
3.414262384176254272e-01
2.971794009208679199e-01
1.531172990798950195e-01
3.943679183721542358e-01
2.310727238655090332e-01
2.156861722469329834e-01
4.140611328184604645e-01
1.215459108352661133e-01
2.647813856601715088e-01
4.150753207504749298e-01
3.279906511306762695e-02
3.617848753929138184e-01
2.716185227036476135e-01
4.430150985717773438e-02
3.755092322826385498e-01
2.927887253463268280e-01
1.929027438163757324e-01
4.023660421371459961e-01
1.942834183573722839e-01
3.127005100250244141e-01
3.951099514961242676e-01
7.641148567199707031e-02
2.600164711475372314e-01
6.620311737060546875e-02
1.180012822151184082e-01
3.676117956638336182e-01
2.669806480407714844e-01
1.427395939826965332e-01
3.960608616471290588e-01
2.166687250137329102e-01
1.820685267448425293e-01
4.130855575203895569e-01
1.403569579124450684e-01
2.973815500736236572e-01
3.982546553015708923e-01
1.811724901199340820e-02
3.218580186367034912e-01
3.154729977250099182e-01
5.476933717727661133e-02
3.614017069339752197e-01
2.372199371457099915e-01
1.616797447204589844e-01
3.842631280422210693e-01
1.613278687000274658e-01
2.377690076828002930e-01
3.188318610191345215e-01
1.287419795989990234e-01
3.534215390682220459e-01
3.018680810928344727e-01
1.124954223632812500e-02
3.696004450321197510e-01
2.725104689598083496e-01
7.952114939689636230e-02
3.721054643392562866e-01
1.956305503845214844e-01
2.071720063686370850e-01
3.969445824623107910e-01
1.386041641235351562e-01
2.731033265590667725e-01
3.903511501848697662e-01
9.827196598052978516e-03
3.758218288421630859e-01
3.064906112849712372e-01
9.609889984130859375e-02
3.621236085891723633e-01
2.607224285602569580e-01
1.564462780952453613e-01
4.436602592468261719e-01
1.514413654804229736e-01
2.991459369659423828e-01
3.733518719673156738e-01
1.103712767362594604e-01
3.431734442710876465e-01
3.283499479293823242e-01
4.345187544822692871e-02
3.782957643270492554e-01
3.144791722297668457e-01
1.623343527317047119e-01
5.371972918510437012e-02
4.010460376739501953e-01
2.079974412918090820e-01
3.378016203641891479e-01
1.269127130508422852e-01
2.794212698936462402e-01
3.447215855121612549e-01
3.562265634536743164e-02
3.772176802158355713e-01
3.285143747925758362e-01
6.792849302291870117e-02
3.664450347423553467e-01
2.571158334612846375e-01
1.571778059005737305e-01
4.341171979904174805e-01
1.885814964771270752e-01
2.891547977924346924e-01
3.396295905113220215e-01
8.285146951675415039e-02
3.071804642677307129e-01
3.690989017486572266e-01
4.076093435287475586e-03
3.518094420433044434e-01
3.087245225906372070e-01
1.342262327671051025e-01
3.995894342660903931e-01
2.204001545906066895e-01
2.109824717044830322e-01
3.519095107913017273e-01
1.900112628936767578e-02
2.207228541374206543e-01
3.954081162810325623e-01
9.301900863647460938e-03
3.405420482158660889e-01
1.896122097969055176e-01
1.061743497848510742e-02
3.993454873561859131e-01
2.530067712068557739e-01
