# {'thres': 0.09480746388435365}
2.439999580383300781e-02
1.979070901870727539e-02
4.679697751998901367e-02
5.783635377883911133e-02
9.489417076110839844e-03
5.997031927108764648e-03
1.794743537902832031e-02
6.636962294578552246e-03
6.182432174682617188e-03
2.512735128402709961e-02
4.361873865127563477e-02
2.040255069732666016e-02
9.455829858779907227e-03
1.917648315429687500e-02
2.709937095642089844e-02
2.232930064201354980e-02
7.358890771865844727e-02
8.929228782653808594e-02
1.931411027908325195e-02
5.504965782165527344e-03
4.957911372184753418e-02
2.283032238483428955e-02
1.796907186508178711e-02
4.710248112678527832e-02
1.778376102447509766e-02
4.253429174423217773e-02
7.660239934921264648e-04
2.866041660308837891e-02
2.483367919921875000e-03
4.454505443572998047e-02
1.238161325454711914e-02
1.254674792289733887e-02
4.774868488311767578e-03
1.941007375717163086e-02
4.521514475345611572e-02
6.009697914123535156e-03
3.425532579421997070e-02
2.688437700271606445e-03
1.133108139038085938e-02
2.109169960021972656e-03
4.392796754837036133e-02
2.481031417846679688e-02
2.224797382950782776e-02
1.865059137344360352e-02
5.159181356430053711e-02
3.701852262020111084e-02
1.819521188735961914e-02
2.008214592933654785e-02
4.548862576484680176e-02
4.342317581176757812e-03
5.731853842735290527e-02
7.277727127075195312e-03
1.262861490249633789e-02
1.824055239558219910e-02
2.538466453552246094e-02
2.304399013519287109e-02
1.305504143238067627e-02
1.472723484039306641e-02
1.636950671672821045e-02
2.262485027313232422e-02
2.357053756713867188e-02
1.046802103519439697e-02
4.341959953308105469e-03
7.918715476989746094e-03
1.168452203273773193e-02
2.325415611267089844e-03
1.640355587005615234e-02
5.827358365058898926e-02
9.902179241180419922e-03
5.274991691112518311e-02
2.646321058273315430e-02
5.885028839111328125e-02
2.020145952701568604e-02
4.033058881759643555e-02
1.210966706275939941e-02
2.019834518432617188e-02
2.896463871002197266e-02
5.086514353752136230e-02
2.348095178604125977e-02
4.517257213592529297e-03
1.417367905378341675e-02
3.046464920043945312e-02
4.651755094528198242e-02
3.669539093971252441e-02
6.187427043914794922e-02
1.769031584262847900e-02
6.337642669677734375e-03
3.706490993499755859e-02
2.510660141706466675e-02
3.657156229019165039e-02
1.341179013252258301e-02
2.603462338447570801e-02
3.768587112426757812e-02
1.974226534366607666e-02
9.582847356796264648e-03
3.553628921508789062e-03
2.476979047060012817e-03
1.407563686370849609e-03
1.546162366867065430e-02
4.468038678169250488e-03
8.557558059692382812e-03
1.530945301055908203e-03
1.759415864944458008e-02
8.688926696777343750e-03
1.508634164929389954e-02
4.076302051544189453e-03
3.174632787704467773e-02
3.997903317213058472e-02
2.199649810791015625e-02
2.839615941047668457e-02
1.976004242897033691e-02
3.672450780868530273e-02
3.595760464668273926e-02
4.881376028060913086e-02
3.815662860870361328e-02
3.767862170934677124e-02
1.228648424148559570e-02
3.088653087615966797e-03
1.574814319610595703e-02
1.033663749694824219e-03
3.249413520097732544e-02
5.060333013534545898e-02
2.388882637023925781e-02
2.110374718904495239e-02
6.981492042541503906e-03
8.269131183624267578e-03
1.697853207588195801e-03
1.743286848068237305e-02
1.885704696178436279e-02
3.106316924095153809e-02
1.381951570510864258e-02
2.644443511962890625e-02
2.603751420974731445e-02
5.303657054901123047e-02
1.181007176637649536e-02
1.897788047790527344e-02
2.785333991050720215e-02
1.069608330726623535e-02
4.126143455505371094e-02
5.061220750212669373e-02
4.589796066284179688e-02
4.331433773040771484e-02
1.965360343456268311e-02
2.764970064163208008e-02
2.618390321731567383e-02
6.386458873748779297e-03
4.857176542282104492e-02
1.205978542566299438e-02
1.706320047378540039e-02
2.434045076370239258e-02
3.846553713083267212e-02
9.124231338500976562e-02
1.974797248840332031e-02
2.287244796752929688e-02
1.635026931762695312e-02
2.166628837585449219e-03
5.157488584518432617e-02
1.764178276062011719e-03
4.497041553258895874e-02
4.733914136886596680e-02
2.957165241241455078e-03
6.502285599708557129e-03
3.418982028961181641e-03
3.482121229171752930e-02
3.657928109169006348e-02
2.822422981262207031e-02
1.225858181715011597e-02
2.514100074768066406e-02
4.353994131088256836e-02
6.396855413913726807e-02
5.681294202804565430e-02
1.577737927436828613e-02
2.516105771064758301e-02
1.059967279434204102e-02
1.942358911037445068e-02
1.628434658050537109e-02
2.652317285537719727e-02
2.667065709829330444e-02
5.014598369598388672e-03
2.962866425514221191e-02
1.614123582839965820e-03
2.940988540649414062e-02
1.988884806632995605e-02
1.488626003265380859e-02
2.205878496170043945e-02
7.625997066497802734e-03
2.632838487625122070e-02
6.983280181884765625e-04
2.921640872955322266e-03
8.840084075927734375e-03
1.121230423450469971e-02
1.192045211791992188e-02
4.785609245300292969e-02
3.037520870566368103e-02
7.175207138061523438e-03
4.045355319976806641e-02
1.241533458232879639e-02
1.047706604003906250e-02
4.227729141712188721e-02
4.786384105682373047e-02
5.896532535552978516e-02
3.574523329734802246e-02
2.764904499053955078e-02
1.004719734191894531e-02
6.562665104866027832e-03
1.118886470794677734e-02
1.383364200592041016e-02
2.029776573181152344e-02
2.861630916595458984e-02
1.764977723360061646e-02
1.718437671661376953e-02
1.416140794754028320e-02
2.783618867397308350e-02
2.482205629348754883e-02
3.757822513580322266e-02
2.103076875209808350e-02
1.606088876724243164e-02
4.140250384807586670e-02
1.691877841949462891e-02
4.048424959182739258e-02
2.379894256591796875e-02
3.768295049667358398e-02
3.711342811584472656e-03
2.584603428840637207e-02
2.569937705993652344e-02
9.598255157470703125e-03
2.194780111312866211e-02
4.258382320404052734e-02
8.816935122013092041e-03
6.887042522430419922e-02
3.723543882369995117e-02
1.296326518058776855e-03
1.404094696044921875e-02
4.699528217315673828e-03
5.962333083152770996e-02
6.808990240097045898e-02
1.472693681716918945e-02
5.657553672790527344e-03
4.399508237838745117e-02
5.640926957130432129e-02
7.246255874633789062e-02
7.392585277557373047e-03
7.512569427490234375e-04
1.006853580474853516e-02
3.014174848794937134e-02
1.570039987564086914e-02
4.928231239318847656e-03
7.353723049163818359e-06
1.044017076492309570e-02
1.145011186599731445e-02
3.961026668548583984e-04
1.412725448608398438e-02
5.643402040004730225e-02
4.777482151985168457e-02
1.721191406250000000e-02
9.310841560363769531e-04
6.908237934112548828e-03
4.649162292480468750e-04
1.434102654457092285e-03
2.417397499084472656e-02
3.887955844402313232e-02
2.473920583724975586e-03
2.925306558609008789e-02
9.018182754516601562e-04
2.601701021194458008e-02
4.399758577346801758e-02
3.185153007507324219e-03
1.560795307159423828e-02
3.504016995429992676e-02
2.033233642578125000e-02
1.724267005920410156e-02
5.060244351625442505e-02
2.622902393341064453e-02
5.841076374053955078e-02
2.235530316829681396e-02
7.741928100585937500e-03
4.461556673049926758e-02
1.920843124389648438e-02
1.794171333312988281e-02
2.200759947299957275e-03
1.985102891921997070e-02
4.073262214660644531e-03
7.868032902479171753e-03
1.869499683380126953e-03
1.045715808868408203e-02
1.369583606719970703e-02
5.665421485900878906e-04
3.671607375144958496e-02
9.200155735015869141e-03
1.341485977172851562e-02
3.191215917468070984e-02
7.319688796997070312e-03
2.617853879928588867e-02
2.643048763275146484e-02
2.595162391662597656e-02
2.568870782852172852e-02
5.600941181182861328e-02
1.036931276321411133e-01
4.606426646932959557e-02
9.910500049591064453e-02
1.731580495834350586e-02
3.049881011247634888e-02
1.336216926574707031e-03
1.792356371879577637e-02
3.247648477554321289e-02
1.920324563980102539e-02
3.601860255002975464e-02
5.333900451660156250e-03
3.009903430938720703e-02
5.315512418746948242e-03
2.760332822799682617e-02
2.081331610679626465e-02
4.812863469123840332e-02
4.426348209381103516e-02
2.678812295198440552e-02
3.980135917663574219e-02
7.132709026336669922e-03
2.822618745267391205e-02
2.963817119598388672e-02
3.845602273941040039e-02
6.751239299774169922e-03
1.654744148254394531e-02
1.240921020507812500e-02
2.396628260612487793e-02
1.903855800628662109e-02
4.021500051021575928e-02
2.256900072097778320e-02
3.255689144134521484e-02
4.279813170433044434e-02
6.740486621856689453e-02
2.751223742961883545e-02
2.617168426513671875e-02
3.338587284088134766e-02
5.089476704597473145e-03
7.265210151672363281e-03
1.989197731018066406e-02
2.067527174949645996e-02
9.238064289093017578e-03
3.022703528404235840e-02
1.193866133689880371e-02
7.683873176574707031e-03
3.072537481784820557e-03
1.754343509674072266e-02
3.890812397003173828e-03
3.133544325828552246e-02
6.073892116546630859e-02
1.906982064247131348e-02
5.171361565589904785e-02
8.195757865905761719e-02
7.665962725877761841e-02
1.900082826614379883e-02
1.412791013717651367e-02
5.954600870609283447e-03
2.676379680633544922e-02
1.614567637443542480e-02
3.517299890518188477e-03
1.814943552017211914e-02
6.597608327865600586e-03
5.271133780479431152e-02
5.540388822555541992e-02
3.019024617969989777e-02
3.514522314071655273e-02
6.330877542495727539e-02
8.308130502700805664e-02
1.490187644958496094e-02
6.654345989227294922e-02
1.277607679367065430e-02
3.986805677413940430e-02
2.069387584924697876e-02
8.175551891326904297e-03
6.851911544799804688e-03
3.326345980167388916e-02
1.099967956542968750e-02
2.628159523010253906e-02
1.680317521095275879e-02
5.940198898315429688e-04
3.244146704673767090e-03
4.928267002105712891e-02
1.100397109985351562e-02
4.358477890491485596e-03
3.343296051025390625e-02
2.434435486793518066e-02
9.026050567626953125e-03
8.591115474700927734e-03
2.078732848167419434e-02
5.906760692596435547e-03
4.474484920501708984e-02
1.508995890617370605e-03
1.019126176834106445e-02
4.816910624504089355e-02
3.939037024974822998e-02
7.166135311126708984e-02
2.703090012073516846e-02
4.151335358619689941e-02
4.838848114013671875e-02
8.153551630675792694e-02
9.172022342681884766e-03
6.410688161849975586e-02
1.027891784906387329e-02
3.993844985961914062e-02
2.940386533737182617e-03
5.608427524566650391e-02
1.588630676269531250e-02
4.553274810314178467e-02
2.116429805755615234e-02
8.956670761108398438e-03
3.937549889087677002e-03
1.230090856552124023e-02
7.510781288146972656e-03
6.765961647033691406e-03
5.185604095458984375e-06
1.732549071311950684e-02
3.288686275482177734e-03
1.726472377777099609e-02
2.063751965761184692e-02
1.750934123992919922e-02
2.566662430763244629e-02
3.961059451103210449e-02
1.796352863311767578e-02
1.517519354820251465e-03
2.131530642509460449e-02
1.915985345840454102e-02
4.755457863211631775e-02
2.557569742202758789e-02
3.465986251831054688e-02
3.404930233955383301e-03
6.098151206970214844e-04
1.082697510719299316e-02
3.649136424064636230e-02
7.045984268188476562e-03
9.045377373695373535e-03
7.806897163391113281e-03
1.559007167816162109e-02
5.667837709188461304e-02
3.116106986999511719e-02
6.537735462188720703e-02
4.588708281517028809e-02
8.773982524871826172e-03
7.788904011249542236e-03
1.557874679565429688e-02
4.452270269393920898e-02
1.111035421490669250e-02
6.390112638473510742e-02
5.203273892402648926e-02
1.583218574523925781e-02
4.819077253341674805e-02
6.653986871242523193e-03
2.489745616912841797e-03
1.049095392227172852e-02
5.689256335608661175e-02
3.323864936828613281e-02
1.094952225685119629e-02
6.444951891899108887e-02
7.660925388336181641e-03
3.513772785663604736e-02
4.683256149291992188e-03
1.686662435531616211e-02
1.878390461206436157e-02
1.057714223861694336e-02
6.494367122650146484e-02
2.203956246376037598e-03
1.822888851165771484e-03
2.255016565322875977e-02
1.850774884223937988e-02
7.917463779449462891e-03
5.089260637760162354e-03
4.863142967224121094e-04
5.297386646270751953e-02
4.124564677476882935e-02
3.347462415695190430e-02
4.694390296936035156e-02
1.435610651969909668e-02
4.170119762420654297e-03
1.874487847089767456e-02
1.591515541076660156e-02
4.775738716125488281e-02
8.693291898816823959e-02
1.370739936828613281e-02
4.107737541198730469e-02
2.676098048686981201e-02
1.979911327362060547e-02
1.153686642646789551e-02
8.628845214843750000e-03
2.646219730377197266e-02
2.717886865139007568e-02
3.923827409744262695e-02
2.172341942787170410e-02
1.611289381980895996e-02
8.266329765319824219e-03
5.346177518367767334e-02
1.515990495681762695e-02
8.576828241348266602e-02
4.549214243888854980e-02
5.779516696929931641e-02
1.812410354614257812e-02
5.309920758008956909e-02
9.637832641601562500e-03
6.813943386077880859e-02
7.718920707702636719e-03
7.678568363189697266e-03
1.778110861778259277e-03
1.268029212951660156e-02
2.195686101913452148e-02
4.792623221874237061e-02
1.426470279693603516e-02
7.203277945518493652e-02
2.514612674713134766e-02
2.456587553024291992e-02
2.886630594730377197e-03
2.893304824829101562e-02
2.483010292053222656e-03
2.138271555304527283e-02
3.371208906173706055e-02
4.751926660537719727e-02
6.937640905380249023e-02
3.567075729370117188e-02
2.020157873630523682e-02
5.957245826721191406e-03
2.081108093261718750e-02
1.839319244027137756e-02
3.771275281906127930e-02
3.041353821754455566e-02
1.646821200847625732e-02
5.926978588104248047e-02
4.779474437236785889e-02
3.132930397987365723e-02
3.892403841018676758e-02
1.163248345255851746e-02
1.023644208908081055e-02
2.262330055236816406e-02
6.618865579366683960e-02
8.054679632186889648e-02
1.641047000885009766e-02
3.296819329261779785e-02
1.843643188476562500e-02
1.676289737224578857e-02
2.728116512298583984e-02
2.845615148544311523e-02
1.520083844661712646e-02
2.123355865478515625e-03
6.995230913162231445e-03
5.912035703659057617e-03
5.194956064224243164e-02
7.679658383131027222e-02
4.651308059692382812e-03
7.765632867813110352e-02
4.112374037504196167e-02
1.861071586608886719e-02
4.751116037368774414e-03
9.522482752799987793e-03
8.250951766967773438e-03
1.547174155712127686e-02
4.691869020462036133e-03
4.116284847259521484e-02
1.433166116476058960e-02
8.232414722442626953e-03
4.130917787551879883e-02
8.347268402576446533e-02
3.012669086456298828e-02
1.290465891361236572e-02
1.174628734588623047e-02
2.995747327804565430e-02
5.907226726412773132e-02
4.907965660095214844e-03
2.319949865341186523e-02
5.112983286380767822e-03
1.690322160720825195e-02
3.977447748184204102e-02
7.163286209106445312e-04
1.811337471008300781e-02
2.687350660562515259e-02
3.877681493759155273e-02
2.938765287399291992e-02
2.997216582298278809e-02
3.497898578643798828e-02
1.860049366950988770e-02
1.555919647216796875e-02
2.645820379257202148e-02
2.720251679420471191e-03
3.287732601165771484e-02
8.780634403228759766e-02
7.591102272272109985e-02
2.600282430648803711e-02
1.299145817756652832e-02
5.053430795669555664e-02
4.683887958526611328e-02
3.075942397117614746e-03
2.456605434417724609e-03
4.926574230194091797e-02
3.149196505546569824e-03
1.394855976104736328e-02
1.251995563507080078e-03
6.412102282047271729e-02
2.488225698471069336e-02
6.523370742797851562e-02
6.717190146446228027e-02
4.891824722290039062e-02
5.594328045845031738e-02
2.885854244232177734e-02
1.216006278991699219e-02
6.436267495155334473e-02
1.189082860946655273e-02
3.410726785659790039e-02
3.348278999328613281e-02
9.710669517517089844e-03
1.603589206933975220e-02
4.778212308883666992e-02
4.756742715835571289e-02
1.318816840648651123e-02
1.740139722824096680e-02
6.398826837539672852e-03
1.668153703212738037e-02
1.223099231719970703e-02
5.290724337100982666e-03
3.518044948577880859e-02
1.884526014328002930e-02
4.621477797627449036e-02
2.455288171768188477e-02
3.355211019515991211e-02
7.688596844673156738e-03
4.132992029190063477e-02
3.377623856067657471e-02
3.055524826049804688e-02
1.856744289398193359e-03
2.859990671277046204e-02
1.008594036102294922e-02
1.521784067153930664e-02
6.295727193355560303e-02
7.703405618667602539e-02
1.057171821594238281e-02
2.092406153678894043e-02
7.820844650268554688e-03
2.566292881965637207e-03
3.008127212524414062e-03
2.502876520156860352e-02
6.530150771141052246e-03
5.501288175582885742e-02
4.308119416236877441e-02
3.444948792457580566e-02
2.732419967651367188e-02
1.916004717350006104e-02
1.284748315811157227e-02
1.571345329284667969e-02
3.754045441746711731e-02
3.705519437789916992e-02
3.692963719367980957e-02
3.190654516220092773e-02
4.821729660034179688e-02
3.655265271663665771e-02
4.481330513954162598e-02
3.095734119415283203e-02
2.463488653302192688e-02
3.825694322586059570e-02
1.851534843444824219e-02
5.103036761283874512e-03
3.099268674850463867e-02
8.511722087860107422e-03
8.731126785278320312e-03
2.485615015029907227e-02
1.253350824117660522e-02
3.182059526443481445e-02
2.304756641387939453e-02
2.883741259574890137e-02
6.333422660827636719e-02
3.262847661972045898e-02
5.788356065750122070e-02
2.096676826477050781e-02
5.896279960870742798e-02
1.591247320175170898e-02
5.062544345855712891e-02
2.621194720268249512e-02
1.722478866577148438e-02
3.168401122093200684e-02
3.551942110061645508e-02
5.621153116226196289e-02
2.832249552011489868e-02
4.118710756301879883e-02
7.606750726699829102e-02
6.133794784545898438e-03
5.222684144973754883e-02
3.945678472518920898e-03
4.651501774787902832e-02
2.722567319869995117e-02
7.075071334838867188e-04
1.919981837272644043e-02
3.621685504913330078e-02
2.743228804320096970e-02
1.846373081207275391e-03
2.216988801956176758e-02
5.706131458282470703e-03
4.018330574035644531e-02
6.532430648803710938e-03
4.966977238655090332e-02
6.692409515380859375e-04
7.606372050940990448e-02
5.679470300674438477e-02
1.292949914932250977e-02
5.039260536432266235e-02
3.047275543212890625e-02
5.070185661315917969e-02
4.149201512336730957e-02
1.780205965042114258e-02
1.944795995950698853e-02
1.327443122863769531e-02
5.573016405105590820e-02
3.071259707212448120e-02
3.828316926956176758e-02
3.245878219604492188e-02
7.681220769882202148e-03
6.027418375015258789e-02
1.447989791631698608e-02
4.786008596420288086e-02
3.058516979217529297e-02
2.827183157205581665e-02
4.449969530105590820e-02
6.056308746337890625e-03
6.231810152530670166e-02
2.361953258514404297e-03
4.610137641429901123e-02
5.941659212112426758e-03
1.306009292602539062e-02
1.387538388371467590e-02
2.097213268280029297e-02
3.948867321014404297e-02
3.819802403450012207e-02
1.196265220642089844e-04
1.318752765655517578e-04
3.969147801399230957e-02
4.100382328033447266e-03
4.780001938343048096e-02
4.305619001388549805e-02
5.254191160202026367e-02
5.107626318931579590e-03
4.485249519348144531e-04
2.191582322120666504e-02
2.408611774444580078e-02
9.429872035980224609e-03
1.943296194076538086e-02
4.397678375244140625e-02
1.947343349456787109e-02
2.791116386651992798e-02
2.082616090774536133e-02
4.214495420455932617e-03
1.789581775665283203e-02
1.769596338272094727e-02
6.211747229099273682e-02
1.710218191146850586e-02
2.760618925094604492e-02
2.020249515771865845e-02
1.595026254653930664e-02
1.999491453170776367e-02
4.853919148445129395e-03
1.501107215881347656e-02
3.508594632148742676e-02
2.617275714874267578e-02
3.427743911743164062e-03
1.088188588619232178e-02
2.037566900253295898e-02
1.681774854660034180e-02
2.482618391513824463e-02
5.087798833847045898e-02
1.791402697563171387e-02
4.878878593444824219e-03
6.296825408935546875e-02
3.388457745313644409e-02
5.484116077423095703e-02
2.829068899154663086e-02
6.696403026580810547e-03
2.011054754257202148e-02
3.637394309043884277e-02
1.941135525703430176e-02
3.033554553985595703e-02
3.175676614046096802e-02
2.265822887420654297e-02
2.241867780685424805e-02
2.834701165556907654e-02
1.185655593872070312e-02
1.240745186805725098e-02
9.465768933296203613e-03
5.495131015777587891e-03
4.468813538551330566e-03
2.992507815361022949e-02
3.419715166091918945e-02
1.232258975505828857e-02
2.939850091934204102e-02
2.008169889450073242e-02
1.517711579799652100e-02
4.930138587951660156e-03
3.459012508392333984e-02
5.455651879310607910e-02
9.354472160339355469e-03
2.121450006961822510e-02
1.833945512771606445e-02
5.585551261901855469e-04
1.255955547094345093e-02
1.355677843093872070e-02
2.456489205360412598e-02
3.080445528030395508e-02
5.264699459075927734e-03
3.160238265991210938e-03
5.579620599746704102e-02
4.965817928314208984e-02
1.474805921316146851e-02
2.592980861663818359e-03
2.412179112434387207e-02
3.669747710227966309e-02
9.237825870513916016e-03
4.545875638723373413e-02
3.530067205429077148e-02
1.036119461059570312e-02
1.171113550662994385e-02
3.545701503753662109e-03
1.811254024505615234e-02
4.189291596412658691e-02
3.718054294586181641e-02
2.784715592861175537e-02
3.359794616699218750e-03
1.020133495330810547e-03
2.134387567639350891e-02
2.150243520736694336e-02
1.127117872238159180e-02
2.828171849250793457e-02
6.574678421020507812e-02
3.543613851070404053e-02
1.837489008903503418e-02
4.529953002929687500e-05
5.093399435281753540e-03
7.168054580688476562e-04
1.145833730697631836e-02
4.049114882946014404e-03
2.205491065979003906e-03
2.118560671806335449e-02
2.868402004241943359e-02
2.074712514877319336e-02
3.614323586225509644e-02
1.524680852890014648e-02
7.133126258850097656e-03
5.429651215672492981e-02
4.632836580276489258e-02
1.150399446487426758e-02
1.265957951545715332e-02
1.677846908569335938e-02
1.652058959007263184e-02
7.197320461273193359e-03
2.145826816558837891e-03
2.990484610199928284e-02
5.987226963043212891e-03
7.963180541992187500e-04
9.179949760437011719e-03
3.939211368560791016e-03
9.841024875640869141e-03
3.660014271736145020e-02
4.018622636795043945e-02
2.972988411784172058e-02
3.255128860473632812e-03
1.895475387573242188e-02
3.341690450906753540e-02
4.016083478927612305e-02
2.275356650352478027e-02
1.196232438087463379e-02
3.294134140014648438e-02
1.862072199583053589e-02
2.263951301574707031e-02
7.798075675964355469e-04
4.090388864278793335e-02
2.277916669845581055e-02
4.627376794815063477e-02
6.108295917510986328e-02
6.381869316101074219e-04
5.269207805395126343e-02
7.115781307220458984e-03
2.349889278411865234e-02
5.859451368451118469e-02
1.133912801742553711e-02
3.158971667289733887e-02
6.471258401870727539e-02
3.397554159164428711e-02
1.202018558979034424e-02
1.788240671157836914e-02
5.023086071014404297e-02
1.507291197776794434e-02
3.814959526062011719e-02
5.288481712341308594e-03
1.163175702095031738e-02
3.346914052963256836e-02
3.122200071811676025e-02
8.705675601959228516e-03
4.249805212020874023e-02
2.899480424821376801e-02
2.872204780578613281e-02
3.714829683303833008e-02
3.214782476425170898e-02
4.782485961914062500e-02
5.578497052192687988e-02
1.200783252716064453e-02
1.529824733734130859e-02
4.861317947506904602e-02
1.791560649871826172e-02
1.662635803222656250e-02
4.834905266761779785e-04
1.284462213516235352e-02
2.304756641387939453e-02
8.911192417144775391e-04
1.597744226455688477e-02
4.094061255455017090e-02
4.164314270019531250e-02
4.359889030456542969e-02
7.407780736684799194e-03
5.475550889968872070e-02
1.111808419227600098e-02
3.268784284591674805e-02
1.473140716552734375e-02
8.218642324209213257e-02
2.300918102264404297e-03
2.565443515777587891e-02
1.146566122770309448e-03
6.888085603713989258e-02
2.739310264587402344e-03
5.143791437149047852e-03
2.670621871948242188e-02
8.129492402076721191e-03
1.842048764228820801e-02
1.028120517730712891e-03
4.784468188881874084e-02
2.640146017074584961e-02
6.532824039459228516e-02
3.291200846433639526e-02
5.473989248275756836e-02
2.173447608947753906e-02
5.699759721755981445e-02
1.329028606414794922e-02
4.640906304121017456e-02
6.990671157836914062e-03
1.704001426696777344e-02
2.433936297893524170e-02
5.498051643371582031e-03
2.034395933151245117e-03
1.474076509475708008e-02
3.892385959625244141e-02
8.400402963161468506e-02
4.815387725830078125e-02
3.553688526153564453e-03
2.057477086782455444e-02
5.635440349578857422e-03
4.260668158531188965e-02
5.452822148799896240e-02
4.088228940963745117e-02
7.450878620147705078e-04
3.010272979736328125e-02
7.236897945404052734e-03
7.837324682623147964e-02
2.011483907699584961e-02
4.652619361877441406e-02
4.020427167415618896e-02
2.455556392669677734e-02
1.306343078613281250e-02
3.185173869132995605e-02
4.386001825332641602e-02
6.193697452545166016e-03
2.193433046340942383e-02
3.765863180160522461e-02
2.463517338037490845e-02
2.362096309661865234e-02
3.888303041458129883e-02
3.435850143432617188e-03
3.632640838623046875e-02
1.144549250602722168e-02
7.778185606002807617e-02
4.073524475097656250e-02
3.221967816352844238e-02
1.766973733901977539e-02
3.398761153221130371e-02
9.726583957672119141e-03
3.957688808441162109e-03
1.892271637916564941e-02
1.621669530868530273e-02
3.603500127792358398e-02
3.667926788330078125e-02
3.391921520233154297e-02
3.392490744590759277e-02
2.993525564670562744e-02
5.795061588287353516e-03
4.610331356525421143e-02
1.705810427665710449e-02
4.205429553985595703e-02
2.764352411031723022e-02
3.499400615692138672e-02
2.761662006378173828e-02
2.689361572265625000e-02
1.182079315185546875e-02
2.329808473587036133e-02
1.317313313484191895e-02
1.376211643218994141e-02
1.737889647483825684e-02
2.310651540756225586e-02
1.937204599380493164e-02
5.691588670015335083e-02
5.962270498275756836e-02
2.945590019226074219e-02
3.090813755989074707e-02
4.629689455032348633e-02
3.680296242237091064e-02
3.253024816513061523e-02
1.473742723464965820e-02
2.796334028244018555e-02
4.184490442276000977e-02
3.234103322029113770e-02
2.944190800189971924e-02
1.382219791412353516e-02
3.092955052852630615e-02
4.226100444793701172e-02
3.320956230163574219e-02
5.955013528000563383e-02
1.020550727844238281e-02
4.686355590820312500e-03
2.677276730537414551e-03
1.503884792327880859e-03
1.171229779720306396e-02
6.647318601608276367e-03
8.300721645355224609e-03
3.013311326503753662e-02
3.257364034652709961e-02
1.088595390319824219e-02
3.601759672164916992e-04
3.117150068283081055e-02
1.773840188980102539e-02
6.418502330780029297e-02
3.364312648773193359e-02
3.430297225713729858e-02
1.012980937957763672e-03
6.316989660263061523e-02
2.275139093399047852e-02
4.191803932189941406e-02
1.036575436592102051e-02
1.438385248184204102e-02
5.179667472839355469e-02
3.808493167161941528e-02
1.368409395217895508e-02
5.183815956115722656e-04
3.915129601955413818e-02
1.421982049942016602e-02
6.042718887329101562e-02
1.750729978084564209e-02
2.453094720840454102e-02
1.074291765689849854e-02
1.267707347869873047e-02
3.827279806137084961e-02
1.304559409618377686e-03
7.798188924789428711e-02
2.003538608551025391e-02
3.153669834136962891e-02
2.569842338562011719e-02
1.646699011325836182e-02
2.091526985168457031e-04
5.692577362060546875e-02
6.354838609695434570e-02
5.991178750991821289e-02
3.847944736480712891e-02
3.099192678928375244e-02
1.549643278121948242e-02
7.346928119659423828e-03
4.367670416831970215e-02
5.348676443099975586e-02
2.115587890148162842e-02
5.676686763763427734e-02
1.459121704101562500e-04
1.071386039257049561e-03
1.080268621444702148e-02
3.416323661804199219e-02
3.224673867225646973e-02
3.258877992630004883e-02
3.702489286661148071e-02
2.048808336257934570e-02
3.793543577194213867e-02
3.291311860084533691e-02
1.304692029953002930e-02
1.333975791931152344e-02
1.074184477329254150e-02
1.757991313934326172e-02
3.285518288612365723e-02
2.495947480201721191e-02
9.299278259277343750e-03
1.593676209449768066e-02
2.888143062591552734e-02
1.905161142349243164e-02
1.105624437332153320e-02
5.966663360595703125e-03
2.684725821018218994e-02
1.999732851982116699e-02
6.060659885406494141e-03
6.911776959896087646e-03
7.420063018798828125e-03
2.089941501617431641e-02
1.392833888530731201e-03
1.150149106979370117e-02
7.368147373199462891e-03
1.944595575332641602e-02
1.348888874053955078e-02
4.965675622224807739e-02
2.837598323822021484e-03
2.247333526611328125e-03
2.739240229129791260e-02
7.094025611877441406e-03
3.982660174369812012e-02
3.949967026710510254e-02
1.756268739700317383e-02
2.232562750577926636e-02
6.223469972610473633e-02
6.599009037017822266e-03
2.662940695881843567e-02
1.587057113647460938e-02
1.784798502922058105e-02
2.844761312007904053e-02
1.883625984191894531e-02
6.773486733436584473e-03
1.601508259773254395e-02
2.081692218780517578e-03
3.375940956175327301e-02
1.288902759552001953e-02
6.080257892608642578e-02
5.440044403076171875e-02
9.203374385833740234e-03
4.764682054519653320e-02
1.647469401359558105e-02
3.261882066726684570e-02
1.138710975646972656e-02
2.746582031250000000e-04
1.364850997924804688e-02
8.841550908982753754e-02
3.720581531524658203e-03
4.213818907737731934e-02
3.005209565162658691e-02
2.728176116943359375e-02
1.697406172752380371e-03
6.235367059707641602e-02
7.296156883239746094e-02
4.770106822252273560e-02
1.533114910125732422e-02
3.437206149101257324e-02
8.686929941177368164e-04
1.807355880737304688e-02
1.161272823810577393e-02
4.695048928260803223e-02
1.965093612670898438e-02
9.857248514890670776e-03
2.352690696716308594e-02
6.735861301422119141e-03
1.613366603851318359e-02
1.389527320861816406e-02
4.198092222213745117e-02
3.217637538909912109e-03
2.138471603393554688e-02
4.478293471038341522e-02
3.465533256530761719e-03
1.219397783279418945e-02
1.352723687887191772e-02
1.340454816818237305e-02
7.419198751449584961e-03
2.501389384269714355e-02
1.209449768066406250e-02
1.028988510370254517e-02
1.621967554092407227e-02
4.523324966430664062e-02
3.317527472972869873e-02
4.151993989944458008e-02
1.713961362838745117e-03
3.746113181114196777e-02
2.934950590133666992e-02
4.942648112773895264e-03
2.144515514373779297e-02
3.988504409790039062e-03
4.646480083465576172e-04
3.491073846817016602e-02
2.130118012428283691e-02
2.693887054920196533e-02
7.369160652160644531e-03
1.319846510887145996e-02
1.998159289360046387e-02
4.842877388000488281e-04
5.153250694274902344e-02
4.267752170562744141e-03
5.828356742858886719e-02
2.858197689056396484e-02
9.025335311889648438e-04
4.300676286220550537e-02
1.566153764724731445e-02
9.640097618103027344e-03
2.676315233111381531e-02
2.461916208267211914e-02
2.974271774291992188e-02
2.094157040119171143e-03
1.655936241149902344e-02
5.785936117172241211e-02
3.199869394302368164e-02
2.977573871612548828e-02
2.575917541980743408e-02
3.993105888366699219e-02
3.398072719573974609e-02
1.646620407700538635e-02
3.171002864837646484e-02
3.618964552879333496e-02
8.291959762573242188e-03
8.890151977539062500e-03
6.103082001209259033e-02
5.646121501922607422e-02
4.175662994384765625e-03
3.953224420547485352e-02
9.676814079284667969e-04
4.732435941696166992e-02
3.569005429744720459e-02
1.624631881713867188e-02
1.476337015628814697e-02
8.312106132507324219e-03
1.593387126922607422e-02
6.448024325072765350e-02
1.706844568252563477e-02
1.188468933105468750e-02
3.547652065753936768e-02
3.658986091613769531e-02
2.390931546688079834e-02
1.535141468048095703e-02
8.269011974334716797e-03
2.892089635133743286e-02
5.277216434478759766e-02
1.276296377182006836e-02
5.528345704078674316e-03
2.158719301223754883e-02
2.054411172866821289e-02
2.100604772567749023e-02
4.554569721221923828e-02
6.866737455129623413e-02
5.217534303665161133e-02
4.406845569610595703e-02
2.364847809076309204e-02
1.771581172943115234e-02
1.391005516052246094e-02
3.366523981094360352e-02
4.570901393890380859e-03
3.777100145816802979e-02
3.274554014205932617e-02
2.240675687789916992e-02
1.252048462629318237e-02
2.376699447631835938e-02
1.306191086769104004e-02
8.995056152343750000e-03
1.498138904571533203e-02
5.368888378143310547e-05
1.367956399917602539e-03
2.193468809127807617e-02
9.311124682426452637e-03
4.403603076934814453e-02
2.137005329132080078e-02
2.342384308576583862e-02
9.244203567504882812e-03
1.705361902713775635e-02
7.425001263618469238e-02
1.740205287933349609e-02
3.887952864170074463e-02
7.263559103012084961e-02
1.102393865585327148e-02
3.207887336611747742e-02
3.804951906204223633e-02
3.041654825210571289e-03
2.297574281692504883e-02
1.059019565582275391e-02
8.908279240131378174e-03
2.825200557708740234e-03
4.895091056823730469e-03
2.101555466651916504e-03
2.218902111053466797e-03
3.147697448730468750e-02
2.070286870002746582e-02
1.120865345001220703e-02
2.486675977706909180e-02
3.298634290695190430e-02
1.914048194885253906e-02
5.341469123959541321e-02
6.681674718856811523e-02
1.720529794692993164e-02
3.603291511535644531e-02
2.308779954910278320e-02
6.367608904838562012e-03
2.519866824150085449e-02
1.860803365707397461e-02
7.122725248336791992e-03
2.156299352645874023e-02
3.914099931716918945e-02
7.843323051929473877e-03
2.457052469253540039e-02
1.862692832946777344e-02
4.814594984054565430e-02
2.044618129730224609e-02
8.842445909976959229e-03
1.324826478958129883e-02
2.878129482269287109e-03
1.090740412473678589e-02
2.937513589859008789e-02
1.535505056381225586e-03
6.676077842712402344e-03
1.282823085784912109e-02
2.514100074768066406e-02
2.125328779220581055e-02
1.299905776977539062e-02
7.287487387657165527e-03
6.959742307662963867e-02
2.857086062431335449e-02
4.733145236968994141e-03
5.852103233337402344e-03
1.592017710208892822e-02
2.657517790794372559e-02
4.620909690856933594e-03
2.941111475229263306e-02
1.059710979461669922e-02
4.284167289733886719e-02
4.214854538440704346e-02
8.132100105285644531e-03
3.109954297542572021e-02
2.715438604354858398e-02
1.368188858032226562e-02
1.369170844554901123e-02
6.840288639068603516e-03
2.115535736083984375e-02
8.606716990470886230e-03
6.459754705429077148e-02
8.546999096870422363e-02
4.975494742393493652e-02
1.270246505737304688e-02
1.368620991706848145e-02
3.054928779602050781e-02
3.702223300933837891e-03
6.873562932014465332e-03
2.406239509582519531e-04
3.711265325546264648e-02
2.425107359886169434e-02
2.437758445739746094e-02
1.194159686565399170e-02
1.377463340759277344e-02
3.656405210494995117e-02
5.286030471324920654e-02
3.468567132949829102e-02
2.865016460418701172e-02
3.786560893058776855e-02
5.852639675140380859e-03
3.574103116989135742e-02
5.243289470672607422e-02
3.466320037841796875e-02
2.476663142442703247e-02
4.274570941925048828e-02
5.859690904617309570e-02
3.580749034881591797e-05
1.527565717697143555e-02
2.549111843109130859e-03
2.161037921905517578e-02
2.406620979309082031e-02
2.552819252014160156e-02
5.088138580322265625e-02
3.732496500015258789e-02
6.966365128755569458e-02
5.709517002105712891e-02
1.066175103187561035e-02
4.223138093948364258e-03
1.414102315902709961e-02
7.056223601102828979e-02
6.683766841888427734e-02
2.633786201477050781e-02
2.514877170324325562e-02
4.950797557830810547e-02
2.135506272315979004e-02
7.511451840400695801e-03
4.583597183227539062e-03
7.865101099014282227e-03
1.382923126220703125e-02
4.302859306335449219e-02
2.456071972846984863e-02
1.442545652389526367e-02
1.816067099571228027e-02
7.530929148197174072e-02
2.586382627487182617e-02
1.394417881965637207e-02
5.170851945877075195e-03
1.661849021911621094e-02
3.006762266159057617e-02
5.117058753967285156e-04
3.517633676528930664e-02
3.697756677865982056e-02
1.038545370101928711e-02
3.209814429283142090e-02
3.269711136817932129e-02
1.351362466812133789e-02
5.239707976579666138e-02
2.196800708770751953e-02
4.408073425292968750e-02
3.932426869869232178e-02
1.121640205383300781e-03
2.198806405067443848e-02
4.353493452072143555e-03
1.781821250915527344e-03
1.705884933471679688e-03
1.756680011749267578e-02
2.180081605911254883e-02
2.023410797119140625e-02
3.979539871215820312e-02
3.584295511245727539e-03
2.343884110450744629e-02
6.093996763229370117e-02
1.860922574996948242e-02
1.226720213890075684e-02
5.623435974121093750e-02
1.096136653795838356e-01
2.627283334732055664e-02
9.787440299987792969e-03
5.879685282707214355e-02
3.941267728805541992e-02
5.364730954170227051e-03
4.626244306564331055e-02
7.219928503036499023e-02
7.352218031883239746e-03
2.369457483291625977e-02
4.483640193939208984e-03
2.112852782011032104e-02
3.017890453338623047e-02
1.639145612716674805e-02
2.875930070877075195e-02
5.437684059143066406e-02
1.110434532165527344e-02
5.769604444503784180e-02
3.112626075744628906e-02
4.403115808963775635e-02
6.580609083175659180e-02
1.094371080398559570e-02
2.052500844001770020e-02
4.630535840988159180e-02
1.424975693225860596e-02
1.329863071441650391e-02
3.343409299850463867e-02
1.693703234195709229e-02
6.117397546768188477e-02
1.737654209136962891e-03
3.129474818706512451e-02
7.482945919036865234e-03
1.954524219036102295e-02
2.826336026191711426e-02
1.839268207550048828e-02
5.333585990592837334e-02
6.230282783508300781e-02
7.615923881530761719e-03
4.277101159095764160e-02
1.117074489593505859e-02
1.288321614265441895e-02
2.016308903694152832e-02
2.692300081253051758e-02
8.261762559413909912e-03
1.034122705459594727e-02
4.084002971649169922e-02
4.792140424251556396e-02
7.007896900177001953e-03
1.246955990791320801e-02
3.579396009445190430e-02
2.709108591079711914e-02
2.428165823221206665e-02
2.385079860687255859e-03
2.718663215637207031e-02
1.532229036092758179e-02
3.629291057586669922e-02
2.864748239517211914e-03
1.198971271514892578e-02
6.461006402969360352e-02
7.556679844856262207e-02
5.233240127563476562e-02
2.263170480728149414e-02
1.604009419679641724e-02
7.853746414184570312e-03
3.003361821174621582e-02
2.285864949226379395e-02
1.244580745697021484e-02
2.669253945350646973e-02
4.222488403320312500e-02
3.066021203994750977e-02
4.132143966853618622e-02
3.505945205688476562e-03
7.976055145263671875e-03
3.328606486320495605e-02
2.473491430282592773e-02
4.458612203598022461e-02
1.588097214698791504e-02
5.090755224227905273e-02
1.124422997236251831e-02
4.841369390487670898e-02
2.468061447143554688e-02
6.104417145252227783e-02
1.566118001937866211e-02
2.062034606933593750e-02
1.971107721328735352e-02
9.521305561065673828e-03
1.045870780944824219e-02
2.327674627304077148e-02
2.875810861587524414e-02
3.022629395127296448e-02
1.398295164108276367e-02
4.713284969329833984e-02
4.849568009376525879e-02
4.877328872680664062e-03
6.143063306808471680e-02
4.092627763748168945e-02
3.203868865966796875e-02
5.613945424556732178e-03
2.007186412811279297e-02
7.891386747360229492e-03
2.356314659118652344e-02
2.959400415420532227e-02
2.102494239807128906e-03
1.329970359802246094e-02
1.578748226165771484e-02
7.082335650920867920e-03
1.101404428482055664e-02
5.469688363373279572e-01
3.273026347160339355e-01
6.219512224197387695e-02
7.287633419036865234e-02
5.757313966751098633e-02
7.099336385726928711e-02
1.573264002799987793e-01
2.126675248146057129e-01
8.151915669441223145e-02
2.747017145156860352e-02
1.248401328921318054e-01
1.551820039749145508e-01
1.700795739889144897e-01
1.619568467140197754e-01
8.849084377288818359e-03
6.374491751194000244e-02
1.199839115142822266e-01
1.520424485206604004e-01
1.638826131820678711e-01
7.590639591217041016e-02
6.597118079662322998e-02
1.619503498077392578e-01
1.714891288429498672e-01
1.459470987319946289e-01
1.458573937416076660e-01
2.425912022590637207e-02
7.108312845230102539e-02
1.356921046972274780e-01
1.976157426834106445e-01
1.849067360162734985e-01
5.076128244400024414e-02
6.581085920333862305e-02
1.271658241748809814e-01
1.732300519943237305e-01
1.317826062440872192e-01
1.223046183586120605e-01
1.303559541702270508e-02
7.184383273124694824e-02
2.099177837371826172e-01
1.949044689536094666e-01
1.268702149391174316e-01
6.138169765472412109e-02
5.382657051086425781e-03
1.760785579681396484e-01
1.655307114124298096e-01
1.522200703620910645e-01
8.777827024459838867e-02
2.630561590194702148e-02
4.496538639068603516e-02
2.217114362865686417e-01
2.157011628150939941e-01
1.071996092796325684e-01
3.669574856758117676e-02
6.011593341827392578e-02
1.743854135274887085e-01
1.375550627708435059e-01
1.424348205327987671e-01
1.647864282131195068e-01
2.292037010192871094e-03
1.546408534049987793e-01
1.951946616172790527e-01
1.290080994367599487e-01
1.757875680923461914e-01
1.789212226867675781e-03
6.270129978656768799e-02
1.411839127540588379e-01
1.718779429793357849e-01
1.575241088867187500e-01
1.078613996505737305e-01
2.668908238410949707e-02
1.436690092086791992e-01
1.597835347056388855e-01
1.555467247962951660e-01
1.544957458972930908e-01
5.565315485000610352e-03
7.575500011444091797e-02
1.933899475261569023e-01
1.264256238937377930e-01
2.165641933679580688e-01
6.948801875114440918e-02
2.831381559371948242e-02
1.192881986498832703e-01
1.891426444053649902e-01
1.040221750736236572e-01
8.667004108428955078e-02
6.489741802215576172e-02
9.475159645080566406e-02
1.597891449928283691e-01
2.554206661880016327e-01
1.258517503738403320e-01
3.874775767326354980e-02
6.525792181491851807e-02
9.737730026245117188e-02
1.766550317406654358e-01
1.904464364051818848e-01
8.548712730407714844e-02
6.532785296440124512e-02
1.026988625526428223e-01
1.964328140020370483e-01
1.147834658622741699e-01
2.208025455474853516e-01
5.571034550666809082e-02
1.103867292404174805e-01
5.532721802592277527e-02
8.302927017211914062e-04
3.933781385421752930e-02
2.541974186897277832e-03
5.103051662445068359e-03
3.285717964172363281e-02
2.154901623725891113e-02
9.387838840484619141e-02
5.491400510072708130e-02
2.344107627868652344e-02
3.314858675003051758e-02
3.067397698760032654e-02
2.085238695144653320e-02
4.863315820693969727e-02
2.449411153793334961e-02
1.370394229888916016e-02
7.523804903030395508e-03
2.783256769180297852e-02
9.110331535339355469e-03
2.860644832253456116e-02
2.413624525070190430e-02
1.428711414337158203e-02
1.104176044464111328e-03
3.651446104049682617e-02
1.689043641090393066e-02
3.794515132904052734e-02
2.602827548980712891e-02
3.212263807654380798e-02
1.350402832031250000e-02
3.701746463775634766e-02
5.087345838546752930e-03
2.991867065429687500e-02
1.652333140373229980e-02
3.464341163635253906e-03
2.414709329605102539e-02
4.848533868789672852e-02
1.360172033309936523e-02
1.470601558685302734e-02
5.143341049551963806e-02
1.676112413406372070e-02
2.472046017646789551e-02
4.335430264472961426e-02
2.639472484588623047e-03
7.217630743980407715e-03
9.236693382263183594e-03
3.945595026016235352e-02
7.384743541479110718e-03
9.613335132598876953e-03
8.926093578338623047e-04
1.795879006385803223e-02
7.844746112823486328e-03
3.923462331295013428e-02
1.089161634445190430e-02
5.072104930877685547e-02
9.120080620050430298e-03
5.658364295959472656e-02
6.509542465209960938e-03
2.927016466856002808e-02
1.939231157302856445e-02
5.248486995697021484e-02
8.865743875503540039e-03
2.659559249877929688e-03
9.259894490242004395e-03
3.991001844406127930e-02
3.281116485595703125e-03
3.737083077430725098e-02
5.983412265777587891e-03
3.063109517097473145e-02
7.185995578765869141e-03
1.178979873657226562e-02
2.231564372777938843e-02
4.087805747985839844e-02
1.901346445083618164e-02
3.577454388141632080e-02
1.148486137390136719e-02
1.397237181663513184e-02
2.708157896995544434e-02
2.958929538726806641e-02
5.701437592506408691e-03
1.406198740005493164e-02
1.553505659103393555e-02
3.098958916962146759e-02
4.223805665969848633e-02
1.241198182106018066e-02
3.132207691669464111e-02
1.533371210098266602e-02
4.306440055370330811e-02
2.841973304748535156e-02
7.721698284149169922e-02
1.147944107651710510e-02
6.743907928466796875e-03
9.445548057556152344e-04
2.273653447628021240e-02
3.253042697906494141e-02
2.649560570716857910e-02
3.934356570243835449e-02
6.506025791168212891e-03
4.253761097788810730e-02
1.275777816772460938e-03
2.278453111648559570e-02
8.153542876243591309e-04
2.140361070632934570e-02
1.427575945854187012e-02
4.730790853500366211e-03
2.480113506317138672e-02
4.309991002082824707e-02
1.596891880035400391e-02
2.875101566314697266e-02
3.223327547311782837e-02
1.439785957336425781e-02
1.602512598037719727e-02
2.300858497619628906e-02
8.649230003356933594e-04
2.583403885364532471e-02
2.825397253036499023e-02
1.667070388793945312e-02
8.620686829090118408e-03
3.063303232192993164e-02
5.367031693458557129e-02
4.488262534141540527e-02
1.544374227523803711e-02
9.875893592834472656e-04
1.257482171058654785e-02
7.570207118988037109e-03
6.289489567279815674e-03
1.942050457000732422e-02
6.282162666320800781e-02
3.210950642824172974e-02
6.171762943267822266e-03
3.122118115425109863e-02
6.173312664031982422e-02
3.916567564010620117e-02
8.264032751321792603e-02
5.704343318939208984e-03
2.424120903015136719e-03
1.781323552131652832e-02
6.657004356384277344e-03
1.398876309394836426e-02
5.947625637054443359e-02
2.265214920043945312e-03
4.147215187549591064e-02
2.585738897323608398e-02
3.339821100234985352e-02
3.289581090211868286e-02
9.657323360443115234e-03
1.194307208061218262e-02
2.484330534934997559e-02
1.754659414291381836e-02
3.411369025707244873e-02
2.250021696090698242e-02
1.651364564895629883e-02
2.579711936414241791e-02
1.225030422210693359e-02
3.702330589294433594e-02
4.100725054740905762e-03
2.916502952575683594e-02
1.181425154209136963e-02
5.621528625488281250e-02
3.581851720809936523e-02
6.399732083082199097e-03
4.675227403640747070e-02
6.347793340682983398e-02
8.292183279991149902e-03
8.869469165802001953e-02
4.652059078216552734e-02
1.126968860626220703e-02
5.675715208053588867e-02
3.016707301139831543e-02
1.333564519882202148e-02
2.095830440521240234e-02
1.380972564220428467e-02
3.733265399932861328e-02
2.943021059036254883e-02
2.557972073554992676e-02
2.112859487533569336e-02
4.225596785545349121e-04
1.759898662567138672e-02
3.131562471389770508e-02
1.388213038444519043e-02
3.975397348403930664e-02
4.960745573043823242e-03
1.336531341075897217e-02
1.175993680953979492e-02
1.153625547885894775e-02
1.981896162033081055e-02
1.438421010971069336e-02
1.331329345703125000e-03
2.890664339065551758e-02
4.887580871582031250e-03
2.094450592994689941e-02
4.140734672546386719e-03
5.770815908908843994e-02
1.690149307250976562e-03
8.436101675033569336e-02
6.836323440074920654e-02
2.673566341400146484e-03
2.894687652587890625e-02
2.539265900850296021e-02
3.647816181182861328e-02
8.383512496948242188e-03
3.250044584274291992e-02
7.890522480010986328e-03
6.338573992252349854e-03
8.629977703094482422e-03
1.770663261413574219e-02
4.541526734828948975e-02
7.189333438873291016e-03
5.904856324195861816e-02
3.440350294113159180e-02
1.785439252853393555e-02
7.496654987335205078e-03
2.950429916381835938e-05
1.555788516998291016e-02
1.335978507995605469e-02
5.896186828613281250e-02
1.215475797653198242e-02
2.817884087562561035e-02
1.623731851577758789e-02
1.647359132766723633e-02
4.129201173782348633e-03
6.453263759613037109e-02
1.775964628905057907e-02
1.052914261817932129e-01
1.172927618026733398e-01
2.856186032295227051e-02
4.099011421203613281e-02
2.775487303733825684e-02
4.798680543899536133e-03
3.411656618118286133e-02
2.149897813796997070e-02
5.140542984008789062e-02
3.550809621810913086e-02
2.946146577596664429e-02
1.904988288879394531e-02
1.277086138725280762e-02
5.070093274116516113e-02
2.228754758834838867e-02
7.700933516025543213e-02
5.741244554519653320e-02
1.886427402496337891e-02
3.240995109081268311e-03
4.998832941055297852e-02
8.741915225982666016e-03
5.041033029556274414e-02
1.192444562911987305e-02
4.608784615993499756e-02
3.186401724815368652e-02
6.331086158752441406e-02
1.751092821359634399e-02
7.868403196334838867e-02
3.060710430145263672e-02
1.121784150600433350e-01
4.583287239074707031e-02
4.025605320930480957e-02
5.917370319366455078e-03
1.188635826110839844e-02
4.398107528686523438e-03
5.881160497665405273e-02
6.846159696578979492e-02
9.421698749065399170e-03
4.422366619110107422e-03
1.680175960063934326e-02
2.773842215538024902e-02
5.578440427780151367e-02
2.101557701826095581e-02
2.305305004119873047e-02
2.843725681304931641e-02
3.361222147941589355e-02
8.186513185501098633e-02
8.304771780967712402e-02
1.813757419586181641e-02
2.393621206283569336e-02
7.760658860206604004e-03
2.419793605804443359e-02
1.694977283477783203e-03
5.221443809568881989e-02
3.286343812942504883e-02
1.556929945945739746e-02
1.219429075717926025e-02
2.619785070419311523e-02
8.800104260444641113e-03
5.695381760597229004e-02
3.803527355194091797e-02
6.315167993307113647e-03
3.608793020248413086e-02
8.676528930664062500e-03
3.982774913311004639e-02
7.296282052993774414e-02
5.331650376319885254e-03
2.860474586486816406e-02
6.787419319152832031e-03
2.629512920975685120e-02
5.485355854034423828e-03
2.223813533782958984e-02
1.977102458477020264e-02
1.528507471084594727e-02
2.352473139762878418e-02
4.452985525131225586e-02
3.753334283828735352e-02
1.088514924049377441e-03
1.091527938842773438e-02
5.111271142959594727e-02
1.972556114196777344e-03
4.330760240554809570e-02
1.265767216682434082e-02
2.481749653816223145e-02
7.872879505157470703e-03
1.746687293052673340e-02
3.257769346237182617e-02
3.922861814498901367e-02
4.454184323549270630e-02
1.478552818298339844e-02
1.369130611419677734e-02
2.492547035217285156e-02
1.168423891067504883e-02
4.803359508514404297e-03
4.981121420860290527e-02
3.811854124069213867e-02
2.821540459990501404e-02
2.440017461776733398e-02
2.178633213043212891e-02
1.388797163963317871e-02
5.512416362762451172e-03
2.707193791866302490e-02
8.375880122184753418e-02
2.993613481521606445e-02
7.814519107341766357e-03
3.766733407974243164e-02
1.200461387634277344e-02
9.507648646831512451e-03
2.679616212844848633e-02
5.292072892189025879e-02
1.093983650207519531e-02
2.290445566177368164e-02
2.929725125432014465e-02
3.721672296524047852e-02
5.458772182464599609e-03
2.408586442470550537e-02
4.201352596282958984e-02
3.230816125869750977e-02
1.308776438236236572e-02
3.036308288574218750e-02
2.956051379442214966e-02
7.347643375396728516e-03
4.741132259368896484e-03
4.052869789302349091e-02
1.675134897232055664e-02
7.783770561218261719e-03
3.056761622428894043e-02
5.828267335891723633e-02
1.066789031028747559e-02
9.600058197975158691e-02
7.364803552627563477e-02
3.810959495604038239e-02
2.929210662841796875e-03
8.137482404708862305e-02
9.926043450832366943e-03
8.709698915481567383e-02
1.053598523139953613e-02
8.484956622123718262e-02
6.009691953659057617e-02
4.750260338187217712e-02
4.920119047164916992e-02
2.176433801651000977e-02
3.537880629301071167e-02
1.532387733459472656e-02
3.584501147270202637e-02
3.459018468856811523e-02
2.355718612670898438e-02
2.388479560613632202e-02
1.395928859710693359e-02
3.280299901962280273e-02
1.135158538818359375e-02
4.870897531509399414e-02
1.225465536117553711e-02
1.602019369602203369e-02
9.266316890716552734e-03
4.241302609443664551e-03
1.536732912063598633e-02
1.394301652908325195e-02
1.663484051823616028e-02
3.696328401565551758e-02
