# {'thres': 0.08331730663776404}
3.943920135498046875e-03
3.286302089691162109e-02
2.711880207061767578e-02
4.038649797439575195e-02
2.052724361419677734e-02
5.980134010314941406e-04
5.705684423446655273e-03
2.749347686767578125e-02
2.968502044677734375e-02
4.341000318527221680e-02
7.454514503479003906e-03
7.285237312316894531e-03
1.629079133272171021e-02
1.645344495773315430e-02
1.477062702178955078e-03
1.864707469940185547e-02
2.253293991088867188e-03
8.396148681640625000e-03
3.605078905820846558e-02
2.546972036361694336e-02
4.102766513824462891e-03
4.345180839300155640e-02
3.584444522857666016e-02
9.045839309692382812e-03
2.328984439373016357e-03
3.458768129348754883e-03
9.199976921081542969e-04
3.642708063125610352e-03
3.162986040115356445e-02
1.053041219711303711e-02
3.417328000068664551e-02
6.172955036163330078e-03
3.160756826400756836e-02
9.535551071166992188e-03
1.427689194679260254e-02
4.177802801132202148e-02
1.668184995651245117e-02
5.328141152858734131e-03
2.132886648178100586e-02
1.694363355636596680e-02
8.900621905922889709e-02
1.973861455917358398e-02
1.810920238494873047e-02
6.340860947966575623e-02
1.352113485336303711e-02
6.541609764099121094e-03
6.515068560838699341e-02
2.132135629653930664e-02
6.233024597167968750e-02
2.241137623786926270e-02
2.071478962898254395e-02
3.949260711669921875e-02
9.146168828010559082e-03
2.164289355278015137e-02
8.481740951538085938e-03
1.005393266677856445e-02
5.516189336776733398e-02
4.393482208251953125e-02
1.145285367965698242e-02
3.292900323867797852e-02
7.742643356323242188e-04
3.273227810859680176e-02
1.024258136749267578e-02
4.228717088699340820e-02
3.656268119812011719e-03
1.066166162490844727e-02
9.667873382568359375e-03
2.496582269668579102e-02
2.827521413564682007e-03
1.721745729446411133e-02
2.385989427566528320e-01
6.357547640800476074e-02
5.766379833221435547e-02
7.035976648330688477e-02
2.123464643955230713e-02
1.181906461715698242e-02
4.990690946578979492e-02
6.491145491600036621e-02
2.203759551048278809e-02
1.107723116874694824e-01
3.618299961090087891e-03
5.092522501945495605e-02
3.245508670806884766e-02
5.083668231964111328e-02
1.933450922369956970e-01
1.266243457794189453e-01
2.059057354927062988e-02
4.049497842788696289e-02
6.781160831451416016e-03
7.141113281250000000e-02
1.608857885003089905e-02
2.421391010284423828e-02
7.422208786010742188e-03
5.657838657498359680e-02
4.428267478942871094e-03
5.020976066589355469e-03
3.706482797861099243e-02
4.963022470474243164e-02
2.968984842300415039e-02
3.805745393037796021e-02
1.426637172698974609e-02
1.301449537277221680e-02
7.745504379272460938e-03
1.314759254455566406e-03
1.328986883163452148e-02
3.910934925079345703e-02
3.111044541001319885e-01
1.170907020568847656e-01
5.956086516380310059e-02
4.775212705135345459e-02
2.659994363784790039e-02
7.576715946197509766e-02
2.389229089021682739e-02
3.384768962860107422e-03
4.284381270408630371e-01
1.403043940663337708e-01
1.079276800155639648e-01
1.541910171508789062e-01
7.655948400497436523e-03
1.031966209411621094e-01
5.679088830947875977e-02
5.083024501800537109e-02
6.149989366531372070e-02
3.994154930114746094e-02
7.215887308120727539e-05
1.965731382369995117e-02
6.617128849029541016e-02
3.334167599678039551e-02
3.346008062362670898e-02
5.395650863647460938e-03
4.272851347923278809e-02
7.966697216033935547e-03
1.172977685928344727e-02
1.575490832328796387e-02
2.095413208007812500e-02
1.178038120269775391e-02
1.311591267585754395e-02
6.068296730518341064e-03
4.772692918777465820e-02
4.761044383049011230e-01
1.340130018070340157e-01
1.220162510871887207e-01
1.941069364547729492e-01
1.537932641804218292e-02
1.013360619544982910e-01
1.473093032836914062e-02
2.815137617290019989e-02
8.102655410766601562e-04
3.326642513275146484e-02
3.664477169513702393e-02
4.772555828094482422e-02
2.464652061462402344e-03
5.358457565307617188e-03
2.214542031288146973e-02
3.219723701477050781e-03
9.694501757621765137e-03
2.774879336357116699e-02
2.747046947479248047e-02
2.121996879577636719e-02
1.731166243553161621e-02
5.987703800201416016e-03
1.497647166252136230e-02
5.197465419769287109e-03
2.403318881988525391e-02
3.026360273361206055e-02
2.643622085452079773e-02
8.812487125396728516e-03
4.661679267883300781e-04
2.158846706151962280e-02
4.964423179626464844e-02
1.478588581085205078e-02
6.677392870187759399e-03
1.551580429077148438e-02
1.338344812393188477e-02
6.822139024734497070e-03
5.075871944427490234e-03
4.765951633453369141e-02
4.451685398817062378e-02
2.084559202194213867e-02
6.788849830627441406e-03
2.566292881965637207e-03
2.555894851684570312e-02
2.479094266891479492e-02
3.260767459869384766e-02
2.051997184753417969e-02
1.617759466171264648e-02
3.100407123565673828e-02
2.288849651813507080e-02
3.584450483322143555e-02
3.047305345535278320e-02
2.489814907312393188e-02
2.384245395660400391e-03
2.790427207946777344e-02
2.531103417277336121e-02
3.262460231781005859e-02
4.942953586578369141e-03
1.098039373755455017e-02
2.514332532882690430e-02
1.418316364288330078e-02
4.687321186065673828e-02
9.883433580398559570e-03
8.130788803100585938e-03
6.206642836332321167e-02
2.663004398345947266e-02
1.697105169296264648e-02
1.581881940364837646e-02
4.695028066635131836e-02
6.962895393371582031e-03
2.465546131134033203e-04
1.111099123954772949e-02
3.709453344345092773e-02
4.730454087257385254e-02
3.267798572778701782e-02
2.780324220657348633e-02
1.376062631607055664e-02
2.679147943854331970e-02
3.475546836853027344e-03
3.686070442199707031e-02
2.947364747524261475e-02
1.042664051055908203e-03
9.734570980072021484e-03
8.735291659832000732e-03
3.314471244812011719e-02
4.838854074478149414e-02
5.345344543457031250e-03
1.222029328346252441e-02
8.545994758605957031e-03
1.678741797804832458e-01
4.628335312008857727e-01
1.694940328598022461e-01
1.029905825853347778e-01
1.268734633922576904e-01
2.820050716400146484e-02
7.019576430320739746e-02
2.492567896842956543e-02
1.381213665008544922e-01
2.805182337760925293e-02
1.297109276056289673e-01
1.146351099014282227e-01
2.863752841949462891e-02
5.274847149848937988e-02
3.889918327331542969e-03
3.813326358795166016e-03
5.315636843442916870e-02
4.166710376739501953e-02
3.801548480987548828e-02
3.167184814810752869e-02
1.003038883209228516e-02
1.558214426040649414e-02
2.946600690484046936e-02
4.303008317947387695e-03
4.391628503799438477e-02
1.211715489625930786e-02
1.050797104835510254e-02
2.119362354278564453e-03
4.631653428077697754e-02
1.567563414573669434e-02
3.556114435195922852e-02
4.813581705093383789e-02
2.056784108281135559e-01
6.964153051376342773e-02
1.099610328674316406e-02
7.650307565927505493e-02
6.537860631942749023e-02
7.289385795593261719e-02
1.029980927705764771e-02
2.250248193740844727e-02
2.151668071746826172e-03
6.637185811996459961e-03
2.081358432769775391e-02
1.996678113937377930e-02
4.613293707370758057e-02
5.720305442810058594e-02
1.685017347335815430e-02
3.390327468514442444e-02
5.309402942657470703e-03
7.767140865325927734e-03
3.209099173545837402e-03
1.279759407043457031e-02
1.243370771408081055e-02
3.615641593933105469e-02
1.650068163871765137e-02
4.937082529067993164e-02
2.897673845291137695e-02
1.361152529716491699e-02
1.655071973800659180e-02
2.083697915077209473e-02
3.142491728067398071e-02
3.321272134780883789e-02
7.801413536071777344e-03
1.650428026914596558e-02
1.479661464691162109e-02
3.427267074584960938e-03
1.190790720283985138e-02
1.267331838607788086e-02
1.605701446533203125e-02
1.904952339828014374e-02
3.800559043884277344e-02
1.550120115280151367e-02
3.683075308799743652e-02
2.564305067062377930e-02
2.353787422180175781e-03
2.831205725669860840e-02
7.080763578414916992e-02
3.009849786758422852e-02
1.008969545364379883e-02
2.969335988163948059e-01
8.843332529067993164e-02
1.177083849906921387e-01
7.532858848571777344e-02
5.473148822784423828e-02
1.499950885772705078e-03
2.259332686662673950e-02
5.020064115524291992e-02
4.415224194526672363e-01
1.358507964760065079e-01
1.339122653007507324e-01
2.459789514541625977e-01
5.053732171654701233e-02
9.323978424072265625e-02
3.641790151596069336e-02
2.357047237455844879e-02
6.640493869781494141e-03
2.435147762298583984e-03
6.986662745475769043e-03
1.025813817977905273e-02
6.176710128784179688e-03
4.726593196392059326e-02
9.215295314788818359e-03
4.298084974288940430e-02
2.501925602555274963e-01
3.753438070416450500e-01
1.627300977706909180e-01
3.654679730534553528e-01
5.054093897342681885e-02
2.575725317001342773e-02
1.117534637451171875e-01
6.537429988384246826e-02
4.110574722290039062e-02
3.716409206390380859e-03
2.185496315360069275e-02
5.537688732147216797e-03
2.712625265121459961e-02
2.220455557107925415e-03
5.667626857757568359e-02
1.074612140655517578e-02
2.937608212232589722e-02
1.198726892471313477e-02
2.066195011138916016e-03
4.691757261753082275e-03
3.144565224647521973e-02
4.199564456939697266e-03
1.072345674037933350e-02
1.415026187896728516e-02
4.683303833007812500e-02
1.752325892448425293e-02
2.679320946335792542e-01
7.496184110641479492e-02
9.350493550300598145e-02
1.387215182185173035e-01
3.156697750091552734e-02
5.249580815434455872e-01
1.807335540652275085e-01
3.440546989440917969e-02
1.937409043312072754e-01
3.001772984862327576e-02
6.801813840866088867e-02
2.087408304214477539e-02
2.999000996351242065e-02
7.554632425308227539e-02
4.414415359497070312e-02
9.712949395179748535e-03
5.214011669158935547e-02
2.839165925979614258e-02
8.539964258670806885e-02
4.073905944824218750e-02
6.533265113830566406e-02
3.993139415979385376e-02
1.561567187309265137e-02
8.038997650146484375e-03
2.076508104801177979e-02
5.418777465820312500e-03
3.811633586883544922e-02
2.110242843627929688e-02
1.600167155265808105e-02
7.926094532012939453e-02
4.348754882812500000e-03
9.367078542709350586e-03
6.025493144989013672e-03
1.185446977615356445e-02
1.351416669785976410e-02
1.268386840820312500e-03
2.389913797378540039e-02
3.399879857897758484e-02
2.914202213287353516e-02
5.628228187561035156e-03
1.448012888431549072e-03
2.265000343322753906e-02
4.277288913726806641e-03
2.866230159997940063e-02
5.647587776184082031e-02
4.765391349792480469e-04
3.382027149200439453e-02
3.783267736434936523e-02
2.486354112625122070e-02
1.298159360885620117e-02
7.281482219696044922e-03
1.371848583221435547e-02
3.655850887298583984e-03
1.189805567264556885e-02
1.359128952026367188e-02
4.605611041188240051e-01
1.584734544157981873e-01
7.671129703521728516e-02
1.905379891395568848e-01
1.455716788768768311e-02
3.586804866790771484e-02
6.114166975021362305e-02
2.903841808438301086e-02
4.920727014541625977e-02
1.346659660339355469e-02
1.812278851866722107e-02
2.041310071945190430e-02
3.047454357147216797e-02
1.846480369567871094e-02
6.330239772796630859e-02
7.123589515686035156e-03
1.070810854434967041e-02
4.347819089889526367e-02
3.913605213165283203e-02
8.481219410896301270e-03
1.342028379440307617e-03
6.695985794067382812e-03
1.685798168182373047e-02
1.922506615519523621e-01
1.047683954238891602e-01
8.244249224662780762e-02
5.155096948146820068e-02
1.772048473358154297e-01
1.253336668014526367e-02
4.245644062757492065e-02
1.070505380630493164e-02
2.836728096008300781e-02
3.741117566823959351e-02
6.303727626800537109e-03
4.045009613037109375e-03
2.705291751772165298e-02
3.143960237503051758e-02
1.489967107772827148e-02
1.013703793287277222e-01
4.052814841270446777e-02
2.810388803482055664e-02
4.598984122276306152e-02
2.563703060150146484e-02
2.488917112350463867e-02
3.329288959503173828e-02
2.654132246971130371e-02
1.112073659896850586e-02
3.100350499153137207e-02
1.994755864143371582e-02
4.997849464416503906e-04
1.035028696060180664e-02
8.254788815975189209e-03
2.692097425460815430e-02
2.059406042098999023e-02
3.348834626376628876e-02
6.481707096099853516e-03
1.802581548690795898e-02
2.327678236179053783e-02
2.777755260467529297e-02
1.907533407211303711e-02
1.496755704283714294e-02
3.569185733795166016e-02
1.678884029388427734e-03
9.424343705177307129e-03
8.031255006790161133e-02
1.860380172729492188e-02
6.655827164649963379e-03
2.542340755462646484e-02
1.938295364379882812e-02
1.430699229240417480e-02
3.247423470020294189e-02
1.228338479995727539e-02
3.625240921974182129e-02
9.699866175651550293e-03
4.420608282089233398e-02
2.190962433815002441e-02
4.326017200946807861e-02
2.496272325515747070e-02
1.840734481811523438e-02
4.209227859973907471e-03
4.018008708953857422e-03
3.634085059165954590e-01
1.014410182833671570e-01
9.464174509048461914e-02
1.204467415809631348e-01
4.284473974257707596e-02
2.182620763778686523e-02
5.313080549240112305e-02
8.036514185369014740e-02
1.025688648223876953e-02
5.300819873809814453e-03
2.388426661491394043e-02
2.161031961441040039e-02
3.228366374969482422e-03
2.566422149538993835e-01
9.018725156784057617e-02
3.379476070404052734e-02
7.154834270477294922e-02
9.328737854957580566e-03
3.254908323287963867e-02
6.464093923568725586e-03
1.300940588116645813e-01
3.600633144378662109e-02
2.625876665115356445e-02
8.901446312665939331e-02
2.249139547348022461e-02
3.347349166870117188e-02
3.709559887647628784e-02
4.854488372802734375e-02
3.782033920288085938e-03
4.144904017448425293e-02
2.659648656845092773e-02
2.217316627502441406e-02
2.230938151478767395e-02
4.194945096969604492e-03
4.158556461334228516e-03
1.571407169103622437e-02
2.344974875450134277e-02
4.219847917556762695e-02
2.026256918907165527e-02
4.063293337821960449e-02
4.505211114883422852e-02
8.988559246063232422e-03
2.155448496341705322e-02
1.360267400741577148e-02
6.407910585403442383e-02
1.292648911476135254e-02
2.380967140197753906e-03
9.568929672241210938e-04
6.026335060596466064e-03
1.479291915893554688e-02
8.736193180084228516e-03
1.175811141729354858e-02
2.681070566177368164e-02
1.359194517135620117e-02
3.089734166860580444e-02
1.113843917846679688e-02
2.824336290359497070e-02
1.324166208505630493e-01
1.739716529846191406e-02
3.030341863632202148e-02
6.922059506177902222e-02
2.162879705429077148e-02
6.209862232208251953e-02
1.245790719985961914e-02
4.377275705337524414e-03
4.372090101242065430e-02
2.976807951927185059e-02
5.608424544334411621e-03
2.312177419662475586e-02
2.339035272598266602e-02
1.389765739440917969e-02
3.897273540496826172e-02
3.105401992797851562e-03
4.879012703895568848e-04
3.146898746490478516e-02
1.538574695587158203e-02
2.942223334684967995e-02
2.667921781539916992e-02
6.036937236785888672e-03
4.034075140953063965e-02
4.988551139831542969e-03
1.441538333892822266e-03
6.430797278881072998e-03
9.134918451309204102e-03
4.933774471282958984e-03
7.000805437564849854e-02
2.191841602325439453e-03
3.080236911773681641e-02
2.283875644207000732e-02
1.000937819480895996e-02
8.719205856323242188e-03
1.413732767105102539e-03
9.863436222076416016e-03
3.633821010589599609e-02
4.759392142295837402e-02
7.861711084842681885e-03
2.798223495483398438e-02
1.458334922790527344e-02
5.059308372437953949e-02
5.366992950439453125e-02
1.848155260086059570e-02
4.760050773620605469e-02
7.946491241455078125e-03
2.474373579025268555e-02
1.729368418455123901e-02
2.582311630249023438e-03
1.706106662750244141e-01
6.017982214689254761e-02
1.463505625724792480e-02
9.949165582656860352e-02
1.985086500644683838e-02
4.512381553649902344e-02
2.517396211624145508e-02
8.235424757003784180e-03
1.374718546867370605e-02
1.099812984466552734e-02
3.737780451774597168e-02
1.558497548103332520e-03
1.226782798767089844e-03
3.373312950134277344e-02
3.233808279037475586e-02
1.078510284423828125e-02
2.874916791915893555e-02
2.854391932487487793e-02
6.312847137451171875e-03
1.121675968170166016e-02
1.130088046193122864e-02
2.674341201782226562e-03
3.436738252639770508e-02
7.077904418110847473e-03
3.603559732437133789e-02
1.147991418838500977e-02
1.968340203166007996e-02
3.200605511665344238e-02
3.341323137283325195e-02
7.760316133499145508e-03
2.196341753005981445e-03
1.601576805114746094e-04
4.331663250923156738e-02
1.238548755645751953e-02
2.716934680938720703e-02
5.721449851989746094e-04
2.022061422467231750e-01
9.485429525375366211e-02
5.280846357345581055e-02
7.529794424772262573e-02
4.408574104309082031e-02
2.258050441741943359e-02
1.925499364733695984e-02
4.529178142547607422e-03
2.504432201385498047e-02
2.387930639088153839e-02
3.064044117927551270e-01
1.371670365333557129e-01
7.795385643839836121e-02
1.084120273590087891e-01
3.064745664596557617e-02
5.450063943862915039e-02
4.313388466835021973e-02
7.028728723526000977e-02
2.146330475807189941e-02
3.792032673954963684e-01
1.226659417152404785e-01
1.308723390102386475e-01
1.282557249069213867e-01
4.157036542892456055e-02
1.135593354701995850e-01
2.707576751708984375e-02
2.918541431427001953e-03
3.071886301040649414e-02
2.131648361682891846e-03
2.784240245819091797e-02
1.147723197937011719e-02
5.137501191347837448e-02
1.635652780532836914e-02
5.124539136886596680e-02
9.757008403539657593e-03
4.688501358032226562e-03
3.354650735855102539e-02
4.624941200017929077e-02
5.416136980056762695e-02
1.620513200759887695e-02
1.633424311876296997e-02
1.687529683113098145e-02
1.295065879821777344e-02
2.432897686958312988e-03
3.895065188407897949e-02
4.195511341094970703e-03
2.270837128162384033e-02
9.519100189208984375e-03
3.665387630462646484e-03
4.689601063728332520e-02
1.814593374729156494e-02
6.823360919952392578e-03
1.416307687759399414e-02
1.823020726442337036e-02
3.954964876174926758e-02
3.304612636566162109e-02
4.000579565763473511e-02
4.584908485412597656e-03
3.065347671508789062e-03
5.622418224811553955e-02
2.248716354370117188e-02
3.553956747055053711e-02
1.707622222602367401e-02
9.816348552703857422e-03
4.672080278396606445e-02
4.003413766622543335e-02
3.901213407516479492e-02
2.983498573303222656e-02
5.673691630363464355e-03
4.015779495239257812e-02
5.419325828552246094e-02
5.007296800613403320e-03
5.643308162689208984e-03
1.373434066772460938e-02
4.041016101837158203e-03
7.120072841644287109e-03
1.375854015350341797e-02
8.715510368347167969e-03
8.159182965755462646e-03
9.762644767761230469e-03
3.124833106994628906e-02
1.445722952485084534e-02
3.804254531860351562e-02
3.336966037750244141e-02
1.428965479135513306e-04
2.470970153808593750e-03
3.918737173080444336e-02
2.051711641252040863e-02
4.916006326675415039e-02
5.193841457366943359e-02
1.073220744729042053e-02
1.177227497100830078e-02
5.937218666076660156e-04
2.145550400018692017e-02
4.337444975972175598e-01
1.640068292617797852e-01
1.031247526407241821e-01
1.249113976955413818e-01
6.140679121017456055e-02
7.055854797363281250e-02
1.345385611057281494e-02
1.510822772979736328e-02
3.589594364166259766e-02
2.186211943626403809e-02
2.068775892257690430e-02
3.043889999389648438e-02
2.741363458335399628e-02
5.897790193557739258e-02
1.708775758743286133e-02
7.207099348306655884e-03
2.991479635238647461e-02
1.498401165008544922e-03
1.135269179940223694e-03
1.601749658584594727e-02
6.052035093307495117e-02
2.773561328649520874e-02
7.944276928901672363e-02
8.029520511627197266e-03
3.281556069850921631e-02
1.331508159637451172e-02
3.764736652374267578e-02
7.720008492469787598e-03
2.952500358223915100e-01
1.319360733032226562e-01
1.072235107421875000e-01
3.912492096424102783e-02
2.391034364700317383e-02
5.620589852333068848e-02
5.663245916366577148e-03
2.800995111465454102e-02
4.244744777679443359e-03
1.521933451294898987e-02
4.032057523727416992e-02
1.129925251007080078e-03
3.021995432209223509e-02
8.987247943878173828e-03
3.191602230072021484e-02
4.362175613641738892e-02
2.447426319122314453e-02
2.592116594314575195e-02
1.274135708808898926e-02
4.439991712570190430e-02
2.947700023651123047e-02
1.377844586968421936e-01
1.019650101661682129e-01
7.090669870376586914e-02
3.505907952785491943e-02
2.512522041797637939e-02
2.614784240722656250e-02
2.062097191810607910e-02
1.941345706582069397e-01
9.246605634689331055e-02
2.584499120712280273e-02
4.234572499990463257e-02
2.726197242736816406e-02
8.357578516006469727e-02
1.254739984869956970e-02
8.397990465164184570e-02
3.421723842620849609e-02
8.080748841166496277e-03
1.500827074050903320e-02
5.811506509780883789e-02
1.803333126008510590e-02
3.465372323989868164e-02
3.451710939407348633e-02
1.621103286743164062e-02
9.089678525924682617e-03
8.761465549468994141e-03
4.134386777877807617e-03
7.305562496185302734e-03
1.501584053039550781e-02
2.522420883178710938e-02
1.839786767959594727e-03
2.833533287048339844e-02
3.023645281791687012e-02
8.033409714698791504e-03
2.478772401809692383e-02
4.038864374160766602e-02
1.827710121870040894e-02
1.159071922302246094e-03
3.604549169540405273e-02
3.038618341088294983e-02
5.089640617370605469e-04
2.265298366546630859e-02
5.609548091888427734e-02
3.406059741973876953e-02
1.184940338134765625e-02
4.260452836751937866e-02
1.601058244705200195e-02
3.635716438293457031e-02
3.779673576354980469e-02
3.898352384567260742e-03
4.216939210891723633e-02
6.272888183593750000e-02
2.658805251121520996e-02
3.775823116302490234e-02
2.664458751678466797e-02
1.218128204345703125e-02
1.079338788986206055e-02
1.187726855278015137e-02
6.335914134979248047e-03
5.787259340286254883e-02
3.284871578216552734e-03
1.274242028594017029e-01
7.025659084320068359e-03
2.796304225921630859e-02
2.083797007799148560e-03
1.285010576248168945e-02
2.367198467254638672e-03
3.350396454334259033e-02
2.457410097122192383e-02
1.028275489807128906e-02
3.147527575492858887e-03
2.403408288955688477e-02
3.372007608413696289e-02
1.642315089702606201e-02
8.941161632537841797e-02
1.043450832366943359e-02
4.779666662216186523e-03
4.105933383107185364e-01
1.634023189544677734e-01
1.081592440605163574e-01
1.213091760873794556e-01
5.977880954742431641e-02
4.947024583816528320e-02
6.379368901252746582e-02
7.258605957031250000e-02
1.603296399116516113e-02
5.404226854443550110e-02
3.809928894042968750e-03
8.298516273498535156e-03
1.037029996514320374e-01
1.331698894500732422e-02
3.185462951660156250e-02
3.848885372281074524e-02
2.156394720077514648e-02
1.583772897720336914e-02
3.176210820674896240e-02
3.067654371261596680e-02
9.269118309020996094e-04
1.731963828206062317e-02
7.766991853713989258e-03
2.199250459671020508e-02
2.094030380249023438e-03
3.588017821311950684e-02
2.966487407684326172e-02
2.263104394078254700e-01
1.162319183349609375e-01
7.891905307769775391e-02
1.083718985319137573e-01
6.384161114692687988e-02
1.060396432876586914e-02
4.480142667889595032e-01
1.650179028511047363e-01
8.552980422973632812e-02
1.761175990104675293e-01
2.899222448468208313e-02
8.266204595565795898e-02
8.283001184463500977e-02
4.363651201128959656e-02
3.091543912887573242e-02
3.927791118621826172e-02
1.545572653412818909e-02
2.839702367782592773e-02
6.702542304992675781e-03
2.098710834980010986e-02
3.740873932838439941e-02
1.164531707763671875e-02
1.340055465698242188e-02
7.618963718414306641e-03
1.492470502853393555e-02
4.604771733283996582e-03
6.384849548339843750e-03
4.282939434051513672e-02
1.900255680084228516e-03
1.995987966656684875e-01
8.842849731445312500e-02
5.238375142216682434e-01
1.332933902740478516e-01
7.033896446228027344e-02
1.130343377590179443e-01
5.453091114759445190e-03
5.355882644653320312e-02
6.853967905044555664e-02
3.865697607398033142e-02
8.542358875274658203e-03
1.123636960983276367e-02
2.679643034934997559e-02
2.745401859283447266e-02
2.483004331588745117e-02
2.001971006393432617e-03
9.674131870269775391e-03
4.713284969329833984e-02
2.626071870326995850e-02
2.796953916549682617e-02
3.420615196228027344e-02
4.067498445510864258e-02
3.810212016105651855e-02
1.331800222396850586e-02
1.246106624603271484e-02
8.646100759506225586e-03
1.988214254379272461e-02
4.421103000640869141e-02
1.345147192478179932e-02
2.829098701477050781e-02
1.098114252090454102e-02
1.742547377943992615e-02
2.881491184234619141e-02
9.424448013305664062e-03
3.165056928992271423e-02
1.475715637207031250e-02
2.732861042022705078e-02
9.331729263067245483e-03
3.977358341217041016e-03
1.647957563400268555e-01
4.054281115531921387e-02
1.664331555366516113e-02
6.009775400161743164e-02
3.103328496217727661e-02
6.521525979042053223e-02
4.615372419357299805e-02
4.521861672401428223e-03
1.314756274223327637e-02
4.553222656250000000e-02
2.914342284202575684e-02
2.623476088047027588e-02
2.005374431610107422e-02
1.383545994758605957e-02
1.303162425756454468e-02
3.263771533966064453e-02
7.770836353302001953e-03
4.755800520069897175e-02
6.323456764221191406e-04
4.419559240341186523e-02
2.088510897010564804e-02
2.925676107406616211e-02
1.020938158035278320e-02
1.478345692157745361e-02
1.453989744186401367e-02
4.145163297653198242e-02
5.034710466861724854e-02
2.798083424568176270e-02
2.925109863281250000e-02
2.628688514232635498e-02
8.571207523345947266e-03
3.317534923553466797e-02
3.238782286643981934e-02
2.828492298722267151e-01
1.229138970375061035e-01
1.308587193489074707e-01
8.506207168102264404e-02
6.293135881423950195e-02
5.807927250862121582e-02
8.198067545890808105e-03
2.226275205612182617e-02
3.323537111282348633e-02
2.003539726138114929e-02
1.640176773071289062e-02
2.138972282409667969e-02
1.943659037351608276e-02
3.009057044982910156e-02
2.307134866714477539e-02
2.233151346445083618e-02
1.621019840240478516e-02
2.058559656143188477e-02
1.669078320264816284e-02
1.637428998947143555e-02
2.885061502456665039e-02
2.187249809503555298e-02
2.820026874542236328e-02
4.474872350692749023e-02
4.575952887535095215e-02
2.443808317184448242e-02
7.943367958068847656e-02
4.208156466484069824e-02
1.671247184276580811e-02
2.555984258651733398e-02
1.428008079528808594e-03
5.167797207832336426e-03
2.666193246841430664e-02
1.443326473236083984e-03
7.579367607831954956e-03
4.802614450454711914e-02
2.530425786972045898e-02
2.643136307597160339e-02
1.975005865097045898e-02
6.144386529922485352e-02
1.238359250128269196e-01
3.827440738677978516e-02
3.145003318786621094e-02
8.148176968097686768e-02
4.324352741241455078e-02
3.404974937438964844e-03
2.860713005065917969e-02
1.213040947914123535e-02
2.552789449691772461e-02
7.208377122879028320e-03
1.906803250312805176e-02
6.675845384597778320e-02
8.199381828308105469e-02
4.521670937538146973e-02
2.171200513839721680e-02
1.203447580337524414e-02
2.288156002759933472e-02
2.872824668884277344e-03
5.256372690200805664e-02
1.294551789760589600e-02
7.567453384399414062e-02
1.309531927108764648e-02
2.878348063677549362e-02
1.904952526092529297e-02
6.382220983505249023e-02
1.661999151110649109e-02
4.094171524047851562e-01
1.902772188186645508e-01
9.337598085403442383e-02
1.863936781883239746e-01
9.297454357147216797e-02
1.308106034994125366e-01
5.363827943801879883e-02
3.224301338195800781e-02
2.655707299709320068e-02
9.494662284851074219e-03
2.235400676727294922e-02
3.429820612072944641e-01
8.413839340209960938e-02
7.474052906036376953e-02
1.657567918300628662e-01
4.789328575134277344e-02
3.193861246109008789e-02
3.307098150253295898e-02
1.280479878187179565e-02
3.235745429992675781e-02
3.681299686431884766e-01
3.848699852824211121e-02
4.896366596221923828e-02
1.616274118423461914e-01
5.160935223102569580e-03
6.493705511093139648e-02
1.342880725860595703e-02
2.144602686166763306e-02
2.792239189147949219e-03
5.290281772613525391e-02
1.268661022186279297e-02
4.893273115158081055e-03
1.368218660354614258e-02
2.064509689807891846e-02
3.045301511883735657e-01
1.088832020759582520e-01
4.279891625046730042e-01
5.219617486000061035e-02
5.254125595092773438e-02
8.327540755271911621e-02
1.226258277893066406e-01
3.735125064849853516e-02
2.007597684860229492e-02
3.618244826793670654e-02
3.233563899993896484e-02
1.536470651626586914e-02
2.907019108533859253e-03
3.278255462646484375e-04
2.368408441543579102e-02
5.973450466990470886e-02
4.233366250991821289e-02
4.207605123519897461e-02
2.710498869419097900e-03
5.332767963409423828e-03
4.375994205474853516e-03
1.679467409849166870e-02
1.223438978195190430e-02
2.607333660125732422e-02
1.681208610534667969e-02
7.866024971008300781e-04
5.134314298629760742e-02
3.826606050133705139e-01
1.623790413141250610e-01
7.659184932708740234e-02
1.052341163158416748e-01
7.864534854888916016e-04
8.652567863464355469e-03
2.801132202148437500e-02
3.841846436262130737e-02
5.165338516235351562e-03
1.502305269241333008e-02
9.253039956092834473e-03
3.512132167816162109e-02
2.211326360702514648e-02
2.727525308728218079e-02
3.859138488769531250e-02
1.041668653488159180e-02
1.869023591279983521e-02
6.172513961791992188e-02
9.302318096160888672e-03
3.602898120880126953e-02
1.394209265708923340e-02
1.938146352767944336e-02
4.019758105278015137e-02
4.389226436614990234e-02
1.408159732818603516e-02
3.239452838897705078e-03
2.376066148281097412e-02
2.186918258666992188e-02
2.327761054039001465e-02
1.693142205476760864e-02
5.996823310852050781e-02
4.644224047660827637e-01
1.561104580760002136e-01
1.601237058639526367e-01
1.553621292114257812e-01
1.808253303170204163e-02
9.208345413208007812e-02
1.055854558944702148e-02
5.541832651942968369e-02
9.954869747161865234e-03
1.796597242355346680e-02
3.373026475310325623e-02
2.367323637008666992e-02
1.277216672897338867e-01
3.891137987375259399e-02
1.985660195350646973e-02
8.235210180282592773e-02
1.389977335929870605e-02
4.475487768650054932e-02
2.092283964157104492e-02
5.827617645263671875e-02
1.189382374286651611e-02
5.059838294982910156e-04
1.679402589797973633e-02
1.406801491975784302e-02
2.754920721054077148e-02
1.022285223007202148e-02
1.995837688446044922e-02
3.390789031982421875e-03
2.839452028274536133e-02
2.428278326988220215e-02
3.127567768096923828e-01
1.121786236763000488e-01
2.932775579392910004e-02
1.560001969337463379e-01
1.743584871292114258e-02
7.250999659299850464e-02
6.819188594818115234e-03
5.057418346405029297e-02
5.205139517784118652e-02
2.580514550209045410e-02
3.388029336929321289e-02
2.588252723217010498e-02
5.550742149353027344e-03
2.340483665466308594e-02
2.163752913475036621e-02
1.463212072849273682e-02
1.936030387878417969e-02
1.027801632881164551e-02
3.722637891769409180e-03
3.019946813583374023e-02
2.340561151504516602e-02
6.619393825531005859e-04
3.485620021820068359e-02
3.585600852966308594e-02
7.708210498094558716e-03
2.955688834190368652e-01
1.091076135635375977e-01
3.205041401088237762e-02
1.230721473693847656e-01
3.714174032211303711e-02
3.106325492262840271e-02
4.611909389495849609e-03
2.372413873672485352e-02
1.378114819526672363e-01
4.879221320152282715e-02
2.412921190261840820e-02
3.998035192489624023e-02
4.116389155387878418e-02
3.683924674987792969e-02
2.718245983123779297e-02
1.420786976814270020e-02
1.600509881973266602e-02
4.013654589653015137e-02
1.992917060852050781e-02
6.169915199279785156e-03
2.569848299026489258e-02
1.386481523513793945e-02
8.214473724365234375e-03
1.941382884979248047e-03
2.846057340502738953e-02
2.313894033432006836e-02
2.317771315574645996e-01
8.085047826170921326e-02
7.289189100265502930e-02
1.012120246887207031e-01
6.914366781711578369e-02
2.094167470932006836e-02
2.074706554412841797e-02
4.242965579032897949e-02
3.777101635932922363e-02
7.509332895278930664e-02
2.664056420326232910e-02
5.297130346298217773e-02
4.585683345794677734e-02
1.031327247619628906e-02
1.053526997566223145e-02
1.599818468093872070e-02
2.094021439552307129e-02
2.534192055463790894e-02
6.484568119049072266e-03
1.228070259094238281e-02
8.049748837947845459e-03
1.795172691345214844e-03
8.475661277770996094e-03
3.253703936934471130e-03
3.894847631454467773e-02
4.107236862182617188e-03
2.460037078708410263e-02
3.877850174903869629e-01
1.463620066642761230e-01
1.258646175265312195e-01
1.733180880546569824e-01
2.793312072753906250e-03
8.148182183504104614e-02
1.292982697486877441e-02
4.793065786361694336e-02
3.526002168655395508e-03
5.423682928085327148e-02
2.040457725524902344e-02
2.219766378402709961e-03
5.375474691390991211e-03
2.842265367507934570e-02
4.068583250045776367e-03
1.388615369796752930e-02
1.188695430755615234e-03
2.004075050354003906e-02
1.159351691603660583e-02
3.316909074783325195e-02
2.016615867614746094e-02
4.863923415541648865e-03
1.309126615524291992e-02
8.029162883758544922e-03
4.564892500638961792e-02
7.321679592132568359e-02
3.084081411361694336e-02
8.007138967514038086e-05
5.054265260696411133e-03
5.337953567504882812e-03
1.146741956472396851e-02
3.088983893394470215e-02
5.114263296127319336e-02
2.666237950325012207e-02
2.197962999343872070e-02
4.498124122619628906e-03
9.894907474517822266e-03
1.204147934913635254e-02
3.458201885223388672e-02
3.586041927337646484e-02
2.331435680389404297e-04
7.836341857910156250e-03
4.718140363693237305e-01
1.839283332228660583e-01
1.476382017135620117e-01
1.540864706039428711e-01
8.953545242547988892e-03
8.514392375946044922e-02
2.666407823562622070e-02
2.015419304370880127e-03
1.774579286575317383e-02
1.590899825096130371e-01
6.377433240413665771e-02
3.846260905265808105e-02
8.410704135894775391e-02
6.758100539445877075e-02
1.687100529670715332e-02
2.152585983276367188e-02
2.367198467254638672e-03
7.027536630630493164e-03
3.223901987075805664e-02
1.516914367675781250e-02
8.861422538757324219e-04
1.083850860595703125e-03
3.281903266906738281e-02
3.884990513324737549e-02
2.826458215713500977e-02
3.091633319854736328e-02
8.972134441137313843e-03
1.736569404602050781e-02
6.919980049133300781e-03
1.751318573951721191e-02
2.150255441665649414e-02
2.570098638534545898e-01
9.201615676283836365e-02
4.374384880065917969e-04
1.160910129547119141e-01
6.426113098859786987e-02
6.134033203125000000e-02
1.698732376098632812e-03
8.256071060895919800e-02
4.472866654396057129e-02
6.752610206604003906e-04
1.499898731708526611e-02
5.438253283500671387e-03
2.983969449996948242e-02
2.011981606483459473e-02
5.064278841018676758e-03
1.252555847167968750e-02
1.984640955924987793e-02
1.839099824428558350e-02
8.075177669525146484e-03
7.358670234680175781e-03
8.034095168113708496e-03
1.182681322097778320e-02
1.319587230682373047e-03
6.722664460539817810e-03
4.741680622100830078e-02
2.022475004196166992e-02
4.519341140985488892e-02
6.310939788818359375e-04
1.435095071792602539e-02
2.564579248428344727e-02
3.007441759109497070e-02
2.347964048385620117e-02
2.897364646196365356e-02
9.678602218627929688e-04
2.725380659103393555e-02
1.490084826946258545e-02
2.820655703544616699e-02
2.370667457580566406e-02
3.223717212677001953e-04
1.218877732753753662e-02
2.375876903533935547e-02
1.254212856292724609e-02
3.641110658645629883e-02
6.177264451980590820e-02
4.823386669158935547e-03
2.170760184526443481e-03
8.384525775909423828e-03
6.382167339324951172e-03
3.445469588041305542e-02
2.664929628372192383e-02
5.442970991134643555e-02
6.184484250843524933e-02
1.830762624740600586e-02
3.037738800048828125e-02
3.740885853767395020e-02
1.472201943397521973e-02
5.741924047470092773e-02
1.255184412002563477e-02
1.859125494956970215e-02
8.609354496002197266e-03
1.220950484275817871e-02
9.293556213378906250e-03
3.842121362686157227e-02
3.179016709327697754e-02
2.070893347263336182e-02
6.807726621627807617e-02
2.459499239921569824e-02
1.799449324607849121e-02
1.392203569412231445e-02
3.277295827865600586e-02
8.108333498239517212e-02
2.613252401351928711e-02
2.834552526473999023e-02
7.120924070477485657e-03
3.119352459907531738e-01
1.503297090530395508e-01
9.124986827373504639e-03
1.613314747810363770e-01
4.281538724899291992e-02
1.104626506567001343e-01
4.694402217864990234e-03
1.516360044479370117e-02
1.779239550232887268e-01
9.969347715377807617e-02
6.321460008621215820e-02
2.730548381805419922e-02
3.829112648963928223e-02
3.610783815383911133e-02
2.154397964477539062e-02
5.332052707672119141e-03
2.285313606262207031e-02
3.111827373504638672e-02
6.825447082519531250e-03
1.729965209960937500e-02
2.536356449127197266e-02
1.476988941431045532e-02
2.669692039489746094e-04
1.560056209564208984e-02
4.075175616890192032e-02
5.571782588958740234e-03
3.540480136871337891e-02
3.377240151166915894e-02
5.240809917449951172e-02
4.946637153625488281e-02
1.729758083820343018e-02
4.146701097488403320e-02
5.601143836975097656e-02
3.749132156372070312e-02
1.225149631500244141e-02
7.137000560760498047e-03
3.132104873657226562e-03
2.438504993915557861e-02
3.179669380187988281e-03
2.372533082962036133e-02
8.893549442291259766e-03
2.187722921371459961e-02
2.918791770935058594e-02
2.798215299844741821e-02
2.370953559875488281e-03
1.125282049179077148e-02
1.372844353318214417e-02
1.316910982131958008e-02
6.579160690307617188e-04
2.285562362521886826e-02
2.162528038024902344e-02
4.154169559478759766e-02
3.901192545890808105e-02
2.461087703704833984e-02
1.965427398681640625e-02
3.019626438617706299e-02
5.407956838607788086e-01
1.902440190315246582e-01
1.231106370687484741e-01
2.487430274486541748e-01
1.814043521881103516e-02
1.531989797949790955e-01
1.421749293804168701e-01
7.518553733825683594e-02
8.961668610572814941e-02
3.769852221012115479e-02
2.134448289871215820e-02
7.223924994468688965e-02
2.563022822141647339e-02
2.770614624023437500e-02
3.996330499649047852e-02
2.636511623859405518e-02
1.979213953018188477e-02
7.596671581268310547e-03
1.272623240947723389e-02
2.561444044113159180e-02
2.307391166687011719e-02
5.649723764508962631e-02
6.109553575515747070e-02
1.156073808670043945e-02
2.216131240129470825e-02
2.375531196594238281e-02
1.695162057876586914e-02
2.396693825721740723e-02
7.757216691970825195e-03
3.352969884872436523e-02
1.200631260871887207e-02
1.901750266551971436e-02
2.886563539505004883e-02
1.753890514373779297e-02
1.695668697357177734e-02
1.537221670150756836e-02
9.313607215881347656e-02
3.515649586915969849e-02
1.416653394699096680e-02
4.349172115325927734e-02
4.564549773931503296e-03
1.021653413772583008e-02
2.105951309204101562e-03
1.603737473487854004e-03
6.205856800079345703e-03
1.096719503402709961e-02
7.569789141416549683e-02
2.234858274459838867e-02
1.261413097381591797e-03
3.023692220449447632e-02
4.307126998901367188e-02
1.010966300964355469e-02
3.522588312625885010e-02
3.907257318496704102e-02
2.395826578140258789e-02
2.142463624477386475e-02
3.330644965171813965e-02
1.907157897949218750e-02
3.548437356948852539e-02
5.609959363937377930e-03
8.987009525299072266e-02
7.383117079734802246e-02
2.046149969100952148e-02
4.846513271331787109e-02
7.630586624145507812e-04
2.952712774276733398e-02
4.122197628021240234e-03
2.175515890121459961e-02
1.029651984572410583e-02
4.579854011535644531e-02
8.565783500671386719e-03
9.184904396533966064e-03
2.137076854705810547e-02
2.199155092239379883e-02
2.456084638833999634e-02
6.948143243789672852e-03
3.284400701522827148e-02
1.606777310371398926e-03
9.613811969757080078e-03
2.048456668853759766e-02
1.765906810760498047e-03
5.603003501892089844e-02
2.548640966415405273e-02
3.484785556793212891e-02
1.932361721992492676e-02
5.434691905975341797e-03
4.624873399734497070e-03
4.350086301565170288e-02
3.470444679260253906e-02
2.839607000350952148e-02
1.667354255914688110e-03
5.242633819580078125e-02
5.400538444519042969e-03
6.378553807735443115e-03
7.731020450592041016e-03
2.738416194915771484e-03
1.210591942071914673e-02
3.482401371002197266e-03
4.880815744400024414e-02
8.130230009555816650e-03
2.184617519378662109e-02
1.277679204940795898e-02
3.875932842493057251e-02
4.634580016136169434e-02
6.575047969818115234e-03
2.375736609101295471e-01
7.646718621253967285e-02
1.597857475280761719e-02
9.703814983367919922e-02
1.670825481414794922e-02
6.877154111862182617e-02
2.527797222137451172e-02
3.751398622989654541e-02
3.312873840332031250e-02
3.633373975753784180e-02
1.170068979263305664e-03
4.657834768295288086e-02
3.512722253799438477e-02
3.748992085456848145e-02
1.951783895492553711e-02
1.963883638381958008e-02
1.365611329674720764e-02
1.242220401763916016e-02
1.380699872970581055e-02
2.564339339733123779e-02
1.896452903747558594e-02
3.732705116271972656e-02
1.143087446689605713e-02
3.135514259338378906e-02
4.482561349868774414e-02
2.309547364711761475e-02
9.088337421417236328e-03
5.000591278076171875e-03
7.753700017929077148e-03
1.914274692535400391e-02
1.427966356277465820e-02
8.326292037963867188e-03
1.217421069741249084e-01
3.758883476257324219e-02
4.952669143676757812e-03
2.129715308547019958e-02
1.689600944519042969e-02
1.839685440063476562e-02
1.000986061990261078e-02
3.860837221145629883e-02
1.736623048782348633e-02
3.232067078351974487e-02
3.187578916549682617e-02
1.091134548187255859e-02
1.045303791761398315e-01
6.746339797973632812e-02
6.501555442810058594e-02
3.102034330368041992e-02
3.023469448089599609e-02
8.489072322845458984e-03
2.559581771492958069e-01
9.882947802543640137e-02
4.809445142745971680e-02
7.351350784301757812e-02
2.044542133808135986e-02
9.932577610015869141e-03
2.864494919776916504e-02
6.495453417301177979e-03
2.128314971923828125e-02
2.528208494186401367e-02
2.619887143373489380e-02
6.728821992874145508e-02
1.327931880950927734e-03
1.111152023077011108e-02
2.556270360946655273e-02
3.190362453460693359e-02
6.229246407747268677e-02
7.266402244567871094e-03
8.752584457397460938e-03
7.101200520992279053e-03
7.853984832763671875e-03
2.704977989196777344e-02
3.043636679649353027e-02
7.792413234710693359e-04
1.164793968200683594e-03
1.601740717887878418e-03
2.237913012504577637e-02
1.414537429809570312e-02
2.379879355430603027e-02
3.239646553993225098e-03
2.150535583496093750e-04
2.335414290428161621e-02
1.668121665716171265e-02
9.854435920715332031e-03
3.585535287857055664e-02
1.536108367145061493e-02
5.886197090148925781e-03
2.033680677413940430e-02
4.108422622084617615e-02
3.246617317199707031e-02
2.094858884811401367e-02
4.636979103088378906e-02
6.656628847122192383e-02
4.227435588836669922e-02
1.514177769422531128e-02
7.083624601364135742e-03
6.427884101867675781e-03
3.177979588508605957e-02
1.413896679878234863e-02
2.320480346679687500e-02
5.172327160835266113e-03
1.519620418548583984e-03
2.931368350982666016e-02
3.076750040054321289e-02
1.850992441177368164e-02
2.323091030120849609e-03
5.300202965736389160e-02
2.897844463586807251e-02
4.296541213989257812e-03
3.667622804641723633e-02
3.306671977043151855e-03
4.090839624404907227e-02
1.412391662597656250e-03
1.112070865929126740e-02
7.725477218627929688e-03
4.437905550003051758e-02
3.044996410608291626e-02
5.630373954772949219e-03
6.150603294372558594e-03
4.144221544265747070e-03
2.670866250991821289e-02
1.869970560073852539e-02
1.196494698524475098e-02
3.008860349655151367e-02
1.213461160659790039e-02
2.607643604278564453e-03
4.049971699714660645e-02
4.530572891235351562e-02
2.057144045829772949e-02
2.874439954757690430e-02
5.492717027664184570e-02
4.568178728222846985e-01
2.288870066404342651e-01
1.257020831108093262e-01
1.770257949829101562e-01
3.708288073539733887e-02
4.051399230957031250e-02
3.262025117874145508e-02
4.414675757288932800e-03
2.648186683654785156e-02
1.529455184936523438e-04
6.018821150064468384e-04
1.100713014602661133e-02
8.571505546569824219e-03
1.829662173986434937e-02
5.319923162460327148e-03
2.341812849044799805e-02
5.455286055803298950e-02
2.151402831077575684e-02
1.657277345657348633e-02
1.142111420631408691e-02
2.170819044113159180e-02
6.549298763275146484e-03
1.799613237380981445e-03
1.969681680202484131e-02
2.355259656906127930e-02
2.032181620597839355e-02
1.091834157705307007e-02
2.178722620010375977e-02
6.148874759674072266e-03
7.150071114301681519e-02
3.758537769317626953e-02
7.035505771636962891e-02
1.295853592455387115e-02
3.085774183273315430e-02
6.108772754669189453e-02
1.568435505032539368e-02
3.745794296264648438e-03
3.586995601654052734e-02
4.437763243913650513e-02
2.151399850845336914e-03
6.468713283538818359e-03
3.310307860374450684e-02
8.894175291061401367e-03
2.263647317886352539e-02
3.998501598834991455e-02
2.769448831677436829e-01
1.185225248336791992e-01
1.055278182029724121e-01
1.102914437651634216e-01
3.385710716247558594e-02
7.840773463249206543e-02
6.883472204208374023e-03
6.002038717269897461e-02
2.303028106689453125e-02
5.525100231170654297e-02
6.226211786270141602e-02
2.971142530441284180e-02
1.686107553541660309e-02
2.128434181213378906e-02
2.038747072219848633e-02
3.335714107379317284e-02
5.095845460891723633e-02
2.643781900405883789e-02
2.315046265721321106e-02
4.294851422309875488e-02
4.177349805831909180e-02
3.669626265764236450e-02
2.851340174674987793e-02
2.906262874603271484e-03
9.963020682334899902e-03
1.061055064201354980e-02
9.131610393524169922e-03
5.751758813858032227e-03
2.839663624763488770e-02
4.229784011840820312e-03
2.777695655822753906e-02
5.037516355514526367e-03
1.203358173370361328e-02
1.114624738693237305e-02
1.691043376922607422e-03
1.384997367858886719e-02
1.564759016036987305e-02
3.866112232208251953e-02
2.458399534225463867e-02
4.959166049957275391e-03
2.790448442101478577e-02
6.630486249923706055e-02
7.027089595794677734e-03
1.967726275324821472e-02
5.175024271011352539e-02
2.806228399276733398e-02
2.027687430381774902e-02
4.210303500294685364e-01
1.038517951965332031e-01
3.418901637196540833e-01
6.941443681716918945e-02
9.604871273040771484e-03
3.290594890713691711e-01
1.140777319669723511e-01
6.915980577468872070e-02
1.234091818332672119e-01
1.620541512966156006e-02
2.737516164779663086e-02
1.485335826873779297e-02
3.373289946466684341e-02
6.953537464141845703e-03
3.680288791656494141e-03
2.762526646256446838e-02
9.801387786865234375e-04
5.488890409469604492e-02
1.881170971319079399e-02
9.903073310852050781e-03
4.768967628479003906e-04
2.177347987890243530e-02
3.120750188827514648e-03
1.762628555297851562e-02
1.762236654758453369e-02
3.861121013760566711e-01
1.817759871482849121e-01
1.568570286035537720e-01
1.131241619586944580e-01
1.162900328636169434e-01
7.421267032623291016e-02
3.324782848358154297e-02
6.074965000152587891e-03
8.893072605133056641e-03
1.469036936759948730e-02
1.733660697937011719e-02
1.496893167495727539e-02
1.335307955741882324e-03
3.124749660491943359e-02
1.532858610153198242e-02
2.369844168424606323e-02
4.968971014022827148e-02
1.476228237152099609e-02
1.563794910907745361e-03
4.816234111785888672e-02
1.650214195251464844e-03
2.377803623676300049e-02
5.481591820716857910e-01
1.614755988121032715e-01
1.352861374616622925e-01
2.137146890163421631e-01
1.842981576919555664e-02
5.057115852832794189e-02
1.063634008169174194e-01
6.133133172988891602e-02
3.184838369488716125e-01
9.872001409530639648e-02
1.065684556961059570e-01
1.033084392547607422e-01
1.711010187864303589e-02
5.878263711929321289e-02
1.297032833099365234e-02
2.640269696712493896e-03
3.660500049591064453e-03
2.879250049591064453e-02
3.222289308905601501e-02
1.469355821609497070e-02
1.893347501754760742e-02
3.895524144172668457e-02
6.092727184295654297e-03
4.317104816436767578e-03
2.385090291500091553e-02
1.176780462265014648e-02
3.193020820617675781e-04
1.889613270759582520e-02
2.621883153915405273e-02
2.757418155670166016e-02
4.547978937625885010e-02
9.423196315765380859e-04
3.115886449813842773e-02
4.522204399108886719e-04
1.416678726673126221e-02
2.207940816879272461e-02
4.240328073501586914e-02
2.397915720939636230e-02
3.184741735458374023e-02
1.960885524749755859e-02
1.312639564275741577e-02
3.562682867050170898e-02
3.299033641815185547e-02
1.253012567758560181e-03
1.802641153335571289e-02
6.721556186676025391e-03
1.068003401160240173e-01
3.315669298171997070e-02
2.367419004440307617e-02
3.160998970270156860e-02
2.901852130889892578e-03
5.694329738616943359e-03
1.720392704010009766e-02
6.051808595657348633e-03
2.282917499542236328e-03
6.506860256195068359e-03
7.681906223297119141e-03
3.198277950286865234e-02
3.558820486068725586e-02
2.095669507980346680e-02
1.943939924240112305e-02
3.562629222869873047e-03
2.935740351676940918e-02
1.896476745605468750e-02
3.678739070892333984e-03
2.213273197412490845e-02
2.577090263366699219e-02
1.749205589294433594e-02
1.373276859521865845e-02
2.605146169662475586e-02
4.011952877044677734e-02
2.282852306962013245e-02
2.290713787078857422e-02
1.630466580390930176e-01
1.931474730372428894e-02
2.795058488845825195e-02
4.862499237060546875e-02
1.353980600833892822e-02
4.358428716659545898e-02
3.790974617004394531e-02
6.290867924690246582e-03
3.170469403266906738e-02
5.355715751647949219e-03
3.325486183166503906e-02
1.293966174125671387e-02
5.087202787399291992e-02
3.127983212471008301e-02
1.297781094908714294e-01
5.560880899429321289e-02
2.943587303161621094e-02
2.761462330818176270e-02
1.762700080871582031e-02
1.542055606842041016e-02
3.573803976178169250e-02
1.196318864822387695e-02
2.041703462600708008e-02
2.057049050927162170e-02
2.138465642929077148e-02
3.146207332611083984e-02
1.105363741517066956e-01
8.808603882789611816e-02
2.316850423812866211e-02
2.917826175689697266e-03
5.292114615440368652e-02
2.848768234252929688e-02
1.441413164138793945e-02
2.626565098762512207e-02
1.273214817047119141e-03
2.811676263809204102e-02
7.546305656433105469e-03
1.212435960769653320e-02
5.590143799781799316e-02
8.810155093669891357e-03
8.958339691162109375e-03
2.987450361251831055e-02
5.887487332802265882e-02
1.660138368606567383e-02
1.477420330047607422e-02
8.155740797519683838e-04
1.595091819763183594e-02
1.367396116256713867e-02
1.109710708260536194e-02
9.334743022918701172e-03
3.019219636917114258e-02
4.033493250608444214e-02
2.680617570877075195e-02
3.860014677047729492e-02
2.867031097412109375e-02
3.139853477478027344e-03
3.455770015716552734e-02
5.576983094215393066e-03
2.652329206466674805e-02
2.769106626510620117e-02
1.587024331092834473e-02
2.679677307605743408e-02
3.275275230407714844e-04
1.906815171241760254e-02
1.259528845548629761e-02
1.424843072891235352e-02
3.608357906341552734e-02
1.923416182398796082e-02
1.030457019805908203e-02
2.641409635543823242e-02
3.421887755393981934e-03
4.773455858230590820e-02
4.945093393325805664e-02
1.250745430588722229e-01
6.414729356765747070e-02
8.566677570343017578e-03
1.015885546803474426e-02
2.501040697097778320e-03
6.642758846282958984e-02
1.945598423480987549e-02
3.011420369148254395e-02
5.669414997100830078e-03
4.707953333854675293e-02
2.306978404521942139e-02
5.211555957794189453e-02
5.483287572860717773e-02
3.088513016700744629e-02
4.425787925720214844e-02
7.084906101226806641e-04
6.794601678848266602e-03
1.836419105529785156e-04
1.832246780395507812e-04
7.156353443861007690e-03
8.687853813171386719e-02
2.014094591140747070e-02
1.534927636384963989e-02
1.439046859741210938e-02
3.305268287658691406e-02
1.353175379335880280e-02
3.887845873832702637e-01
1.420047283172607422e-01
1.313994526863098145e-01
