# {'thres': 2.660454285144807}
2.579526662826538086e+00
2.131672620773315430e+00
2.802834510803222656e+00
2.650824904441833496e+00
2.128330886363983154e+00
2.739928126335144043e+00
2.753397226333618164e+00
2.096905112266540527e+00
2.633735299110412598e+00
2.845209121704101562e+00
2.148151278495788574e+00
2.501695156097412109e+00
2.909246563911437988e+00
2.151704370975494385e+00
2.450106978416442871e+00
2.914013266563415527e+00
2.278048992156982422e+00
2.353525876998901367e+00
2.893511533737182617e+00
2.318857550621032715e+00
2.276601552963256836e+00
2.904730677604675293e+00
2.427772283554077148e+00
2.198489546775817871e+00
2.880297303199768066e+00
2.509709835052490234e+00
2.141052663326263428e+00
2.815757513046264648e+00
2.623860716819763184e+00
2.102600693702697754e+00
2.716867208480834961e+00
2.737140059471130371e+00
2.083121001720428467e+00
2.588806867599487305e+00
2.831388711929321289e+00
2.109967231750488281e+00
2.569164276123046875e+00
2.856905579566955566e+00
2.191835105419158936e+00
2.433815240859985352e+00
2.936689376831054688e+00
2.256705701351165771e+00
2.300553083419799805e+00
2.934508919715881348e+00
2.344112396240234375e+00
2.315941333770751953e+00
2.931049227714538574e+00
2.440343499183654785e+00
2.193023502826690674e+00
2.913483262062072754e+00
2.600754499435424805e+00
2.139490485191345215e+00
2.835919260978698730e+00
2.683282494544982910e+00
2.093621671199798584e+00
2.750905394554138184e+00
2.744524478912353516e+00
2.068672537803649902e+00
2.672932982444763184e+00
2.824976444244384766e+00
2.156842231750488281e+00
2.579073548316955566e+00
2.901474595069885254e+00
2.243846833705902100e+00
2.439429044723510742e+00
2.850706219673156738e+00
2.210003912448883057e+00
2.341162800788879395e+00
2.951777100563049316e+00
2.326421499252319336e+00
2.265766263008117676e+00
2.901392936706542969e+00
2.466896057128906250e+00
2.151506543159484863e+00
2.893777012825012207e+00
2.533673882484436035e+00
2.132412016391754150e+00
2.826707005500793457e+00
2.642326354980468750e+00
2.138909697532653809e+00
2.760810136795043945e+00
2.737167477607727051e+00
2.129194021224975586e+00
2.642622828483581543e+00
2.837650656700134277e+00
2.145311236381530762e+00
2.572040677070617676e+00
2.878182291984558105e+00
2.192148804664611816e+00
2.432900428771972656e+00
2.928173542022705078e+00
2.249929487705230713e+00
2.340345859527587891e+00
2.916352868080139160e+00
2.361126780509948730e+00
2.280824303627014160e+00
2.937207460403442383e+00
2.469806909561157227e+00
2.179932236671447754e+00
2.898503422737121582e+00
2.535596728324890137e+00
2.148866295814514160e+00
2.847031116485595703e+00
2.658729076385498047e+00
2.109165191650390625e+00
2.760376930236816406e+00
2.766893148422241211e+00
2.107811212539672852e+00
2.647040486335754395e+00
2.801807045936584473e+00
2.150940239429473877e+00
2.563192725181579590e+00
2.884823560714721680e+00
2.178835034370422363e+00
2.438518166542053223e+00
2.902236938476562500e+00
2.232013106346130371e+00
2.361312866210937500e+00
2.950199604034423828e+00
2.315593123435974121e+00
2.297654867172241211e+00
2.944815754890441895e+00
2.429447889328002930e+00
2.187793612480163574e+00
2.909406185150146484e+00
2.501902341842651367e+00
2.115526199340820312e+00
2.849656343460083008e+00
2.689303994178771973e+00
2.118919134140014648e+00
2.754181385040283203e+00
2.730121731758117676e+00
2.120574593544006348e+00
2.642273902893066406e+00
2.788718342781066895e+00
2.137111544609069824e+00
2.532971978187561035e+00
2.846742868423461914e+00
2.206594467163085938e+00
2.428925156593322754e+00
2.897733092308044434e+00
2.275915265083312988e+00
2.342656016349792480e+00
2.926953077316284180e+00
2.344835281372070312e+00
2.264999389648437500e+00
2.937981724739074707e+00
2.470486164093017578e+00
2.157827436923980713e+00
2.886672019958496094e+00
2.563870787620544434e+00
2.165089845657348633e+00
2.830178618431091309e+00
2.634045600891113281e+00
2.076059281826019287e+00
2.725133776664733887e+00
2.727438092231750488e+00
2.071930646896362305e+00
2.636909365653991699e+00
2.777255058288574219e+00
2.103954792022705078e+00
2.534265637397766113e+00
2.866901993751525879e+00
2.148725748062133789e+00
2.394444227218627930e+00
2.925102353096008301e+00
2.268261909484863281e+00
2.368072509765625000e+00
2.949464917182922363e+00
2.347206950187683105e+00
2.242710709571838379e+00
2.898040175437927246e+00
2.462989568710327148e+00
2.132883071899414062e+00
2.869541287422180176e+00
2.548656821250915527e+00
2.105825424194335938e+00
2.813900828361511230e+00
2.625609755516052246e+00
2.108320832252502441e+00
2.708707571029663086e+00
2.710872888565063477e+00
2.124385237693786621e+00
2.676287412643432617e+00
2.858112096786499023e+00
2.180448293685913086e+00
2.502062916755676270e+00
2.910380363464355469e+00
2.203237652778625488e+00
2.426468491554260254e+00
2.946688294410705566e+00
2.269464969635009766e+00
2.379511594772338867e+00
2.909819245338439941e+00
2.374016404151916504e+00
2.265238642692565918e+00
2.915826916694641113e+00
2.423177003860473633e+00
2.173903048038482666e+00
2.877913951873779297e+00
2.511937737464904785e+00
2.113253116607666016e+00
2.785777688026428223e+00
2.626048207283020020e+00
2.122589886188507080e+00
2.740608692169189453e+00
2.752768635749816895e+00
2.119841873645782471e+00
2.675942659378051758e+00
2.797086477279663086e+00
2.153158068656921387e+00
2.542490363121032715e+00
2.900354981422424316e+00
2.220335364341735840e+00
2.463599324226379395e+00
2.924966692924499512e+00
2.315220594406127930e+00
2.369224548339843750e+00
2.970085740089416504e+00
2.368973135948181152e+00
2.280352592468261719e+00
2.914571166038513184e+00
2.448252081871032715e+00
2.177553892135620117e+00
2.924779534339904785e+00
2.539140582084655762e+00
2.132865488529205322e+00
2.823265671730041504e+00
2.646610021591186523e+00
2.117742180824279785e+00
2.724295854568481445e+00
2.765745759010314941e+00
2.091434061527252197e+00
2.632491111755371094e+00
2.827029228210449219e+00
2.129938006401062012e+00
2.540237784385681152e+00
2.889896273612976074e+00
2.151947617530822754e+00
2.405078649520874023e+00
2.910219311714172363e+00
2.222136855125427246e+00
2.345708370208740234e+00
2.920198917388916016e+00
2.369877815246582031e+00
2.283464193344116211e+00
2.900844693183898926e+00
2.457689642906188965e+00
2.197858214378356934e+00
2.890409469604492188e+00
2.533531069755554199e+00
2.121174037456512451e+00
2.801006317138671875e+00
2.654492020606994629e+00
2.114262461662292480e+00
2.731911182403564453e+00
2.696299552917480469e+00
2.098081827163696289e+00
2.651695251464843750e+00
2.801484227180480957e+00
2.161600470542907715e+00
2.553608298301696777e+00
2.831513881683349609e+00
2.188429534435272217e+00
2.422538399696350098e+00
2.873187899589538574e+00
2.219274818897247314e+00
2.324172496795654297e+00
2.946048855781555176e+00
2.335093259811401367e+00
2.266973376274108887e+00
2.908496499061584473e+00
2.445035815238952637e+00
2.185913920402526855e+00
2.877870917320251465e+00
2.502932667732238770e+00
2.124475002288818359e+00
2.800551295280456543e+00
2.645415186882019043e+00
2.102213978767395020e+00
2.761965632438659668e+00
2.728727579116821289e+00
2.094232499599456787e+00
2.668022394180297852e+00
2.845388770103454590e+00
2.125680208206176758e+00
2.556523561477661133e+00
2.888267159461975098e+00
2.206478893756866455e+00
2.435458660125732422e+00
2.904171586036682129e+00
2.258506953716278076e+00
2.358418226242065430e+00
2.905667901039123535e+00
2.337868690490722656e+00
2.267778873443603516e+00
2.939436197280883789e+00
2.469039082527160645e+00
2.195858001708984375e+00
2.917192697525024414e+00
2.561446785926818848e+00
2.153632283210754395e+00
2.821206331253051758e+00
2.690010905265808105e+00
2.125528275966644287e+00
2.733668684959411621e+00
2.782998442649841309e+00
2.107828080654144287e+00
2.679057955741882324e+00
2.830178022384643555e+00
2.113192439079284668e+00
2.518604397773742676e+00
2.893092036247253418e+00
2.138735115528106689e+00
2.411347627639770508e+00
2.948993682861328125e+00
2.232199251651763916e+00
2.331196665763854980e+00
2.912335753440856934e+00
2.348091125488281250e+00
2.245947480201721191e+00
2.863962173461914062e+00
2.411658167839050293e+00
2.174619734287261963e+00
2.865143060684204102e+00
2.514529705047607422e+00
2.143695235252380371e+00
2.813772320747375488e+00
2.634113550186157227e+00
2.133280277252197266e+00
2.784336924552917480e+00
2.758875131607055664e+00
2.144104301929473877e+00
2.644530773162841797e+00
2.836518526077270508e+00
2.160059630870819092e+00
2.551442742347717285e+00
2.904418110847473145e+00
2.187811076641082764e+00
2.445979118347167969e+00
2.958809971809387207e+00
2.237633049488067627e+00
2.363425254821777344e+00
2.911498785018920898e+00
2.304994106292724609e+00
2.235537290573120117e+00
2.946351289749145508e+00
2.445240855216979980e+00
2.223473787307739258e+00
2.903455972671508789e+00
2.569582104682922363e+00
2.139892339706420898e+00
2.826936721801757812e+00
2.646928668022155762e+00
2.099077820777893066e+00
2.738313794136047363e+00
2.739239692687988281e+00
2.081168949604034424e+00
2.628609538078308105e+00
2.788028359413146973e+00
2.114122688770294189e+00
2.530509591102600098e+00
2.892285943031311035e+00
2.165903210639953613e+00
2.410740852355957031e+00
2.900961995124816895e+00
2.256127953529357910e+00
2.345332741737365723e+00
2.950991511344909668e+00
2.329501032829284668e+00
2.255698561668395996e+00
2.906257629394531250e+00
2.435403227806091309e+00
2.159903347492218018e+00
2.883239865303039551e+00
2.569921851158142090e+00
2.149464607238769531e+00
2.802487373352050781e+00
2.614974737167358398e+00
2.068021535873413086e+00
2.681478977203369141e+00
2.745525598526000977e+00
2.087025225162506104e+00
2.702571034431457520e+00
2.804300427436828613e+00
2.147122323513031006e+00
2.545133829116821289e+00
2.914756417274475098e+00
2.210257470607757568e+00
2.458036303520202637e+00
2.960913658142089844e+00
2.257289648056030273e+00
2.313891649246215820e+00
2.892075777053833008e+00
2.337016224861145020e+00
2.263561606407165527e+00
2.877975344657897949e+00
2.425917148590087891e+00
2.142303228378295898e+00
2.868133783340454102e+00
2.551739454269409180e+00
2.111898958683013916e+00
2.782608985900878906e+00
2.626543283462524414e+00
2.072834253311157227e+00
2.719640851020812988e+00
2.757701396942138672e+00
2.104469954967498779e+00
2.627359271049499512e+00
2.800557017326354980e+00
2.103215038776397705e+00
2.529655694961547852e+00
2.891110539436340332e+00
2.169302582740783691e+00
2.462385892868041992e+00
2.938662767410278320e+00
2.270243585109710693e+00
2.330403923988342285e+00
2.898063182830810547e+00
2.333230137825012207e+00
2.226436853408813477e+00
2.937213420867919922e+00
2.468091011047363281e+00
2.216890156269073486e+00
2.891224861145019531e+00
2.540631055831909180e+00
2.135129213333129883e+00
2.828051567077636719e+00
2.676054358482360840e+00
2.139757394790649414e+00
2.739284157752990723e+00
2.750950574874877930e+00
2.110091924667358398e+00
2.648931026458740234e+00
2.813395857810974121e+00
2.150637865066528320e+00
2.545453429222106934e+00
2.896078109741210938e+00
2.175405204296112061e+00
2.447286248207092285e+00
2.921338558197021484e+00
2.239449024200439453e+00
2.310365319252014160e+00
2.916579008102416992e+00
2.328961968421936035e+00
2.270783782005310059e+00
2.904782414436340332e+00
2.454079508781433105e+00
2.163692653179168701e+00
2.898707389831542969e+00
2.530422329902648926e+00
2.150043129920959473e+00
2.794306397438049316e+00
2.664331674575805664e+00
2.116151809692382812e+00
2.781852602958679199e+00
2.782887101173400879e+00
2.085165798664093018e+00
2.646227717399597168e+00
2.812971830368041992e+00
2.109991431236267090e+00
2.549830436706542969e+00
2.917599081993103027e+00
2.200131595134735107e+00
2.439337015151977539e+00
2.964468598365783691e+00
2.232482969760894775e+00
2.340263366699218750e+00
2.919171333312988281e+00
2.340450882911682129e+00
2.245333552360534668e+00
2.900671601295471191e+00
2.470036864280700684e+00
2.198372066020965576e+00
2.865595459938049316e+00
2.554927229881286621e+00
2.129355192184448242e+00
2.804790377616882324e+00
2.611044168472290039e+00
2.104933500289916992e+00
2.737163543701171875e+00
2.724954247474670410e+00
2.088127374649047852e+00
2.608751177787780762e+00
2.804247140884399414e+00
2.152400016784667969e+00
2.529924750328063965e+00
2.884133219718933105e+00
2.210166990756988525e+00
2.443467378616333008e+00
2.922025680541992188e+00
2.202812910079956055e+00
2.364075064659118652e+00
2.955449700355529785e+00
2.329201579093933105e+00
2.229220867156982422e+00
2.933156251907348633e+00
2.441849350929260254e+00
2.215020954608917236e+00
2.894965410232543945e+00
2.567677259445190430e+00
2.147311329841613770e+00
2.809559583663940430e+00
2.680100321769714355e+00
2.114732205867767334e+00
2.742607355117797852e+00
2.731649875640869141e+00
2.078167378902435303e+00
2.653522849082946777e+00
2.822334289550781250e+00
2.125362277030944824e+00
2.515126824378967285e+00
2.833587884902954102e+00
2.154017090797424316e+00
2.402146458625793457e+00
2.936380505561828613e+00
2.269989490509033203e+00
2.337696552276611328e+00
2.945921421051025391e+00
2.324455499649047852e+00
2.244361400604248047e+00
2.947619676589965820e+00
2.439697504043579102e+00
2.215282261371612549e+00
2.896731853485107422e+00
2.569116711616516113e+00
2.179410636425018311e+00
2.833840370178222656e+00
2.658028721809387207e+00
2.113209307193756104e+00
2.695751190185546875e+00
2.721343517303466797e+00
2.109534621238708496e+00
2.622869610786437988e+00
2.814651131629943848e+00
2.138712406158447266e+00
2.567451596260070801e+00
2.884750843048095703e+00
2.155144810676574707e+00
2.452645182609558105e+00
2.887236952781677246e+00
2.271585583686828613e+00
2.331219911575317383e+00
2.908497929573059082e+00
2.361703753471374512e+00
2.256107807159423828e+00
2.993433237075805664e+00
2.425500154495239258e+00
2.141044080257415771e+00
2.885483026504516602e+00
2.514167070388793945e+00
2.123935759067535400e+00
2.806320309638977051e+00
2.663418531417846680e+00
2.126277327537536621e+00
2.727012991905212402e+00
2.765139698982238770e+00
2.093695282936096191e+00
2.631261467933654785e+00
2.802362799644470215e+00
2.162480413913726807e+00
2.566793203353881836e+00
2.919156312942504883e+00
2.167531490325927734e+00
2.430179715156555176e+00
2.912114977836608887e+00
2.243688821792602539e+00
2.348099589347839355e+00
2.921590328216552734e+00
2.326148748397827148e+00
2.259979724884033203e+00
2.931027054786682129e+00
2.495059132575988770e+00
2.211036086082458496e+00
2.867264866828918457e+00
2.562978863716125488e+00
2.149298906326293945e+00
2.831146478652954102e+00
2.636116504669189453e+00
2.118043720722198486e+00
2.756228089332580566e+00
2.726928234100341797e+00
2.134140372276306152e+00
2.645855903625488281e+00
2.795319318771362305e+00
2.127555847167968750e+00
2.500185132026672363e+00
2.885895967483520508e+00
2.187548160552978516e+00
2.430762648582458496e+00
2.946962356567382812e+00
2.248177468776702881e+00
2.336515784263610840e+00
2.951452732086181641e+00
2.356510758399963379e+00
2.254199504852294922e+00
2.924340486526489258e+00
2.415235757827758789e+00
2.183676302433013916e+00
2.871938705444335938e+00
2.562314987182617188e+00
2.150457978248596191e+00
2.845759034156799316e+00
2.659871578216552734e+00
2.117373049259185791e+00
2.749156832695007324e+00
2.749670386314392090e+00
2.104103326797485352e+00
2.660781741142272949e+00
2.824671626091003418e+00
2.189033806324005127e+00
2.525788545608520508e+00
2.903870463371276855e+00
2.196498870849609375e+00
2.419262886047363281e+00
2.895576238632202148e+00
2.271506071090698242e+00
2.377710342407226562e+00
2.919653415679931641e+00
2.354514360427856445e+00
2.257099628448486328e+00
2.890095353126525879e+00
2.425142049789428711e+00
2.190610647201538086e+00
2.877583503723144531e+00
2.521893858909606934e+00
2.117720723152160645e+00
2.818453669548034668e+00
2.643957614898681641e+00
2.101701736450195312e+00
2.767612099647521973e+00
2.731964468955993652e+00
2.132633566856384277e+00
2.661385655403137207e+00
2.831826329231262207e+00
2.129420161247253418e+00
2.572765827178955078e+00
2.909894824028015137e+00
2.187900364398956299e+00
2.415353894233703613e+00
2.912645101547241211e+00
2.222089946269989014e+00
2.351714849472045898e+00
2.977067708969116211e+00
2.343603849411010742e+00
2.260344505310058594e+00
2.928017020225524902e+00
2.433341860771179199e+00
2.185404777526855469e+00
2.876522183418273926e+00
2.546246767044067383e+00
2.133380889892578125e+00
2.815903544425964355e+00
2.679862380027770996e+00
2.116524875164031982e+00
2.715325236320495605e+00
2.745577216148376465e+00
2.119895219802856445e+00
2.653974175453186035e+00
2.840064883232116699e+00
2.126319527626037598e+00
2.552284836769104004e+00
2.874493598937988281e+00
2.158123433589935303e+00
2.410721063613891602e+00
2.909353852272033691e+00
2.257671177387237549e+00
2.312637329101562500e+00
2.912062644958496094e+00
2.307371020317077637e+00
2.216842830181121826e+00
2.866005063056945801e+00
2.453144788742065430e+00
2.189880311489105225e+00
2.896981954574584961e+00
2.589754581451416016e+00
2.170303523540496826e+00
2.836416244506835938e+00
2.594476103782653809e+00
2.117668449878692627e+00
2.713919520378112793e+00
2.737016201019287109e+00
2.122573912143707275e+00
2.679399490356445312e+00
2.850318670272827148e+00
2.160584390163421631e+00
2.538188099861145020e+00
2.878170847892761230e+00
2.203220009803771973e+00
2.481229066848754883e+00
2.922172784805297852e+00
2.253166794776916504e+00
2.376251459121704102e+00
2.923382759094238281e+00
2.312276005744934082e+00
2.272297620773315430e+00
2.936303853988647461e+00
2.468053102493286133e+00
2.219997644424438477e+00
2.891643643379211426e+00
2.579457521438598633e+00
2.161140561103820801e+00
2.834965229034423828e+00
2.674049973487854004e+00
2.131628990173339844e+00
2.769286513328552246e+00
2.733495712280273438e+00
2.134004235267639160e+00
2.656579494476318359e+00
2.840909361839294434e+00
2.119206666946411133e+00
2.531409621238708496e+00
2.885915875434875488e+00
2.196879565715789795e+00
2.428428173065185547e+00
2.952776312828063965e+00
2.253433406352996826e+00
2.349528312683105469e+00
2.949294805526733398e+00
2.321537613868713379e+00
2.271623492240905762e+00
2.911433815956115723e+00
2.433730721473693848e+00
2.157681345939636230e+00
2.884639859199523926e+00
2.514026403427124023e+00
2.119088292121887207e+00
2.781125545501708984e+00
2.638274908065795898e+00
2.118447780609130859e+00
2.698234081268310547e+00
2.791750311851501465e+00
2.099519670009613037e+00
2.630643844604492188e+00
2.785901784896850586e+00
2.129522860050201416e+00
2.528316617012023926e+00
2.851115107536315918e+00
2.150014340877532959e+00
2.458279132843017578e+00
2.930411815643310547e+00
2.239755392074584961e+00
2.314387440681457520e+00
2.928468227386474609e+00
2.371225953102111816e+00
2.285488486289978027e+00
2.926058888435363770e+00
2.435543179512023926e+00
2.154011547565460205e+00
2.857434749603271484e+00
2.575438022613525391e+00
2.147088885307312012e+00
2.817614912986755371e+00
2.625996232032775879e+00
2.125680565834045410e+00
2.740031719207763672e+00
2.728540301322937012e+00
2.095546841621398926e+00
2.664998650550842285e+00
2.806324362754821777e+00
2.141358971595764160e+00
2.511397480964660645e+00
2.883689403533935547e+00
2.142195165157318115e+00
2.442381501197814941e+00
2.932271361351013184e+00
2.232694566249847412e+00
2.388165116310119629e+00
2.949823021888732910e+00
2.358247160911560059e+00
2.289961457252502441e+00
2.909111499786376953e+00
2.411917328834533691e+00
2.203954935073852539e+00
2.922073602676391602e+00
2.543366074562072754e+00
2.139184713363647461e+00
2.841802477836608887e+00
2.628788352012634277e+00
2.099824786186218262e+00
2.737175583839416504e+00
2.725253820419311523e+00
2.085659861564636230e+00
2.628562569618225098e+00
2.789815545082092285e+00
2.143390536308288574e+00
2.541974902153015137e+00
2.899357795715332031e+00
2.163491904735565186e+00
2.473462581634521484e+00
2.922532677650451660e+00
2.269673645496368408e+00
2.359945654869079590e+00
2.909846186637878418e+00
2.362154483795166016e+00
2.291162371635437012e+00
2.907403588294982910e+00
2.440379142761230469e+00
2.160306036472320557e+00
2.895305275917053223e+00
2.513741374015808105e+00
2.120876312255859375e+00
2.792954325675964355e+00
2.666949152946472168e+00
2.088618755340576172e+00
2.734763503074645996e+00
2.690618872642517090e+00
2.123909294605255127e+00
2.642302513122558594e+00
2.839281678199768066e+00
2.152558207511901855e+00
2.575206637382507324e+00
2.830147027969360352e+00
2.168684422969818115e+00
2.388189554214477539e+00
2.898477911949157715e+00
2.257652819156646729e+00
2.332856655120849609e+00
2.941392779350280762e+00
2.319580435752868652e+00
2.236034274101257324e+00
2.940582394599914551e+00
2.454791426658630371e+00
2.151313722133636475e+00
2.858305573463439941e+00
2.509893298149108887e+00
2.128959476947784424e+00
2.799368143081665039e+00
2.647933006286621094e+00
2.089124500751495361e+00
2.773809075355529785e+00
2.750442504882812500e+00
2.120588958263397217e+00
2.640946507453918457e+00
2.821111559867858887e+00
2.132164955139160156e+00
2.548098206520080566e+00
2.879863500595092773e+00
2.162414491176605225e+00
2.449466228485107422e+00
2.911412477493286133e+00
2.266487896442413330e+00
2.320083022117614746e+00
2.961310982704162598e+00
2.368694305419921875e+00
2.277584910392761230e+00
2.890721559524536133e+00
2.467145085334777832e+00
2.189255654811859131e+00
2.878123998641967773e+00
2.542451620101928711e+00
2.144046366214752197e+00
2.789393305778503418e+00
2.662070274353027344e+00
2.110147714614868164e+00
2.723309040069580078e+00
2.720617055892944336e+00
2.060237348079681396e+00
2.641795873641967773e+00
2.834121346473693848e+00
2.112912654876708984e+00
2.541518807411193848e+00
2.887007117271423340e+00
2.197592914104461670e+00
2.415661931037902832e+00
2.919216990470886230e+00
2.232249021530151367e+00
2.323692440986633301e+00
2.950332641601562500e+00
2.376277208328247070e+00
2.251304984092712402e+00
2.906706333160400391e+00
2.403723478317260742e+00
2.196907341480255127e+00
2.892906308174133301e+00
2.535093903541564941e+00
2.105073392391204834e+00
2.782843470573425293e+00
2.627614140510559082e+00
2.104214191436767578e+00
2.755649209022521973e+00
2.718701601028442383e+00
2.103945672512054443e+00
2.636554479598999023e+00
2.812765002250671387e+00
2.137465775012969971e+00
2.536869168281555176e+00
2.876103639602661133e+00
2.183409988880157471e+00
2.429925560951232910e+00
2.880818486213684082e+00
2.245057165622711182e+00
2.316494345664978027e+00
2.916424989700317383e+00
2.320886135101318359e+00
2.251144170761108398e+00
2.919719576835632324e+00
2.411198616027832031e+00
2.209487318992614746e+00
2.878134012222290039e+00
2.546244502067565918e+00
2.143362462520599365e+00
2.847151041030883789e+00
2.687215328216552734e+00
2.088837683200836182e+00
2.704418778419494629e+00
2.751257419586181641e+00
2.084085166454315186e+00
2.606380701065063477e+00
2.818532109260559082e+00
2.110915780067443848e+00
2.532659173011779785e+00
2.900408983230590820e+00
2.184714674949645996e+00
2.457323908805847168e+00
2.933593392372131348e+00
2.240735888481140137e+00
2.347248554229736328e+00
2.956968188285827637e+00
2.326654672622680664e+00
2.270982265472412109e+00
2.905498385429382324e+00
2.435986399650573730e+00
2.186875224113464355e+00
2.874896645545959473e+00
2.542537331581115723e+00
2.179546415805816650e+00
2.835045695304870605e+00
2.677273631095886230e+00
2.116098701953887939e+00
2.752779245376586914e+00
2.793480396270751953e+00
2.119797766208648682e+00
2.680510163307189941e+00
2.815367221832275391e+00
2.159565627574920654e+00
2.525559902191162109e+00
2.869912862777709961e+00
2.166520535945892334e+00
2.433161377906799316e+00
2.927744388580322266e+00
2.289514780044555664e+00
2.347408056259155273e+00
2.961330413818359375e+00
2.325261712074279785e+00
2.246351480484008789e+00
2.914978146553039551e+00
2.413462996482849121e+00
2.159531772136688232e+00
2.864603281021118164e+00
2.559733629226684570e+00
2.158719718456268311e+00
2.828732609748840332e+00
2.650059938430786133e+00
2.129585921764373779e+00
2.730434060096740723e+00
2.819570183753967285e+00
2.121687531471252441e+00
2.628400206565856934e+00
2.837891817092895508e+00
2.106454074382781982e+00
2.486207246780395508e+00
2.852028250694274902e+00
2.155448973178863525e+00
2.433100342750549316e+00
2.946962475776672363e+00
2.276354432106018066e+00
2.337313413619995117e+00
2.968689441680908203e+00
2.403567075729370117e+00
2.261833906173706055e+00
2.907814860343933105e+00
2.431587457656860352e+00
2.207858800888061523e+00
2.877552509307861328e+00
2.550186634063720703e+00
2.138889729976654053e+00
2.806088447570800781e+00
2.642857074737548828e+00
2.105955839157104492e+00
2.740057229995727539e+00
2.766057610511779785e+00
2.110586881637573242e+00
2.625130414962768555e+00
2.830882310867309570e+00
2.149782061576843262e+00
2.555395841598510742e+00
2.871805071830749512e+00
2.194041371345520020e+00
2.451410055160522461e+00
2.894863367080688477e+00
2.275039076805114746e+00
2.341531038284301758e+00
2.929786682128906250e+00
2.354415893554687500e+00
2.241925954818725586e+00
2.920836091041564941e+00
2.419190883636474609e+00
2.197442054748535156e+00
2.938320279121398926e+00
2.522969365119934082e+00
2.156969785690307617e+00
2.830050230026245117e+00
2.607023835182189941e+00
2.125731945037841797e+00
2.720558524131774902e+00
2.745052576065063477e+00
2.112029075622558594e+00
2.638078331947326660e+00
2.806678175926208496e+00
2.145369291305541992e+00
2.518347144126892090e+00
2.864926934242248535e+00
2.189996480941772461e+00
2.404416203498840332e+00
2.877902984619140625e+00
2.255685746669769287e+00
2.315134882926940918e+00
2.912401556968688965e+00
2.339935660362243652e+00
2.204753398895263672e+00
2.915204524993896484e+00
2.396249651908874512e+00
2.139755725860595703e+00
2.868106722831726074e+00
2.584128618240356445e+00
2.125814795494079590e+00
2.807703852653503418e+00
2.666056394577026367e+00
2.131279349327087402e+00
2.753063559532165527e+00
2.731001019477844238e+00
2.123595058917999268e+00
2.675315856933593750e+00
2.823288202285766602e+00
2.149257242679595947e+00
2.537358283996582031e+00
2.891178846359252930e+00
2.178163409233093262e+00
2.462093234062194824e+00
2.925726413726806641e+00
2.267332792282104492e+00
2.361855030059814453e+00
2.936802864074707031e+00
2.349211931228637695e+00
2.280424952507019043e+00
2.941014051437377930e+00
2.456120848655700684e+00
2.165134072303771973e+00
2.850728631019592285e+00
2.534358382225036621e+00
2.131627321243286133e+00
2.844565749168395996e+00
2.640860676765441895e+00
2.112380683422088623e+00
2.709292054176330566e+00
2.746682167053222656e+00
2.137124180793762207e+00
2.654425859451293945e+00
2.820305228233337402e+00
2.112500965595245361e+00
2.589822292327880859e+00
2.878206491470336914e+00
2.145155131816864014e+00
2.422114968299865723e+00
2.905223011970520020e+00
2.251452267169952393e+00
2.354927062988281250e+00
2.978878021240234375e+00
2.379095911979675293e+00
2.248576998710632324e+00
2.935898542404174805e+00
2.443355560302734375e+00
2.173457503318786621e+00
2.896421194076538086e+00
2.529942035675048828e+00
2.144440829753875732e+00
2.815422177314758301e+00
2.684855818748474121e+00
2.107110857963562012e+00
2.753771066665649414e+00
2.756968021392822266e+00
2.127143383026123047e+00
2.650474190711975098e+00
2.795062184333801270e+00
2.129860103130340576e+00
2.516667604446411133e+00
2.878853678703308105e+00
2.191707789897918701e+00
2.397994160652160645e+00
2.881004333496093750e+00
2.235599637031555176e+00
2.346685171127319336e+00
2.927785754203796387e+00
2.321271181106567383e+00
2.226203680038452148e+00
2.909089565277099609e+00
2.431985855102539062e+00
2.197863399982452393e+00
2.888832211494445801e+00
2.555769681930541992e+00
2.127559483051300049e+00
2.793793439865112305e+00
2.625722646713256836e+00
2.124745428562164307e+00
2.740199208259582520e+00
2.745314598083496094e+00
2.133686423301696777e+00
2.642253041267395020e+00
2.835025787353515625e+00
2.142212092876434326e+00
2.516946554183959961e+00
2.839533090591430664e+00
2.164661288261413574e+00
2.435120105743408203e+00
2.876028537750244141e+00
2.205430686473846436e+00
2.318171024322509766e+00
2.909064769744873047e+00
2.335821032524108887e+00
2.266265273094177246e+00
2.953852891921997070e+00
2.445007562637329102e+00
2.187722980976104736e+00
2.889665603637695312e+00
2.523055911064147949e+00
2.112211048603057861e+00
2.807445883750915527e+00
2.666442513465881348e+00
2.133754014968872070e+00
2.723803043365478516e+00
2.739871501922607422e+00
2.080159425735473633e+00
2.685255527496337891e+00
2.801037907600402832e+00
2.130420744419097900e+00
2.551958680152893066e+00
2.887199401855468750e+00
2.176271378993988037e+00
2.409342169761657715e+00
2.899319291114807129e+00
2.208810091018676758e+00
2.348581790924072266e+00
2.927927494049072266e+00
2.336587429046630859e+00
2.261352658271789551e+00
2.927893400192260742e+00
2.421258330345153809e+00
2.174258947372436523e+00
2.892905712127685547e+00
2.538744807243347168e+00
2.103410899639129639e+00
2.781226992607116699e+00
2.640263915061950684e+00
2.165764331817626953e+00
2.782534599304199219e+00
2.760464787483215332e+00
2.128751933574676514e+00
2.656273603439331055e+00
2.795893311500549316e+00
2.127608776092529297e+00
2.561260342597961426e+00
2.887050628662109375e+00
2.232435941696166992e+00
2.456608057022094727e+00
2.892662167549133301e+00
2.268336534500122070e+00
2.333816766738891602e+00
2.921210169792175293e+00
2.346034407615661621e+00
2.243779063224792480e+00
2.934745907783508301e+00
2.439054846763610840e+00
2.201568901538848877e+00
2.872577428817749023e+00
2.575292825698852539e+00
2.128443837165832520e+00
2.824659705162048340e+00
2.608269810676574707e+00
2.108258605003356934e+00
2.760209560394287109e+00
2.760499000549316406e+00
2.081064283847808838e+00
2.607152104377746582e+00
2.794913172721862793e+00
2.112824141979217529e+00
2.533209085464477539e+00
2.908101797103881836e+00
2.174343943595886230e+00
2.464244008064270020e+00
2.914622306823730469e+00
2.249652028083801270e+00
2.330292224884033203e+00
2.914979457855224609e+00
2.338596940040588379e+00
2.224584698677062988e+00
2.886828660964965820e+00
2.458212018013000488e+00
2.158590793609619141e+00
2.841093420982360840e+00
2.520988464355468750e+00
2.132260262966156006e+00
2.809902548789978027e+00
2.663150310516357422e+00
2.065876245498657227e+00
2.762909412384033203e+00
2.770115613937377930e+00
2.138542234897613525e+00
2.676362037658691406e+00
2.864776611328125000e+00
2.147969424724578857e+00
2.567813158035278320e+00
2.899582386016845703e+00
2.220017135143280029e+00
2.448179483413696289e+00
2.915904164314270020e+00
2.226936578750610352e+00
2.321279406547546387e+00
2.874859929084777832e+00
2.311630249023437500e+00
2.213184058666229248e+00
2.895720481872558594e+00
2.427006363868713379e+00
2.183605551719665527e+00
2.901067137718200684e+00
2.523544192314147949e+00
2.151940822601318359e+00
2.808330655097961426e+00
2.679044127464294434e+00
2.108061909675598145e+00
2.743064045906066895e+00
2.755609035491943359e+00
2.096008598804473877e+00
2.650301456451416016e+00
2.799551725387573242e+00
2.104415535926818848e+00
2.565962910652160645e+00
2.901215672492980957e+00
2.207093596458435059e+00
2.446043252944946289e+00
2.936287522315979004e+00
2.262559592723846436e+00
2.315793395042419434e+00
2.901985764503479004e+00
2.301654934883117676e+00
2.249959945678710938e+00
2.893572330474853516e+00
2.385113000869750977e+00
2.216620862483978271e+00
2.872466802597045898e+00
2.511717200279235840e+00
2.075738012790679932e+00
2.783292412757873535e+00
2.636171579360961914e+00
2.105078399181365967e+00
2.735873937606811523e+00
2.743333101272583008e+00
2.105200171470642090e+00
2.658758759498596191e+00
2.825618028640747070e+00
2.141224265098571777e+00
2.536211133003234863e+00
2.855206370353698730e+00
2.214212000370025635e+00
2.428037285804748535e+00
2.929602384567260742e+00
2.259580314159393311e+00
2.340775847434997559e+00
2.941927671432495117e+00
2.356630802154541016e+00
2.201577544212341309e+00
2.902268886566162109e+00
2.455259323120117188e+00
2.199006021022796631e+00
2.867060065269470215e+00
2.539237856864929199e+00
2.112808227539062500e+00
2.816263198852539062e+00
2.656991600990295410e+00
2.135044634342193604e+00
2.761319398880004883e+00
2.755606055259704590e+00
2.133069455623626709e+00
2.634124875068664551e+00
2.837505340576171875e+00
2.137455701828002930e+00
2.542178869247436523e+00
2.878900170326232910e+00
2.135680556297302246e+00
2.476698398590087891e+00
2.924011826515197754e+00
2.268567621707916260e+00
2.369444489479064941e+00
2.925483345985412598e+00
2.309160947799682617e+00
2.303562402725219727e+00
2.934396266937255859e+00
2.430083751678466797e+00
2.192307233810424805e+00
2.871139287948608398e+00
2.561493992805480957e+00
2.138148725032806396e+00
2.771165490150451660e+00
2.618258953094482422e+00
2.129478454589843750e+00
2.752674579620361328e+00
2.732960343360900879e+00
2.113170623779296875e+00
2.655324935913085938e+00
2.810187697410583496e+00
2.112014234066009521e+00
2.518789887428283691e+00
2.890790700912475586e+00
2.175087034702301025e+00
2.473506569862365723e+00
2.907955169677734375e+00
2.262862920761108398e+00
2.358182549476623535e+00
2.979794740676879883e+00
2.344751596450805664e+00
2.244079232215881348e+00
2.940281629562377930e+00
2.431054353713989258e+00
2.208196878433227539e+00
2.889891266822814941e+00
2.533363342285156250e+00
2.148196697235107422e+00
2.834552407264709473e+00
2.676241874694824219e+00
2.087355852127075195e+00
2.716612577438354492e+00
2.717271327972412109e+00
2.068639516830444336e+00
2.571072816848754883e+00
2.815325260162353516e+00
2.127462327480316162e+00
2.517064094543457031e+00
2.868602633476257324e+00
2.195841550827026367e+00
2.461242437362670898e+00
2.919199109077453613e+00
2.251595675945281982e+00
2.317888379096984863e+00
2.936249017715454102e+00
2.330980420112609863e+00
2.291337370872497559e+00
2.905418395996093750e+00
2.431581974029541016e+00
2.153613865375518799e+00
2.868846178054809570e+00
2.525061488151550293e+00
2.142419815063476562e+00
2.787519335746765137e+00
2.650013566017150879e+00
2.138619303703308105e+00
2.737438917160034180e+00
2.736774206161499023e+00
2.108540236949920654e+00
2.652158498764038086e+00
2.834665775299072266e+00
2.165549695491790771e+00
2.549009680747985840e+00
2.867641091346740723e+00
2.191056489944458008e+00
2.441063523292541504e+00
2.919044017791748047e+00
2.261587083339691162e+00
2.344408035278320312e+00
2.915596961975097656e+00
2.317340970039367676e+00
2.259472489356994629e+00
2.905418157577514648e+00
2.404449105262756348e+00
2.228058815002441406e+00
2.855001091957092285e+00
2.502014279365539551e+00
2.107571303844451904e+00
2.799909472465515137e+00
2.640113115310668945e+00
2.152061581611633301e+00
2.719670772552490234e+00
2.724507808685302734e+00
2.072607755661010742e+00
2.625769495964050293e+00
2.809055089950561523e+00
2.165560424327850342e+00
2.562016129493713379e+00
2.891847729682922363e+00
2.216400027275085449e+00
2.457773208618164062e+00
2.933498859405517578e+00
2.272594690322875977e+00
2.358736515045166016e+00
2.948043584823608398e+00
2.361718893051147461e+00
2.242498159408569336e+00
2.906254172325134277e+00
2.408550858497619629e+00
2.189566493034362793e+00
2.890649318695068359e+00
2.506752967834472656e+00
2.103265464305877686e+00
2.802700281143188477e+00
2.634770035743713379e+00
2.118501961231231689e+00
2.735045194625854492e+00
2.735914230346679688e+00
2.102169215679168701e+00
2.668975830078125000e+00
2.823900938034057617e+00
2.130186557769775391e+00
2.570818543434143066e+00
2.867585182189941406e+00
2.144763469696044922e+00
2.423108935356140137e+00
2.906396865844726562e+00
2.224989235401153564e+00
2.346790194511413574e+00
2.938893079757690430e+00
2.325377583503723145e+00
2.225423932075500488e+00
2.883432865142822266e+00
2.460903763771057129e+00
2.144949376583099365e+00
2.884360313415527344e+00
2.558979392051696777e+00
2.128114998340606689e+00
2.791635274887084961e+00
2.648186683654785156e+00
2.110568225383758545e+00
2.750791192054748535e+00
2.768692135810852051e+00
2.167547643184661865e+00
2.674786686897277832e+00
2.799522519111633301e+00
2.123497784137725830e+00
2.569434881210327148e+00
2.911285161972045898e+00
2.205179810523986816e+00
2.418609142303466797e+00
2.870833396911621094e+00
2.256711065769195557e+00
2.378090023994445801e+00
2.903198599815368652e+00
2.335873484611511230e+00
2.272965788841247559e+00
2.886700272560119629e+00
2.480203986167907715e+00
2.186343133449554443e+00
2.895554065704345703e+00
2.552805423736572266e+00
2.150706052780151367e+00
2.808839559555053711e+00
2.656077265739440918e+00
2.142169117927551270e+00
2.728517770767211914e+00
2.751279950141906738e+00
2.135768473148345947e+00
2.636948347091674805e+00
2.821278214454650879e+00
2.126379489898681641e+00
2.534064769744873047e+00
2.842123985290527344e+00
2.219657242298126221e+00
2.477096438407897949e+00
2.904420614242553711e+00
2.234839260578155518e+00
2.344598054885864258e+00
2.952732682228088379e+00
2.336846232414245605e+00
2.262221693992614746e+00
2.878441095352172852e+00
2.449980735778808594e+00
2.153938114643096924e+00
2.904502034187316895e+00
2.522911906242370605e+00
2.168879806995391846e+00
2.800186991691589355e+00
2.663860082626342773e+00
2.133401691913604736e+00
2.727669119834899902e+00
2.736005425453186035e+00
2.140443861484527588e+00
2.651852369308471680e+00
2.836405634880065918e+00
2.149903595447540283e+00
2.595083713531494141e+00
2.857321977615356445e+00
2.157567739486694336e+00
2.439506769180297852e+00
2.956354498863220215e+00
2.262956261634826660e+00
2.332366228103637695e+00
2.928302884101867676e+00
2.358948707580566406e+00
2.266992688179016113e+00
2.907458305358886719e+00
2.476759552955627441e+00
2.183286845684051514e+00
2.904200196266174316e+00
2.558380961418151855e+00
2.175862014293670654e+00
2.822470903396606445e+00
2.641204476356506348e+00
2.084302186965942383e+00
2.731470704078674316e+00
2.761979460716247559e+00
2.098596930503845215e+00
2.629198193550109863e+00
2.787834644317626953e+00
2.148033559322357178e+00
2.490911364555358887e+00
2.869452238082885742e+00
2.173463463783264160e+00
2.448346018791198730e+00
2.931053400039672852e+00
2.245767533779144287e+00
2.304756879806518555e+00
2.927589178085327148e+00
2.347500681877136230e+00
2.260490417480468750e+00
2.938973903656005859e+00
2.418977856636047363e+00
2.141918480396270752e+00
2.874678611755371094e+00
2.539185285568237305e+00
2.135038971900939941e+00
2.806837320327758789e+00
2.659707903861999512e+00
2.124679386615753174e+00
2.746997952461242676e+00
2.749483227729797363e+00
2.049324631690979004e+00
2.587648391723632812e+00
2.794157147407531738e+00
2.132739961147308350e+00
2.533958554267883301e+00
2.851323366165161133e+00
2.192017197608947754e+00
2.389891505241394043e+00
2.905763268470764160e+00
2.260668933391571045e+00
2.393837571144104004e+00
2.934706211090087891e+00
2.336699008941650391e+00
2.279299378395080566e+00
2.927008271217346191e+00
2.427440524101257324e+00
2.175434172153472900e+00
2.861114740371704102e+00
2.547064542770385742e+00
2.140085160732269287e+00
2.805973768234252930e+00
2.656973242759704590e+00
2.135159194469451904e+00
2.770028352737426758e+00
2.740163683891296387e+00
2.085211753845214844e+00
2.631816864013671875e+00
2.811398148536682129e+00
2.134391486644744873e+00
2.522265076637268066e+00
2.880631446838378906e+00
2.153028607368469238e+00
2.415002465248107910e+00
2.920194506645202637e+00
2.216202259063720703e+00
2.313188672065734863e+00
2.923001408576965332e+00
2.327388286590576172e+00
2.249071836471557617e+00
2.896741867065429688e+00
2.430086135864257812e+00
2.189016640186309814e+00
2.886257410049438477e+00
2.542509555816650391e+00
2.145221233367919922e+00
2.787011146545410156e+00
2.678971409797668457e+00
2.110932350158691406e+00
2.757768988609313965e+00
2.748383760452270508e+00
2.102657914161682129e+00
2.618135213851928711e+00
2.818002939224243164e+00
2.143827438354492188e+00
2.526610255241394043e+00
2.897832274436950684e+00
2.154956996440887451e+00
2.446302771568298340e+00
2.914693951606750488e+00
2.259757101535797119e+00
2.319522857666015625e+00
2.939783811569213867e+00
2.357124328613281250e+00
2.257430911064147949e+00
2.947974801063537598e+00
2.463376164436340332e+00
2.205682218074798584e+00
2.891963839530944824e+00
2.543136000633239746e+00
2.089493215084075928e+00
2.776563763618469238e+00
2.657267808914184570e+00
2.076820909976959229e+00
2.727350711822509766e+00
2.751183509826660156e+00
2.081519007682800293e+00
2.650086879730224609e+00
2.815440654754638672e+00
2.169327080249786377e+00
2.581174373626708984e+00
2.900612473487854004e+00
2.190780878067016602e+00
2.410278797149658203e+00
2.947846531867980957e+00
2.229682564735412598e+00
2.372873306274414062e+00
2.945742845535278320e+00
2.354357361793518066e+00
2.252876281738281250e+00
2.900605559349060059e+00
2.434722185134887695e+00
2.197272598743438721e+00
2.904748201370239258e+00
2.557764410972595215e+00
2.137159287929534912e+00
2.855875253677368164e+00
2.659831643104553223e+00
2.142240405082702637e+00
2.731684565544128418e+00
2.724983930587768555e+00
2.088954746723175049e+00
2.624140858650207520e+00
2.840103864669799805e+00
2.157552123069763184e+00
2.531099677085876465e+00
2.934001803398132324e+00
2.138997137546539307e+00
2.443451642990112305e+00
2.921367049217224121e+00
2.219390869140625000e+00
2.337084293365478516e+00
2.925127387046813965e+00
2.341937780380249023e+00
2.251988172531127930e+00
2.890438318252563477e+00
2.463405251502990723e+00
2.162988722324371338e+00
2.911666631698608398e+00
2.580231547355651855e+00
2.111692726612091064e+00
2.793040633201599121e+00
2.640356302261352539e+00
2.080687761306762695e+00
2.731031179428100586e+00
2.742433667182922363e+00
2.115110516548156738e+00
2.664176702499389648e+00
2.793745398521423340e+00
2.152359187602996826e+00
2.548646688461303711e+00
2.873012542724609375e+00
2.171536505222320557e+00
2.448444724082946777e+00
2.938716411590576172e+00
2.267635881900787354e+00
2.325214385986328125e+00
2.918678164482116699e+00
2.368753314018249512e+00
2.243222832679748535e+00
2.912980914115905762e+00
2.444301247596740723e+00
2.188163280487060547e+00
2.873686313629150391e+00
2.543167710304260254e+00
2.113303482532501221e+00
2.795275092124938965e+00
2.634019255638122559e+00
2.093629002571105957e+00
2.750671267509460449e+00
2.715153932571411133e+00
2.066618204116821289e+00
2.619487643241882324e+00
2.792398095130920410e+00
2.152966320514678955e+00
2.523603916168212891e+00
2.858452439308166504e+00
2.213970243930816650e+00
2.420545578002929688e+00
2.922122716903686523e+00
2.231278002262115479e+00
2.357485771179199219e+00
2.960054993629455566e+00
2.353525280952453613e+00
2.259240865707397461e+00
2.927695274353027344e+00
2.420993328094482422e+00
2.156673550605773926e+00
2.883881092071533203e+00
2.531551003456115723e+00
2.129058718681335449e+00
2.824936270713806152e+00
2.663949847221374512e+00
2.134744405746459961e+00
2.741624712944030762e+00
2.728426575660705566e+00
2.112341463565826416e+00
2.651032328605651855e+00
2.757289290428161621e+00
2.167752563953399658e+00
2.521750450134277344e+00
2.871913433074951172e+00
2.192463159561157227e+00
2.465809464454650879e+00
2.928764104843139648e+00
2.263153672218322754e+00
2.407857060432434082e+00
2.944253444671630859e+00
2.336709022521972656e+00
2.234332442283630371e+00
2.884591221809387207e+00
2.423674941062927246e+00
2.150913238525390625e+00
2.895690202713012695e+00
2.541324734687805176e+00
2.127006053924560547e+00
2.827847957611083984e+00
2.644116997718811035e+00
2.078515887260437012e+00
2.731026887893676758e+00
2.717962861061096191e+00
2.102169811725616455e+00
2.662475705146789551e+00
2.847975134849548340e+00
2.187876045703887939e+00
2.565448045730590820e+00
2.888549923896789551e+00
2.173327565193176270e+00
2.397886276245117188e+00
2.897105097770690918e+00
2.249760866165161133e+00
2.345518708229064941e+00
2.973077654838562012e+00
2.356496691703796387e+00
2.262778639793395996e+00
2.866593718528747559e+00
2.399552702903747559e+00
2.157882034778594971e+00
2.893748760223388672e+00
2.526880741119384766e+00
2.139874517917633057e+00
2.823888897895812988e+00
2.632077813148498535e+00
2.104966521263122559e+00
2.749069213867187500e+00
2.743439078330993652e+00
2.081277430057525635e+00
2.649259090423583984e+00
2.787683844566345215e+00
2.106224298477172852e+00
2.537106990814208984e+00
2.871385812759399414e+00
2.189844369888305664e+00
2.465789675712585449e+00
2.896541833877563477e+00
2.259733319282531738e+00
2.309238791465759277e+00
2.962593197822570801e+00
2.358753681182861328e+00
2.239146590232849121e+00
2.922299981117248535e+00
2.445356130599975586e+00
2.157497346401214600e+00
2.883153676986694336e+00
2.560820817947387695e+00
2.168771803379058838e+00
2.797963857650756836e+00
2.672518253326416016e+00
2.092216610908508301e+00
2.742400407791137695e+00
2.748116850852966309e+00
2.145649075508117676e+00
2.673238515853881836e+00
2.814607620239257812e+00
2.122458934783935547e+00
2.541700124740600586e+00
2.918802618980407715e+00
2.152571201324462891e+00
2.469246625900268555e+00
2.866719603538513184e+00
2.271835327148437500e+00
2.343855023384094238e+00
2.954121112823486328e+00
2.310837030410766602e+00
2.268444776535034180e+00
2.883316159248352051e+00
2.441536188125610352e+00
2.215637862682342529e+00
2.911118745803833008e+00
2.518062949180603027e+00
2.177087545394897461e+00
2.812697529792785645e+00
2.644397258758544922e+00
2.127612292766571045e+00
2.797558188438415527e+00
2.757577419281005859e+00
2.111688435077667236e+00
2.653179287910461426e+00
2.833341956138610840e+00
2.125920891761779785e+00
2.563785433769226074e+00
2.869316101074218750e+00
2.212379515171051025e+00
2.430244922637939453e+00
2.895171642303466797e+00
2.287076234817504883e+00
2.359919667243957520e+00
2.970068573951721191e+00
2.371671795845031738e+00
2.241812229156494141e+00
2.913554072380065918e+00
2.461042284965515137e+00
2.152493655681610107e+00
2.894976615905761719e+00
2.528418898582458496e+00
2.171502947807312012e+00
2.854368090629577637e+00
2.684012770652770996e+00
2.119178593158721924e+00
2.739819169044494629e+00
2.725295543670654297e+00
2.076343059539794922e+00
2.590240240097045898e+00
2.856870651245117188e+00
2.138784110546112061e+00
2.536163926124572754e+00
2.900279045104980469e+00
2.139946043491363525e+00
2.434161186218261719e+00
2.958240866661071777e+00
2.258600115776062012e+00
2.357839226722717285e+00
2.926041960716247559e+00
2.346911549568176270e+00
2.225626826286315918e+00
2.937502622604370117e+00
2.390829086303710938e+00
2.197626531124114990e+00
2.892948865890502930e+00
2.523460149765014648e+00
2.086406767368316650e+00
2.829269170761108398e+00
2.665830373764038086e+00
2.080798923969268799e+00
2.703090071678161621e+00
2.714732766151428223e+00
2.122100651264190674e+00
2.621965646743774414e+00
2.802859783172607422e+00
2.149481713771820068e+00
2.567453384399414062e+00
2.899996161460876465e+00
2.204082846641540527e+00
2.436315417289733887e+00
2.937927722930908203e+00
2.282566547393798828e+00
2.360409021377563477e+00
2.930017828941345215e+00
2.338084459304809570e+00
2.229076147079467773e+00
2.907880783081054688e+00
2.425041675567626953e+00
2.205632209777832031e+00
2.836283445358276367e+00
2.530238509178161621e+00
2.147034585475921631e+00
2.795395493507385254e+00
2.644868373870849609e+00
2.104778945446014404e+00
2.739926695823669434e+00
2.733790516853332520e+00
2.073592901229858398e+00
2.632347106933593750e+00
2.807689547538757324e+00
2.127539694309234619e+00
2.557718038558959961e+00
2.899170279502868652e+00
2.174366950988769531e+00
2.459074020385742188e+00
2.907022714614868164e+00
2.246017873287200928e+00
2.332338213920593262e+00
2.965143680572509766e+00
2.373969554901123047e+00
2.262148141860961914e+00
2.849776983261108398e+00
2.459812760353088379e+00
2.178265333175659180e+00
2.879872441291809082e+00
2.542707562446594238e+00
2.127802789211273193e+00
2.807330369949340820e+00
2.653785705566406250e+00
2.079076647758483887e+00
2.778935194015502930e+00
2.773855924606323242e+00
2.087535381317138672e+00
2.611080169677734375e+00
2.799322843551635742e+00
2.152175962924957275e+00
2.512967109680175781e+00
2.884162425994873047e+00
2.164702951908111572e+00
2.490424752235412598e+00
2.903495669364929199e+00
2.243314087390899658e+00
2.374490857124328613e+00
2.929051756858825684e+00
2.328890442848205566e+00
2.254368424415588379e+00
2.915888190269470215e+00
2.430006384849548340e+00
2.194695234298706055e+00
2.867866754531860352e+00
2.555700659751892090e+00
2.142349779605865479e+00
2.794761896133422852e+00
2.635467886924743652e+00
2.089260935783386230e+00
2.705321550369262695e+00
2.702768564224243164e+00
2.136032819747924805e+00
2.616570711135864258e+00
2.809081077575683594e+00
2.161727190017700195e+00
2.526721239089965820e+00
2.852941036224365234e+00
2.148590326309204102e+00
2.421973824501037598e+00
2.892831802368164062e+00
2.252859294414520264e+00
2.348926544189453125e+00
2.930158734321594238e+00
2.324671506881713867e+00
2.277404427528381348e+00
2.896735072135925293e+00
2.417011380195617676e+00
2.198483169078826904e+00
2.910284996032714844e+00
2.557206153869628906e+00
2.151673853397369385e+00
2.825156569480895996e+00
2.679232954978942871e+00
2.129882633686065674e+00
2.733143091201782227e+00
2.739462018013000488e+00
2.131460070610046387e+00
2.658257126808166504e+00
2.828022122383117676e+00
2.170994758605957031e+00
2.540241479873657227e+00
2.850197196006774902e+00
2.180804789066314697e+00
2.445275664329528809e+00
2.901841044425964355e+00
2.271205306053161621e+00
2.342601895332336426e+00
2.893588185310363770e+00
2.358718514442443848e+00
2.244333386421203613e+00
2.897898554801940918e+00
2.461924195289611816e+00
2.207857310771942139e+00
2.881476163864135742e+00
2.539487123489379883e+00
2.137495279312133789e+00
2.803552508354187012e+00
2.649993181228637695e+00
2.110108911991119385e+00
2.767168879508972168e+00
2.759792089462280273e+00
2.131511449813842773e+00
2.665875673294067383e+00
2.819352865219116211e+00
2.083953440189361572e+00
2.511737704277038574e+00
2.873791098594665527e+00
2.178149938583374023e+00
2.407463312149047852e+00
2.935225248336791992e+00
2.246407508850097656e+00
2.355065107345581055e+00
2.920237064361572266e+00
2.337191700935363770e+00
2.207474589347839355e+00
2.945228815078735352e+00
2.406068325042724609e+00
2.158155679702758789e+00
2.901908159255981445e+00
