# {'thres': 2.2938660614192488}
1.971021011471748352e+00
2.277063593268394470e+00
1.979706645011901855e+00
1.898210093379020691e+00
2.310708403587341309e+00
2.157439947128295898e+00
1.937281146645545959e+00
2.321763783693313599e+00
2.193087518215179443e+00
1.910734310746192932e+00
2.291649892926216125e+00
2.189918935298919678e+00
1.881840705871582031e+00
2.222397074103355408e+00
2.274367943406105042e+00
1.954497277736663818e+00
2.154586464166641235e+00
2.276982411742210388e+00
1.937766849994659424e+00
2.097199916839599609e+00
2.316918998956680298e+00
2.007383823394775391e+00
2.086972668766975403e+00
2.335812091827392578e+00
5.066972970962524414e-01
2.166487574577331543e-01
2.807784080505371094e-01
3.592336177825927734e-02
2.316373586654663086e-02
4.442453384399414062e-02
1.866084337234497070e-02
7.368505001068115234e-02
1.740348339080810547e-01
2.076264321804046631e-01
1.717778444290161133e-01
2.243956923484802246e-01
2.704421281814575195e-01
2.370457649230957031e-01
2.646021246910095215e-01
3.199924230575561523e-01
3.153848871588706970e-01
3.208425641059875488e-01
4.259028434753417969e-01
3.744021207094192505e-01
4.177854657173156738e-01
5.062841773033142090e-01
4.562533497810363770e-01
4.610315561294555664e-01
5.932821035385131836e-01
5.476007908582687378e-01
5.337451100349426270e-01
6.427574157714843750e-01
6.364581584930419922e-01
5.867576599121093750e-01
7.495453953742980957e-01
7.224603444337844849e-01
6.563852131366729736e-01
7.735139131546020508e-01
7.680165097117424011e-01
7.081806808710098267e-01
7.971065640449523926e-01
8.475074321031570435e-01
7.513156533241271973e-01
8.594434261322021484e-01
9.694975018501281738e-01
8.111634105443954468e-01
9.393377900123596191e-01
1.034214258193969727e+00
9.145053476095199585e-01
9.492831230163574219e-01
1.144801437854766846e+00
9.754149168729782104e-01
9.772047996520996094e-01
1.146554946899414062e+00
1.057063177227973938e+00
1.024705588817596436e+00
1.275951981544494629e+00
1.196271106600761414e+00
1.101135239005088806e+00
1.343535482883453369e+00
1.266778007149696350e+00
1.105198748409748077e+00
1.352533340454101562e+00
1.326625630259513855e+00
1.162913322448730469e+00
1.389981210231781006e+00
1.453222289681434631e+00
1.223329588770866394e+00
1.393076181411743164e+00
1.488737978041172028e+00
1.318195804953575134e+00
1.467797577381134033e+00
1.598067998886108398e+00
1.371973931789398193e+00
1.445021450519561768e+00
1.696043968200683594e+00
1.475782871246337891e+00
1.465292021632194519e+00
1.724566906690597534e+00
1.568724691867828369e+00
1.551242157816886902e+00
1.838285341858863831e+00
1.619610607624053955e+00
1.541696608066558838e+00
1.857662051916122437e+00
1.739800751209259033e+00
1.617848381400108337e+00
1.886279135942459106e+00
1.834688887000083923e+00
1.578309521079063416e+00
1.948684513568878174e+00
1.970480009913444519e+00
1.718084156513214111e+00
2.017049267888069153e+00
2.081277415156364441e+00
1.810020744800567627e+00
2.003140658140182495e+00
2.143839389085769653e+00
1.837456166744232178e+00
2.008049190044403076e+00
2.214816048741340637e+00
1.920423805713653564e+00
2.051225259900093079e+00
2.359264776110649109e+00
3.524865746498107910e+00
4.084862947463989258e+00
4.661893606185913086e+00
3.981142401695251465e+00
4.034279525279998779e+00
4.514976978302001953e+00
4.085081756114959717e+00
3.913263857364654541e+00
4.485320746898651123e+00
4.108683228492736816e+00
3.802160680294036865e+00
4.396565675735473633e+00
4.184007465839385986e+00
3.845371842384338379e+00
4.372602641582489014e+00
4.286186397075653076e+00
3.827537655830383301e+00
4.244889497756958008e+00
4.309065878391265869e+00
3.771171092987060547e+00
4.170091092586517334e+00
4.418535232543945312e+00
3.822802424430847168e+00
4.098096907138824463e+00
4.404591202735900879e+00
3.854395091533660889e+00
3.963810741901397705e+00
4.475645244121551514e+00
3.954768240451812744e+00
3.930813789367675781e+00
4.457266867160797119e+00
4.045405089855194092e+00
3.889342844486236572e+00
4.455726683139801025e+00
4.077444970607757568e+00
3.822013139724731445e+00
4.441531836986541748e+00
4.185387670993804932e+00
3.781735301017761230e+00
4.326565742492675781e+00
4.284817516803741455e+00
3.766826152801513672e+00
4.249513506889343262e+00
4.349229574203491211e+00
3.841221809387207031e+00
4.192399799823760986e+00
4.413964688777923584e+00
3.830600023269653320e+00
4.084286272525787354e+00
4.405676424503326416e+00
3.871745347976684570e+00
4.014618813991546631e+00
4.480987787246704102e+00
3.973559558391571045e+00
3.936894595623016357e+00
4.501523137092590332e+00
4.004024803638458252e+00
3.863612949848175049e+00
4.454889178276062012e+00
4.123372077941894531e+00
3.830550849437713623e+00
4.421674907207489014e+00
4.192709386348724365e+00
3.785329222679138184e+00
4.305166065692901611e+00
4.277213156223297119e+00
3.780345916748046875e+00
4.255554080009460449e+00
4.355167269706726074e+00
3.851954996585845947e+00
4.170660972595214844e+00
4.388049066066741943e+00
3.854509413242340088e+00
4.089182794094085693e+00
4.435093462467193604e+00
3.861088633537292480e+00
4.016415119171142578e+00
4.413311719894409180e+00
3.919896125793457031e+00
3.901835620403289795e+00
4.477273821830749512e+00
4.013221383094787598e+00
3.826522707939147949e+00
4.436819911003112793e+00
4.155648171901702881e+00
3.843115150928497314e+00
4.427342414855957031e+00
4.196792721748352051e+00
3.823020279407501221e+00
4.359681606292724609e+00
4.220355808734893799e+00
3.760977804660797119e+00
4.279616713523864746e+00
4.337869584560394287e+00
3.760699450969696045e+00
4.169409573078155518e+00
4.380063772201538086e+00
3.857509136199951172e+00
4.092722594738006592e+00
4.451181530952453613e+00
3.882958531379699707e+00
4.022121012210845947e+00
4.471794486045837402e+00
3.967455208301544189e+00
3.965125679969787598e+00
4.479187667369842529e+00
4.001382410526275635e+00
3.882823050022125244e+00
4.519338726997375488e+00
4.151058018207550049e+00
3.858863353729248047e+00
4.431417882442474365e+00
4.223122537136077881e+00
3.785586118698120117e+00
4.351672887802124023e+00
4.278161823749542236e+00
3.792480409145355225e+00
4.272074401378631592e+00
4.334727942943572998e+00
3.813329875469207764e+00
4.159775674343109131e+00
4.405792832374572754e+00
3.824698686599731445e+00
4.109354674816131592e+00
4.458887815475463867e+00
3.872026443481445312e+00
4.007524251937866211e+00
4.442999541759490967e+00
3.937166273593902588e+00
3.940039455890655518e+00
4.458150982856750488e+00
4.004925191402435303e+00
3.851233661174774170e+00
4.419237554073333740e+00
4.117458224296569824e+00
3.814135670661926270e+00
4.421408414840698242e+00
4.192024350166320801e+00
3.755178332328796387e+00
4.367078423500061035e+00
4.297724902629852295e+00
3.792231440544128418e+00
4.250506818294525146e+00
4.335969448089599609e+00
3.810047268867492676e+00
4.170789837837219238e+00
4.359777629375457764e+00
3.768106877803802490e+00
4.049976229667663574e+00
4.435164272785186768e+00
3.907488286495208740e+00
4.017909944057464600e+00
4.461213648319244385e+00
3.970214188098907471e+00
3.970386266708374023e+00
4.477516949176788330e+00
4.056978464126586914e+00
3.893972754478454590e+00
4.441871047019958496e+00
4.095037162303924561e+00
3.835488021373748779e+00
4.405949890613555908e+00
4.200158655643463135e+00
3.780230462551116943e+00
4.308968961238861084e+00
4.282494366168975830e+00
3.787925481796264648e+00
4.250829577445983887e+00
4.358841121196746826e+00
3.821901261806488037e+00
4.169677555561065674e+00
4.380825757980346680e+00
3.822788357734680176e+00
4.045330822467803955e+00
4.445552825927734375e+00
3.847871243953704834e+00
3.988952100276947021e+00
4.448938250541687012e+00
3.961023569107055664e+00
3.938520133495330811e+00
4.474422991275787354e+00
4.044710099697113037e+00
3.838528394699096680e+00
4.426873803138732910e+00
4.141819953918457031e+00
3.844493389129638672e+00
4.430159687995910645e+00
4.198825299739837646e+00
3.769044280052185059e+00
4.364741623401641846e+00
4.267298877239227295e+00
3.834083795547485352e+00
4.276797592639923096e+00
4.358304202556610107e+00
3.805638492107391357e+00
4.203680932521820068e+00
4.415224373340606689e+00
3.864830493927001953e+00
4.120595991611480713e+00
4.474708795547485352e+00
3.868031561374664307e+00
4.023436546325683594e+00
4.506373941898345947e+00
3.983906209468841553e+00
3.946288228034973145e+00
4.494951248168945312e+00
4.043347597122192383e+00
3.852995753288269043e+00
4.470061600208282471e+00
4.113324880599975586e+00
3.809235513210296631e+00
4.383380353450775146e+00
4.195146381855010986e+00
3.816445469856262207e+00
4.354102134704589844e+00
4.323734581470489502e+00
3.802758634090423584e+00
4.283339321613311768e+00
4.322825789451599121e+00
3.788256466388702393e+00
4.182992696762084961e+00
4.429115653038024902e+00
3.794764220714569092e+00
4.089358031749725342e+00
4.456708133220672607e+00
3.873117744922637939e+00
3.995589315891265869e+00
4.442306160926818848e+00
3.945615291595458984e+00
3.921801388263702393e+00
4.477020800113677979e+00
3.980252623558044434e+00
3.866012752056121826e+00
4.420718133449554443e+00
4.090581953525543213e+00
3.841152071952819824e+00
4.459572255611419678e+00
4.227871060371398926e+00
3.788520514965057373e+00
4.299331665039062500e+00
4.250324189662933350e+00
3.763879716396331787e+00
4.324097335338592529e+00
4.355119049549102783e+00
3.785193920135498047e+00
4.166242361068725586e+00
4.430769860744476318e+00
3.844536483287811279e+00
4.108404695987701416e+00
4.459559500217437744e+00
3.912631511688232422e+00
4.023885190486907959e+00
4.488560438156127930e+00
3.966670334339141846e+00
3.939499080181121826e+00
4.489403367042541504e+00
4.011345505714416504e+00
3.879369854927062988e+00
4.418148696422576904e+00
4.089729547500610352e+00
3.813778698444366455e+00
4.384663105010986328e+00
4.177888929843902588e+00
3.778495073318481445e+00
4.347517609596252441e+00
4.277645826339721680e+00
3.810244321823120117e+00
4.296151578426361084e+00
4.373896718025207520e+00
3.822020769119262695e+00
4.185633897781372070e+00
4.409253954887390137e+00
3.844893991947174072e+00
4.105281293392181396e+00
4.417054116725921631e+00
3.873320341110229492e+00
3.980787634849548340e+00
4.495619177818298340e+00
3.975835621356964111e+00
3.933941006660461426e+00
4.482528448104858398e+00
4.030140340328216553e+00
3.867636263370513916e+00
4.442676723003387451e+00
4.105951189994812012e+00
3.814486682415008545e+00
4.383453130722045898e+00
4.174494445323944092e+00
3.840289056301116943e+00
4.383570790290832520e+00
4.305195450782775879e+00
3.808953046798706055e+00
4.278335750102996826e+00
4.380835831165313721e+00
3.796747982501983643e+00
4.207737565040588379e+00
4.405277431011199951e+00
3.839194893836975098e+00
4.104435443878173828e+00
4.485079824924468994e+00
3.913823962211608887e+00
4.048789143562316895e+00
4.481856107711791992e+00
3.997122287750244141e+00
3.902688026428222656e+00
4.441302716732025146e+00
4.000991880893707275e+00
3.860504090785980225e+00
4.424016535282135010e+00
4.117504358291625977e+00
3.818343818187713623e+00
4.405395984649658203e+00
4.131841599941253662e+00
3.779735743999481201e+00
4.350910186767578125e+00
4.262464523315429688e+00
3.809812963008880615e+00
4.276872634887695312e+00
4.349157631397247314e+00
3.815901100635528564e+00
4.193670392036437988e+00
4.391434609889984131e+00
3.842756628990173340e+00
4.103216171264648438e+00
4.461489439010620117e+00
3.890373647212982178e+00
3.976410984992980957e+00
4.449469208717346191e+00
3.945304453372955322e+00
3.950231969356536865e+00
4.456241250038146973e+00
3.998416900634765625e+00
3.876270294189453125e+00
4.495470046997070312e+00
4.152548491954803467e+00
3.844978749752044678e+00
4.426057815551757812e+00
4.202451109886169434e+00
3.822577416896820068e+00
4.342369616031646729e+00
4.300779819488525391e+00
3.790986418724060059e+00
4.267894923686981201e+00
4.344923019409179688e+00
3.785993933677673340e+00
4.199033617973327637e+00
4.425731301307678223e+00
3.849955081939697266e+00
4.098128557205200195e+00
4.454031348228454590e+00
3.889951884746551514e+00
4.047009289264678955e+00
4.516337513923645020e+00
3.946248173713684082e+00
3.938467085361480713e+00
4.456165432929992676e+00
3.995372831821441650e+00
3.839084863662719727e+00
4.411470115184783936e+00
4.061383724212646484e+00
3.815415620803833008e+00
4.402666866779327393e+00
4.196354031562805176e+00
3.780550181865692139e+00
4.361707329750061035e+00
4.257774353027343750e+00
3.788282215595245361e+00
4.246392786502838135e+00
4.362226843833923340e+00
3.821097195148468018e+00
4.204423904418945312e+00
4.440278232097625732e+00
3.848821997642517090e+00
4.095187067985534668e+00
4.439502775669097900e+00
3.878485977649688721e+00
3.994021594524383545e+00
4.459714114665985107e+00
3.946531236171722412e+00
3.920483112335205078e+00
4.472315907478332520e+00
4.013364136219024658e+00
3.858595192432403564e+00
4.470519542694091797e+00
4.128197491168975830e+00
3.838097095489501953e+00
4.424057304859161377e+00
4.204455196857452393e+00
3.770639836788177490e+00
4.340145945549011230e+00
4.281791150569915771e+00
3.808748722076416016e+00
4.279618144035339355e+00
4.356490373611450195e+00
3.802879214286804199e+00
4.224151015281677246e+00
4.377962589263916016e+00
3.823641359806060791e+00
4.067315340042114258e+00
4.451457202434539795e+00
3.860256433486938477e+00
3.998790979385375977e+00
4.509162604808807373e+00
3.990307748317718506e+00
3.923823654651641846e+00
4.466215610504150391e+00
3.983345866203308105e+00
3.848979413509368896e+00
4.436587214469909668e+00
4.108160555362701416e+00
3.851132690906524658e+00
4.451400816440582275e+00
4.244726896286010742e+00
3.796414971351623535e+00
4.355039119720458984e+00
4.240927457809448242e+00
3.786866724491119385e+00
4.295506775379180908e+00
4.343383312225341797e+00
3.782376945018768311e+00
4.143484413623809814e+00
4.384544432163238525e+00
3.832870423793792725e+00
4.122622191905975342e+00
4.441854238510131836e+00
3.879088521003723145e+00
4.026108384132385254e+00
4.482730686664581299e+00
3.916697502136230469e+00
3.926445007324218750e+00
4.484265744686126709e+00
4.021529912948608398e+00
3.847810804843902588e+00
4.455128133296966553e+00
4.120220243930816650e+00
3.831975638866424561e+00
4.399899423122406006e+00
4.194640100002288818e+00
3.789541244506835938e+00
4.336953997611999512e+00
4.290967166423797607e+00
3.756101489067077637e+00
4.255546092987060547e+00
4.338962495326995850e+00
3.794620454311370850e+00
4.200453996658325195e+00
4.424745678901672363e+00
3.854573547840118408e+00
4.109768152236938477e+00
4.483201682567596436e+00
3.886378049850463867e+00
3.982992827892303467e+00
4.503497719764709473e+00
3.967663288116455078e+00
3.929274797439575195e+00
4.461118519306182861e+00
3.991120874881744385e+00
3.840973675251007080e+00
4.429084777832031250e+00
4.101848304271697998e+00
3.827159702777862549e+00
4.426179051399230957e+00
4.181311011314392090e+00
3.792799830436706543e+00
4.344773590564727783e+00
4.269577085971832275e+00
3.819689512252807617e+00
4.261965692043304443e+00
4.357678830623626709e+00
3.760643064975738525e+00
4.212231040000915527e+00
4.426418483257293701e+00
3.847186207771301270e+00
4.112399518489837646e+00
4.455679416656494141e+00
3.861523211002349854e+00
4.009212195873260498e+00
4.446508824825286865e+00
3.949714601039886475e+00
3.953649699687957764e+00
4.479901969432830811e+00
4.009222865104675293e+00
3.871374487876892090e+00
4.422403156757354736e+00
4.031607985496520996e+00
3.778312027454376221e+00
4.395229697227478027e+00
4.177843093872070312e+00
3.740346431732177734e+00
4.309989988803863525e+00
4.245174884796142578e+00
3.822182357311248779e+00
4.258395254611968994e+00
4.326231837272644043e+00
3.739159524440765381e+00
4.187022745609283447e+00
4.402943849563598633e+00
3.861504256725311279e+00
4.147665917873382568e+00
4.463588774204254150e+00
3.908451557159423828e+00
3.988501310348510742e+00
4.464229881763458252e+00
3.924104392528533936e+00
3.916264235973358154e+00
4.478604972362518311e+00
4.063662528991699219e+00
3.902193486690521240e+00
4.462687253952026367e+00
4.059067845344543457e+00
3.821963012218475342e+00
4.415848493576049805e+00
4.171929061412811279e+00
3.786850512027740479e+00
4.314901649951934814e+00
4.272440314292907715e+00
3.822009265422821045e+00
4.246955871582031250e+00
4.324481070041656494e+00
3.831466734409332275e+00
4.184715926647186279e+00
4.404339075088500977e+00
3.803558528423309326e+00
4.081806600093841553e+00
4.484573364257812500e+00
3.903899610042572021e+00
4.032555580139160156e+00
4.512918114662170410e+00
3.948991477489471436e+00
3.918026685714721680e+00
4.457123279571533203e+00
4.049974441528320312e+00
3.919372320175170898e+00
4.518425285816192627e+00
4.152412474155426025e+00
3.825373053550720215e+00
4.427800714969635010e+00
4.218858778476715088e+00
3.819825410842895508e+00
4.317419826984405518e+00
4.285183131694793701e+00
3.794718384742736816e+00
4.254746019840240479e+00
4.339433372020721436e+00
3.779098689556121826e+00
4.185200512409210205e+00
4.417837560176849365e+00
3.854985415935516357e+00
4.078134119510650635e+00
4.384338140487670898e+00
3.882606208324432373e+00
4.043504416942596436e+00
4.494739592075347900e+00
3.977630376815795898e+00
3.941600382328033447e+00
4.492194652557373047e+00
4.015477538108825684e+00
3.894742608070373535e+00
4.467552840709686279e+00
4.195483028888702393e+00
3.850733637809753418e+00
4.382774889469146729e+00
4.148826003074645996e+00
3.788091838359832764e+00
4.351774156093597412e+00
4.288554251194000244e+00
3.820611000061035156e+00
4.289335668087005615e+00
4.297694623470306396e+00
3.756866455078125000e+00
4.175282418727874756e+00
4.419066011905670166e+00
3.811630785465240479e+00
4.111731648445129395e+00
4.478445827960968018e+00
3.914744198322296143e+00
3.976528644561767578e+00
4.456260502338409424e+00
3.964393734931945801e+00
3.927445113658905029e+00
4.484439015388488770e+00
4.065874576568603516e+00
3.869644522666931152e+00
4.450214803218841553e+00
4.079140484333038330e+00
3.813921153545379639e+00
4.350295901298522949e+00
4.202994227409362793e+00
3.795469343662261963e+00
4.339450657367706299e+00
4.239673972129821777e+00
3.748223721981048584e+00
4.224203646183013916e+00
4.372662127017974854e+00
3.796568036079406738e+00
4.175882697105407715e+00
4.385564744472503662e+00
3.846057176589965820e+00
4.100450873374938965e+00
4.465596079826354980e+00
3.909323453903198242e+00
4.028725624084472656e+00
4.472726881504058838e+00
3.941919445991516113e+00
3.930691897869110107e+00
4.466887652873992920e+00
4.036709249019622803e+00
3.886004984378814697e+00
4.502356886863708496e+00
4.122230768203735352e+00
3.857763946056365967e+00
4.367318451404571533e+00
4.183344542980194092e+00
3.809766054153442383e+00
4.345803260803222656e+00
4.276822328567504883e+00
3.774625360965728760e+00
4.294866800308227539e+00
4.351292788982391357e+00
3.826926708221435547e+00
4.187760710716247559e+00
4.397955238819122314e+00
3.828965067863464355e+00
4.075171947479248047e+00
4.476813971996307373e+00
3.896467149257659912e+00
4.007964015007019043e+00
4.481683254241943359e+00
3.956605017185211182e+00
3.962413489818572998e+00
4.466486752033233643e+00
4.027142465114593506e+00
3.872002363204956055e+00
4.436521887779235840e+00
4.103014051914215088e+00
3.847637951374053955e+00
4.457066953182220459e+00
4.205066919326782227e+00
3.807674586772918701e+00
4.336676359176635742e+00
4.269204914569854736e+00
3.778369545936584473e+00
4.279612123966217041e+00
4.370296835899353027e+00
3.804457604885101318e+00
4.223536550998687744e+00
4.447712004184722900e+00
3.847857713699340820e+00
4.096777081489562988e+00
4.440181493759155273e+00
3.849883556365966797e+00
4.022724390029907227e+00
4.494558155536651611e+00
3.966342389583587646e+00
3.955613434314727783e+00
4.454909443855285645e+00
4.001478612422943115e+00
3.846687972545623779e+00
4.482771992683410645e+00
4.114366650581359863e+00
3.816500782966613770e+00
4.421142339706420898e+00
4.224444568157196045e+00
3.776348471641540527e+00
4.355104446411132812e+00
4.299754559993743896e+00
3.817586243152618408e+00
4.267840445041656494e+00
4.300175845623016357e+00
3.801486253738403320e+00
4.219166815280914307e+00
4.436322987079620361e+00
3.830343961715698242e+00
4.110004007816314697e+00
4.448209941387176514e+00
3.897637605667114258e+00
4.007021725177764893e+00
4.442620873451232910e+00
4.006910920143127441e+00
3.929122209548950195e+00
4.497859716415405273e+00
3.989852011203765869e+00
3.888377726078033447e+00
4.451443076133728027e+00
4.141093373298645020e+00
3.830396771430969238e+00
4.431156635284423828e+00
4.172017753124237061e+00
3.803819298744201660e+00
4.366747319698333740e+00
4.255922377109527588e+00
3.797504723072052002e+00
4.216860115528106689e+00
4.308845996856689453e+00
3.770507991313934326e+00
4.211938083171844482e+00
4.430841565132141113e+00
3.847657740116119385e+00
4.096654891967773438e+00
4.417245686054229736e+00
3.898510932922363281e+00
3.985632359981536865e+00
4.476560413837432861e+00
3.943231582641601562e+00
3.913534045219421387e+00
4.437589824199676514e+00
4.005034089088439941e+00
3.822026073932647705e+00
4.428798139095306396e+00
4.084467351436614990e+00
3.790327370166778564e+00
4.354687154293060303e+00
4.183323383331298828e+00
3.824590504169464111e+00
4.375700354576110840e+00
4.290285110473632812e+00
3.817654609680175781e+00
4.293805122375488281e+00
4.377838671207427979e+00
3.815636515617370605e+00
4.199627935886383057e+00
4.415769100189208984e+00
3.823373198509216309e+00
4.107799351215362549e+00
4.450987398624420166e+00
3.884888708591461182e+00
4.036346018314361572e+00
4.491230845451354980e+00
3.965787053108215332e+00
3.942782223224639893e+00
4.495041906833648682e+00
4.005197405815124512e+00
3.858045339584350586e+00
4.428409039974212646e+00
4.121546804904937744e+00
3.850160181522369385e+00
4.389183640480041504e+00
4.199835777282714844e+00
3.770506381988525391e+00
4.307964861392974854e+00
4.258959293365478516e+00
3.779591858386993408e+00
4.282688677310943604e+00
4.354816436767578125e+00
3.816593229770660400e+00
4.168044745922088623e+00
4.394858419895172119e+00
3.855569183826446533e+00
4.120706677436828613e+00
4.423010587692260742e+00
3.859680652618408203e+00
3.986365437507629395e+00
4.497193813323974609e+00
3.974326729774475098e+00
3.960170090198516846e+00
4.512128055095672607e+00
4.014499425888061523e+00
3.854279458522796631e+00
4.426584482192993164e+00
4.115283370018005371e+00
3.825168013572692871e+00
4.396544933319091797e+00
4.212229847908020020e+00
3.791251420974731445e+00
4.341242253780364990e+00
4.249514222145080566e+00
3.832961380481719971e+00
4.289976716041564941e+00
4.342872500419616699e+00
3.751173913478851318e+00
4.162545680999755859e+00
4.364509761333465576e+00
3.832874059677124023e+00
4.077437579631805420e+00
4.435088396072387695e+00
3.865219652652740479e+00
4.009418368339538574e+00
4.479306280612945557e+00
3.946384787559509277e+00
3.924120724201202393e+00
4.475318610668182373e+00
4.049660742282867432e+00
3.895603775978088379e+00
4.457239449024200439e+00
4.098171055316925049e+00
3.786622285842895508e+00
4.394230902194976807e+00
4.163259267807006836e+00
3.788818478584289551e+00
4.349496364593505859e+00
4.272046625614166260e+00
3.760507166385650635e+00
4.266251742839813232e+00
4.343859434127807617e+00
3.827955245971679688e+00
4.219027638435363770e+00
4.459758520126342773e+00
3.880717337131500244e+00
4.105427622795104980e+00
4.444111227989196777e+00
3.896598696708679199e+00
4.057705104351043701e+00
4.521062076091766357e+00
3.977494120597839355e+00
3.963223099708557129e+00
4.458560466766357422e+00
4.059757649898529053e+00
3.897007763385772705e+00
4.468410789966583252e+00
4.116059958934783936e+00
3.794106721878051758e+00
4.387755453586578369e+00
4.183934807777404785e+00
3.795881748199462891e+00
4.343604207038879395e+00
4.275806427001953125e+00
3.727618992328643799e+00
4.218003928661346436e+00
4.291091859340667725e+00
3.821684300899505615e+00
4.178907454013824463e+00
4.443086147308349609e+00
3.856905817985534668e+00
4.102060377597808838e+00
4.475684404373168945e+00
3.875614881515502930e+00
4.003847360610961914e+00
4.445977509021759033e+00
3.984255313873291016e+00
3.958949208259582520e+00
4.503819465637207031e+00
4.014673471450805664e+00
3.849373757839202881e+00
4.461789727210998535e+00
4.134142339229583740e+00
3.822136104106903076e+00
4.407418191432952881e+00
4.208507299423217773e+00
3.809085011482238770e+00
4.333284616470336914e+00
4.247485578060150146e+00
3.801876127719879150e+00
4.268551111221313477e+00
4.336549937725067139e+00
3.807993412017822266e+00
4.150900363922119141e+00
4.339752018451690674e+00
3.792421162128448486e+00
4.049422800540924072e+00
4.403707683086395264e+00
3.881600618362426758e+00
4.032684206962585449e+00
4.493285834789276123e+00
3.930732071399688721e+00
3.943578898906707764e+00
4.471144556999206543e+00
4.060173034667968750e+00
3.859444797039031982e+00
4.427352368831634521e+00
4.096353828907012939e+00
3.812214732170104980e+00
4.426760017871856689e+00
4.182758450508117676e+00
3.788930952548980713e+00
4.335813283920288086e+00
4.292442858219146729e+00
3.810344994068145752e+00
4.293509542942047119e+00
4.320263803005218506e+00
3.790004134178161621e+00
4.185733437538146973e+00
4.411598980426788330e+00
3.833303987979888916e+00
4.079471588134765625e+00
4.431441903114318848e+00
3.863076925277709961e+00
3.971914231777191162e+00
4.513436079025268555e+00
3.946156322956085205e+00
3.914751350879669189e+00
4.484682857990264893e+00
4.031342923641204834e+00
3.863435208797454834e+00
4.460678517818450928e+00
4.131662428379058838e+00
3.841381967067718506e+00
4.415746212005615234e+00
4.155385673046112061e+00
3.782960534095764160e+00
4.333129227161407471e+00
4.262733876705169678e+00
3.767349720001220703e+00
4.236010193824768066e+00
4.378256022930145264e+00
3.811561107635498047e+00
4.174768388271331787e+00
4.399241030216217041e+00
3.827960193157196045e+00
4.079798281192779541e+00
4.421587467193603516e+00
3.885519742965698242e+00
3.983259320259094238e+00
4.460292279720306396e+00
3.913870275020599365e+00
3.934707999229431152e+00
4.469344615936279297e+00
4.081158041954040527e+00
3.873079836368560791e+00
4.416344761848449707e+00
4.103569209575653076e+00
3.811700642108917236e+00
4.444074749946594238e+00
4.228394567966461182e+00
3.839422166347503662e+00
4.386682808399200439e+00
4.302944898605346680e+00
3.749176025390625000e+00
4.237273097038269043e+00
4.361001074314117432e+00
3.865465104579925537e+00
4.247683227062225342e+00
4.441459059715270996e+00
3.852853000164031982e+00
4.106851756572723389e+00
4.431131362915039062e+00
3.865911722183227539e+00
4.054194450378417969e+00
4.463949620723724365e+00
3.938161373138427734e+00
3.946591436862945557e+00
4.483578264713287354e+00
4.039245963096618652e+00
3.858685374259948730e+00
4.443292915821075439e+00
4.079941153526306152e+00
3.779489517211914062e+00
4.359109580516815186e+00
4.159251630306243896e+00
3.784692168235778809e+00
4.343007385730743408e+00
4.274397611618041992e+00
3.761846423149108887e+00
4.270754933357238770e+00
4.357972860336303711e+00
3.797073423862457275e+00
4.161908805370330811e+00
4.421609938144683838e+00
3.839231193065643311e+00
4.086917698383331299e+00
4.457693576812744141e+00
3.910473763942718506e+00
3.963584542274475098e+00
4.461040258407592773e+00
3.903244435787200928e+00
3.914312422275543213e+00
4.463899374008178711e+00
4.042909801006317139e+00
3.900145947933197021e+00
4.470066249370574951e+00
4.101926028728485107e+00
3.771186411380767822e+00
4.388858854770660400e+00
4.178994953632354736e+00
3.803018033504486084e+00
4.353689849376678467e+00
4.273703157901763916e+00
3.795287430286407471e+00
4.299165129661560059e+00
4.371416211128234863e+00
3.773506343364715576e+00
4.177161037921905518e+00
4.433948457241058350e+00
3.859034597873687744e+00
4.050322532653808594e+00
4.440540730953216553e+00
3.885486304759979248e+00
4.006375074386596680e+00
4.438725471496582031e+00
3.934103548526763916e+00
3.955960452556610107e+00
4.465298116207122803e+00
4.009051382541656494e+00
3.847533822059631348e+00
4.477340519428253174e+00
4.082090377807617188e+00
3.853208541870117188e+00
4.402305781841278076e+00
4.206508874893188477e+00
3.811401724815368652e+00
4.319706141948699951e+00
4.232593178749084473e+00
3.821582674980163574e+00
4.258429706096649170e+00
4.368167221546173096e+00
3.799399435520172119e+00
4.191906511783599854e+00
4.435897529125213623e+00
3.847496330738067627e+00
4.092280924320220947e+00
4.432478129863739014e+00
3.940054476261138916e+00
4.042730212211608887e+00
4.485594570636749268e+00
3.949402987957000732e+00
3.919222652912139893e+00
4.528910338878631592e+00
4.067774832248687744e+00
3.929082810878753662e+00
4.454534173011779785e+00
4.105709969997406006e+00
3.815664231777191162e+00
4.400027215480804443e+00
4.157634198665618896e+00
3.797041773796081543e+00
4.354921996593475342e+00
4.275487363338470459e+00
3.775347948074340820e+00
4.258028745651245117e+00
4.366228818893432617e+00
3.820154726505279541e+00
4.183848798274993896e+00
4.389852344989776611e+00
3.825918734073638916e+00
4.099513828754425049e+00
4.445956528186798096e+00
3.907055497169494629e+00
4.006934762001037598e+00
4.464477658271789551e+00
3.919017970561981201e+00
3.886925339698791504e+00
4.477299809455871582e+00
4.049948632717132568e+00
3.879954576492309570e+00
4.458315372467041016e+00
4.158575296401977539e+00
3.849251687526702881e+00
4.447090506553649902e+00
4.176781058311462402e+00
3.782449007034301758e+00
4.303330063819885254e+00
4.254560708999633789e+00
3.739312171936035156e+00
4.252610683441162109e+00
4.359551489353179932e+00
3.812303185462951660e+00
4.175703406333923340e+00
4.383500576019287109e+00
3.823020100593566895e+00
4.109538555145263672e+00
4.479526519775390625e+00
3.896678984165191650e+00
3.994250237941741943e+00
4.476797997951507568e+00
3.930363178253173828e+00
3.938352167606353760e+00
4.468584835529327393e+00
4.031145751476287842e+00
3.901637613773345947e+00
4.487252771854400635e+00
4.135643780231475830e+00
3.842331409454345703e+00
4.426966667175292969e+00
4.168669700622558594e+00
3.771649241447448730e+00
4.315979182720184326e+00
4.273101150989532471e+00
3.766887664794921875e+00
4.276955664157867432e+00
4.337548375129699707e+00
3.822324097156524658e+00
4.225095272064208984e+00
4.417136371135711670e+00
3.834365069866180420e+00
4.086206614971160889e+00
4.424065947532653809e+00
3.863870203495025635e+00
4.027364969253540039e+00
4.453782916069030762e+00
3.952764987945556641e+00
3.964148938655853271e+00
4.489406704902648926e+00
4.035611689090728760e+00
3.874414026737213135e+00
4.410893499851226807e+00
4.093073308467864990e+00
3.799973070621490479e+00
4.399329960346221924e+00
4.210553407669067383e+00
3.816115617752075195e+00
4.363655030727386475e+00
4.266013681888580322e+00
3.786457240581512451e+00
4.276816427707672119e+00
4.350945770740509033e+00
3.796031296253204346e+00
4.201261997222900391e+00
4.403376638889312744e+00
3.826039135456085205e+00
4.125173985958099365e+00
4.445844113826751709e+00
3.910645067691802979e+00
4.005206286907196045e+00
4.468644261360168457e+00
3.934064388275146484e+00
3.950240135192871094e+00
4.454600870609283447e+00
4.051652312278747559e+00
3.878706634044647217e+00
4.484780311584472656e+00
4.142390668392181396e+00
3.808539032936096191e+00
4.389266967773437500e+00
4.166132748126983643e+00
3.816094338893890381e+00
4.348948895931243896e+00
4.292879641056060791e+00
3.812284231185913086e+00
4.292316377162933350e+00
4.334322214126586914e+00
3.810739755630493164e+00
4.191115915775299072e+00
4.434271633625030518e+00
3.857458949089050293e+00
4.131103396415710449e+00
4.448770523071289062e+00
3.878253638744354248e+00
3.993647217750549316e+00
4.476278185844421387e+00
3.992040812969207764e+00
3.960214614868164062e+00
4.481007575988769531e+00
3.992500841617584229e+00
3.842779099941253662e+00
4.443926990032196045e+00
4.119887769222259521e+00
3.859000802040100098e+00
4.420413672924041748e+00
4.194032967090606689e+00
3.835505723953247070e+00
4.364441752433776855e+00
4.262678921222686768e+00
3.750609695911407471e+00
4.278333306312561035e+00
4.346906840801239014e+00
3.786595761775970459e+00
4.178314208984375000e+00
4.392789661884307861e+00
3.839218795299530029e+00
4.137702405452728271e+00
4.451092958450317383e+00
3.873345553874969482e+00
4.009338974952697754e+00
4.469308257102966309e+00
3.939507424831390381e+00
3.931172192096710205e+00
4.450461387634277344e+00
4.016948699951171875e+00
3.848657131195068359e+00
4.433544039726257324e+00
4.134215295314788818e+00
3.844721198081970215e+00
4.452858328819274902e+00
4.189613580703735352e+00
3.790405571460723877e+00
4.331894636154174805e+00
4.285369098186492920e+00
3.827020466327667236e+00
4.314884066581726074e+00
4.373567402362823486e+00
3.793643832206726074e+00
4.166501283645629883e+00
4.440153956413269043e+00
3.880019545555114746e+00
4.140446722507476807e+00
4.460646390914916992e+00
3.841697692871093750e+00
4.026343941688537598e+00
4.478058397769927979e+00
3.960216701030731201e+00
3.925782620906829834e+00
4.499834418296813965e+00
4.057263970375061035e+00
3.851025998592376709e+00
4.432461678981781006e+00
4.096024990081787109e+00
3.811564743518829346e+00
4.431207180023193359e+00
4.245552361011505127e+00
3.804503142833709717e+00
4.326577425003051758e+00
4.287340402603149414e+00
3.811505496501922607e+00
4.310957372188568115e+00
4.382072746753692627e+00
3.795359194278717041e+00
4.146236717700958252e+00
4.406276226043701172e+00
3.813940048217773438e+00
4.078045189380645752e+00
4.390986621379852295e+00
3.859800755977630615e+00
3.985642433166503906e+00
4.474968254566192627e+00
3.936770737171173096e+00
3.923749268054962158e+00
4.495318174362182617e+00
4.049082994461059570e+00
3.889070570468902588e+00
4.464600145816802979e+00
4.140947461128234863e+00
3.853121519088745117e+00
4.439242899417877197e+00
4.219194650650024414e+00
3.798136413097381592e+00
4.351641774177551270e+00
4.304556310176849365e+00
3.827970027923583984e+00
4.250633955001831055e+00
4.312091529369354248e+00
3.770677745342254639e+00
4.172321557998657227e+00
4.389652609825134277e+00
3.841899216175079346e+00
4.069685757160186768e+00
4.442315042018890381e+00
3.855996131896972656e+00
4.004813134670257568e+00
4.470363199710845947e+00
3.910674214363098145e+00
3.928959369659423828e+00
4.453879415988922119e+00
4.014519393444061279e+00
3.874085247516632080e+00
4.442725718021392822e+00
4.118504941463470459e+00
3.834287464618682861e+00
4.419693946838378906e+00
4.182975769042968750e+00
3.740339457988739014e+00
4.353025674819946289e+00
4.309719502925872803e+00
3.842433035373687744e+00
4.311445653438568115e+00
4.352868318557739258e+00
3.808761060237884521e+00
4.235285401344299316e+00
4.409916102886199951e+00
3.842534422874450684e+00
4.094209611415863037e+00
4.462476909160614014e+00
3.879749298095703125e+00
4.013458728790283203e+00
4.495126187801361084e+00
3.963989138603210449e+00
3.941341817378997803e+00
4.485674083232879639e+00
4.062961041927337646e+00
3.874919474124908447e+00
4.456104576587677002e+00
4.123697102069854736e+00
3.833888173103332520e+00
4.406367003917694092e+00
4.203009307384490967e+00
3.768411874771118164e+00
4.351876616477966309e+00
4.277187466621398926e+00
3.787875950336456299e+00
4.243290364742279053e+00
4.375288367271423340e+00
3.807404220104217529e+00
4.163167536258697510e+00
4.420656502246856689e+00
3.822435140609741211e+00
4.095342278480529785e+00
4.463732242584228516e+00
3.898233115673065186e+00
4.039614200592041016e+00
4.456489026546478271e+00
3.951117396354675293e+00
3.911893963813781738e+00
4.477397382259368896e+00
4.062160491943359375e+00
3.894617855548858643e+00
4.377096176147460938e+00
4.079262197017669678e+00
3.796110272407531738e+00
4.408104062080383301e+00
4.234585762023925781e+00
3.820945143699645996e+00
4.335466504096984863e+00
4.272388577461242676e+00
3.797574639320373535e+00
4.269488990306854248e+00
4.346671104431152344e+00
3.822830080986022949e+00
4.179486334323883057e+00
4.386110544204711914e+00
3.826525330543518066e+00
4.102572321891784668e+00
4.494611620903015137e+00
3.878596901893615723e+00
3.994442105293273926e+00
4.454927921295166016e+00
3.937119841575622559e+00
3.908653914928436279e+00
4.471014618873596191e+00
3.975059032440185547e+00
3.894034206867218018e+00
4.427335977554321289e+00
4.122295975685119629e+00
3.804276883602142334e+00
4.373422563076019287e+00
4.180233478546142578e+00
3.800861656665802002e+00
4.365624368190765381e+00
4.302820205688476562e+00
3.785597145557403564e+00
4.265040874481201172e+00
4.348375976085662842e+00
3.800320684909820557e+00
4.164114475250244141e+00
4.367050468921661377e+00
3.810871243476867676e+00
4.120347201824188232e+00
4.448799848556518555e+00
3.903199374675750732e+00
4.016809165477752686e+00
4.483620464801788330e+00
3.936295926570892334e+00
3.937980949878692627e+00
4.492088913917541504e+00
4.051548540592193604e+00
3.895289421081542969e+00
4.437190592288970947e+00
4.113205730915069580e+00
3.804786682128906250e+00
4.397696495056152344e+00
4.201581358909606934e+00
3.845415413379669189e+00
4.378693997859954834e+00
4.284314095973968506e+00
3.748692691326141357e+00
4.239846587181091309e+00
4.312544167041778564e+00
3.811683118343353271e+00
4.178988337516784668e+00
4.378961026668548584e+00
3.800894737243652344e+00
4.096584618091583252e+00
4.454233765602111816e+00
3.858537197113037109e+00
3.979949951171875000e+00
4.396060168743133545e+00
3.914801716804504395e+00
3.969910502433776855e+00
4.499791920185089111e+00
4.049383342266082764e+00
3.881136059761047363e+00
4.439134061336517334e+00
4.114761769771575928e+00
3.844359457492828369e+00
4.417702257633209229e+00
4.210183560848236084e+00
3.821372032165527344e+00
4.356584429740905762e+00
4.309370696544647217e+00
3.793501377105712891e+00
4.347952425479888916e+00
4.372255980968475342e+00
3.826464951038360596e+00
4.211615085601806641e+00
4.399854540824890137e+00
3.811495125293731689e+00
4.061131417751312256e+00
4.447099626064300537e+00
3.882460474967956543e+00
4.031970560550689697e+00
4.473098754882812500e+00
3.974991261959075928e+00
3.915974617004394531e+00
4.485379993915557861e+00
4.016895473003387451e+00
3.888113021850585938e+00
4.399671971797943115e+00
4.081210970878601074e+00
3.762901425361633301e+00
4.366862773895263672e+00
4.136728227138519287e+00
3.794048905372619629e+00
4.326393067836761475e+00
4.291592895984649658e+00
3.791010499000549316e+00
4.266295790672302246e+00
4.346365094184875488e+00
3.758716285228729248e+00
4.163841962814331055e+00
4.370345056056976318e+00
3.797763943672180176e+00
4.082537889480590820e+00
4.437160611152648926e+00
3.871440887451171875e+00
4.012370586395263672e+00
4.474365115165710449e+00
3.956934213638305664e+00
3.954579472541809082e+00
4.469718039035797119e+00
4.023629367351531982e+00
3.883627474308013916e+00
4.449747741222381592e+00
4.074207007884979248e+00
3.814643085002899170e+00
4.386395156383514404e+00
4.153194010257720947e+00
3.781984448432922363e+00
4.356825113296508789e+00
4.263571321964263916e+00
3.779647231101989746e+00
4.332511782646179199e+00
4.347231924533843994e+00
3.761535644531250000e+00
4.161355495452880859e+00
4.404639005661010742e+00
3.788560211658477783e+00
4.104071855545043945e+00
4.448131978511810303e+00
3.893410444259643555e+00
4.025334358215332031e+00
4.489653885364532471e+00
3.957473635673522949e+00
3.923736810684204102e+00
4.454709887504577637e+00
4.026437759399414062e+00
3.855115115642547607e+00
4.439091622829437256e+00
4.093902885913848877e+00
3.814014852046966553e+00
4.421015143394470215e+00
4.235844671726226807e+00
3.810601472854614258e+00
4.385667324066162109e+00
4.271301448345184326e+00
3.758076608180999756e+00
4.255719780921936035e+00
4.295007407665252686e+00
3.802081108093261719e+00
4.223957598209381104e+00
4.421961605548858643e+00
3.788444280624389648e+00
4.040200114250183105e+00
4.423790395259857178e+00
3.887859225273132324e+00
4.011700987815856934e+00
4.480576515197753906e+00
3.970941603183746338e+00
3.912532806396484375e+00
4.443789422512054443e+00
4.036769449710845947e+00
3.911038875579833984e+00
4.470233440399169922e+00
4.104440629482269287e+00
3.804379880428314209e+00
4.397316277027130127e+00
4.214913129806518555e+00
3.813516438007354736e+00
4.350593566894531250e+00
4.222393870353698730e+00
3.750865936279296875e+00
4.241350293159484863e+00
4.342722117900848389e+00
3.819410204887390137e+00
4.229414105415344238e+00
4.381217837333679199e+00
3.829270362854003906e+00
4.031282722949981689e+00
4.463420808315277100e+00
3.914584338665008545e+00
4.047635734081268311e+00
4.452287852764129639e+00
3.960793375968933105e+00
3.916430830955505371e+00
4.470236182212829590e+00
4.017116427421569824e+00
3.877161800861358643e+00
4.449641823768615723e+00
4.107897341251373291e+00
3.830164611339569092e+00
4.431721985340118408e+00
4.247615694999694824e+00
3.844976246356964111e+00
4.387019038200378418e+00
4.310380578041076660e+00
3.809692084789276123e+00
4.260031938552856445e+00
4.328816413879394531e+00
3.788355886936187744e+00
4.143696963787078857e+00
4.415921628475189209e+00
3.858738303184509277e+00
4.113726377487182617e+00
4.450023949146270752e+00
3.873417675495147705e+00
4.003664910793304443e+00
4.497439205646514893e+00
3.968028008937835693e+00
3.962169528007507324e+00
4.484299242496490479e+00
4.078239262104034424e+00
3.840857982635498047e+00
4.479630053043365479e+00
4.088557541370391846e+00
3.840722858905792236e+00
4.394163668155670166e+00
4.199994981288909912e+00
3.795867383480072021e+00
4.350043833255767822e+00
4.265674591064453125e+00
3.788200199604034424e+00
4.291766047477722168e+00
4.323483288288116455e+00
3.760001420974731445e+00
4.161996364593505859e+00
4.407384455204010010e+00
3.861374497413635254e+00
4.066162407398223877e+00
4.432625532150268555e+00
3.880040049552917480e+00
4.047107398509979248e+00
4.463641524314880371e+00
3.921599566936492920e+00
3.951606512069702148e+00
4.476638793945312500e+00
4.023727238178253174e+00
3.893661081790924072e+00
4.475584387779235840e+00
4.116633653640747070e+00
3.841090500354766846e+00
4.415133178234100342e+00
4.162137210369110107e+00
3.792731940746307373e+00
4.324029564857482910e+00
4.264223754405975342e+00
3.778710603713989258e+00
4.253494322299957275e+00
4.339926004409790039e+00
3.820476412773132324e+00
4.179703712463378906e+00
4.440889000892639160e+00
3.832618176937103271e+00
4.073397755622863770e+00
4.437885880470275879e+00
3.877290725708007812e+00
3.995889127254486084e+00
4.430927336215972900e+00
3.943109512329101562e+00
3.934944093227386475e+00
4.471440374851226807e+00
4.053137540817260742e+00
3.883641719818115234e+00
4.476510107517242432e+00
4.116854012012481689e+00
3.806185305118560791e+00
4.421570956707000732e+00
4.208479821681976318e+00
3.799095332622528076e+00
4.336422860622406006e+00
4.263726353645324707e+00
3.793331086635589600e+00
4.270310878753662109e+00
4.354061484336853027e+00
3.787290215492248535e+00
4.165582954883575439e+00
4.434108316898345947e+00
3.845153510570526123e+00
4.113292992115020752e+00
4.411006689071655273e+00
3.844922423362731934e+00
3.945331454277038574e+00
4.482053875923156738e+00
3.929201364517211914e+00
3.903858959674835205e+00
4.433308184146881104e+00
4.045199036598205566e+00
3.869486331939697266e+00
4.446665287017822266e+00
4.129587173461914062e+00
3.847436845302581787e+00
4.400685489177703857e+00
4.240320205688476562e+00
3.843536972999572754e+00
4.358909308910369873e+00
4.254153490066528320e+00
3.810743510723114014e+00
4.283031761646270752e+00
4.347858667373657227e+00
3.788923323154449463e+00
4.198925256729125977e+00
4.400917828083038330e+00
3.834938347339630127e+00
4.090849578380584717e+00
4.437750399112701416e+00
3.834885776042938232e+00
4.021432936191558838e+00
4.476294755935668945e+00
3.939110219478607178e+00
3.910861313343048096e+00
4.467644095420837402e+00
4.030758917331695557e+00
3.842904508113861084e+00
4.440345346927642822e+00
4.120055913925170898e+00
3.831219553947448730e+00
4.433099091053009033e+00
4.223694682121276855e+00
3.785045802593231201e+00
4.321819901466369629e+00
4.275359034538269043e+00
3.803759515285491943e+00
4.241453707218170166e+00
4.342858493328094482e+00
3.831164062023162842e+00
4.205542325973510742e+00
4.434084177017211914e+00
3.861985027790069580e+00
4.105330646038055420e+00
4.464337885379791260e+00
3.889506876468658447e+00
3.959932386875152588e+00
4.450385749340057373e+00
3.938932001590728760e+00
3.933853030204772949e+00
4.529113113880157471e+00
4.044752359390258789e+00
3.841402351856231689e+00
4.430912077426910400e+00
4.157971739768981934e+00
3.832884907722473145e+00
4.393311500549316406e+00
4.226426124572753906e+00
3.817741334438323975e+00
4.330794692039489746e+00
4.267077863216400146e+00
3.819157242774963379e+00
4.274127900600433350e+00
4.371080935001373291e+00
3.808650791645050049e+00
4.173158586025238037e+00
4.432378590106964111e+00
3.848395109176635742e+00
4.108536660671234131e+00
4.444049537181854248e+00
3.877312660217285156e+00
4.001661837100982666e+00
4.443609952926635742e+00
3.940772593021392822e+00
3.946802079677581787e+00
4.499368846416473389e+00
4.017397046089172363e+00
3.799250781536102295e+00
4.452483236789703369e+00
4.131204903125762939e+00
3.867362439632415771e+00
4.455835163593292236e+00
4.171707868576049805e+00
3.783598840236663818e+00
4.374600410461425781e+00
4.299072742462158203e+00
3.797845661640167236e+00
4.289968132972717285e+00
4.370030224323272705e+00
3.767373859882354736e+00
4.191986620426177979e+00
4.394277989864349365e+00
3.813765704631805420e+00
4.053833007812500000e+00
4.463482260704040527e+00
3.862367391586303711e+00
4.038949668407440186e+00
4.499178469181060791e+00
3.963200986385345459e+00
3.950266063213348389e+00
4.448924958705902100e+00
4.012594580650329590e+00
3.887383341789245605e+00
4.485063195228576660e+00
4.089608550071716309e+00
3.785390913486480713e+00
4.393442392349243164e+00
4.182657599449157715e+00
3.764712929725646973e+00
4.352589547634124756e+00
4.288872718811035156e+00
3.797485768795013428e+00
4.264249980449676514e+00
4.316582918167114258e+00
3.830215990543365479e+00
4.154766380786895752e+00
4.410287261009216309e+00
3.832700788974761963e+00
4.114043772220611572e+00
4.435976564884185791e+00
3.831073701381683350e+00
3.988122999668121338e+00
4.475714683532714844e+00
3.961748898029327393e+00
3.926961302757263184e+00
4.420306622982025146e+00
3.987976729869842529e+00
3.849701821804046631e+00
4.469544470310211182e+00
4.100100576877593994e+00
3.837403953075408936e+00
4.389367401599884033e+00
4.157286465167999268e+00
3.790018022060394287e+00
4.329773545265197754e+00
4.236519694328308105e+00
3.759042739868164062e+00
4.263533473014831543e+00
4.326338946819305420e+00
3.798645198345184326e+00
4.190602004528045654e+00
4.385555207729339600e+00
3.814820408821105957e+00
4.060461997985839844e+00
4.439763605594635010e+00
3.873364686965942383e+00
3.992527365684509277e+00
4.485081076622009277e+00
3.951200366020202637e+00
3.946512043476104736e+00
4.494210958480834961e+00
4.007552444934844971e+00
3.890711903572082520e+00
4.496650576591491699e+00
4.121591269969940186e+00
3.854321897029876709e+00
4.467385292053222656e+00
4.206808865070343018e+00
3.783096492290496826e+00
4.386279046535491943e+00
4.303865730762481689e+00
3.818290948867797852e+00
4.272018492221832275e+00
4.359501779079437256e+00
3.785707771778106689e+00
4.195915222167968750e+00
4.376923978328704834e+00
3.827713251113891602e+00
4.092364549636840820e+00
4.440513074398040771e+00
3.917467594146728516e+00
4.024003028869628906e+00
4.463472902774810791e+00
3.943205952644348145e+00
3.964753150939941406e+00
4.450902163982391357e+00
4.006896734237670898e+00
3.867314457893371582e+00
4.403226912021636963e+00
4.072410702705383301e+00
3.812050759792327881e+00
4.421578943729400635e+00
4.233923256397247314e+00
3.810440659523010254e+00
4.381954312324523926e+00
4.272924065589904785e+00
3.794285595417022705e+00
4.271357238292694092e+00
4.379733741283416748e+00
3.800460577011108398e+00
4.178914427757263184e+00
4.380689442157745361e+00
3.842809915542602539e+00
4.078282594680786133e+00
4.433701157569885254e+00
3.863199174404144287e+00
4.025600433349609375e+00
4.474286258220672607e+00
3.926974236965179443e+00
3.904831290245056152e+00
4.432862341403961182e+00
3.984179675579071045e+00
3.843669652938842773e+00
4.437286078929901123e+00
4.073694467544555664e+00
3.820743978023529053e+00
4.387973070144653320e+00
4.202982187271118164e+00
3.818873643875122070e+00
4.355124294757843018e+00
4.287176609039306641e+00
3.785237967967987061e+00
4.286495804786682129e+00
4.348406553268432617e+00
3.771606743335723877e+00
4.180784285068511963e+00
4.428466439247131348e+00
3.834480762481689453e+00
4.154424726963043213e+00
4.495143949985504150e+00
3.871101021766662598e+00
4.019907951354980469e+00
4.471297740936279297e+00
3.963191568851470947e+00
3.925043284893035889e+00
4.494222283363342285e+00
4.034708559513092041e+00
3.874126970767974854e+00
4.438567876815795898e+00
4.097590863704681396e+00
3.797288954257965088e+00
4.397287011146545410e+00
4.184560656547546387e+00
3.794206559658050537e+00
4.348960161209106445e+00
4.306605279445648193e+00
3.805284261703491211e+00
4.292468845844268799e+00
4.359972655773162842e+00
3.814756333827972412e+00
4.174010396003723145e+00
4.422386705875396729e+00
3.808200418949127197e+00
4.089616239070892334e+00
4.437102615833282471e+00
3.884391188621520996e+00
3.968642592430114746e+00
4.490509092807769775e+00
3.985236585140228271e+00
3.954002439975738525e+00
4.466409742832183838e+00
4.020377159118652344e+00
3.882929384708404541e+00
4.440946578979492188e+00
4.095662355422973633e+00
3.813234150409698486e+00
4.371631979942321777e+00
4.194774448871612549e+00
3.803328692913055420e+00
4.330203473567962646e+00
4.246314108371734619e+00
3.773904740810394287e+00
4.236023485660552979e+00
4.342227995395660400e+00
3.801057994365692139e+00
4.153470456600189209e+00
4.391919493675231934e+00
3.815678596496582031e+00
4.086744368076324463e+00
4.452684819698333740e+00
3.895580530166625977e+00
4.041383564472198486e+00
4.449541807174682617e+00
3.911639571189880371e+00
3.918210804462432861e+00
4.485727310180664062e+00
4.010058939456939697e+00
3.879882156848907471e+00
4.436893641948699951e+00
4.105572521686553955e+00
3.801789283752441406e+00
4.416354238986968994e+00
4.194155216217041016e+00
3.798305749893188477e+00
4.318775355815887451e+00
4.262044191360473633e+00
3.776308774948120117e+00
4.261402666568756104e+00
4.323987364768981934e+00
3.754265308380126953e+00
4.189465522766113281e+00
4.418949842453002930e+00
3.823551356792449951e+00
4.091369509696960449e+00
4.436370849609375000e+00
3.849673449993133545e+00
