# {'thres': 0.053442025370895874}
3.648084402084350586e-02
1.598894596099853516e-02
2.318333089351654053e-02
7.032215595245361328e-03
2.618294954299926758e-02
1.686133444309234619e-02
3.852483630180358887e-02
2.869808673858642578e-02
9.055137634277343750e-04
2.133637666702270508e-03
1.416712999343872070e-02
3.166618943214416504e-02
1.551908999681472778e-02
1.455926895141601562e-02
5.848050117492675781e-03
5.008772015571594238e-03
4.440546035766601562e-05
1.633763313293457031e-04
2.320992015302181244e-02
2.797985076904296875e-02
3.945469856262207031e-03
5.618220567703247070e-02
1.550859212875366211e-02
2.238631248474121094e-03
2.005936950445175171e-02
2.620264887809753418e-02
1.019614934921264648e-02
2.807079255580902100e-02
3.907269239425659180e-02
5.759376287460327148e-02
7.788659632205963135e-02
2.651521563529968262e-02
2.156972885131835938e-03
1.044169068336486816e-02
1.088505983352661133e-02
7.755041122436523438e-03
1.143002510070800781e-02
1.985661685466766357e-02
4.306912422180175781e-03
4.279381036758422852e-02
4.481507837772369385e-02
3.508865833282470703e-03
2.223366498947143555e-02
8.339233696460723877e-03
7.144510746002197266e-03
1.415133476257324219e-03
3.613302856683731079e-02
1.439452171325683594e-03
7.713377475738525391e-03
2.352402359247207642e-02
3.973960876464843750e-03
2.475500106811523438e-03
1.950879395008087158e-02
8.427411317825317383e-03
3.523486852645874023e-02
4.672788083553314209e-02
3.222496807575225830e-02
2.982521057128906250e-02
2.872851490974426270e-02
1.092126965522766113e-02
2.632051706314086914e-02
3.162217140197753906e-02
1.256715506315231323e-02
9.044945240020751953e-03
6.806969642639160156e-02
1.433482766151428223e-02
1.411181688308715820e-02
1.441460847854614258e-02
5.226472765207290649e-02
7.858580350875854492e-02
1.105207204818725586e-02
1.889338344335556030e-02
1.507240533828735352e-02
2.247136831283569336e-02
3.799807280302047729e-02
1.494741439819335938e-02
1.011610031127929688e-03
2.400562167167663574e-02
3.128692507743835449e-02
1.011192798614501953e-02
3.217697143554687500e-02
4.641920328140258789e-03
4.073256254196166992e-02
1.492369174957275391e-02
1.652911305427551270e-03
4.268109798431396484e-03
2.051270008087158203e-02
1.087959110736846924e-02
1.140832901000976562e-03
2.830106019973754883e-02
2.579148858785629272e-02
6.163120269775390625e-05
2.663999795913696289e-02
2.194244414567947388e-02
1.097649335861206055e-02
6.142258644104003906e-03
5.368196591734886169e-02
2.203977108001708984e-02
2.626836299896240234e-03
3.977401554584503174e-02
3.392815589904785156e-03
2.286410331726074219e-02
9.890705347061157227e-03
2.870747447013854980e-02
3.221601247787475586e-02
1.346753537654876709e-02
3.320103883743286133e-02
3.991305828094482422e-03
3.189706802368164062e-02
2.851706743240356445e-02
8.269608020782470703e-03
4.263064265251159668e-02
2.765238285064697266e-03
2.898567914962768555e-02
1.220870018005371094e-02
6.295070052146911621e-03
3.605645895004272461e-02
1.674377918243408203e-02
1.942625641822814941e-02
1.807874441146850586e-02
7.316887378692626953e-03
7.609050720930099487e-03
4.912257194519042969e-02
1.393926143646240234e-02
1.248807460069656372e-02
5.883991718292236328e-03
3.250849246978759766e-02
7.308989763259887695e-03
2.682560682296752930e-02
1.619732379913330078e-02
9.968340396881103516e-03
3.188487887382507324e-02
2.182996273040771484e-02
1.021209359169006348e-02
9.975537657737731934e-03
8.700788021087646484e-03
5.463290214538574219e-02
4.420234262943267822e-02
7.281303405761718750e-03
3.727191686630249023e-02
4.144858568906784058e-03
1.345384120941162109e-02
7.011234760284423828e-03
1.849056780338287354e-02
5.670189857482910156e-04
4.969823360443115234e-02
1.045018434524536133e-04
5.820417404174804688e-02
2.763789892196655273e-02
1.287455111742019653e-02
1.469689607620239258e-02
1.286810636520385742e-02
2.470462024211883545e-02
1.660391688346862793e-02
1.228535175323486328e-02
1.012869179248809814e-02
3.491777181625366211e-02
1.254117488861083984e-02
3.172412514686584473e-02
2.480013668537139893e-02
2.405214309692382812e-02
1.682490110397338867e-03
2.003908157348632812e-04
3.897845745086669922e-03
2.119576930999755859e-02
6.836348865181207657e-02
7.990616559982299805e-02
8.529424667358398438e-03
2.514519542455673218e-02
3.177428245544433594e-02
1.412117481231689453e-02
3.625921905040740967e-03
7.904827594757080078e-03
1.628643274307250977e-02
8.457385003566741943e-03
2.983623743057250977e-02
9.172737598419189453e-03
2.199469506740570068e-02
2.989083528518676758e-03
4.446417093276977539e-02
2.502609789371490479e-02
3.004217147827148438e-02
3.641515970230102539e-02
1.401033997535705566e-02
1.186664402484893799e-02
1.614749431610107422e-03
1.474702358245849609e-02
4.525174945592880249e-02
5.226433277130126953e-03
1.605987548828125000e-03
1.245986670255661011e-02
3.588020801544189453e-03
3.002697229385375977e-02
6.413836032152175903e-03
2.442878484725952148e-02
3.371238708496093750e-02
7.888875901699066162e-03
7.132947444915771484e-02
6.565690040588378906e-03
9.420745074748992920e-03
1.651540398597717285e-02
3.443032503128051758e-02
3.307200968265533447e-02
3.901442885398864746e-02
8.802950382232666016e-03
5.859157443046569824e-02
3.023791313171386719e-02
4.548847675323486328e-03
1.077333092689514160e-02
3.263622522354125977e-03
6.781578063964843750e-03
9.929752349853515625e-02
5.708377808332443237e-02
1.838767528533935547e-02
4.495799541473388672e-03
3.467537090182304382e-02
1.602309942245483398e-02
1.055657863616943359e-02
4.996593296527862549e-02
1.752257347106933594e-02
2.237945795059204102e-02
4.220315814018249512e-02
4.278415441513061523e-02
6.159073114395141602e-02
2.350581064820289612e-02
3.617292642593383789e-02
4.525560140609741211e-02
3.468292206525802612e-02
5.451679229736328125e-03
1.121503114700317383e-02
7.829189300537109375e-03
3.996506333351135254e-02
8.233845233917236328e-03
1.300841569900512695e-03
2.694725990295410156e-02
1.916617155075073242e-02
3.498786687850952148e-02
7.158219814300537109e-04
3.371715545654296875e-02
2.598291635513305664e-02
3.721526078879833221e-02
2.705097198486328125e-03
1.702058315277099609e-02
1.405851915478706360e-02
3.303289413452148438e-03
1.321923732757568359e-02
1.155619695782661438e-02
1.522529125213623047e-02
2.881020307540893555e-02
1.830355077981948853e-02
2.349501848220825195e-02
9.706258773803710938e-03
2.329862117767333984e-02
5.098569393157958984e-02
3.027498722076416016e-03
4.090146720409393311e-02
2.894163131713867188e-03
2.325463294982910156e-02
6.149291992187500000e-03
1.994897425174713135e-02
3.106635808944702148e-02
1.900276541709899902e-02
6.758115068078041077e-02
5.424016714096069336e-02
6.875056028366088867e-02
3.964423201978206635e-02
6.501531600952148438e-02
4.517871141433715820e-02
2.576313167810440063e-02
1.715713739395141602e-02
2.025419473648071289e-02
9.133212268352508545e-03
1.320546865463256836e-02
5.009353160858154297e-03
1.279620826244354248e-02
1.278838515281677246e-02
3.806352615356445312e-03
6.610780954360961914e-03
4.239785671234130859e-02
3.474700450897216797e-02
2.224272489547729492e-02
1.489263772964477539e-02
3.851652145385742188e-03
2.498364448547363281e-02
2.084249258041381836e-02
6.945073604583740234e-03
2.502387762069702148e-02
2.011471986770629883e-02
1.504564285278320312e-02
3.404051065444946289e-02
1.905781775712966919e-02
5.975186824798583984e-03
3.445309400558471680e-02
1.447819173336029053e-03
1.433515548706054688e-02
2.902388572692871094e-03
7.269859313964843750e-03
3.240281343460083008e-02
1.235443353652954102e-02
3.296482563018798828e-02
5.578875541687011719e-03
2.711546421051025391e-02
2.761566638946533203e-02
1.731076836585998535e-02
7.182180881500244141e-03
3.285358846187591553e-02
6.381893157958984375e-02
2.369195222854614258e-02
1.302307844161987305e-02
3.093199431896209717e-02
2.073770761489868164e-02
2.405858039855957031e-02
4.023417830467224121e-03
1.001709699630737305e-02
1.260495185852050781e-02
1.434999704360961914e-02
5.583089590072631836e-02
9.244865179061889648e-02
2.116065472364425659e-02
2.619457244873046875e-02
1.276195049285888672e-03
1.193965971469879150e-02
3.014642000198364258e-02
5.009555816650390625e-02
5.109746009111404419e-02
3.482326865196228027e-02
1.286721229553222656e-02
1.516154408454895020e-02
1.000767946243286133e-02
8.698701858520507812e-03
3.234684467315673828e-02
1.508903503417968750e-02
6.127953529357910156e-04
2.827045321464538574e-02
2.294883131980895996e-03
3.784501552581787109e-02
2.157831192016601562e-02
1.170526444911956787e-02
1.674354076385498047e-03
2.146154642105102539e-02
1.907177269458770752e-03
6.509363651275634766e-03
1.026475429534912109e-02
5.273219384253025055e-02
2.834779024124145508e-02
1.261675357818603516e-02
4.639934748411178589e-03
1.511985063552856445e-02
1.712995767593383789e-02
3.472831845283508301e-02
3.836029767990112305e-02
4.642331600189208984e-02
1.261733472347259521e-02
3.034201264381408691e-02
3.868973255157470703e-02
1.697951555252075195e-02
4.292637109756469727e-03
2.365362644195556641e-02
2.283161878585815430e-02
8.438214659690856934e-03
1.378166675567626953e-02
3.465345501899719238e-02
1.559376716613769531e-03
2.062004804611206055e-02
1.081162691116333008e-02
3.333838284015655518e-02
3.816032409667968750e-02
7.190108299255371094e-03
6.085336208343505859e-04
4.385101795196533203e-02
7.199645042419433594e-02
9.078256785869598389e-03
3.341829776763916016e-02
3.593784570693969727e-02
8.822350949048995972e-02
1.102942228317260742e-02
4.846811294555664062e-03
1.798720657825469971e-02
1.508185267448425293e-02
1.680386066436767578e-02
1.002551615238189697e-02
1.990646123886108398e-03
1.603472232818603516e-02
2.751934528350830078e-02
4.646342992782592773e-02
2.049726247787475586e-02
5.788794159889221191e-02
2.899290621280670166e-02
3.145158290863037109e-03
8.203089237213134766e-03
5.666688084602355957e-02
3.830474615097045898e-02
2.547907829284667969e-02
2.296756953001022339e-02
1.610589027404785156e-02
3.254687786102294922e-02
1.105329394340515137e-02
9.281873703002929688e-03
4.215365648269653320e-02
1.598664373159408569e-02
1.890069246292114258e-02
1.610219478607177734e-03
2.438813447952270508e-02
2.345642447471618652e-02
8.234381675720214844e-03
3.953750431537628174e-02
2.455180883407592773e-02
5.111515522003173828e-02
6.331491470336914062e-02
1.681165397167205811e-02
4.128837585449218750e-02
4.851099848747253418e-02
2.331301569938659668e-03
3.064167499542236328e-02
2.965629100799560547e-02
5.514439009130001068e-02
3.100317716598510742e-02
4.522842168807983398e-02
3.694410249590873718e-02
1.353502273559570312e-02
9.709358215332031250e-03
2.842085063457489014e-02
3.062725067138671875e-02
8.199632167816162109e-03
1.226413995027542114e-02
5.159527063369750977e-02
1.209479570388793945e-02
2.060194313526153564e-02
4.651385545730590820e-02
3.374826908111572266e-02
2.622713148593902588e-02
1.489478349685668945e-02
4.086196422576904297e-03
1.581734418869018555e-02
1.689612865447998047e-02
1.327073574066162109e-02
1.477855443954467773e-02
2.589562535285949707e-02
9.129867479205131531e-01
1.286188781261444092e+00
8.505921065807342529e-01
1.018826633691787720e+00
9.850259423255920410e-01
9.565814882516860962e-01
9.493331313133239746e-01
9.086391478776931763e-01
9.884884655475616455e-01
8.934733569622039795e-01
9.258061796426773071e-01
1.005968779325485229e+00
2.521617412567138672e-01
8.853428363800048828e-01
1.408618852496147156e+00
1.180798098444938660e+00
8.266185522079467773e-01
8.816201686859130859e-01
1.080466613173484802e+00
8.426384329795837402e-01
8.323215246200561523e-01
9.592688083648681641e-01
8.398358821868896484e-01
9.274458885192871094e-01
6.891911029815673828e-01
3.751990720629692078e-01
1.357140183448791504e+00
1.445270985364913940e+00
9.975467622280120850e-01
8.838086128234863281e-01
1.150686874985694885e+00
1.049655616283416748e+00
8.650999814271926880e-01
1.026164382696151733e+00
9.591407477855682373e-01
9.301028400659561157e-01
1.007005602121353149e+00
2.774293422698974609e-01
8.735387921333312988e-01
1.410855665802955627e+00
1.174871101975440979e+00
8.194812536239624023e-01
8.817906975746154785e-01
1.080958768725395203e+00
8.392674326896667480e-01
8.308379650115966797e-01
9.602108597755432129e-01
8.389480710029602051e-01
9.259634017944335938e-01
6.893709301948547363e-01
3.750615641474723816e-01
1.357894182205200195e+00
1.445573657751083374e+00
9.974412620067596436e-01
8.840492367744445801e-01
1.150963798165321350e+00
1.049694418907165527e+00
8.651488572359085083e-01
1.026304334402084351e+00
9.592120945453643799e-01
9.301216155290603638e-01
1.007053762674331665e+00
2.774783968925476074e-01
8.735235333442687988e-01
1.410847231745719910e+00
1.174849130213260651e+00
8.194622397422790527e-01
8.817901015281677246e-01
1.080957233905792236e+00
8.392572999000549316e-01
8.308338522911071777e-01
9.602123498916625977e-01
8.389446735382080078e-01
9.259591102600097656e-01
6.893711090087890625e-01
3.750617429614067078e-01
1.357896804809570312e+00
1.445574730634689331e+00
9.974411427974700928e-01
8.840501904487609863e-01
1.150964990258216858e+00
1.049694657325744629e+00
8.651491552591323853e-01
1.026304811239242554e+00
9.592125713825225830e-01
9.301217943429946899e-01
1.007053941488265991e+00
2.774785757064819336e-01
8.735234737396240234e-01
1.410847127437591553e+00
1.174849018454551697e+00
8.194621205329895020e-01
8.817901015281677246e-01
1.080957338213920593e+00
8.392571806907653809e-01
8.308337330818176270e-01
9.602124094963073730e-01
8.389446735382080078e-01
9.259591102600097656e-01
6.893711090087890625e-01
5.183609724044799805e-01
7.935190200805664062e-02
6.204447224736213684e-01
2.956247329711914062e-02
1.399211883544921875e-01
1.746581904590129852e-01
1.694179177284240723e-01
5.643314123153686523e-02
6.317206472158432007e-02
6.880015134811401367e-02
5.860483646392822266e-02
3.935625404119491577e-02
4.948329925537109375e-02
5.294221639633178711e-02
5.418971180915832520e-03
2.013662457466125488e-02
1.841485500335693359e-02
1.182705163955688477e-03
2.090367674827575684e-02
1.547157764434814453e-02
1.213538646697998047e-02
3.886654973030090332e-03
1.002681255340576172e-02
3.191491961479187012e-02
4.755795001983642578e-03
1.678389310836791992e-02
2.020633220672607422e-02
3.914512693881988525e-03
4.773378372192382812e-03
3.673374652862548828e-02
4.310445673763751984e-02
6.429910659790039062e-02
1.337653398513793945e-02
5.176714062690734863e-02
6.181198358535766602e-02
3.774762153625488281e-04
1.765867322683334351e-02
2.909752726554870605e-02
4.634439945220947266e-03
4.778333008289337158e-02
5.078291893005371094e-02
8.376717567443847656e-03
2.564880251884460449e-02
2.823451161384582520e-02
8.046627044677734375e-04
4.330098628997802734e-02
1.129238307476043701e-02
2.496558427810668945e-02
2.021199464797973633e-02
2.200229465961456299e-02
2.664834260940551758e-02
7.890045642852783203e-03
1.654028892517089844e-02
3.231763839721679688e-04
2.117019891738891602e-02
8.623689413070678711e-02
4.722386598587036133e-02
3.159809112548828125e-02
9.609654545783996582e-03
1.228535175323486328e-02
2.730065584182739258e-02
2.991877496242523193e-03
2.355420589447021484e-02
1.581668853759765625e-03
4.614359140396118164e-02
2.880498766899108887e-02
1.510572433471679688e-02
2.780292928218841553e-02
1.293167471885681152e-02
3.991496562957763672e-02
7.031589746475219727e-03
8.856773376464843750e-03
2.128112316131591797e-02
2.657371759414672852e-02
3.023762255907058716e-02
2.411419153213500977e-02
1.225894689559936523e-02
4.289358109235763550e-02
3.635698556900024414e-02
3.399342298507690430e-02
5.261048302054405212e-02
1.846313476562500000e-03
6.451839208602905273e-02
2.549183368682861328e-02
4.425430297851562500e-02
8.304953575134277344e-03
2.910660207271575928e-02
3.096735477447509766e-02
1.257902383804321289e-02
1.516589522361755371e-02
2.784371376037597656e-03
2.526164054870605469e-02
1.574638485908508301e-02
1.531618833541870117e-02
2.087211608886718750e-02
1.112431287765502930e-03
6.715938448905944824e-03
4.102826118469238281e-03
2.921730279922485352e-03
4.240259528160095215e-03
4.117351770401000977e-02
2.406436204910278320e-02
1.405093073844909668e-02
2.761012315750122070e-02
2.749651670455932617e-02
5.981773138046264648e-03
3.272294998168945312e-04
1.316809654235839844e-02
3.352371603250503540e-02
2.906435728073120117e-02
1.525288820266723633e-02
7.070764899253845215e-03
1.042664051055908203e-02
3.850060701370239258e-02
1.191282272338867188e-02
1.931631565093994141e-02
5.090820789337158203e-02
1.218345761299133301e-02
1.270481944084167480e-02
2.770853042602539062e-02
2.054676413536071777e-02
3.365662693977355957e-02
1.832246780395507812e-03
4.540646076202392578e-02
1.161614805459976196e-02
1.387000083923339844e-03
3.875017166137695312e-02
3.060706704854965210e-02
2.581560611724853516e-02
2.769923210144042969e-02
5.271317623555660248e-02
1.322507858276367188e-02
2.971553802490234375e-02
2.550913020968437195e-02
7.480680942535400391e-03
1.130551099777221680e-02
2.219128608703613281e-02
4.002478718757629395e-02
3.559947013854980469e-03
2.513834834098815918e-02
1.514428853988647461e-02
2.342766523361206055e-02
3.400063514709472656e-02
1.032808423042297363e-02
2.046358585357666016e-02
3.689488768577575684e-02
1.231551170349121094e-03
2.722841501235961914e-02
2.124512195587158203e-02
8.785441517829895020e-03
5.892384052276611328e-02
1.326853036880493164e-02
1.348498836159706116e-02
3.539556264877319336e-02
3.532296419143676758e-02
2.915915474295616150e-02
2.837061882019042969e-02
4.198473691940307617e-02
3.799184225499629974e-02
3.897339105606079102e-02
1.634210348129272461e-02
1.433616131544113159e-02
1.234295964241027832e-02
2.380883693695068359e-02
4.779176414012908936e-02
5.491781234741210938e-02
2.756446599960327148e-02
2.708700299263000488e-02
1.962640881538391113e-02
5.446910858154296875e-03
1.255065202713012695e-03
2.268739044666290283e-02
2.158027887344360352e-02
2.310571074485778809e-02
2.630692720413208008e-02
1.120120286941528320e-02
1.898741722106933594e-02
7.356490939855575562e-03
2.317738533020019531e-02
1.381981372833251953e-02
3.731880709528923035e-02
8.964955806732177734e-03
1.086318492889404297e-02
6.430655717849731445e-03
4.797518253326416016e-03
4.362761974334716797e-03
1.756454259157180786e-02
5.089610815048217773e-03
3.326833248138427734e-02
3.196278214454650879e-02
4.938960075378417969e-03
6.764173507690429688e-03
2.405484020709991455e-02
1.879811286926269531e-02
1.984149217605590820e-02
2.299636602401733398e-02
1.001924276351928711e-03
5.267918109893798828e-03
1.939946413040161133e-02
3.662852942943572998e-02
5.179679393768310547e-02
3.253936767578125000e-02
1.389941573143005371e-02
2.152997255325317383e-02
3.868663311004638672e-02
3.269696235656738281e-02
4.279881715774536133e-02
1.488268375396728516e-02
1.024084538221359253e-02
4.055857658386230469e-03
2.607864141464233398e-02
2.784359455108642578e-02
2.386152744293212891e-03
4.082322120666503906e-04
2.087901532649993896e-02
1.018404960632324219e-03
5.294382572174072266e-03
1.679445803165435791e-02
2.428235113620758057e-02
7.859110832214355469e-03
5.008485913276672363e-02
1.631523668766021729e-02
1.980745792388916016e-02
1.603671908378601074e-02
4.282526671886444092e-03
2.112388610839843750e-03
4.815936088562011719e-03
4.222109913825988770e-03
4.444265365600585938e-02
1.840573549270629883e-02
2.461351454257965088e-03
1.249611377716064453e-02
8.636891841888427734e-03
1.690318807959556580e-02
6.530702114105224609e-03
4.697316884994506836e-02
6.203865632414817810e-02
3.418621420860290527e-02
1.762980222702026367e-02
5.024716258049011230e-03
4.489824175834655762e-02
2.600038051605224609e-02
4.219874739646911621e-03
4.736393690109252930e-03
2.765417098999023438e-02
7.850736379623413086e-03
2.613718807697296143e-02
2.324968576431274414e-02
8.802652359008789062e-03
1.530554890632629395e-02
1.675379276275634766e-02
8.765995502471923828e-03
1.882596686482429504e-02
2.029109001159667969e-02
1.722574234008789062e-02
1.435639709234237671e-02
4.177635908126831055e-02
5.696952342987060547e-03
8.329767733812332153e-03
9.147596359252929688e-02
5.377399921417236328e-02
4.414356499910354614e-02
8.328258991241455078e-03
1.055008172988891602e-02
2.003689110279083252e-02
5.917477607727050781e-02
3.661137819290161133e-02
5.097076296806335449e-03
5.557057261466979980e-02
3.219646215438842773e-02
5.063346028327941895e-02
5.012989044189453125e-03
3.399968147277832031e-03
3.880694508552551270e-02
2.034641802310943604e-03
2.958714962005615234e-03
3.776377439498901367e-02
2.391219884157180786e-02
4.654073715209960938e-02
1.940017938613891602e-02
2.161007374525070190e-03
5.783736705780029297e-03
4.048502445220947266e-02
2.613966539502143860e-02
1.654076576232910156e-02
3.709471225738525391e-02
4.378393292427062988e-03
3.657996654510498047e-02
7.188677787780761719e-03
9.291812777519226074e-03
4.177862405776977539e-02
4.825413227081298828e-03
3.447607159614562988e-03
3.699898719787597656e-03
3.077000379562377930e-02
1.049533486366271973e-02
1.104116439819335938e-03
5.464553833007812500e-03
7.514625787734985352e-03
3.691755235195159912e-02
4.087686538696289062e-04
8.300483226776123047e-03
4.635298438370227814e-02
2.065712213516235352e-02
1.060205698013305664e-02
6.089203059673309326e-03
1.155608892440795898e-02
4.937589168548583984e-03
4.327356815338134766e-03
1.315432786941528320e-02
1.791346073150634766e-02
3.168565034866333008e-02
1.414373517036437988e-02
3.114283084869384766e-03
3.459349274635314941e-02
3.335613012313842773e-02
3.129512071609497070e-02
1.520811021327972412e-02
3.303647041320800781e-03
7.192194461822509766e-03
3.282436728477478027e-02
1.068043708801269531e-02
1.119595766067504883e-02
9.938150644302368164e-03
4.978410899639129639e-03
1.196837425231933594e-02
1.527327299118041992e-02
2.590570226311683655e-02
1.143157482147216797e-02
1.646733283996582031e-02
3.811051230877637863e-02
9.127676486968994141e-03
2.942484617233276367e-02
4.899413138628005981e-02
1.770615577697753906e-03
3.029882907867431641e-03
4.277280718088150024e-02
1.815950870513916016e-02
1.442480087280273438e-02
3.151442110538482666e-02
4.808291792869567871e-02
2.545803785324096680e-02
6.023064255714416504e-03
6.661534309387207031e-03
4.911839962005615234e-03
9.821563959121704102e-03
1.024688780307769775e-02
2.135115861892700195e-02
3.686857223510742188e-02
8.787192404270172119e-03
1.422882080078125000e-03
1.313298940658569336e-02
9.341772645711898804e-03
6.347417831420898438e-03
6.507396697998046875e-03
9.874708950519561768e-03
2.154755592346191406e-02
2.276057004928588867e-02
4.481206461787223816e-02
7.696747779846191406e-03
1.611763238906860352e-02
5.099542438983917236e-03
3.234553337097167969e-02
1.260417699813842773e-02
6.378099322319030762e-03
1.618286967277526855e-02
1.100683212280273438e-02
4.249088466167449951e-02
5.031853914260864258e-02
2.451115846633911133e-02
2.885699272155761719e-02
1.793804764747619629e-02
2.139395475387573242e-02
1.949384808540344238e-02
1.186716556549072266e-02
2.827167510986328125e-03
3.747189044952392578e-02
3.695705533027648926e-02
9.186983108520507812e-03
3.424048423767089844e-02
2.681016921997070312e-03
3.799319267272949219e-03
3.662574291229248047e-02
3.340185433626174927e-02
1.344239711761474609e-02
2.350747585296630859e-03
6.414242088794708252e-03
4.925680160522460938e-02
2.420717477798461914e-02
1.409620046615600586e-02
5.781143903732299805e-03
3.927046060562133789e-02
3.483660519123077393e-02
2.866923809051513672e-02
1.322549581527709961e-02
2.859625220298767090e-02
4.969291388988494873e-02
2.438879013061523438e-02
1.154047250747680664e-02
1.301148533821105957e-02
1.736396551132202148e-02
4.410862922668457031e-03
1.287775486707687378e-02
5.516767501831054688e-03
1.482546329498291016e-03
3.512861579656600952e-02
3.995639085769653320e-02
4.022365808486938477e-02
3.974873200058937073e-02
6.159722805023193359e-03
4.503387212753295898e-02
1.803085207939147949e-03
5.299925804138183594e-03
5.499660968780517578e-03
2.198691666126251221e-02
8.719837665557861328e-02
7.791697978973388672e-03
2.943743765354156494e-02
3.399020433425903320e-02
7.736504077911376953e-03
4.136890172958374023e-02
2.130828797817230225e-02
1.272290945053100586e-02
2.321398258209228516e-02
1.932916045188903809e-02
6.034672260284423828e-03
6.908774375915527344e-04
2.221620827913284302e-02
2.012097835540771484e-02
6.853044033050537109e-03
5.914299190044403076e-02
2.194982767105102539e-02
2.192276716232299805e-02
2.484576404094696045e-02
1.557523012161254883e-02
2.357661724090576172e-02
5.231663584709167480e-03
2.380385994911193848e-02
1.209461688995361328e-02
1.617741584777832031e-02
1.185891032218933105e-02
8.030414581298828125e-03
3.242644667625427246e-02
5.292773246765136719e-03
5.638659000396728516e-03
1.243022084236145020e-02
2.415658533573150635e-02
5.467134714126586914e-02
2.086657285690307617e-02
1.796296238899230957e-02
5.910897254943847656e-02
3.723734617233276367e-02
3.702085837721824646e-02
1.356738805770874023e-02
1.789647340774536133e-02
2.872289717197418213e-02
4.707932472229003906e-03
3.201830387115478516e-02
2.453004755079746246e-02
2.889704704284667969e-02
4.273176193237304688e-02
3.850661218166351318e-03
1.462268829345703125e-02
2.680349349975585938e-02
1.844469457864761353e-02
8.709937334060668945e-03
1.803690195083618164e-02
3.487451374530792236e-02
3.844764828681945801e-02
3.174066543579101562e-02
3.167778253555297852e-02
3.403057157993316650e-02
4.228156805038452148e-02
4.401490092277526855e-02
3.575427085161209106e-02
2.078413963317871094e-03
3.909701108932495117e-02
1.516629755496978760e-02
1.496744155883789062e-02
2.358162403106689453e-02
2.184642478823661804e-02
1.169925928115844727e-02
1.554864645004272461e-02
9.914115071296691895e-05
2.316105365753173828e-02
3.742325305938720703e-02
4.422762989997863770e-02
3.673827648162841797e-02
2.938765287399291992e-02
4.613561183214187622e-02
2.787265181541442871e-02
1.854014396667480469e-02
2.819536626338958740e-02
2.061209082603454590e-02
2.427178621292114258e-02
1.930239796638488770e-02
9.080216288566589355e-03
9.948015213012695312e-04
2.436307072639465332e-02
1.378497481346130371e-02
1.272821426391601562e-02
5.563914775848388672e-03
1.068086922168731689e-02
3.645998239517211914e-02
9.543776512145996094e-03
4.152350127696990967e-03
4.596287012100219727e-02
2.393722534179687500e-02
1.294513791799545288e-02
5.594491958618164062e-04
1.734375953674316406e-02
1.382470875978469849e-02
2.982217073440551758e-02
2.850949764251708984e-03
1.481622457504272461e-04
4.580169916152954102e-03
4.098057746887207031e-02
1.128382980823516846e-02
2.182286977767944336e-02
4.294919967651367188e-02
7.817983627319335938e-03
4.669386148452758789e-02
1.918387413024902344e-02
3.226399421691894531e-03
1.657813787460327148e-03
4.025650024414062500e-02
5.215060710906982422e-02
1.305477507412433624e-02
4.072833061218261719e-02
2.342760562896728516e-02
1.586863212287425995e-02
2.774226665496826172e-02
1.520258188247680664e-02
1.298102363944053650e-02
3.200912475585937500e-02
1.136308908462524414e-02
1.770157366991043091e-02
6.769388914108276367e-03
2.361601591110229492e-02
2.264559268951416016e-03
6.915211677551269531e-03
7.318675518035888672e-03
1.723706722259521484e-03
1.294460892677307129e-02
3.746348619461059570e-02
1.496377587318420410e-02
8.069112896919250488e-03
1.603353023529052734e-02
1.461160182952880859e-02
3.794546425342559814e-02
9.706020355224609375e-03
2.922832965850830078e-03
4.561307653784751892e-02
2.222537994384765625e-02
1.469248533248901367e-02
3.392357379198074341e-03
4.294812679290771484e-03
2.396577596664428711e-02
3.517493233084678650e-02
2.908402681350708008e-02
2.354043722152709961e-02
2.991405129432678223e-02
1.575845479965209961e-02
3.330701589584350586e-02
4.027351737022399902e-03
4.830291867256164551e-02
9.304404258728027344e-03
1.660312712192535400e-02
5.416405200958251953e-02
4.473370313644409180e-02
2.187287807464599609e-02
7.088603079319000244e-02
4.470551013946533203e-02
4.280567169189453125e-02
7.303789258003234863e-03
1.687705516815185547e-02
3.876745700836181641e-03
8.934535086154937744e-03
2.505117654800415039e-02
1.459956169128417969e-02
3.565430641174316406e-02
4.469019174575805664e-02
3.449797630310058594e-03
2.694261819124221802e-02
1.480096578598022461e-02
3.279280662536621094e-02
1.738861203193664551e-02
1.309224963188171387e-02
4.308682680130004883e-02
6.631544232368469238e-02
6.304576992988586426e-02
6.812810897827148438e-04
5.503655970096588135e-02
1.862964034080505371e-02
3.913283348083496094e-02
2.113610506057739258e-02
4.676297307014465332e-03
2.197861671447753906e-03
1.815530657768249512e-02
3.632788360118865967e-02
1.197469234466552734e-02
4.058605432510375977e-02
1.559812203049659729e-02
6.080865859985351562e-03
4.335397481918334961e-02
1.051544863730669022e-02
1.937448978424072266e-02
9.359955787658691406e-03
1.023866981267929077e-02
2.921664714813232422e-02
6.040930747985839844e-04
2.817638218402862549e-03
2.931270003318786621e-02
2.988398075103759766e-03
2.355664968490600586e-03
5.517873167991638184e-02
1.816707849502563477e-02
3.094626963138580322e-02
6.943851709365844727e-03
4.821538925170898438e-03
4.224911332130432129e-02
3.200723230838775635e-02
2.586013078689575195e-02
1.285275816917419434e-02
4.813525080680847168e-02
4.218500852584838867e-02
3.515881299972534180e-02
6.009571254253387451e-03
4.103571176528930664e-02
2.264380455017089844e-02
5.716860294342041016e-03
4.110252857208251953e-02
3.797692060470581055e-02
1.212190091609954834e-02
3.674405813217163086e-02
2.461695671081542969e-02
1.912752538919448853e-02
2.798715233802795410e-02
2.709901332855224609e-02
1.176500320434570312e-02
4.139035940170288086e-03
3.196895122528076172e-03
1.947140693664550781e-02
3.254123032093048096e-02
3.777450323104858398e-02
9.437918663024902344e-03
7.437855005264282227e-03
2.160751819610595703e-02
8.472698926925659180e-02
2.635210752487182617e-02
1.436924934387207031e-02
7.784485816955566406e-03
1.444505900144577026e-02
2.874493598937988281e-03
1.340228319168090820e-02
2.452039159834384918e-02
3.221273422241210938e-03
1.680672168731689453e-02
1.640498638153076172e-02
2.881819009780883789e-02
3.302150964736938477e-02
1.703173667192459106e-02
1.042595505714416504e-02
2.618128061294555664e-02
1.183429360389709473e-02
2.979660034179687500e-02
5.971699953079223633e-02
6.098398566246032715e-02
5.473229289054870605e-02
3.718554973602294922e-03
1.295620203018188477e-02
2.087049186229705811e-02
1.227390766143798828e-02
2.965828776359558105e-02
2.056020498275756836e-02
7.644832134246826172e-03
1.418346166610717773e-02
2.592701837420463562e-02
3.469771146774291992e-02
4.759073257446289062e-03
1.077358797192573547e-02
5.226367712020874023e-02
2.843821048736572266e-02
3.326489031314849854e-02
5.742907524108886719e-03
3.530502319335937500e-03
2.760304510593414307e-02
4.376691579818725586e-02
4.281556606292724609e-02
1.176877319812774658e-02
4.113453626632690430e-02
5.637931823730468750e-02
1.458837091922760010e-02
1.309168338775634766e-02
5.565381050109863281e-02
1.106187701225280762e-02
1.572032272815704346e-02
4.746139049530029297e-03
1.290059089660644531e-02
2.469222992658615112e-02
4.061758518218994141e-03
1.944690942764282227e-02
7.708430290222167969e-03
3.152018785476684570e-02
1.412427425384521484e-02
3.769063483923673630e-02
2.195197343826293945e-02
7.580518722534179688e-04
5.895990133285522461e-02
3.412365913391113281e-04
6.421744823455810547e-03
3.740310668945312500e-03
1.391175389289855957e-02
3.960967063903808594e-03
6.880234926939010620e-02
3.648284077644348145e-02
2.163094282150268555e-02
9.969174861907958984e-04
1.275843381881713867e-02
2.645349502563476562e-02
1.001933217048645020e-02
8.880198001861572266e-04
1.000350713729858398e-02
9.844303131103515625e-03
1.595824956893920898e-03
6.113773584365844727e-02
5.900269746780395508e-02
6.054967828094959259e-02
1.304203271865844727e-02
1.523441076278686523e-02
2.226213365793228149e-02
1.632374525070190430e-02
1.320219039916992188e-02
1.090079545974731445e-03
3.435897827148437500e-02
2.809166908264160156e-03
2.697552740573883057e-02
2.559319138526916504e-02
1.100558042526245117e-02
2.409259974956512451e-02
2.012750506401062012e-02
1.922595500946044922e-02
5.668917298316955566e-02
1.256763935089111328e-02
1.457762718200683594e-02
4.193305969238281250e-03
2.323344349861145020e-03
1.671928167343139648e-02
6.019920110702514648e-03
1.038716733455657959e-02
3.940820693969726562e-03
3.135144710540771484e-03
1.281109452247619629e-02
3.626692295074462891e-02
2.414625883102416992e-02
2.481129020452499390e-02
7.445514202117919922e-03
2.299964427947998047e-03
3.276678360998630524e-02
2.231818437576293945e-02
5.424022674560546875e-05
5.590759217739105225e-03
3.082340955734252930e-02
1.150321960449218750e-02
4.130484163761138916e-02
2.894645929336547852e-02
1.474642753601074219e-02
1.854409277439117432e-02
1.286774873733520508e-03
2.159965038299560547e-02
6.350189447402954102e-03
4.513859748840332031e-04
2.187550067901611328e-03
4.430419206619262695e-02
1.027370244264602661e-02
1.122969388961791992e-02
1.874673366546630859e-02
1.114001125097274780e-02
4.857474565505981445e-02
1.983183622360229492e-02
3.238928131759166718e-02
6.528455018997192383e-02
1.233643293380737305e-02
2.574374526739120483e-02
4.766821861267089844e-03
1.035934686660766602e-02
6.188035011291503906e-03
3.094828128814697266e-02
1.670277118682861328e-02
2.960433065891265869e-02
9.136021137237548828e-03
1.614862680435180664e-02
1.926194131374359131e-02
3.108844161033630371e-02
2.955257892608642578e-03
6.209999322891235352e-03
4.946751892566680908e-02
1.414972543716430664e-02
9.039878845214843750e-03
9.056299924850463867e-03
1.284360885620117188e-02
1.753968000411987305e-02
1.166213303804397583e-02
8.363842964172363281e-03
1.632881164550781250e-02
1.692704856395721436e-03
1.119196414947509766e-02
5.476880073547363281e-02
5.576675385236740112e-02
4.982960224151611328e-02
2.943754196166992188e-03
1.568321138620376587e-02
2.882212400436401367e-02
1.919567584991455078e-03
2.587895095348358154e-02
9.931147098541259766e-03
2.662414312362670898e-02
5.460029840469360352e-02
1.046782732009887695e-02
3.537482023239135742e-02
1.989793777465820312e-02
1.199036836624145508e-03
5.357563495635986328e-03
3.521096706390380859e-02
9.160220623016357422e-03
2.069318294525146484e-02
2.337962388992309570e-02
4.330478608608245850e-03
1.725035905838012695e-02
5.689144134521484375e-03
2.243134379386901855e-02
5.768436193466186523e-02
3.323119878768920898e-02
2.569326385855674744e-02
1.823025941848754883e-02
3.614503145217895508e-02
3.452569618821144104e-02
2.337580919265747070e-02
1.497340202331542969e-02
3.744120895862579346e-02
2.695322036743164062e-04
3.075176477432250977e-02
1.448896527290344238e-02
7.998973131179809570e-03
9.418666362762451172e-03
4.211932420730590820e-03
6.314948201179504395e-03
2.716767787933349609e-02
2.299201488494873047e-02
2.376571297645568848e-03
4.021590948104858398e-02
4.735469818115234375e-03
1.310849189758300781e-02
9.496092796325683594e-03
2.797079086303710938e-02
1.757709868252277374e-02
1.689684391021728516e-02
6.942152976989746094e-04
4.308336973190307617e-02
3.754949569702148438e-02
5.725085735321044922e-03
1.330837607383728027e-03
1.978448033332824707e-02
7.224977016448974609e-03
1.268403232097625732e-02
5.844175815582275391e-03
2.345603704452514648e-02
5.836628377437591553e-02
1.050591468811035156e-02
1.303964853286743164e-02
1.271468400955200195e-02
4.713839292526245117e-02
2.811348438262939453e-02
2.509999275207519531e-02
5.084373056888580322e-03
1.018118858337402344e-02
2.884984016418457031e-02
3.389028087258338928e-02
2.374732494354248047e-02
2.225762605667114258e-02
3.627875447273254395e-02
3.641134500503540039e-02
3.161013126373291016e-03
3.740710020065307617e-02
5.464786291122436523e-02
3.526210784912109375e-04
3.860092163085937500e-02
3.475725650787353516e-03
1.316761970520019531e-02
4.112608730792999268e-02
5.004316568374633789e-03
2.159267663955688477e-02
2.245552837848663330e-02
1.039555668830871582e-02
7.617473602294921875e-04
2.145826816558837891e-03
8.394569158554077148e-04
1.381534337997436523e-02
1.171305775642395020e-02
1.113741099834442139e-02
4.228299856185913086e-02
5.115818977355957031e-02
5.992338806390762329e-02
5.058819055557250977e-02
1.565158367156982422e-02
5.574502656236290932e-02
1.346790790557861328e-02
1.481711864471435547e-02
2.055983245372772217e-02
1.799213886260986328e-02
5.006968975067138672e-03
3.126267343759536743e-02
2.947854995727539062e-02
8.318543434143066406e-03
9.187877178192138672e-03
1.042208075523376465e-02
2.167534828186035156e-02
5.400761961936950684e-03
3.244200348854064941e-02
4.835188388824462891e-02
3.450453281402587891e-02
1.475201547145843506e-02
5.707800388336181641e-03
2.333799004554748535e-02
3.524583578109741211e-02
3.468132019042968750e-02
2.682566642761230469e-03
2.785129845142364502e-02
3.223359584808349609e-03
2.716112136840820312e-02
1.754869148135185242e-02
6.314539909362792969e-02
2.827835083007812500e-02
1.904023811221122742e-02
4.081541299819946289e-02
2.900600433349609375e-03
2.617081999778747559e-02
3.416240215301513672e-02
1.462000608444213867e-02
1.567929983139038086e-02
6.138861179351806641e-03
2.894163131713867188e-03
4.007846117019653320e-02
4.702541232109069824e-02
1.397955417633056641e-02
4.459509253501892090e-02
1.527200639247894287e-02
4.361391067504882812e-02
4.814237356185913086e-03
5.620472133159637451e-03
1.198631525039672852e-02
5.043506622314453125e-03
3.852081298828125000e-02
4.315090179443359375e-02
1.438343524932861328e-02
6.885232403874397278e-03
9.880304336547851562e-03
1.832520961761474609e-02
4.484875965863466263e-02
7.375717163085937500e-03
1.724374294281005859e-02
9.658895432949066162e-03
7.011771202087402344e-03
4.081344604492187500e-02
3.256754577159881592e-02
2.769112586975097656e-03
2.364611625671386719e-02
2.826663851737976074e-02
1.350536942481994629e-02
2.207970619201660156e-02
1.104867458343505859e-02
1.286491751670837402e-03
5.434393882751464844e-03
3.306645154953002930e-02
1.308082789182662964e-02
1.158678531646728516e-02
8.237600326538085938e-03
2.640096843242645264e-02
1.433181762695312500e-02
1.810103654861450195e-02
5.563300102949142456e-03
2.105557918548583984e-02
1.906156539916992188e-02
2.712580189108848572e-02
5.728346109390258789e-02
7.904648780822753906e-03
1.103892177343368530e-02
1.088398694992065430e-02
1.472616195678710938e-02
7.278102636337280273e-02
2.078607678413391113e-02
2.808767557144165039e-02
3.235676884651184082e-02
9.202152490615844727e-03
4.024130105972290039e-02
1.573967933654785156e-02
3.346651792526245117e-04
6.080144643783569336e-02
5.285990238189697266e-02
2.624268829822540283e-02
2.850872278213500977e-02
1.910305023193359375e-02
4.006797820329666138e-02
3.462982177734375000e-02
2.088242769241333008e-02
5.839093774557113647e-02
5.177277326583862305e-02
1.950263977050781250e-04
2.772628888487815857e-02
1.074802875518798828e-02
2.076226472854614258e-02
1.366510987281799316e-04
4.639208316802978516e-03
4.251408576965332031e-02
1.139365136623382568e-02
1.279023289680480957e-02
3.097748756408691406e-02
3.873974084854125977e-03
1.085400581359863281e-04
2.396064996719360352e-02
2.151265740394592285e-02
3.754070401191711426e-02
5.800378322601318359e-02
2.325654029846191406e-02
3.925934433937072754e-03
4.674845933914184570e-02
8.146762847900390625e-03
4.470834322273731232e-02
2.486824989318847656e-02
1.668930053710937500e-03
6.385099887847900391e-02
3.737109899520874023e-02
2.313339710235595703e-02
1.325429603457450867e-02
4.525423049926757812e-03
5.102771520614624023e-02
9.261995553970336914e-03
2.580577135086059570e-02
1.080667972564697266e-02
1.031610369682312012e-02
1.138627529144287109e-02
3.918409347534179688e-03
1.339465379714965820e-03
4.159808158874511719e-04
1.166480779647827148e-02
2.420705556869506836e-02
4.879742860794067383e-03
6.262242794036865234e-03
4.287603497505187988e-02
3.301587700843811035e-02
7.306635379791259766e-03
1.923424005508422852e-02
2.205501496791839600e-02
4.277670383453369141e-02
3.609800338745117188e-02
3.305962681770324707e-02
3.220182657241821289e-02
1.933228969573974609e-02
3.910847008228302002e-03
2.851647138595581055e-02
2.562928199768066406e-02
2.390555292367935181e-02
3.357273340225219727e-02
3.542244434356689453e-03
2.019788324832916260e-02
1.698395609855651855e-02
3.500968217849731445e-02
6.600190699100494385e-02
6.213018298149108887e-02
2.374649047851562500e-03
3.056734800338745117e-02
2.126139402389526367e-02
2.141195535659790039e-02
3.635406494140625000e-02
1.987566053867340088e-02
3.870618343353271484e-02
1.772928237915039062e-02
2.142412588000297546e-02
1.210480928421020508e-02
2.245420217514038086e-02
5.043002963066101074e-02
9.626746177673339844e-04
2.191704511642456055e-02
3.123342990875244141e-02
1.209360361099243164e-02
1.064991950988769531e-02
2.150999009609222412e-02
8.381694555282592773e-03
1.056647300720214844e-02
6.717498600482940674e-02
1.877227425575256348e-02
2.378821372985839844e-04
7.357178628444671631e-02
2.801331877708435059e-02
7.055819034576416016e-03
7.922440767288208008e-03
9.798407554626464844e-03
1.688653230667114258e-02
1.333266496658325195e-02
3.592494130134582520e-02
5.383670330047607422e-03
2.182942628860473633e-02
4.641286283731460571e-02
4.456788301467895508e-02
2.131640911102294922e-02
3.470864146947860718e-03
2.138721942901611328e-02
8.440494537353515625e-03
5.195982754230499268e-03
1.744341850280761719e-02
2.423465251922607422e-03
2.399704605340957642e-02
2.840816974639892578e-03
1.121503114700317383e-02
4.574656486511230469e-06
1.684144139289855957e-02
1.481026411056518555e-02
8.175660669803619385e-02
3.940406441688537598e-02
1.868402957916259766e-02
5.813938379287719727e-02
1.107534766197204590e-02
2.184867858886718750e-03
4.935503005981445312e-03
1.181168854236602783e-02
7.009387016296386719e-03
5.768215656280517578e-02
7.748901844024658203e-03
1.350510120391845703e-02
3.659427165985107422e-03
2.915156260132789612e-02
5.306839942932128906e-03
1.826524734497070312e-02
1.970479264855384827e-02
2.261096239089965820e-02
5.764901638031005859e-03
2.426118403673171997e-02
5.217823386192321777e-02
1.329541206359863281e-03
4.047721624374389648e-03
1.432758569717407227e-02
8.049958944320678711e-02
6.557151675224304199e-02
1.761659979820251465e-02
7.699549198150634766e-03
1.428127288818359375e-04
5.920052528381347656e-03
4.693192243576049805e-02
1.437208056449890137e-02
3.835059702396392822e-03
5.966424942016601562e-03
2.091294527053833008e-02
1.728583872318267822e-02
3.178948163986206055e-02
2.793782949447631836e-02
3.447155281901359558e-02
3.944754600524902344e-03
4.366636276245117188e-03
1.358613371849060059e-03
3.938341140747070312e-02
5.281084775924682617e-02
1.535572111606597900e-02
3.474271297454833984e-02
4.093229770660400391e-03
1.386719942092895508e-02
1.864492893218994141e-03
2.465474605560302734e-02
2.464927732944488525e-02
4.172474145889282227e-02
8.558809757232666016e-03
3.854885697364807129e-02
1.913867890834808350e-02
2.302879095077514648e-02
1.238584518432617188e-04
2.936981618404388428e-03
1.525652408599853516e-02
1.082301139831542969e-02
2.948642894625663757e-02
5.584836006164550781e-03
5.123090744018554688e-02
1.311724632978439331e-02
2.498751878738403320e-02
3.571087121963500977e-02
2.422673255205154419e-02
9.604871273040771484e-03
9.414017200469970703e-03
5.763769149780273438e-05
1.208239793777465820e-02
2.150303125381469727e-02
2.379691600799560547e-02
1.709076762199401855e-02
2.947729825973510742e-02
4.412998259067535400e-02
3.366303443908691406e-02
3.293275833129882812e-02
6.892353296279907227e-03
4.590994119644165039e-02
1.478457450866699219e-02
1.606994867324829102e-02
1.466484367847442627e-02
1.301652193069458008e-02
3.126513957977294922e-02
2.236664295196533203e-02
9.357511997222900391e-03
6.426388025283813477e-02
7.929280400276184082e-04
1.748955249786376953e-02
1.224040985107421875e-03
1.156084239482879639e-03
1.061588525772094727e-02
2.271276712417602539e-02
1.633065938949584961e-02
3.212487697601318359e-02
2.800136804580688477e-02
4.678447544574737549e-02
1.470184326171875000e-02
1.786476373672485352e-02
1.764297485351562500e-05
5.290552973747253418e-02
2.085030078887939453e-02
6.832686066627502441e-02
1.918807625770568848e-03
1.077866554260253906e-02
6.522357463836669922e-03
4.343640804290771484e-02
4.279851913452148438e-03
2.280491590499877930e-02
7.764346897602081299e-03
2.490520477294921875e-03
2.728879451751708984e-03
1.057099923491477966e-02
4.565954208374023438e-03
4.079103469848632812e-02
4.558674991130828857e-03
3.261995315551757812e-02
9.508907794952392578e-03
3.444708883762359619e-03
2.396485209465026855e-02
3.066325187683105469e-02
1.973034441471099854e-02
1.182937622070312500e-02
3.990370035171508789e-02
5.923911929130554199e-02
1.759809255599975586e-02
2.982640266418457031e-02
3.056839108467102051e-02
1.932244002819061279e-02
5.647909641265869141e-02
2.075007557868957520e-02
4.883328452706336975e-02
5.834043025970458984e-02
1.403981447219848633e-02
2.544911950826644897e-02
2.214515209197998047e-02
1.845675706863403320e-02
3.145743906497955322e-02
3.676629066467285156e-02
2.707278728485107422e-02
1.332166045904159546e-02
4.772251844406127930e-02
1.142024993896484375e-03
3.016082942485809326e-02
1.674601435661315918e-02
4.255831241607666016e-03
3.405299782752990723e-02
8.244186639785766602e-03
3.927350044250488281e-04
3.392139077186584473e-02
1.913639903068542480e-02
3.146654367446899414e-02
5.601525306701660156e-03
1.453064382076263428e-02
1.764929294586181641e-02
1.499438285827636719e-02
5.089469254016876221e-03
3.699243068695068359e-02
1.968538761138916016e-02
1.395143568515777588e-03
5.486643314361572266e-02
7.334828376770019531e-03
4.721645265817642212e-03
3.009116649627685547e-02
4.734575748443603516e-02
1.080053299665451050e-02
2.747452259063720703e-02
1.194918155670166016e-02
4.427240416407585144e-02
3.511905670166015625e-03
5.538940429687500000e-03
2.715197205543518066e-02
4.244750738143920898e-02
3.330641984939575195e-02
1.863032579421997070e-02
6.139025092124938965e-02
5.722004175186157227e-02
1.595133543014526367e-02
3.735795617103576660e-03
1.793718338012695312e-02
1.099556684494018555e-02
9.096167981624603271e-03
1.216542720794677734e-02
3.222143650054931641e-02
1.013980060815811157e-02
1.885831356048583984e-03
9.310424327850341797e-03
3.538256883621215820e-02
1.291900873184204102e-02
1.524090766906738281e-02
1.890064030885696411e-02
1.954686641693115234e-02
1.987260580062866211e-02
1.737809181213378906e-02
1.148211956024169922e-02
4.294127225875854492e-02
4.614663124084472656e-02
2.617216110229492188e-02
1.348340511322021484e-02
2.139127254486083984e-02
1.010170578956604004e-02
1.594918966293334961e-02
4.938858747482299805e-02
2.190104126930236816e-02
3.054034709930419922e-02
2.049970626831054688e-02
6.916530430316925049e-02
6.927531957626342773e-02
4.023432731628417969e-03
2.343259006738662720e-02
3.718394041061401367e-02
1.755291223526000977e-02
2.122269198298454285e-02
5.160975456237792969e-02
2.599394321441650391e-02
1.497204601764678955e-02
4.476130008697509766e-03
3.348070383071899414e-02
5.162581801414489746e-03
4.001015424728393555e-02
2.851009368896484375e-03
1.992906630039215088e-02
1.242262125015258789e-02
2.044647932052612305e-02
2.132308483123779297e-02
2.693340182304382324e-02
1.167523860931396484e-02
1.611736416816711426e-02
2.597506344318389893e-02
5.395585298538208008e-02
4.114568233489990234e-03
7.988288998603820801e-03
1.091694831848144531e-02
3.610140085220336914e-02
2.255348116159439087e-02
1.332485675811767578e-02
6.216108798980712891e-03
7.646802812814712524e-03
1.584106683731079102e-02
8.941292762756347656e-04
2.525869943201541901e-02
3.404498100280761719e-02
5.512058734893798828e-03
3.595776855945587158e-03
3.177285194396972656e-02
5.437076091766357422e-03
2.333386242389678955e-02
1.344913244247436523e-02
1.368105411529541016e-03
1.356251537799835205e-02
1.700550317764282227e-03
8.666574954986572266e-03
2.851253747940063477e-02
9.268730878829956055e-03
2.117896080017089844e-02
3.578209877014160156e-02
5.993762612342834473e-02
3.423911333084106445e-02
1.637369394302368164e-02
3.406250476837158203e-02
9.659647941589355469e-03
9.126961231231689453e-03
1.448150724172592163e-02
1.036345958709716797e-03
2.859616279602050781e-02
5.545388162136077881e-02
1.450502872467041016e-02
1.806807518005371094e-02
5.209147930145263672e-04
6.242930889129638672e-03
4.680693149566650391e-02
2.579422295093536377e-02
6.692141294479370117e-03
3.170078992843627930e-02
6.453499197959899902e-03
1.833003759384155273e-02
1.316237449645996094e-02
5.880206823348999023e-03
1.829890906810760498e-02
6.154775619506835938e-04
2.297097444534301758e-02
2.163098752498626709e-02
8.989095687866210938e-03
2.083450555801391602e-02
1.450628042221069336e-04
1.444530487060546875e-02
2.930808067321777344e-02
2.664419263601303101e-02
4.454386234283447266e-02
3.994208574295043945e-02
9.292528033256530762e-03
8.823132514953613281e-02
2.391159534454345703e-02
2.606934309005737305e-02
3.525364398956298828e-02
5.904972553253173828e-03
4.315119981765747070e-02
9.665071964263916016e-03
8.940041065216064453e-03
2.815890312194824219e-02
1.231533288955688477e-02
1.919859647750854492e-02
2.993160486221313477e-02
7.990434765815734863e-03
5.964750051498413086e-02
4.700297117233276367e-02
5.853077769279479980e-02
1.429498195648193359e-03
2.309161424636840820e-02
5.453966557979583740e-03
8.156776428222656250e-03
3.284811973571777344e-04
4.754845052957534790e-03
3.451228141784667969e-03
5.759066343307495117e-02
2.501107379794120789e-02
6.748735904693603516e-03
2.963560819625854492e-02
2.374795079231262207e-02
9.753644466400146484e-03
2.049374580383300781e-02
1.795832812786102295e-02
2.623137831687927246e-02
2.439582347869873047e-02
8.336319029331207275e-02
5.935820937156677246e-02
9.089469909667968750e-03
7.158228754997253418e-02
1.488730311393737793e-03
1.238578557968139648e-02
2.465873956680297852e-03
1.395910978317260742e-03
3.979545831680297852e-02
2.936989068984985352e-02
2.074299007654190063e-02
4.614692926406860352e-02
4.337388277053833008e-02
4.362824559211730957e-02
3.235572576522827148e-02
2.338171005249023438e-02
3.788840025663375854e-02
3.708022832870483398e-02
2.379715442657470703e-03
3.675309568643569946e-02
