-1.074247586691666201e-01
1.299437397994495091e+00
-1.249920270967068037e+00
-3.390643244356756902e-01
1.561177203130264868e+00
-1.108872859663234678e+00
-7.141049634237242039e-01
1.553495937490936951e+00
-5.826874582070016295e-01
-9.861320268045047355e-01
1.536164172026220687e+00
-2.819888126129956873e-01
-1.438964032521834246e+00
1.149600888439426649e+00
1.782978217318113012e-01
-1.369222609694419557e+00
1.180924323636483697e+00
6.475868640932138653e-01
-1.539250208054534275e+00
6.674771959467485916e-01
8.558790812466472442e-01
-1.488026829678246177e+00
4.167990276755140222e-01
1.242666682873400763e+00
-1.376722757063955971e+00
-1.606233721876375309e-01
1.522943355685034916e+00
-1.191999921460483502e+00
-4.776299946764854254e-01
1.466018983802321873e+00
-9.608801025369366755e-01
-7.201441663949295080e-01
1.485973280667792995e+00
-4.885675775037666702e-01
-1.129127205437565395e+00
1.457258794194743023e+00
-1.739662851338206750e-01
-1.233884491966177999e+00
1.177158039778757548e+00
2.052424084915531743e-01
-1.594462990492607091e+00
9.945336560087438826e-01
5.134429212056490499e-01
-1.426891393501076077e+00
6.352085690752948821e-01
8.460696938940652778e-01
-1.474876904911439635e+00
3.684777868485705765e-01
1.170732101476514853e+00
-1.495055617237330825e+00
1.512077085881479571e-02
1.314596265803428921e+00
-1.231731910882263747e+00
-3.573304134356902195e-01
1.527520214520659891e+00
-8.960770280972123469e-01
-6.739574142277737767e-01
1.470139136549174053e+00
-5.407695557567412381e-01
-9.855593538606700621e-01
1.404222433274231907e+00
-1.876082253308426484e-01
-1.230155235029206429e+00
1.243188248007843555e+00
2.127429924658919835e-01
-1.460176303534798548e+00
9.244470501029787846e-01
6.387341799538890363e-01
-1.487428087959206113e+00
5.679795123750831509e-01
9.158498657791969144e-01
-1.419080003958340441e+00
5.128657552350054383e-01
1.166361556364650776e+00
-1.329882735197501109e+00
8.146935074661437737e-02
1.201814089097848814e+00
-1.168989935739171093e+00
-2.597837992518173267e-01
1.531958397308514686e+00
-8.915493779274128450e-01
-7.381955582722994347e-01
1.530022858783771200e+00
-4.765728143954113261e-01
-1.137796330949228274e+00
1.337935352091972785e+00
-1.656384295621259328e-01
-1.273737389152550525e+00
1.218751659909475205e+00
6.681944541193646225e-02
-1.394213097755653719e+00
1.037821166041103194e+00
4.955536903611359456e-01
-1.470875372539889092e+00
7.967202048743381448e-01
9.532035424640666887e-01
-1.431155123362907400e+00
3.286851389339587870e-01
1.124784794026551626e+00
-1.378678290032807174e+00
-5.358959939449529919e-02
1.296231627358532146e+00
-1.095842673735421435e+00
-3.564503231408202577e-01
1.523152837957893135e+00
-8.306157716549278369e-01
-6.704020436403732575e-01
1.456739555951976239e+00
-5.209665150518298926e-01
-1.167651283873009982e+00
1.371662038082352986e+00
-3.608787049735125985e-01
-1.162378588856140205e+00
1.221736240619163860e+00
2.551776565039436395e-01
-1.524185290899720435e+00
1.139812179606481735e+00
6.707881783433135015e-01
-1.434182794612008260e+00
8.092318957512040223e-01
8.867324953960584732e-01
-1.465864663324603079e+00
3.411135593076628503e-01
1.104129237699063459e+00
-1.227399800236267824e+00
3.039572739088837808e-02
1.405330986507495217e+00
-1.184153203674410459e+00
-3.253864122666237368e-01
1.639898446004041332e+00
-9.769179140747569212e-01
-7.461836070743758098e-01
1.494878092694913008e+00
-4.616931877118850003e-01
-1.039103562775415268e+00
1.379363013787196834e+00
-1.273847747442182488e-01
-1.338980073406446980e+00
1.182437448246939304e+00
7.906321560517445834e-02
-1.333814825963077322e+00
9.715709093529603102e-01
3.403297893059106793e-01
-1.505319354608546156e+00
9.607700313420368676e-01
9.201309780970124974e-01
-1.622050872163848023e+00
3.868351852412966752e-01
1.153479441679718498e+00
-1.409685664408760752e+00
2.706659518234515172e-02
1.307358717932473269e+00
-1.166051114537644207e+00
-2.601451359938877217e-01
1.378227170841888061e+00
-7.346998040336841784e-01
-6.718698126503093171e-01
1.529492117462872613e+00
-4.762598618630421443e-01
-1.063694622628348352e+00
1.363016221221400981e+00
-1.951938021251296562e-01
-1.246619798326340733e+00
1.306963608754121209e+00
1.871680621032435488e-01
-1.462538372794142782e+00
9.321435540686078269e-01
5.799006936270110213e-01
-1.355523400386530630e+00
6.627352746438872622e-01
9.053018475430583134e-01
-1.427203167474263124e+00
3.733625897449222020e-01
1.127077216629762679e+00
-1.326501706371072675e+00
1.521882174013985400e-01
1.558010725899416915e+00
-1.245249505901900644e+00
-3.166028662465565358e-01
1.458524059250911886e+00
-7.604351844999055476e-01
-7.699248663257338698e-01
1.589342393020513722e+00
-5.268984001836912734e-01
-1.011110254763270877e+00
1.321505789976880063e+00
-2.343529477383374804e-01
-1.373926261778270153e+00
1.191992135183356893e+00
1.987893166650790411e-01
-1.343843631670389005e+00
8.592625611873185854e-01
6.411173661658592371e-01
-1.463174211592552787e+00
7.464568793219484855e-01
1.005658303631112416e+00
-1.495717933363056584e+00
4.174146360363477082e-01
1.128847681054459429e+00
-1.335737136286086812e+00
-9.047230248553508880e-02
1.341601675036080188e+00
-1.113404632801745509e+00
-3.370187545659753536e-01
1.539860912476549659e+00
-9.462498390934352965e-01
-6.786144283086715800e-01
1.467917104117142824e+00
-5.882405447578266111e-01
-9.632005534899878985e-01
1.396568707008517096e+00
-2.366037861518194008e-01
-1.128787881193063392e+00
1.380394665882167526e+00
1.806343105996852660e-01
-1.343982088891511495e+00
1.012359421456087372e+00
5.050734771326244044e-01
-1.370457817903290687e+00
8.482330500547764496e-01
9.164409517478041556e-01
-1.488351476756196501e+00
4.054356976077045926e-01
1.132810458414568622e+00
-1.371402304279583317e+00
-1.051357302931769239e-03
1.326198889631851952e+00
-1.088247085912526391e+00
-3.978613549860537946e-01
1.530249238199764328e+00
-9.306304247476964164e-01
-7.481142607751294360e-01
1.517149206131041428e+00
-5.357783523976814566e-01
-9.488037510520563877e-01
1.397878417644263349e+00
-1.467311598571017783e-01
-1.213913536332450471e+00
1.238340305444841416e+00
1.541053777281606030e-01
-1.446534776802449018e+00
1.131315772307971423e+00
5.382679968515575730e-01
-1.578080655713224090e+00
6.593013277307711029e-01
8.218031895892794481e-01
-1.528068919134888626e+00
3.434690497177141921e-01
1.206454102107784365e+00
-1.351542187044507237e+00
-1.206441193818814511e-01
1.271623277010357489e+00
-1.194528204984410813e+00
-5.324465808706249081e-01
1.406424715570076200e+00
-1.050516661940993579e+00
-7.307282855306245217e-01
1.434179383727134161e+00
-5.583286284067687788e-01
-1.000047943447428977e+00
1.330367373897212380e+00
-2.832038195334899977e-01
-1.248343335022424228e+00
1.186049229442983410e+00
3.487044643065160265e-01
-1.563999613341957362e+00
8.104813787219848908e-01
5.700557471185994096e-01
-1.553466212554647452e+00
7.753295276461624752e-01
9.344773089597018245e-01
-1.539158442478752109e+00
2.319142872714931580e-01
1.153819149505473041e+00
-1.328036282268839408e+00
-1.971930795351786725e-01
1.414500095590993434e+00
-1.135825812562095471e+00
-3.334146925853386234e-01
1.636165462193707398e+00
-7.795240518323172108e-01
-6.623228727371718305e-01
1.434163399170088171e+00
-5.090779178051875187e-01
-1.006775473955776157e+00
1.409331429662110668e+00
-1.121178880888944879e-01
-1.247406353512760635e+00
1.336612612671282285e+00
1.136887174887930285e-01
-1.540131060965703735e+00
1.077749437489543771e+00
5.252054730622378598e-01
-1.589095973510946447e+00
8.208374294397354776e-01
7.590017132054251991e-01
-1.498547551690388557e+00
3.748582817943180712e-01
1.230224060377513418e+00
-1.422839504395256416e+00
-5.610977597255581428e-02
1.402188203855781801e+00
-1.145082888071677463e+00
-2.985600971619098432e-01
1.528537799093882432e+00
-7.923337383167380343e-01
-7.188718267560039177e-01
1.467881749719386342e+00
-5.409229320225716897e-01
-1.111636664425772691e+00
1.403352098670199277e+00
-2.294151346476999698e-01
-1.352099125561248449e+00
1.359331249556641641e+00
3.536348686481208814e-01
-1.472277591622631832e+00
8.847222991849793550e-01
6.455223523487392256e-01
-1.512373663776593880e+00
7.770185548881944904e-01
7.496398539034756503e-01
-1.375242354495057606e+00
4.224021353675790902e-01
1.213109563627863929e+00
-1.361812576760072835e+00
1.631709544718857804e-02
1.394649727867771416e+00
-1.054401230228408926e+00
-3.571718061674642453e-01
1.436851128155019364e+00
-7.473667401932604371e-01
-7.571614301246338830e-01
1.693421327020073308e+00
-5.954063137972482878e-01
-1.050144111866331942e+00
1.489212312829806484e+00
-3.363652502094667263e-01
-1.194478853358453385e+00
1.304626137578746459e+00
1.073675904656040403e-01
-1.450589626098059526e+00
1.040371776995097974e+00
6.206015736582242148e-01
-1.631549028534254653e+00
7.547231174676269916e-01
7.895270912484858572e-01
-1.524800531869064057e+00
3.263777800589258149e-01
1.244850270407141357e+00
-1.395692084408418410e+00
5.295508705379372086e-03
1.396643067326124310e+00
-1.193639087305601088e+00
-3.645355377222689874e-01
1.384083688219728714e+00
-8.038616161809452043e-01
-7.930930416109426284e-01
1.462234712239974144e+00
-4.826855723538736598e-01
-1.030575225568904241e+00
1.476950100545180167e+00
-2.006452940517096661e-01
-1.299611701969204836e+00
1.247784516384783604e+00
1.804265409683838139e-01
-1.535731157996352181e+00
1.059688462282550869e+00
4.111800488219949923e-01
-1.431578712765790629e+00
7.028131087538385113e-01
8.498951566879625608e-01
-1.510431952157917479e+00
3.530015407358867430e-01
1.206105808092801990e+00
-1.392786848941865108e+00
-1.015062617618167906e-01
1.383884001274178654e+00
-1.240895178031309554e+00
-5.498817795090726879e-01
1.499123260636906263e+00
-9.110860959682074434e-01
-8.685729623085713946e-01
1.520154974644934320e+00
-5.671911975081386226e-01
-1.004876461987439962e+00
1.492876548898064426e+00
-1.964959517792305710e-01
-1.268115103831386703e+00
1.339204736323633682e+00
1.201472445439662889e-01
-1.573778702890003434e+00
9.857399547690249841e-01
5.177911955462246585e-01
-1.664867058522006449e+00
6.909762516518774822e-01
7.711538686266383724e-01
-1.422218595560097887e+00
2.954036115754710146e-01
1.074052795083304535e+00
-1.299923508428247443e+00
6.239755974532411320e-02
1.332316937785280597e+00
-1.072216973600436329e+00
-3.196563326515671211e-01
1.431475053532227593e+00
-8.630323341255923264e-01
-7.221288086594269684e-01
1.510173964727373752e+00
-5.474033911693834131e-01
-8.718110251517574572e-01
1.414337064480404083e+00
-2.772155495953756987e-01
-1.144735594645842625e+00
1.165245084834850786e+00
1.732602654366446893e-01
-1.562061540058840681e+00
9.209442623073293976e-01
5.262519438207163835e-01
-1.598272001300417688e+00
8.506204807522520506e-01
8.882300028777343481e-01
-1.416485669274866188e+00
2.487019410573507727e-01
1.135360667571812865e+00
-1.534476866965519104e+00
-5.973980941182512397e-03
1.472946637567923656e+00
-1.153479009113230314e+00
-3.131994858809347693e-01
1.419471534843103733e+00
-8.425209720502244704e-01
-6.644443459494595583e-01
1.459844379190935681e+00
-5.318671964232249971e-01
-1.011506250241814842e+00
1.581088456731767788e+00
-3.302288039130233388e-01
-1.214889002362610881e+00
1.245868285894655259e+00
1.945282859449237178e-01
-1.532793629202031660e+00
9.563997019433909674e-01
6.016023422925059760e-01
-1.547836601503805865e+00
6.579234117526180370e-01
9.596034545693581386e-01
-1.449057497403310579e+00
2.995661971118948053e-01
1.250706465595573968e+00
-1.261992824615626896e+00
8.933841232399022947e-02
1.307781228724136158e+00
-1.199196479522126157e+00
-3.656830812609080938e-01
1.439734766880306882e+00
-8.960724634123371501e-01
-7.730370506264213626e-01
1.436122212668563547e+00
-3.925126324112631071e-01
-9.450900171716268838e-01
1.474313690903319429e+00
-2.379269857275255196e-01
-1.241093432485552928e+00
1.146915386075576748e+00
2.299917152365889284e-01
-1.431643178305795017e+00
1.109990755923316419e+00
5.682609955409133606e-01
-1.347163780591584814e+00
7.500056339351268697e-01
8.275430687864528956e-01
-1.545822247326607890e+00
3.527459141446804280e-01
1.106137590678335059e+00
-1.336506395337304420e+00
2.098305570886800035e-03
1.497266946787181752e+00
-1.188510654627648044e+00
-2.903944841835691126e-01
1.487201969059402051e+00
-9.306020715579967906e-01
-7.891274523820632769e-01
1.378895516111134256e+00
-5.865105417957712231e-01
-1.057480344586384069e+00
1.474027565725449573e+00
-1.783519524017328495e-01
-1.266803175814969595e+00
1.366680893369017102e+00
2.549219100440835994e-01
-1.399992477876820018e+00
9.931927512541952607e-01
5.202726469203722282e-01
-1.448626539473444552e+00
7.807521824132459543e-01
8.326811852303834804e-01
-1.404662354790487289e+00
3.840969542769964162e-01
9.447080540053485187e-01
-1.394982238093785520e+00
9.489541925185282500e-02
1.305879588035564476e+00
-1.181966133172039468e+00
-2.728634921290193360e-01
1.403988424618894726e+00
-9.368554055244320278e-01
-7.128224056571476064e-01
1.604035946552546221e+00
-5.058433980975329813e-01
-1.130675812625060450e+00
1.429844716179495157e+00
-6.834910089520959686e-02
-1.358158292932087896e+00
1.316601077377969276e+00
2.441310096278102582e-01
-1.331740713070887150e+00
1.050281254354956673e+00
3.845160101381706608e-01
-1.409362311078481422e+00
6.842889672440554127e-01
9.075136784824910929e-01
-1.609180843442304276e+00
3.805535234563522939e-01
1.223986699993464766e+00
-1.342150772293208227e+00
-4.450828420732653307e-02
1.231104777919651116e+00
-1.256835943912940845e+00
-4.152252103197859867e-01
1.633150024815481993e+00
-9.758214593618662613e-01
-7.042462396540842828e-01
1.528257535206480444e+00
-5.551721630598940305e-01
-9.794333347862638206e-01
1.422115724134550785e+00
-2.060773961862048254e-01
-1.223680100117324754e+00
1.290732464231749477e+00
3.190294373978601605e-01
-1.567040214934165565e+00
1.108525499231767242e+00
5.334881587107818124e-01
-1.341278581729629771e+00
6.324101493296618859e-01
9.169264087874557934e-01
-1.447445863612431438e+00
3.525088314407412993e-01
1.158790391227721983e+00
-1.350320121710580690e+00
7.752570784785564606e-02
1.399922447607760745e+00
-1.144476360092676614e+00
-3.286600581554751654e-01
1.585540396367805416e+00
-8.547055187303709278e-01
-8.078157420473323080e-01
1.322299005065593835e+00
-4.931561417546979631e-01
-1.072617271037929809e+00
1.391631668818269718e+00
-1.434475328628098956e-01
-1.270917330504303111e+00
1.270798574534993008e+00
1.272293857633172431e-01
-1.426676824010764122e+00
9.520885196390588279e-01
7.136020950847212774e-01
-1.514110128049630966e+00
8.684649331444127540e-01
8.312360409316711385e-01
-1.510338307930832791e+00
3.842408456264145844e-01
1.212052950052859623e+00
-1.404989157655443188e+00
6.993131966023512225e-02
1.314830389219585172e+00
-1.202474470155924458e+00
-5.033892374891302257e-01
1.520639640464369391e+00
-7.523759579940013653e-01
-7.477717106388640511e-01
1.440383713205773075e+00
-5.199284078853034785e-01
-1.027651027596505839e+00
1.499874701255452525e+00
-2.226475005545662245e-01
-1.327540105543751014e+00
1.323543688018758768e+00
1.270985623670674580e-01
-1.352631310831882816e+00
9.423977237300911192e-01
4.853463138005026933e-01
-1.483204411189530170e+00
7.736152634424078300e-01
9.415630870391724638e-01
-1.513345446068148359e+00
4.150451759745060754e-01
1.253695385007722818e+00
-1.502594962665020795e+00
3.595452745188787436e-02
1.218670735632211510e+00
-1.101047701109841404e+00
-3.457035286071015734e-01
1.368171812676194143e+00
-8.197435837897838473e-01
-7.127497749472367916e-01
1.494064465852471102e+00
-4.574365768421268519e-01
-9.260908850263057657e-01
1.355246017498199729e+00
-1.530170738351893656e-01
-1.252000099696312763e+00
1.220055177085562770e+00
1.483489189961642307e-01
-1.256612747556451248e+00
8.761595647020523625e-01
5.861839193379644319e-01
-1.409558461648533267e+00
7.703428444244013740e-01
9.950294830788043443e-01
-1.443427246180627677e+00
3.413661268035630414e-01
1.115268817510076449e+00
-1.328627203180667404e+00
5.844765916860120147e-02
1.388570056660087149e+00
-1.249919343350324397e+00
-4.717722409130437611e-01
1.390565985690071837e+00
-7.883727261333681735e-01
-7.901004560958250211e-01
1.531909103149161400e+00
-6.120665285967457070e-01
-1.090480636726472774e+00
1.491581247605044513e+00
-7.105754584261513018e-02
-1.285585126393424371e+00
1.223252004536294679e+00
1.023316799714426295e-01
-1.562549915920660615e+00
1.137158038459052278e+00
5.695445071895581801e-01
-1.530486139449841687e+00
6.062081237318768245e-01
9.239340414230369225e-01
-1.490855380891912940e+00
2.325954274386461962e-01
1.113640855793146756e+00
-1.414182952038962160e+00
9.086524104291025805e-03
1.358338549597805756e+00
-1.142878096664471155e+00
-2.731687396249138922e-01
1.462325894983039776e+00
-7.891860386748197342e-01
-6.787940165014941796e-01
1.477533406690072493e+00
-5.637974103058408515e-01
-8.926270544240255678e-01
1.397771553451664150e+00
-1.498851738764388764e-01
-1.333517517372903693e+00
1.236024573782730673e+00
1.131075985659983074e-01
-1.530921083571078700e+00
1.124884903454521190e+00
5.423477219025616414e-01
-1.497995607078393299e+00
5.641777504091882722e-01
9.265770983722110277e-01
-1.325340385907935348e+00
4.197318713081271691e-01
1.179057179539500844e+00
-1.431491489495477554e+00
-6.657427337206708873e-02
1.371917502779980813e+00
-1.074635769595729595e+00
-3.814613842853092351e-01
1.431147311626142837e+00
-6.954898150895794107e-01
-7.048288606086130503e-01
1.531733358326210492e+00
-5.150439827722584907e-01
-9.534003657136832510e-01
1.396022241410204145e+00
-1.268236582831752668e-01
-1.259116394122560711e+00
1.222421410623007798e+00
2.036491598333399766e-01
-1.458804443056402889e+00
9.409799227582874570e-01
5.004774365309834216e-01
-1.582122517672813977e+00
7.320911432081264048e-01
9.117368063075832474e-01
-1.504396344194420809e+00
2.850505464297201641e-01
1.169382189200818045e+00
-1.324058064933746781e+00
-7.114921803147088164e-02
1.491151588671284500e+00
-1.056815070204032647e+00
-3.645169496386813091e-01
1.420018620392421882e+00
-8.930401471424963544e-01
-7.268731934826396790e-01
1.481744158751007401e+00
-6.060448307031123250e-01
-1.101434739331212276e+00
1.377794337842515038e+00
-2.922832014741033602e-01
-1.305219168335527646e+00
1.359171238241250412e+00
2.436623563901867962e-01
-1.341349320588663518e+00
1.016509280760442335e+00
5.731581221952031235e-01
-1.330348210954069188e+00
7.529295495886154654e-01
8.813530339259779689e-01
-1.447489456030054855e+00
3.799356273007841733e-01
1.152267557586142743e+00
-1.390444957585739605e+00
7.830875115944056775e-02
1.489649001498244640e+00
-1.252325550871492332e+00
-3.608689041364533945e-01
1.400992612375818958e+00
-9.650107315331644120e-01
-6.395273524430431511e-01
1.462803842972414614e+00
-4.790437716292029191e-01
-1.174711263860476640e+00
1.371933665646478673e+00
-2.926677130632886481e-01
-1.339912369240136680e+00
1.239529420598343368e+00
1.505021891904823605e-01
-1.547029276468489201e+00
9.476260589637857112e-01
5.213376761395399628e-01
-1.452535720635861560e+00
7.976859592306053681e-01
7.082849815627276779e-01
-1.395307272098940121e+00
3.281610183750559018e-01
1.238424732325684507e+00
-1.304975644294341874e+00
1.017266268478289326e-01
1.239089698256617966e+00
-1.193864782732705576e+00
-4.276886724529955774e-01
1.405257066542000333e+00
-8.691310678189283490e-01
-8.342164098144243534e-01
1.534349581892781700e+00
-5.418160228828303726e-01
-1.115054201508569598e+00
1.517141441277029656e+00
-2.654319563985694241e-01
-1.318934925615177001e+00
1.275408352075710017e+00
2.818770228068282480e-01
-1.481154449229833636e+00
1.012811867148122991e+00
6.695747046926857626e-01
-1.533689970163718996e+00
5.078924874422430236e-01
9.434758350147800510e-01
-1.588648700236110045e+00
4.405343519189709456e-01
1.206071462125797300e+00
-1.421499969087058002e+00
4.861139639969186410e-02
1.309830615152068001e+00
-1.196373331459751332e+00
-1.818780649474631972e-01
1.443489008780391547e+00
-8.238931473025516983e-01
-6.912466090095875648e-01
1.496960061141368481e+00
-6.384933015519491661e-01
-1.097944879863270273e+00
1.357631628423521475e+00
-1.973437042767657301e-01
-1.399193536257660853e+00
1.162980951531490614e+00
1.599486181975456889e-01
-1.351884558906276457e+00
1.014350033654455752e+00
5.621513586446057475e-01
-1.593542898862500667e+00
7.792893817892491137e-01
1.008292383785859947e+00
-1.536501013008220173e+00
2.729904982349146136e-01
1.163806450974827378e+00
-1.286491125953420855e+00
1.471892294288631442e-01
1.438988085364679037e+00
-1.147519312592584217e+00
-3.259926453839955829e-01
1.347064895372944715e+00
-1.018253416998214922e+00
-6.630089054686765238e-01
1.695251045636008147e+00
-6.069590932064515831e-01
-1.026494147566107351e+00
1.433040815259918110e+00
-2.061013413090609925e-01
-1.232664012024956346e+00
1.303243523011137661e+00
1.854916214703578592e-01
-1.420394527617330871e+00
9.725485628438883534e-01
4.655086811283187243e-01
-1.482256131932581766e+00
6.789049500980482987e-01
9.218365696341905835e-01
-1.376409531887484272e+00
4.467188633540768450e-01
1.172142296736107259e+00
-1.297408706427474190e+00
-4.197260731847297574e-03
1.276501172873838907e+00
-1.137063412099154291e+00
-5.083683887081436037e-01
1.416327882583094278e+00
-9.111182025014648023e-01
-7.192045331432725952e-01
1.516571077071998896e+00
-5.579975143262261295e-01
-1.060318012255057285e+00
1.425003728696039973e+00
-1.836201588798782591e-01
-1.298742453731187796e+00
1.225681126912880448e+00
3.093662542212231026e-01
-1.563207701359399682e+00
9.887430510830098607e-01
5.448060702322030657e-01
-1.580317407072728830e+00
8.229104597377825403e-01
8.303612471364749670e-01
-1.358667949769727379e+00
1.246360447459261833e-01
1.078364729784280218e+00
-1.379608550421348667e+00
7.327187163257268578e-03
1.538275653759030526e+00
-1.097148801622435776e+00
-3.306889463580089394e-01
1.533414429218217023e+00
-8.733054565075186737e-01
-7.654400621591613829e-01
1.516508374478128029e+00
-5.533131439037890509e-01
-8.843670775188927635e-01
1.476113633328936192e+00
-1.118371981387736580e-01
-1.296237903941771741e+00
1.322771681779409070e+00
1.853567325102262464e-01
-1.347815275773183163e+00
1.062319095773217814e+00
5.780216952507339911e-01
-1.467191536839655974e+00
6.260630413635082103e-01
9.227771817299817991e-01
-1.515280572938300985e+00
3.958608172618577892e-01
1.159124046625660487e+00
-1.304017514764038488e+00
-5.061519376966437667e-02
1.493747458280400231e+00
-1.238951971029164767e+00
-4.227748696359685532e-01
1.511642558066113473e+00
-8.989925671073472069e-01
-7.592217298264767322e-01
1.377515311864097036e+00
-5.305926566708244474e-01
-1.122835385833589328e+00
1.390301103160835883e+00
-2.627027771617503893e-01
-1.260541925734942392e+00
1.203891332081190146e+00
9.591913573240890001e-02
-1.441692114697446181e+00
1.101718563589243693e+00
6.435855540582499090e-01
-1.467681386024311863e+00
4.651680608273253137e-01
7.859669230856876077e-01
-1.272432648363468921e+00
3.082388474811737500e-01
1.072274566002979768e+00
-1.408106683937266901e+00
-8.837104207442228465e-03
1.400390440226715993e+00
-1.147669107973587233e+00
-3.266529135536964668e-01
1.415993014188171362e+00
-8.557646343806546430e-01
-6.427968462507259728e-01
1.552880571717535574e+00
-6.320766014483022444e-01
-9.821712471760397634e-01
1.436777406683343861e+00
-1.862244928549097456e-01
-1.233882505793227669e+00
1.249987431473183586e+00
1.350455846615459810e-01
-1.384321870389758846e+00
1.050816251335945584e+00
5.282394342916153507e-01
-1.547080354589668305e+00
8.799297026147308021e-01
8.188841202070008540e-01
-1.476047639654593624e+00
3.649003032846588890e-01
1.159186617984199419e+00
-1.397381174837597051e+00
6.769854942934806687e-04
1.334085974017583442e+00
-9.771598341510341346e-01
-4.074835511266455268e-01
1.522978601475309279e+00
-9.660791902839702683e-01
-7.459469969982284177e-01
1.412175472734100934e+00
-5.992428979442256942e-01
-1.094010417193391982e+00
1.554197890557790451e+00
-1.808347507796478626e-01
-1.353105604496344538e+00
1.097912589588110777e+00
1.019713587412806877e-01
-1.417555820822427926e+00
1.003474546904741693e+00
5.730658304334941278e-01
-1.558533438728662457e+00
8.354141606846936519e-01
8.121734336216077654e-01
-1.458594579869595398e+00
3.811517011514534703e-01
1.171093929847634607e+00
-1.463141801246583551e+00
5.887493721671409330e-02
1.271852786914142941e+00
-1.080531587454432341e+00
-3.268492965855788746e-01
1.458801499149183556e+00
-1.000667556732758090e+00
-6.993371236035585969e-01
1.481767188527474577e+00
-6.389883208942312987e-01
-1.135318127729355364e+00
1.415274486836250345e+00
-2.352886788366249093e-01
-1.307430837264787371e+00
1.351243215178164592e+00
3.479696585340067427e-01
-1.543471497297265849e+00
1.038025744129790207e+00
5.199825873086955097e-01
-1.517252348702580189e+00
9.389384819858014319e-01
9.310902567368872784e-01
-1.598376854526614821e+00
2.515257981598623127e-01
1.263905237403778248e+00
-1.289645962191725559e+00
-5.673325194714898961e-02
1.356135697897066894e+00
-1.077714495091825153e+00
-3.877399487572802950e-01
1.416296832662908622e+00
-8.639159512539521524e-01
-7.939462283383881269e-01
1.617304376543397426e+00
-5.078595067664047891e-01
-9.205981970477900012e-01
1.578641414778544583e+00
-2.500511242251587940e-01
-1.319251608107896878e+00
1.249144687069837500e+00
2.684219237321162077e-01
-1.490693845266820805e+00
9.690322888933539103e-01
5.094801732493595692e-01
-1.532135070260872478e+00
7.889986441836920328e-01
8.103865543952211148e-01
-1.532711133706460949e+00
4.353445378410172317e-01
1.136221472489362228e+00
-1.306190858434445490e+00
