# {'window': 60, 'n_steps': 4, 'q': 0.04880137325789437, 'contam': 0.9693619824675646, 'thres': 0.16000785840727125}
1.423680782318115234e-02
3.197598457336425781e-02
3.805461525917053223e-02
3.360497951507568359e-02
4.787606000900268555e-02
1.456716656684875488e-02
1.230338215827941895e-02
1.628905534744262695e-02
2.249071002006530762e-02
4.508088529109954834e-02
3.897821903228759766e-02
1.063680648803710938e-02
1.191175729036331177e-02
1.518988609313964844e-02
1.247626543045043945e-02
1.803214102983474731e-02
6.589949131011962891e-03
4.155218601226806641e-03
3.271929174661636353e-02
1.886308193206787109e-02
1.809674501419067383e-02
3.129087388515472412e-02
1.636976003646850586e-02
1.881593465805053711e-02
2.976953983306884766e-04
1.372519135475158691e-02
1.903814077377319336e-02
7.189944386482238770e-03
2.563071250915527344e-02
1.101154088973999023e-02
3.680115938186645508e-02
1.950079202651977539e-02
2.765500545501708984e-02
1.736912131309509277e-02
2.523061633110046387e-02
4.282402992248535156e-02
1.685547828674316406e-02
7.496550679206848145e-03
3.107833862304687500e-02
9.493827819824218750e-04
8.632324263453483582e-02
5.357438325881958008e-02
1.349711418151855469e-02
2.847504243254661560e-02
2.694427967071533203e-03
1.611745357513427734e-02
6.046175956726074219e-02
1.334905624389648438e-02
5.504381656646728516e-02
1.802238076925277710e-02
3.466397523880004883e-03
2.803331613540649414e-02
9.490266442298889160e-03
1.604044437408447266e-02
6.422102451324462891e-03
2.066189050674438477e-02
5.010712146759033203e-02
3.567707538604736328e-02
7.438719272613525391e-03
4.093188047409057617e-02
1.119387149810791016e-02
3.760120272636413574e-02
3.740280866622924805e-02
2.493691444396972656e-02
4.071891307830810547e-03
1.170183718204498291e-02
4.128634929656982422e-03
2.590870857238769531e-02
2.553943544626235962e-03
1.981639862060546875e-02
2.379040122032165527e-01
2.852881699800491333e-02
8.722281455993652344e-02
1.309487223625183105e-01
1.288057863712310791e-02
7.492583990097045898e-02
3.852128982543945312e-02
3.843240439891815186e-02
3.308078646659851074e-02
9.684902429580688477e-02
4.619933664798736572e-02
2.679046988487243652e-02
4.240632057189941406e-03
8.283257484436035156e-02
1.790066137909889221e-01
6.291890144348144531e-02
4.473099112510681152e-02
8.494749665260314941e-03
9.700477123260498047e-03
9.146106243133544922e-02
2.244779840111732483e-02
5.164039134979248047e-02
6.083846092224121094e-03
5.479734018445014954e-02
1.973021030426025391e-02
2.631604671478271484e-03
5.278318375349044800e-02
2.591109275817871094e-02
4.905742406845092773e-02
1.612499356269836426e-03
3.215253353118896484e-02
1.351577043533325195e-02
2.433532476425170898e-02
3.540074825286865234e-02
4.393041133880615234e-03
2.835352718830108643e-02
3.067085221409797668e-01
7.696211338043212891e-03
9.064006805419921875e-02
1.339824348688125610e-01
1.552033424377441406e-02
1.558580398559570312e-01
2.937413007020950317e-02
1.419788599014282227e-02
4.379038810729980469e-01
2.508816868066787720e-02
1.733333468437194824e-01
2.756079435348510742e-01
5.316691845655441284e-02
2.352630496025085449e-01
8.343994617462158203e-03
4.845944792032241821e-02
5.749630928039550781e-02
4.378944635391235352e-02
3.140681982040405273e-02
1.146084070205688477e-02
6.622254848480224609e-02
2.318647503852844238e-02
5.271667242050170898e-02
4.197329282760620117e-02
3.111806511878967285e-02
3.700825572013854980e-02
1.492488384246826172e-02
3.775635361671447754e-02
6.532639265060424805e-03
4.145324230194091797e-03
2.341052889823913574e-02
1.982997357845306396e-02
5.395793914794921875e-02
4.749583005905151367e-01
2.450024830177426338e-01
3.570455312728881836e-02
3.073347806930541992e-01
1.949551533907651901e-01
8.663189411163330078e-02
2.296745777130126953e-02
4.009647481143474579e-02
4.288893938064575195e-02
2.953481674194335938e-02
6.198057532310485840e-02
2.072340250015258789e-02
2.227002382278442383e-02
1.186233758926391602e-02
3.266602754592895508e-03
1.631897687911987305e-02
1.598289608955383301e-02
3.752288222312927246e-02
2.408027648925781250e-04
4.110077023506164551e-02
5.785854160785675049e-02
1.104569435119628906e-02
1.613232493400573730e-02
8.971258997917175293e-03
1.561409235000610352e-02
3.134822845458984375e-02
1.602590456604957581e-02
2.783787250518798828e-02
1.854020357131958008e-02
2.780235558748245239e-02
3.690034151077270508e-02
3.228592872619628906e-02
1.079070940613746643e-02
7.668495178222656250e-03
6.635606288909912109e-03
1.148872077465057373e-03
6.542682647705078125e-03
5.460709333419799805e-02
3.172730654478073120e-02
6.664395332336425781e-03
3.333264589309692383e-02
1.090571284294128418e-02
3.605756163597106934e-02
5.267262458801269531e-03
5.622297525405883789e-03
2.825029194355010986e-02
3.004860877990722656e-02
2.526623010635375977e-02
2.850101143121719360e-02
4.707390069961547852e-02
6.684303283691406250e-03
4.448173940181732178e-02
3.467696905136108398e-02
3.360557556152343750e-02
4.066361114382743835e-02
2.226793766021728516e-02
3.880792856216430664e-02
1.727869734168052673e-02
2.799731492996215820e-02
6.185412406921386719e-03
6.898946315050125122e-02
2.231481671333312988e-02
1.181846857070922852e-02
7.386184483766555786e-02
5.755829811096191406e-02
6.796479225158691406e-03
5.721196532249450684e-03
3.356522321701049805e-02
4.115700721740722656e-03
1.902738213539123535e-02
1.036539673805236816e-02
3.011608123779296875e-02
1.197764277458190918e-02
5.320138484239578247e-02
2.076625823974609375e-03
3.886342048645019531e-02
7.046740874648094177e-02
5.920410156250000000e-03
3.934341669082641602e-02
2.181999385356903076e-02
1.865798234939575195e-02
9.382843971252441406e-03
1.258660852909088135e-02
3.794032335281372070e-02
5.190342664718627930e-02
8.081465959548950195e-03
1.837900280952453613e-02
3.277760744094848633e-02
1.712996438145637512e-01
5.060283020138740540e-01
8.295714855194091797e-03
8.466263115406036377e-02
8.721175789833068848e-02
3.712922334671020508e-02
8.518829941749572754e-02
5.544175207614898682e-02
1.631146073341369629e-01
8.038419485092163086e-02
1.604928746819496155e-01
9.051293134689331055e-02
8.469170331954956055e-02
3.339171409606933594e-02
2.126890420913696289e-02
2.214926481246948242e-02
6.516204029321670532e-02
6.132251024246215820e-02
6.851798295974731445e-02
1.981643214821815491e-02
4.457223415374755859e-02
9.720087051391601562e-03
1.588907465338706970e-02
7.604509592056274414e-03
4.582053422927856445e-02
3.775516152381896973e-02
8.260369300842285156e-03
8.448362350463867188e-03
8.157849311828613281e-02
2.564696967601776123e-02
3.748106956481933594e-02
3.792601823806762695e-02
1.789935603737831116e-01
1.186484098434448242e-01
4.568874835968017578e-02
1.148434802889823914e-01
5.902445316314697266e-02
6.298971176147460938e-02
3.630435466766357422e-02
2.419811487197875977e-02
3.614348173141479492e-02
9.977370500564575195e-03
2.783328294754028320e-02
3.522586822509765625e-02
4.497268795967102051e-02
7.157790660858154297e-02
3.599226474761962891e-03
5.622788891196250916e-02
5.626183748245239258e-02
3.723502159118652344e-04
1.615690439939498901e-02
3.017127513885498047e-03
1.772791147232055664e-02
5.180615186691284180e-02
4.416668415069580078e-02
3.742498159408569336e-02
2.964168787002563477e-02
2.511607110500335693e-02
3.694534301757812500e-02
1.969578862190246582e-02
4.484388977289199829e-02
4.381495714187622070e-02
1.508224010467529297e-02
2.647738903760910034e-02
4.893618822097778320e-02
5.528211593627929688e-03
1.058764196932315826e-02
2.436280250549316406e-03
1.230907440185546875e-02
1.933686994016170502e-02
4.538673162460327148e-02
2.261608839035034180e-02
3.204140812158584595e-02
2.504676580429077148e-02
2.583724260330200195e-02
2.807034552097320557e-02
3.767871856689453125e-02
2.416014671325683594e-03
8.718669414520263672e-03
3.148313239216804504e-01
5.350631475448608398e-02
1.412766873836517334e-01
1.710453629493713379e-01
1.172667741775512695e-02
1.130219697952270508e-01
2.963919192552566528e-02
3.680086135864257812e-02
4.242664575576782227e-01
8.969468995928764343e-03
1.959736943244934082e-01
3.732452392578125000e-01
4.077710583806037903e-02
2.601674199104309082e-01
8.855253458023071289e-02
5.382941849529743195e-02
1.899296045303344727e-02
6.640827655792236328e-02
8.563138544559478760e-03
1.649260520935058594e-04
6.383955478668212891e-03
6.438543647527694702e-02
1.646250486373901367e-02
4.732346534729003906e-02
2.706766203045845032e-01
2.775770798325538635e-01
2.911168336868286133e-01
2.019253447651863098e-01
1.246715635061264038e-01
2.091645002365112305e-01
1.320236325263977051e-01
5.358250439167022705e-02
3.213888406753540039e-02
5.374193191528320312e-02
1.203322038054466248e-02
1.876097917556762695e-02
3.465032577514648438e-02
9.265240281820297241e-03
5.532681941986083984e-02
3.497111797332763672e-02
3.309877216815948486e-02
3.090256452560424805e-02
1.229041814804077148e-02
1.111244410276412964e-02
3.215339779853820801e-02
3.600394725799560547e-02
8.451491594314575195e-04
1.557728648185729980e-02
3.609967231750488281e-02
4.750876128673553467e-02
2.672220394015312195e-01
3.452491760253906250e-02
3.179904818534851074e-02
6.339561939239501953e-02
5.583065748214721680e-02
5.470599606633186340e-01
9.810052812099456787e-03
1.194698214530944824e-01
2.476156353950500488e-01
1.021965183317661285e-01
1.188244223594665527e-01
1.966941356658935547e-01
5.007525533437728882e-02
7.677340507507324219e-02
5.064171552658081055e-02
3.011988103389739990e-02
7.348167896270751953e-02
1.949071884155273438e-03
1.020500883460044861e-01
3.237211704254150391e-02
8.421999216079711914e-02
2.054692059755325317e-02
7.370769977569580078e-03
5.169612169265747070e-02
3.544670343399047852e-02
1.811495423316955566e-02
3.756260871887207031e-02
2.342733740806579590e-02
1.006999611854553223e-02
8.457517623901367188e-02
3.149464726448059082e-02
1.018709689378738403e-02
1.457691192626953125e-02
2.340906858444213867e-02
1.318798772990703583e-02
9.579658508300781250e-03
2.887266874313354492e-02
5.275247618556022644e-02
1.759743690490722656e-02
2.431976795196533203e-02
8.723884820938110352e-05
2.518326044082641602e-02
2.130812406539916992e-02
3.097518533468246460e-02
6.348133087158203125e-02
1.563078165054321289e-02
4.389612376689910889e-02
2.932548522949218750e-03
2.729535102844238281e-02
4.004424810409545898e-02
2.217623591423034668e-02
5.705296993255615234e-03
1.612025499343872070e-02
2.008901536464691162e-02
7.416725158691406250e-03
4.380868747830390930e-01
2.648183926939964294e-01
6.410956382751464844e-03
3.338550627231597900e-01
2.556478232145309448e-01
3.668051958084106445e-02
4.649591445922851562e-02
4.282082989811897278e-02
8.177620172500610352e-02
3.816747665405273438e-02
3.435873612761497498e-02
3.073143959045410156e-02
3.731966018676757812e-03
2.820405364036560059e-02
4.926186800003051758e-02
1.103043556213378906e-02
7.540732622146606445e-05
5.646145343780517578e-02
7.843494415283203125e-03
2.508111298084259033e-02
3.853896260261535645e-02
4.262924194335937500e-04
2.673390507698059082e-02
2.065535858273506165e-01
2.970272302627563477e-02
1.182527244091033936e-01
1.324732750654220581e-01
1.559817790985107422e-01
1.420593857765197754e-01
6.169269233942031860e-02
5.177414417266845703e-02
3.638195991516113281e-02
6.657176464796066284e-02
2.247560024261474609e-02
1.371532678604125977e-02
3.164371196180582047e-02
2.733349800109863281e-03
1.771742105484008789e-02
8.644375205039978027e-02
4.594117403030395508e-03
1.932168006896972656e-02
6.199638545513153076e-02
2.859354019165039062e-03
1.105827093124389648e-02
6.339892745018005371e-02
3.319354355335235596e-02
6.659388542175292969e-03
3.809890151023864746e-02
2.697899937629699707e-03
3.813624382019042969e-03
3.264188766479492188e-03
8.794695138931274414e-03
3.461360931396484375e-02
2.319210767745971680e-02
2.466042153537273407e-02
1.435232162475585938e-02
7.922649383544921875e-03
1.234366628341376781e-02
2.252185344696044922e-02
1.309317350387573242e-02
3.018521890044212341e-02
2.786010503768920898e-02
1.200973987579345703e-02
1.572352647781372070e-02
5.969947576522827148e-02
1.155757904052734375e-02
7.384836673736572266e-03
8.436441421508789062e-03
4.203200340270996094e-02
3.581261634826660156e-02
6.136967241764068604e-02
1.128166913986206055e-02
4.808843135833740234e-03
1.766875386238098145e-02
3.504782915115356445e-02
6.639331579208374023e-03
3.669954091310501099e-02
4.080224037170410156e-02
2.697330713272094727e-02
4.606999456882476807e-03
2.877074480056762695e-02
3.738882541656494141e-01
3.966124355792999268e-02
2.327358722686767578e-02
2.676367759704589844e-02
7.174385059624910355e-02
4.745203256607055664e-02
3.843641281127929688e-02
1.034447830170392990e-01
2.354294061660766602e-02
1.288741827011108398e-02
4.870916157960891724e-02
2.294772863388061523e-02
1.288026571273803711e-02
2.530991062521934509e-01
3.292620182037353516e-03
2.397149801254272461e-02
1.035783588886260986e-01
3.847526013851165771e-02
5.823248624801635742e-02
9.055629372596740723e-02
1.196956634521484375e-01
1.621735095977783203e-02
4.049098491668701172e-02
4.615854471921920776e-02
5.162817239761352539e-02
6.857025623321533203e-02
4.829511791467666626e-02
8.077079057693481445e-02
2.412068843841552734e-02
5.906222015619277954e-02
1.709288358688354492e-02
2.139401435852050781e-02
1.641609892249107361e-02
2.030819654464721680e-03
1.482081413269042969e-02
1.761897653341293335e-02
2.869907021522521973e-02
2.683407068252563477e-02
1.155051589012145996e-02
5.774763226509094238e-02
4.903924465179443359e-02
4.016143083572387695e-02
1.555211842060089111e-02
1.984196901321411133e-02
5.330812931060791016e-02
1.527801156044006348e-03
1.422554254531860352e-02
2.102684974670410156e-02
8.024886250495910645e-03
1.812845468521118164e-02
1.796627044677734375e-02
1.128435134887695312e-02
2.536028623580932617e-02
1.905381679534912109e-03
4.076367616653442383e-02
1.522809267044067383e-02
1.391083002090454102e-02
1.297473236918449402e-01
6.454402208328247070e-02
3.440231084823608398e-02
1.056800931692123413e-01
2.916860580444335938e-02
4.847979545593261719e-02
5.886745452880859375e-02
1.047548651695251465e-02
4.795306921005249023e-02
5.388876795768737793e-02
1.535825431346893311e-02
1.308649778366088867e-02
1.705998182296752930e-02
2.033617347478866577e-02
3.555560111999511719e-02
2.123439311981201172e-02
1.079059392213821411e-02
2.737832069396972656e-02
9.253919124603271484e-03
2.739449078217148781e-02
1.981157064437866211e-02
2.093547582626342773e-02
3.362567722797393799e-02
8.732140064239501953e-03
7.215142250061035156e-04
9.848952293395996094e-03
5.349814891815185547e-04
1.567721366882324219e-03
6.320902705192565918e-02
2.126634120941162109e-02
2.079015970230102539e-02
3.655056655406951904e-02
1.067915558815002441e-02
1.076388359069824219e-02
2.377283573150634766e-02
1.279704272747039795e-02
2.577328681945800781e-02
2.650538086891174316e-02
1.962840557098388672e-03
2.845698595046997070e-02
1.549732685089111328e-02
5.042350105941295624e-02
1.885920763015747070e-02
3.550887107849121094e-03
5.889853835105895996e-02
1.056492328643798828e-02
3.535401821136474609e-02
2.690891921520233154e-02
1.529920101165771484e-02
1.818224787712097168e-01
2.021413296461105347e-02
3.846463561058044434e-02
1.302888393402099609e-01
2.656804025173187256e-02
7.716020941734313965e-02
2.103805541992187500e-03
1.599067449569702148e-02
3.860169649124145508e-02
3.922164440155029297e-02
2.119600772857666016e-02
9.929537773132324219e-04
6.791353225708007812e-03
3.431975841522216797e-02
4.003614187240600586e-02
2.634221315383911133e-02
3.609055280685424805e-02
2.679042518138885498e-03
1.529419422149658203e-02
2.135843038558959961e-02
6.399486213922500610e-03
2.187901735305786133e-02
3.837865591049194336e-02
3.577766939997673035e-03
4.477399587631225586e-02
2.523952722549438477e-02
1.783807948231697083e-02
4.186013340950012207e-02
4.183638095855712891e-02
1.392094790935516357e-02
4.843205213546752930e-03
1.543855667114257812e-02
3.858755528926849365e-02
1.164025068283081055e-02
2.585202455520629883e-02
6.351888179779052734e-03
2.107524946331977844e-01
1.028323173522949219e-02
8.547562360763549805e-02
1.507553830742835999e-01
2.252519130706787109e-03
1.099619865417480469e-01
2.121919021010398865e-02
5.796194076538085938e-03
1.854783296585083008e-02
2.244647778570652008e-02
3.005944490432739258e-01
2.350914478302001953e-02
1.986007019877433777e-02
2.305269241333007812e-03
9.529531002044677734e-03
6.687243282794952393e-02
4.920485615730285645e-02
7.486736774444580078e-02
1.375854015350341797e-03
3.733218386769294739e-01
3.317856788635253906e-02
3.539955615997314453e-02
1.498904526233673096e-01
3.608775138854980469e-02
1.340021491050720215e-01
1.005387231707572937e-01
1.685738563537597656e-02
2.604722976684570312e-05
3.974892199039459229e-03
1.380926370620727539e-02
3.033161163330078125e-03
4.882259946316480637e-02
2.919435501098632812e-04
3.753370046615600586e-02
9.788278490304946899e-03
8.998513221740722656e-04
3.978919982910156250e-02
3.244392573833465576e-02
6.944268941879272461e-02
8.337378501892089844e-03
5.129575729370117188e-04
1.464077830314636230e-02
2.030485868453979492e-02
3.281235694885253906e-05
3.053572773933410645e-02
1.267075538635253906e-03
1.099839806556701660e-02
1.714342832565307617e-02
2.154392004013061523e-02
5.205014348030090332e-02
8.586004376411437988e-03
1.360648870468139648e-02
1.674944162368774414e-02
2.236131578683853149e-02
4.524505138397216797e-02
1.756632328033447266e-02
2.576481550931930542e-02
1.135486364364624023e-02
4.978954792022705078e-03
6.142584979534149170e-02
3.075182437896728516e-03
2.230203151702880859e-02
1.449619792401790619e-02
4.779815673828125000e-03
5.292129516601562500e-02
5.557113140821456909e-02
3.467059135437011719e-02
5.125635862350463867e-02
2.295005321502685547e-02
2.758622169494628906e-02
6.079638004302978516e-02
4.250891506671905518e-02
9.325146675109863281e-05
4.423832893371582031e-02
2.418100833892822266e-03
5.167722702026367188e-05
2.220129966735839844e-02
9.477555751800537109e-03
8.231967687606811523e-03
3.673851490020751953e-03
2.415829896926879883e-02
7.700826972723007202e-03
3.520691394805908203e-02
2.451682090759277344e-02
1.220736838877201080e-02
1.478523015975952148e-02
4.250770807266235352e-02
2.635845914483070374e-03
5.785989761352539062e-02
1.288360357284545898e-02
1.332352682948112488e-02
2.169191837310791016e-03
5.291640758514404297e-03
4.481643438339233398e-02
4.295954778790473938e-01
4.794418811798095703e-03
3.485740721225738525e-02
3.093868494033813477e-02
8.265417814254760742e-02
1.064085364341735840e-01
1.180329918861389160e-02
8.226072788238525391e-02
1.705634593963623047e-02
1.167084276676177979e-02
1.602137088775634766e-02
2.300477027893066406e-02
2.671580575406551361e-02
7.093858718872070312e-02
2.372264862060546875e-03
9.790349751710891724e-03
2.913796901702880859e-02
1.236826181411743164e-02
4.518216475844383240e-03
2.105355262756347656e-03
6.317973136901855469e-02
3.154903650283813477e-03
6.835356354713439941e-02
2.109587192535400391e-03
2.620473504066467285e-02
2.724808454513549805e-02
3.997343778610229492e-02
1.586717367172241211e-02
2.987022474408149719e-01
1.059967279434204102e-02
1.505902409553527832e-02
5.140995979309082031e-02
2.673089504241943359e-02
6.661137938499450684e-02
3.462406247854232788e-02
4.584413766860961914e-02
1.166313886642456055e-02
1.666810736060142517e-02
4.176616668701171875e-02
2.184569835662841797e-03
1.966644532512873411e-02
5.780637264251708984e-03
3.727579116821289062e-02
5.291327089071273804e-02
1.934236288070678711e-02
4.314166307449340820e-02
4.261974245309829712e-02
4.382115602493286133e-02
4.463690519332885742e-02
1.470034122467041016e-01
6.281173229217529297e-02
4.239082336425781250e-04
4.584638774394989014e-02
3.176932036876678467e-02
2.979832887649536133e-02
2.653405070304870605e-02
1.910973116755485535e-01
1.791644096374511719e-02
3.080153465270996094e-02
1.637848466634750366e-02
4.001188278198242188e-02
1.115788221359252930e-01
2.973560616374015808e-02
1.248721480369567871e-01
6.476187705993652344e-02
2.637355588376522064e-02
3.274410963058471680e-02
8.207619190216064453e-03
2.258872799575328827e-02
2.493077516555786133e-02
1.243472099304199219e-02
2.269762754440307617e-02
5.992025136947631836e-03
6.946921348571777344e-03
5.568593740463256836e-03
1.988038420677185059e-02
3.269433975219726562e-03
1.598483324050903320e-02
4.259049892425537109e-04
4.102617502212524414e-02
5.248588323593139648e-02
1.808290183544158936e-02
2.956908941268920898e-02
7.529616355895996094e-03
3.076261281967163086e-02
1.962047815322875977e-02
2.805864810943603516e-02
3.810404613614082336e-02
1.069784164428710938e-02
3.249341249465942383e-02
5.390107631683349609e-02
1.753509044647216797e-03
5.292892456054687500e-04
3.680199384689331055e-02
3.237611055374145508e-02
5.695199966430664062e-02
3.231748938560485840e-02
5.777984857559204102e-03
3.125941753387451172e-02
5.520240962505340576e-02
4.769164323806762695e-02
1.253515481948852539e-02
1.175278425216674805e-02
4.360064864158630371e-02
1.003283262252807617e-02
2.194705605506896973e-02
4.537358880043029785e-03
5.568093061447143555e-02
4.945218563079833984e-03
1.285747885704040527e-01
6.928890943527221680e-02
2.986901998519897461e-02
1.614398881793022156e-02
2.757477760314941406e-02
2.959907054901123047e-03
6.175972521305084229e-02
3.909307718276977539e-02
7.251977920532226562e-03
9.797409176826477051e-03
1.545429229736328125e-03
3.437650203704833984e-02
3.622614592313766479e-02
8.090704679489135742e-02
3.316086530685424805e-02
8.551180362701416016e-03
4.337437227368354797e-01
1.035547256469726562e-02
3.058245778083801270e-02
1.459933742880821228e-01
1.188266277313232422e-02
8.136415481567382812e-02
1.650371104478836060e-01
8.851689100265502930e-02
3.490635752677917480e-02
6.994552537798881531e-02
7.591688632965087891e-02
2.651691436767578125e-03
9.314552694559097290e-02
4.677367210388183594e-02
3.833323717117309570e-02
5.790232494473457336e-02
6.850600242614746094e-03
7.207989692687988281e-04
6.517483294010162354e-02
4.142969846725463867e-02
1.329690217971801758e-02
2.299733087420463562e-02
2.040842175483703613e-02
1.635146141052246094e-02
1.887384802103042603e-02
2.515444159507751465e-02
1.792597770690917969e-02
2.059221640229225159e-01
4.877880215644836426e-02
2.444064617156982422e-02
7.901969552040100098e-02
1.053224354982376099e-01
5.665439367294311523e-02
4.625237062573432922e-01
7.007121294736862183e-02
1.610757708549499512e-01
3.114254176616668701e-01
1.027452088892459869e-01
2.207325696945190430e-01
3.724950551986694336e-02
5.146669968962669373e-02
4.000306129455566406e-02
3.528016805648803711e-02
1.337055116891860962e-03
4.204040765762329102e-02
1.068300008773803711e-02
3.145841509103775024e-02
5.019512772560119629e-02
4.436045885086059570e-02
4.940271377563476562e-03
2.814942598342895508e-02
1.832580566406250000e-02
1.183047890663146973e-03
5.850195884704589844e-04
3.239810466766357422e-02
8.397102355957031250e-04
2.034841552376747131e-01
3.659546375274658203e-03
4.690904691815376282e-01
2.266976237297058105e-01
1.226472854614257812e-02
2.484894990921020508e-01
1.849756874144077301e-01
5.720400810241699219e-02
7.145166397094726562e-02
4.425181075930595398e-02
5.712413787841796875e-02
2.028781175613403320e-02
3.275974094867706299e-02
2.911698818206787109e-02
6.294190883636474609e-03
9.957313537597656250e-03
1.959598064422607422e-02
3.188014030456542969e-02
5.144290626049041748e-03
1.476591825485229492e-02
4.216814041137695312e-02
3.272509574890136719e-02
1.393866539001464844e-02
3.057742118835449219e-02
6.369262933731079102e-03
9.990289807319641113e-03
4.631865024566650391e-02
5.854344367980957031e-02
1.452494412660598755e-02
3.534573316574096680e-02
3.607118129730224609e-02
2.455313131213188171e-02
4.576611518859863281e-02
1.020133495330810547e-03
1.344104483723640442e-02
2.081066370010375977e-02
3.344345092773437500e-02
2.522978931665420532e-03
1.340645551681518555e-02
1.732503771781921387e-01
1.960402727127075195e-02
1.241245865821838379e-02
1.775085926055908203e-02
3.787875920534133911e-02
7.958072423934936523e-02
3.315317630767822266e-02
4.649402201175689697e-02
4.495382308959960938e-03
4.654663801193237305e-02
6.055912375450134277e-02
6.252750754356384277e-03
2.459108829498291016e-03
1.797994971275329590e-02
3.028330951929092407e-02
4.929065704345703125e-02
6.021916866302490234e-03
5.134675954468548298e-02
1.494473218917846680e-02
3.494071960449218750e-02
1.880813296884298325e-02
3.331166505813598633e-02
1.862782239913940430e-02
1.419687271118164062e-02
8.189499378204345703e-03
3.944826126098632812e-02
4.378182440996170044e-02
5.230966210365295410e-02
3.229790925979614258e-02
1.127564907073974609e-02
3.224551677703857422e-03
3.769212961196899414e-02
3.730487823486328125e-02
3.036025241017341614e-01
8.502721786499023438e-03
2.332746982574462891e-02
9.490086883306503296e-02
1.447498798370361328e-02
8.244565129280090332e-02
8.313996344804763794e-02
2.585470676422119141e-02
9.054481983184814453e-03
1.284921541810035706e-02
1.369637250900268555e-02
9.110510349273681641e-03
1.374556124210357666e-02
3.554314374923706055e-02
1.405602693557739258e-02
3.655659407377243042e-02
3.526932001113891602e-02
1.129084825515747070e-02
1.664951443672180176e-02
1.144856214523315430e-02
3.497147560119628906e-02
3.076525777578353882e-02
2.505141496658325195e-02
5.137228965759277344e-02
8.170792460441589355e-02
4.073083400726318359e-04
4.446482658386230469e-02
6.800857186317443848e-02
1.422448456287384033e-02
3.783643245697021484e-02
5.735725164413452148e-02
2.429090440273284912e-03
3.330451250076293945e-02
1.314026117324829102e-02
8.899223059415817261e-03
5.082070827484130859e-02
4.376709461212158203e-03
4.232963547110557556e-02
1.646810770034790039e-02
4.794710874557495117e-02
1.104403249919414520e-01
1.172238588333129883e-02
3.646200895309448242e-02
1.117025613784790039e-01
2.812683582305908203e-03
2.834433317184448242e-02
3.621869534254074097e-02
2.473929524421691895e-02
2.634346485137939453e-03
2.811248600482940674e-02
5.023077130317687988e-02
6.304520368576049805e-02
4.806444048881530762e-02
2.109213173389434814e-02
2.067995071411132812e-02
3.338277339935302734e-02
1.315174996852874756e-02
2.230978012084960938e-02
2.690696716308593750e-02
2.470087260007858276e-02
6.268334388732910156e-02
5.255705118179321289e-02
4.866091441363096237e-02
2.139610052108764648e-02
7.186031341552734375e-02
1.095959171652793884e-02
4.296088218688964844e-01
3.048084974288940430e-01
1.645840704441070557e-02
3.075224161148071289e-01
3.662553429603576660e-01
1.493647992610931396e-01
2.400431036949157715e-02
8.469325304031372070e-02
1.083743050694465637e-01
1.046121120452880859e-02
3.122627735137939453e-03
3.391762450337409973e-01
3.073400259017944336e-02
1.296181678771972656e-01
2.781177014112472534e-01
2.885635197162628174e-02
1.660775542259216309e-01
1.279121637344360352e-02
8.067421615123748779e-03
4.407626390457153320e-02
3.524929285049438477e-01
1.198505572974681854e-01
1.080977916717529297e-02
2.350818514823913574e-01
1.478130444884300232e-01
5.975478887557983398e-02
2.136486768722534180e-02
2.496717870235443115e-02
3.227788209915161133e-02
4.545098543167114258e-02
1.918150484561920166e-02
5.101114511489868164e-03
2.472281455993652344e-03
2.983644604682922363e-03
3.134449198842048645e-01
1.217937469482421875e-02
3.357517793774604797e-01
1.051478087902069092e-01
5.206251144409179688e-02
1.864491403102874756e-01
2.131529822945594788e-01
7.118457555770874023e-02
8.819758892059326172e-03
9.613342583179473877e-02
3.667503595352172852e-02
1.753228902816772461e-02
1.205148175358772278e-02
3.626108169555664062e-03
3.490269184112548828e-02
5.916762724518775940e-02
1.937955617904663086e-02
1.894092559814453125e-02
2.365052700042724609e-03
6.468534469604492188e-03
8.238732814788818359e-03
1.337199658155441284e-02
9.711682796478271484e-03
2.361506223678588867e-02
3.933556377887725830e-02
1.443094015121459961e-02
5.734598636627197266e-02
3.859157040715217590e-01
2.174039185047149658e-02
2.109146118164062500e-02
3.186270594596862793e-02
4.801692068576812744e-02
4.222303628921508789e-02
2.077937126159667969e-02
7.694860547780990601e-02
1.843106746673583984e-02
2.958506345748901367e-02
1.216550171375274658e-02
5.606693029403686523e-02
2.968549728393554688e-03
2.942905202507972717e-02
3.174060583114624023e-02
1.738196611404418945e-02
1.356131583452224731e-02
5.728518962860107422e-02
3.930437564849853516e-02
4.064993560314178467e-02
2.945247292518615723e-02
1.179826259613037109e-02
4.977062344551086426e-02
7.321377098560333252e-02
1.679003238677978516e-03
1.871910691261291504e-02
4.209332168102264404e-02
3.988790512084960938e-02
8.355766534805297852e-03
1.241457462310791016e-02
5.643248558044433594e-02
4.905771613121032715e-01
2.628560289740562439e-01
7.781881093978881836e-02
2.880179286003112793e-01
2.127951867878437042e-01
8.466815948486328125e-02
1.534527540206909180e-02
7.625795062631368637e-02
4.587155580520629883e-02
1.645869016647338867e-02
9.564224630594253540e-03
2.144956588745117188e-02
1.150984764099121094e-01
8.612979203462600708e-02
1.640334725379943848e-02
1.097542643547058105e-01
1.126110851764678955e-01
4.326249659061431885e-02
2.169948816299438477e-02
5.727171897888183594e-02
4.357913136482238770e-02
7.390737533569335938e-03
3.240126371383666992e-02
4.015752673149108887e-02
1.301115751266479492e-02
1.119267940521240234e-02
2.253001928329467773e-02
3.586649894714355469e-03
3.280943632125854492e-02
3.599996119737625122e-02
3.290606141090393066e-01
1.703262329101562500e-03
5.126431025564670563e-02
1.732633113861083984e-01
4.065054655075073242e-02
1.121274456381797791e-01
1.299396753311157227e-01
4.212135076522827148e-02
5.708038806915283203e-02
4.049402475357055664e-02
2.597153186798095703e-02
3.220213949680328369e-02
7.906824350357055664e-03
4.653185606002807617e-02
4.684853553771972656e-02
3.705009818077087402e-03
2.025955915451049805e-02
1.415249705314636230e-02
8.875578641891479492e-03
2.809488773345947266e-02
8.292198181152343750e-03
6.959423422813415527e-03
2.613002061843872070e-02
5.155992507934570312e-02
2.888474240899085999e-02
2.906450033187866211e-01
2.820008993148803711e-02
8.248919062316417694e-02
1.875010132789611816e-01
6.411075592041015625e-03
1.247297041118144989e-01
2.691721916198730469e-02
3.449445962905883789e-02
1.345278397202491760e-01
2.223908901214599609e-02
4.276329278945922852e-02
8.887045830488204956e-02
6.723156571388244629e-02
5.650430917739868164e-02
2.262473106384277344e-02
1.372140645980834961e-02
1.962220668792724609e-02
5.568549036979675293e-02
1.391817629337310791e-02
2.183079719543457031e-02
1.756769418716430664e-02
7.245987653732299805e-04
1.643407344818115234e-02
1.304721832275390625e-02
3.254906460642814636e-02
2.409893274307250977e-02
2.429705858230590820e-01
9.883720427751541138e-03
2.353674173355102539e-02
1.121044158935546875e-02
8.939484506845474243e-02
4.910308122634887695e-02
3.970623016357421875e-03
8.116009831428527832e-02
5.840572714805603027e-02
1.015241742134094238e-01
2.479392290115356445e-02
6.124377250671386719e-05
4.134249687194824219e-02
1.153218746185302734e-02
9.032428264617919922e-03
3.149795532226562500e-02
1.485750079154968262e-02
2.749887853860855103e-02
1.426559686660766602e-02
1.154512166976928711e-02
7.699243724346160889e-03
4.949688911437988281e-03
6.393492221832275391e-03
1.812888309359550476e-03
3.894966840744018555e-02
8.547544479370117188e-03
2.625381853431463242e-02
4.151540994644165039e-01
2.446325421333312988e-01
4.545592516660690308e-02
2.997571229934692383e-01
2.248435020446777344e-01
7.192203402519226074e-02
7.943660020828247070e-03
6.139785051345825195e-02
4.803600907325744629e-02
6.361156702041625977e-02
2.721869945526123047e-02
1.075088977813720703e-02
3.861309587955474854e-02
2.258318662643432617e-02
1.099362969398498535e-02
1.025982946157455444e-02
1.277971267700195312e-02
2.665138244628906250e-02
2.653143927454948425e-02
4.043155908584594727e-02
1.535481214523315430e-02
4.028109833598136902e-03
1.526421308517456055e-02
2.971529960632324219e-03
5.085843056440353394e-02
8.452373743057250977e-02
6.455361843109130859e-03
2.878913283348083496e-02
3.798910975456237793e-02
1.309305429458618164e-02
8.207663893699645996e-03
3.751510381698608398e-02
8.007007837295532227e-02
5.139769613742828369e-02
4.274815320968627930e-03
2.440893650054931641e-02
3.035777807235717773e-02
1.064375042915344238e-02
3.545528650283813477e-02
1.811957359313964844e-02
1.437836885452270508e-02
1.090270280838012695e-02
4.763163924217224121e-01
7.707223296165466309e-03
3.243768215179443359e-02
1.499750614166259766e-01
5.333530530333518982e-02
9.881985187530517578e-02
1.223561763763427734e-01
3.642201423645019531e-03
4.595279693603515625e-03
1.820051670074462891e-01
7.611289620399475098e-04
5.512526631355285645e-02
1.162228584289550781e-01
3.338765352964401245e-02
7.139700651168823242e-02
3.514671325683593750e-02
5.916014313697814941e-03
1.450371742248535156e-02
5.542498826980590820e-02
3.565397858619689941e-02
1.549683511257171631e-02
4.060924053192138672e-03
4.503786563873291016e-03
3.422378748655319214e-02
1.558899879455566406e-02
2.340704202651977539e-02
8.014220744371414185e-03
2.170765399932861328e-02
9.281039237976074219e-04
1.323828101158142090e-02
2.785295248031616211e-02
2.661738395690917969e-01
5.553964525461196899e-03
5.690097808837890625e-02
1.049137115478515625e-02
9.349747747182846069e-02
1.024105548858642578e-01
5.867719650268554688e-03
1.419441029429435730e-01
7.756003737449645996e-02
3.092968463897705078e-02
5.349899828433990479e-02
7.052157819271087646e-02
3.520184755325317383e-02
1.590609550476074219e-03
1.376523077487945557e-02
5.923867225646972656e-03
8.700400590896606445e-03
2.085641771554946899e-02
2.907872200012207031e-03
3.414154052734375000e-03
9.463429450988769531e-03
1.354163885116577148e-02
4.562675952911376953e-03
2.176260575652122498e-03
4.874867200851440430e-02
4.667639732360839844e-03
3.509696573019027710e-02
3.849208354949951172e-03
2.192765474319458008e-02
1.587980985641479492e-02
1.661288738250732422e-02
1.152676343917846680e-02
2.854286879301071167e-02
1.814365386962890625e-03
4.711389541625976562e-03
1.348789036273956299e-02
4.105165600776672363e-02
2.323806285858154297e-03
2.355939149856567383e-02
2.200439572334289551e-02
3.272289037704467773e-02
1.880103349685668945e-02
3.958704322576522827e-02
2.348589897155761719e-02
7.379293441772460938e-03
1.041137799620628357e-02
1.353526115417480469e-02
2.018779516220092773e-02
3.463462740182876587e-02
3.855419158935546875e-02
4.047650098800659180e-02
2.497919835150241852e-02
4.261136054992675781e-04
4.501736164093017578e-02
4.382195323705673218e-02
1.693925261497497559e-02
6.503081321716308594e-02
5.597182363271713257e-02
5.829334259033203125e-03
2.733361721038818359e-02
2.490064501762390137e-02
9.849160909652709961e-03
4.715979099273681641e-02
2.605986595153808594e-02
2.985107898712158203e-02
5.697220563888549805e-02
1.800838112831115723e-02
6.417721509933471680e-03
2.447861433029174805e-02
2.944362163543701172e-02
1.027718484401702881e-01
2.108508348464965820e-02
4.287880659103393555e-02
4.151009209454059601e-02
3.074505329132080078e-01
3.381311893463134766e-03
6.906507164239883423e-02
2.202321290969848633e-01
9.133517742156982422e-03
2.133778780698776245e-01
5.214631557464599609e-02
3.440403938293457031e-02
1.944254115223884583e-01
9.440183639526367188e-03
9.458631277084350586e-02
1.017576903104782104e-01
2.170598506927490234e-02
4.758089780807495117e-02
3.795304894447326660e-02
1.025739312171936035e-02
2.579432725906372070e-02
5.352973937988281250e-03
1.644566655158996582e-03
2.412575483322143555e-02
2.386111021041870117e-02
2.054333686828613281e-03
6.210625171661376953e-03
1.360017061233520508e-02
4.774623457342386246e-02
1.526623964309692383e-02
4.075616598129272461e-02
6.042157858610153198e-02
3.735148906707763672e-02
8.399724960327148438e-03
3.337249159812927246e-02
6.281107664108276367e-02
3.282004594802856445e-02
1.617798954248428345e-02
2.401164174079895020e-02
2.815800905227661133e-02
5.802482366561889648e-03
4.942597448825836182e-02
7.195830345153808594e-03
9.731978178024291992e-03
1.538187265396118164e-03
2.083051204681396484e-02
4.190343618392944336e-02
1.712626218795776367e-02
2.263754606246948242e-02
1.321804523468017578e-02
1.080042496323585510e-02
1.383394002914428711e-02
3.918826580047607422e-03
2.134822215884923935e-02
1.589584350585937500e-02
3.828608989715576172e-02
2.856490015983581543e-02
8.875906467437744141e-03
1.220607757568359375e-02
3.679648041725158691e-02
5.244010686874389648e-01
1.661324501037597656e-02
1.901412308216094971e-01
3.856994211673736572e-01
1.048383712768554688e-01
4.252567887306213379e-04
1.561700999736785889e-01
3.060877323150634766e-02
1.740680932998657227e-01
7.936394214630126953e-02
4.864811897277832031e-03
6.181719899177551270e-02
5.157306790351867676e-03
3.309172391891479492e-02
4.902064800262451172e-02
1.515758037567138672e-02
1.029318571090698242e-02
2.646476030349731445e-02
1.296848803758621216e-02
1.975727081298828125e-02
9.874939918518066406e-03
4.925856646150350571e-02
7.369589805603027344e-02
1.947957277297973633e-02
4.733219742774963379e-03
1.729917526245117188e-02
1.135390996932983398e-02
4.056519269943237305e-02
1.149806380271911621e-02
3.354817628860473633e-02
6.426617503166198730e-03
2.718795835971832275e-02
1.720976829528808594e-02
1.218873262405395508e-02
1.976037025451660156e-02
4.391551017761230469e-03
7.919293642044067383e-02
1.167636364698410034e-02
5.010962486267089844e-04
5.799424648284912109e-02
8.855681866407394409e-03
7.102310657501220703e-03
1.952111721038818359e-03
1.019559800624847412e-02
4.990279674530029297e-03
1.826488971710205078e-02
7.348450273275375366e-02
5.746603012084960938e-03
1.243185997009277344e-02
9.877339005470275879e-03
5.420356988906860352e-02
1.305621862411499023e-02
3.148873895406723022e-02
2.620434761047363281e-02
2.275699377059936523e-02
6.311058998107910156e-03
3.935629129409790039e-02
3.631806373596191406e-02
2.622541785240173340e-02
4.653915762901306152e-03
1.032824516296386719e-01
3.270789980888366699e-02
4.211582988500595093e-02
7.203572988510131836e-02
1.339590549468994141e-02
5.896604061126708984e-02
2.181816101074218750e-02
1.368075609207153320e-02
7.224451750516891479e-03
6.006944179534912109e-02
8.527994155883789062e-03
1.332205533981323242e-02
1.727318763732910156e-02
3.084832429885864258e-02
3.928767889738082886e-02
2.977922558784484863e-02
2.438300848007202148e-02
4.391445219516754150e-02
4.500359296798706055e-03
8.310019969940185547e-03
7.743477821350097656e-03
4.592022299766540527e-02
5.084204673767089844e-02
2.432337403297424316e-02
1.702322065830230713e-02
4.203510284423828125e-02
7.048994302749633789e-03
5.730848014354705811e-02
8.116066455841064453e-03
5.511987209320068359e-02
1.090249791741371155e-02
5.226063728332519531e-02
3.340852260589599609e-02
1.738106459379196167e-02
6.538867950439453125e-03
3.844380378723144531e-03
1.635772734880447388e-02
7.299184799194335938e-03
4.450201988220214844e-02
2.811689674854278564e-02
1.650577783584594727e-02
5.603075027465820312e-03
2.766660600900650024e-02
4.736223816871643066e-02
2.730798721313476562e-02
2.317065224051475525e-01
1.290116012096405029e-01
1.771712303161621094e-02
1.757937222719192505e-01
1.400309056043624878e-01
7.699662446975708008e-02
4.851657152175903320e-02
4.624526947736740112e-02
2.267521619796752930e-02
2.787816524505615234e-02
5.979083478450775146e-03
3.765827417373657227e-02
2.665418386459350586e-02
4.895180463790893555e-02
4.494190216064453125e-03
2.899885177612304688e-03
3.206255659461021423e-02
1.629143953323364258e-02
1.007974147796630859e-03
3.680878132581710815e-02
6.314992904663085938e-03
5.507785081863403320e-02
7.909089326858520508e-03
1.590177416801452637e-02
1.232045888900756836e-02
2.199572324752807617e-02
1.409548521041870117e-02
2.241325378417968750e-02
4.734992980957031250e-03
2.345865964889526367e-02
2.981799840927124023e-02
1.023691892623901367e-02
1.421730071306228638e-01
6.837284564971923828e-02
2.856540679931640625e-02
5.224245414137840271e-02
4.809182882308959961e-02
2.692931890487670898e-02
1.001721061766147614e-02
4.442608356475830078e-02
1.730412244796752930e-02
4.668400436639785767e-02
9.190380573272705078e-03
2.198272943496704102e-02
7.279278337955474854e-02
9.790283441543579102e-02
2.497816085815429688e-02
9.488513320684432983e-02
5.184006690979003906e-02
2.460879087448120117e-02
2.613889053463935852e-01
1.048892736434936523e-02
2.225077152252197266e-02
1.023502647876739502e-01
4.859657585620880127e-02
2.952277660369873047e-02
1.031875312328338623e-01
2.588175982236862183e-02
2.624034881591796875e-02
2.261853218078613281e-02
3.870121389627456665e-02
8.450728654861450195e-02
3.504705429077148438e-02
5.178369581699371338e-03
7.265883684158325195e-02
4.261833429336547852e-02
4.910562187433242798e-02
2.593034505844116211e-02
1.750093698501586914e-02
2.623490989208221436e-03
3.556549549102783203e-03
1.445680856704711914e-02
2.089522778987884521e-02
1.687738299369812012e-02
2.177608013153076172e-02
1.160113513469696045e-02
4.973822832107543945e-02
1.504415273666381836e-02
6.786048412322998047e-03
6.776675581932067871e-03
4.779458045959472656e-03
3.340342640876770020e-02
3.147840499877929688e-02
1.599431037902832031e-02
5.466645956039428711e-02
1.295058056712150574e-03
7.341444492340087891e-03
3.100848197937011719e-02
6.031803414225578308e-02
4.414552450180053711e-02
5.847811698913574219e-03
3.097790479660034180e-02
7.352256774902343750e-02
1.375955343246459961e-02
1.423756033182144165e-02
1.251825690269470215e-02
2.894562482833862305e-02
4.455368220806121826e-02
4.255828261375427246e-02
4.533588886260986328e-03
3.610135614871978760e-02
9.619057178497314453e-03
4.638367891311645508e-02
2.413243055343627930e-02
1.017580926418304443e-02
1.158738136291503906e-02
5.409762263298034668e-02
4.268933087587356567e-02
3.131449222564697266e-03
4.959505796432495117e-02
2.474386245012283325e-02
4.142099618911743164e-02
1.891434192657470703e-02
8.884700015187263489e-03
8.144497871398925781e-03
4.292482137680053711e-02
1.525548100471496582e-02
1.765018701553344727e-02
8.333563804626464844e-03
1.434195041656494141e-02
4.779255390167236328e-02
1.983255147933959961e-02
3.046140074729919434e-03
2.894830703735351562e-02
2.579331398010253906e-03
1.048852503299713135e-02
4.619425535202026367e-02
2.395874261856079102e-02
1.558426022529602051e-02
2.592380344867706299e-02
5.167180299758911133e-02
4.763257578015327454e-01
4.845672845840454102e-02
2.347781062126159668e-01
3.418820202350616455e-01
1.884167641401290894e-02
2.580606341361999512e-01
6.078839302062988281e-03
2.208216302096843719e-02
1.363664865493774414e-02
1.390683650970458984e-02
1.599261537194252014e-03
1.228094100952148438e-03
5.065381526947021484e-03
2.475644648075103760e-02
5.842745304107666016e-04
1.414161920547485352e-02
4.346873611211776733e-02
7.480055093765258789e-03
1.739895343780517578e-02
1.396009325981140137e-02
1.548996567726135254e-02
8.248865604400634766e-03
1.700153946876525879e-02
3.225141763687133789e-02
3.606814146041870117e-02
9.609252214431762695e-03
9.426757693290710449e-03
2.147424221038818359e-02
2.098739147186279297e-02
7.440755516290664673e-02
5.141973495483398438e-02
5.692088603973388672e-02
3.769659064710140228e-02
6.427228450775146484e-03
6.967484951019287109e-02
1.976322382688522339e-03
2.283906936645507812e-02
3.143608570098876953e-03
4.267445206642150879e-02
1.421132683753967285e-02
1.578575372695922852e-02
1.494900882244110107e-02
4.058450460433959961e-03
3.468638658523559570e-02
4.208591580390930176e-02
3.091864064335823059e-01
1.878050565719604492e-01
2.693408727645874023e-02
1.977630108594894409e-01
1.363065838813781738e-01
6.584605574607849121e-02
2.734686434268951416e-02
7.032603025436401367e-02
2.887809276580810547e-02
6.497251987457275391e-02
3.092765808105468750e-02
9.202718734741210938e-03
2.057807520031929016e-03
2.675259113311767578e-02
6.537795066833496094e-03
2.047746395692229271e-02
5.480194091796875000e-02
3.779745101928710938e-02
1.210700720548629761e-03
3.297689557075500488e-02
4.416108131408691406e-02
3.710911422967910767e-02
4.347336292266845703e-02
3.273904323577880859e-03
6.247714161872863770e-03
1.481893658638000488e-02
5.581676959991455078e-03
1.776620745658874512e-02
8.898288011550903320e-03
9.745061397552490234e-03
2.534502744674682617e-02
3.969073295593261719e-03
2.913039922714233398e-02
2.604919672012329102e-02
1.370269060134887695e-02
1.320022344589233398e-02
3.117442131042480469e-02
4.389324784278869629e-02
7.562816143035888672e-03
3.715455532073974609e-03
1.213976368308067322e-02
7.572597265243530273e-02
2.908092737197875977e-02
2.813499420881271362e-03
9.782671928405761719e-03
1.278936862945556641e-02
5.906693637371063232e-03
4.280814602971076965e-01
5.949342250823974609e-02
3.711971715092658997e-01
2.727302759885787964e-01
4.217183589935302734e-02
5.339335277676582336e-01
1.704310029745101929e-01
3.874129056930541992e-02
2.479158490896224976e-01
1.630751043558120728e-01
2.884995937347412109e-02
8.720397949218750000e-03
1.100286189466714859e-02
5.701720714569091797e-03
1.100927591323852539e-02
4.530008509755134583e-02
1.067203283309936523e-02
4.140126705169677734e-02
3.387815784662961960e-03
4.835903644561767578e-03
4.280805587768554688e-03
3.551990538835525513e-02
1.220306754112243652e-02
2.089917659759521484e-02
2.897882461547851562e-02
3.898565247654914856e-01
2.737110257148742676e-01
3.945730626583099365e-02
2.249078378081321716e-01
1.003289222717285156e-01
3.381574153900146484e-02
4.488942027091979980e-02
2.505093812942504883e-02
8.637011051177978516e-03
1.380401849746704102e-02
1.447063684463500977e-02
1.390624046325683594e-02
6.223671138286590576e-03
3.415209054946899414e-02
5.197048187255859375e-03
1.544754952192306519e-02
5.835694074630737305e-02
3.183376789093017578e-02
1.438951492309570312e-02
5.619561672210693359e-02
4.497009515762329102e-02
2.788650989532470703e-02
5.395401120185852051e-01
5.023849010467529297e-02
3.174425661563873291e-02
2.291773855686187744e-01
8.594745397567749023e-02
7.872221618890762329e-02
2.561870068311691284e-01
7.416015863418579102e-02
2.959284260869026184e-01
3.848645091056823730e-02
9.670060873031616211e-02
1.157073676586151123e-01
4.768266528844833374e-02
7.718873023986816406e-02
1.040925979614257812e-01
6.434299051761627197e-03
8.050501346588134766e-03
1.768362522125244141e-02
2.912170812487602234e-02
3.059428930282592773e-02
3.156268596649169922e-02
4.140755534172058105e-02
1.338404417037963867e-02
1.318049430847167969e-02
3.353326022624969482e-02
1.566380262374877930e-02
2.176231145858764648e-02
6.084561347961425781e-03
1.793682575225830078e-02
3.045129776000976562e-02
3.900860249996185303e-02
4.402548074722290039e-03
3.568637371063232422e-02
9.403645992279052734e-03
1.652441918849945068e-02
2.476465702056884766e-02
2.666860818862915039e-02
6.902746856212615967e-03
3.034120798110961914e-02
3.213095664978027344e-02
9.192466735839843750e-03
5.365878343582153320e-02
1.749753952026367188e-03
4.917252808809280396e-03
9.415924549102783203e-03
1.538372039794921875e-02
1.127304658293724060e-01
5.676048994064331055e-02
5.332291126251220703e-03
7.387229800224304199e-02
5.404645204544067383e-02
3.304779529571533203e-03
9.865760803222656250e-03
2.678394317626953125e-03
1.146775484085083008e-02
2.054819464683532715e-02
3.917574882507324219e-03
3.094702959060668945e-02
2.647489309310913086e-03
8.332073688507080078e-03
1.447153091430664062e-02
1.931470632553100586e-02
3.959897905588150024e-02
2.064269781112670898e-02
1.786732673645019531e-02
2.080399543046951294e-02
5.713820457458496094e-03
6.694614887237548828e-03
1.450268179178237915e-02
3.279513120651245117e-02
3.443425893783569336e-02
3.892097249627113342e-02
2.877354621887207031e-03
1.548569202423095703e-01
1.640630885958671570e-02
4.233121871948242188e-02
8.402311801910400391e-02
4.763735830783843994e-02
6.136119365692138672e-02
1.889300346374511719e-02
2.044512331485748291e-02
1.417157053947448730e-02
9.725272655487060547e-03
2.016729116439819336e-02
2.065296471118927002e-02
7.286280393600463867e-02
1.232239603996276855e-02
1.193664148449897766e-01
1.664364337921142578e-02
6.683468818664550781e-04
6.480023264884948730e-03
2.669227123260498047e-02
3.712278604507446289e-02
5.135031417012214661e-02
1.816654205322265625e-02
1.137781143188476562e-02
1.937593147158622742e-02
3.066265583038330078e-02
3.454041481018066406e-02
1.087397038936614990e-01
5.505558848381042480e-02
2.587425708770751953e-02
1.729212701320648193e-02
4.374173283576965332e-02
1.577794551849365234e-02
1.518115401268005371e-02
9.031683206558227539e-03
1.065331697463989258e-02
2.427119016647338867e-02
9.880334138870239258e-03
2.565085887908935547e-02
7.244610786437988281e-02
2.225509285926818848e-02
9.472370147705078125e-04
1.115763187408447266e-02
6.502421002369374037e-02
1.095807552337646484e-02
2.857148647308349609e-03
1.830896362662315369e-02
1.467317342758178711e-02
1.087254285812377930e-02
2.526010945439338684e-02
3.031134605407714844e-03
3.880208730697631836e-02
2.825711667537689209e-02
4.601776599884033203e-03
1.931220293045043945e-02
3.242956101894378662e-02
5.538851022720336914e-03
1.169061660766601562e-02
4.875525832176208496e-03
1.648128032684326172e-02
3.567874431610107422e-02
2.464857697486877441e-02
2.821843326091766357e-02
4.944205284118652344e-03
3.335663676261901855e-02
2.427371591329574585e-02
1.284372806549072266e-02
3.921675682067871094e-02
1.012725755572319031e-02
3.602445125579833984e-03
1.278817653656005859e-02
1.184530556201934814e-03
4.545456171035766602e-02
2.659195661544799805e-02
1.040727794170379639e-01
9.432703256607055664e-02
3.131335973739624023e-02
2.795053645968437195e-02
6.259986758232116699e-02
7.130682468414306641e-02
2.152872830629348755e-02
2.657607197761535645e-02
1.165181398391723633e-02
3.270609676837921143e-02
1.253841817378997803e-02
3.795188665390014648e-02
3.678441047668457031e-02
4.276423156261444092e-02
2.334475517272949219e-02
3.421065211296081543e-02
2.137562632560729980e-02
7.841050624847412109e-03
1.430511474609375000e-06
1.026615127921104431e-02
9.928822517395019531e-02
5.773842334747314453e-03
1.441471278667449951e-02
2.039754390716552734e-02
5.234926939010620117e-02
2.559607848525047302e-03
3.879930377006530762e-01
1.444089412689208984e-02
6.282760202884674072e-02
