# {'window': 71, 'contam': 0.945080376965762, 'q': 0.09362493459117316, 'thres': 1.5128037674504045}
4.361525487368392295e-02
1.476976846046200276e+00
1.120580060375905962e+00
3.832985204328290818e-01
1.606743237765287047e+00
8.781955795811345888e-01
8.337519554894304852e-01
1.420225547069967842e+00
5.898549007384340515e-01
1.074302747928844060e+00
1.479547129012164008e+00
1.042100225235340488e-01
1.376090742674152656e+00
1.215660500587948389e+00
2.579733123501171677e-01
1.493348886827189803e+00
1.051726239982370803e+00
4.318367793235082797e-01
1.503096529237148538e+00
7.630645542650333901e-01
7.320288464226644143e-01
1.419893451543740692e+00
3.766694242335187903e-01
1.119681495520634451e+00
1.410064872897657251e+00
4.166987626492611729e-03
1.564976616538348964e+00
1.249245783903697671e+00
3.545341998246662740e-01
1.526368879701161418e+00
9.199661167700300402e-01
6.144381930993479957e-01
1.500141202350157688e+00
5.934933669889561614e-01
1.054065784606394329e+00
1.343068954806667437e+00
3.387484790986656225e-01
1.277511534547715044e+00
1.197914733395470499e+00
1.964566377116178097e-01
1.630260446530707119e+00
9.328089049413832434e-01
5.194230146854873498e-01
1.514133813563543818e+00
8.388277930252323600e-01
9.513777064080223278e-01
1.443251353854473784e+00
3.344659214749000631e-01
1.217292827823964307e+00
1.307009545911255843e+00
5.732620786193604046e-02
1.484830820010296204e+00
1.123129904217581521e+00
3.089125094216987888e-01
1.546807396180545968e+00
9.662643456617417970e-01
6.859063424508196061e-01
1.563006498796690957e+00
5.306872010902602410e-01
1.084318651169896564e+00
1.501339340051098148e+00
1.169844058468312714e-01
1.260308848624451805e+00
1.313358881181682314e+00
3.550620938374233759e-01
1.363574570446220768e+00
1.065467785234607279e+00
6.512658794015288022e-01
1.537475758368034073e+00
8.489670422889290524e-01
7.920085432850926255e-01
1.350520486844793533e+00
3.492583215841109645e-01
1.231117171459971127e+00
1.528352176989183464e+00
1.441611600506133850e-01
1.350060280271161872e+00
1.136594336757248191e+00
2.767052937996875017e-01
1.595424094562221784e+00
8.597667547888946382e-01
7.846333657096482561e-01
1.599813189897122623e+00
5.928588029449298746e-01
9.427161795515669462e-01
1.459761277444323158e+00
2.474369173378585529e-01
1.160815488996875366e+00
1.209602137882753947e+00
2.847620250539850129e-01
1.426945665578126743e+00
1.019752384175942828e+00
6.689842045779684776e-01
1.543512966316324064e+00
6.855706432721413446e-01
9.819598259131019358e-01
1.583469114650357445e+00
3.577458857872289899e-01
1.121549646045258086e+00
1.518797419507035285e+00
2.273505483114041104e-02
1.523236997925297986e+00
1.072421892313025094e+00
3.387841871794291526e-01
1.512189974327440734e+00
1.022975605506321939e+00
7.825597412390893348e-01
1.486853445671726837e+00
4.979314018937036068e-01
9.566777304668409032e-01
1.323544040128988630e+00
2.546680230169373615e-01
1.341675926607549751e+00
1.284072938203719483e+00
2.816938824384259688e-01
1.395842459943873459e+00
1.005892679179931859e+00
4.729409865328615403e-01
1.510945237312214084e+00
7.006179987241887286e-01
8.546146359428055117e-01
1.542179347881621698e+00
2.998415002712351285e-01
1.156383592034460284e+00
1.304021155908954954e+00
8.599965805569179111e-02
1.311438076041105960e+00
1.175704948062238797e+00
4.793281223286488535e-01
1.261777266816163978e+00
9.043328535224191000e-01
7.651859557670034340e-01
1.358323578077367921e+00
6.156471860866102874e-01
1.080168968815673036e+00
1.410833320057998108e+00
2.471538303689764238e-01
1.340372032349816944e+00
1.047206631681309563e+00
2.231546238158830242e-01
1.506553488580954614e+00
1.117031397950454696e+00
6.112919529867616442e-01
1.593134948695948960e+00
7.408842375989472817e-01
8.613170536977585723e-01
1.450515223273431520e+00
3.676199352598597536e-01
1.248470719937227802e+00
1.413301276698922360e+00
3.044683278901072834e-02
1.399906440205040736e+00
1.251088961575817615e+00
3.374538573616370218e-01
1.438804402660384563e+00
9.119617665144053031e-01
7.426539305029916660e-01
1.537660403709190771e+00
5.476494714787505380e-01
1.128776151159816665e+00
1.445302389120773690e+00
1.745455850851947432e-01
1.182388319865249837e+00
1.348293246789538991e+00
2.584799606910417324e-01
1.344496490847523651e+00
9.806082403275816484e-01
4.889528767672699505e-01
1.482330526989056318e+00
6.804983005010936115e-01
9.192050508203744030e-01
1.546730657264555608e+00
4.169580402251626960e-01
1.230864897434244432e+00
1.392759773629157261e+00
4.286224016589378072e-02
1.355659837066600648e+00
1.122505093604700299e+00
4.213678160596666666e-01
1.449322213953107896e+00
9.462854398630641262e-01
6.554432747474221443e-01
1.568808417271737587e+00
4.922952636425430573e-01
1.180593014556655884e+00
1.416221662124604430e+00
1.464267896344140230e-01
1.306231665351481608e+00
1.344307387987355051e+00
2.840804476461754047e-01
1.309632965268942240e+00
1.023583700380522821e+00
6.502134450670388199e-01
1.540890419058746685e+00
8.893843732560057225e-01
8.795613143394717115e-01
1.583058760879244131e+00
4.043605727701393704e-01
1.131659143347938601e+00
1.358626823831553532e+00
3.651026253989066161e-02
1.244498033268758519e+00
1.005040401304227116e+00
2.972334553728774309e-01
1.416278771013304238e+00
8.502745766504786751e-01
7.667448395153273477e-01
1.472174740034476015e+00
5.798963297489105884e-01
9.876205392094400404e-01
1.385858134285761434e+00
1.855510900522475692e-01
1.221539499445904342e+00
1.334987340808248657e+00
2.370026031871512451e-01
1.565126545961660343e+00
1.085268508293290468e+00
6.463801943153507645e-01
1.598932905853844177e+00
7.437307954332611493e-01
8.875613827494948094e-01
1.480738825025941674e+00
4.300685334684666294e-01
1.086973877923955500e+00
1.463072874051691841e+00
7.400480458265409206e-03
1.499608321784920983e+00
1.149407858858547460e+00
4.512179489898325291e-01
1.519799263415877011e+00
9.039215473237607323e-01
6.555643265994253177e-01
1.527779439378542214e+00
6.099679076129748134e-01
1.097432817307172126e+00
1.458041506355686412e+00
4.710410096905164740e-02
1.170099674197313755e+00
1.388380289430216408e+00
1.701204002868065834e-01
1.463976221116618515e+00
9.641753670828866474e-01
5.818038889612200393e-01
1.289540409447777369e+00
7.650770777997949468e-01
8.236451151191154230e-01
1.618070741002995971e+00
3.204840770244827830e-01
1.109039215887443586e+00
1.471154350034681313e+00
1.811646945499305605e-01
1.333202521199106982e+00
1.073249501777985504e+00
2.795063763810144986e-01
1.430925445252368533e+00
8.420096129778554817e-01
7.727076226209664833e-01
1.485271824757633308e+00
5.367737482856823616e-01
1.156628309751062567e+00
1.406153738034632283e+00
1.332640629609605221e-01
1.402292811300934083e+00
1.226473527966167598e+00
3.107293449547415820e-01
1.353249277558837615e+00
9.816051770368503515e-01
5.372799684840214862e-01
1.496401556085074969e+00
6.931165855022974887e-01
8.130245512397745733e-01
1.463870495111318171e+00
4.347217676843697087e-01
1.175525825169990046e+00
1.395360960722898946e+00
7.893543219745340067e-02
1.366477897548456832e+00
1.167093381675784247e+00
3.255666937831616647e-01
1.518494994971329337e+00
8.249235592594845734e-01
7.660901838098159722e-01
1.586695316559990854e+00
6.426348276917778213e-01
1.116726798757605499e+00
1.466265296413341357e+00
3.405484959213934681e-01
1.469776684911528797e+00
1.289123747457942226e+00
1.884932701538419020e-01
1.406610677854534419e+00
1.027604298433011598e+00
4.931593865585061631e-01
1.456233097411629318e+00
8.403813722190114355e-01
8.749223325973594090e-01
1.517024302028876726e+00
4.387687251544261646e-01
1.239746591865160230e+00
1.379989080011061242e+00
2.116707274693591379e-01
1.304942089805625427e+00
1.218821509580031437e+00
3.487124101040212087e-01
1.566824974262433612e+00
9.740586616039492718e-01
8.077316401446519301e-01
1.528349517779094224e+00
6.214261953431737817e-01
1.056456407722518476e+00
1.447480840555534387e+00
1.481255498204015753e-01
1.153300579306156148e+00
1.222281108051074705e+00
2.574274618085203303e-01
1.543050021273450367e+00
1.003114557476085800e+00
6.141068566778361548e-01
1.507106853536662960e+00
7.254174034318922049e-01
7.869360367483771990e-01
1.415989232139468479e+00
3.033357403035428224e-01
1.209533259220008983e+00
1.230097590446085576e+00
1.215668948871310301e-02
1.514341835862818675e+00
1.196745331230745668e+00
4.134047178601614747e-01
1.621164713045537109e+00
9.692353414471501782e-01
7.233067045786657490e-01
1.501102300749474594e+00
6.403178473083949163e-01
1.044386664836698619e+00
1.521936942345069710e+00
2.780605067603847402e-01
1.228010401584234357e+00
1.307112796379438002e+00
3.045917382610558444e-01
1.472210790483218901e+00
1.114646342014418368e+00
5.557678479216907608e-01
1.595129591737654673e+00
6.923250873242750014e-01
8.930954971263163067e-01
1.519660150105410779e+00
4.660033099554483638e-01
1.144229450010744609e+00
1.391505463897508399e+00
1.983437389623185498e-01
1.316633341377320354e+00
1.260368731303189493e+00
3.793968852889483268e-01
1.395809139222551565e+00
9.491021294174607492e-01
6.111368674127088951e-01
1.476653314151997076e+00
6.181711364162655320e-01
9.771673106870892855e-01
1.414445481391338966e+00
2.909044752409000248e-02
1.346679347707973928e+00
1.381406745776143863e+00
1.938755652788945183e-01
1.449322734668842205e+00
9.276073926482895082e-01
6.125222458144389259e-01
1.492332230013407868e+00
6.964742557572696224e-01
8.313313335257275227e-01
1.342060568624036998e+00
3.707870956397204543e-01
1.124960969486705320e+00
1.445202846966606947e+00
3.895256874450771928e-02
1.465639239742465572e+00
1.066115931758461866e+00
2.927213579280521505e-01
1.534154113907267636e+00
1.048199818193262578e+00
7.913108383886555686e-01
1.444376411932434490e+00
5.501198144590604411e-01
1.062034187736804469e+00
1.452792516234147735e+00
1.386028359204028171e-01
1.358243426576143387e+00
1.405924222997349871e+00
2.109419258104163752e-01
1.352726863207363905e+00
1.060359832036890548e+00
5.951582400942093676e-01
1.543909645362137262e+00
6.400724694554273952e-01
9.349411224644451623e-01
1.576728719553680325e+00
4.312261741056033770e-01
1.240198012670757244e+00
1.375774738929212315e+00
3.976311236305841296e-02
1.263935573719526806e+00
1.139626728289858004e+00
3.480473762049668407e-01
1.524226870978319992e+00
9.484413908487902001e-01
6.806093126288478290e-01
1.663910886921824206e+00
6.270150483235210626e-01
1.160980269713742574e+00
1.566930237902748102e+00
2.782180197484988016e-01
1.275939363391159320e+00
1.055236107558015002e+00
1.566121862507027229e-01
1.384895099140045938e+00
1.008805262481701659e+00
5.900709285715826091e-01
1.543075341384093191e+00
7.518522375618019726e-01
9.874770885124398712e-01
1.446307144885975449e+00
2.430218762515217179e-01
1.152902559431445928e+00
1.360660733367072384e+00
1.081575629374047637e-01
1.449412228560205795e+00
1.318977356774115206e+00
2.721928741384485595e-01
1.642473964625185134e+00
7.856693834039317759e-01
6.387179653275243396e-01
1.598239652432774660e+00
6.329756486190811771e-01
1.095241693490791368e+00
1.329594931665055269e+00
2.470949472160849925e-01
1.350291157067559755e+00
1.331780628639645858e+00
1.273766178990845543e-01
1.437492621523081660e+00
1.060403555219751492e+00
5.853433620956731698e-01
1.442898650403344751e+00
7.204560464176530399e-01
1.015923053497195472e+00
1.550560876885359374e+00
4.442082602336661079e-01
1.060958926863627250e+00
1.371695308386058354e+00
1.214354538469560735e-01
1.384262704106191899e+00
1.134357142754116143e+00
5.494916194653630681e-01
1.488668843535683628e+00
9.258503069196317714e-01
7.690192875637585912e-01
1.512663218674518584e+00
5.511103929751637320e-01
1.066208042676489720e+00
1.474293447579103411e+00
2.518953820997048010e-01
1.206104702807036633e+00
1.230190891146558885e+00
8.449472481519733347e-02
1.505902674513719175e+00
9.989077494674561963e-01
4.240013512003745766e-01
1.715781311929364339e+00
6.766899977182058157e-01
8.702792872215854292e-01
1.344241050868010490e+00
1.791092638455156205e-01
1.214139732629144541e+00
1.254140708219137812e+00
1.571019252529257115e-01
1.321588473224371230e+00
1.009534893134481637e+00
3.694123437111207497e-01
1.668067006418659348e+00
9.273709232454190321e-01
8.700334047393714076e-01
1.621328944350484580e+00
5.253862533235251764e-01
9.737776355465144196e-01
1.359369415077037679e+00
1.276948955342963876e-01
1.402226497099331004e+00
1.328102384561915761e+00
1.832212802875103907e-01
1.333380375123052630e+00
1.021475335799322925e+00
4.798871159180926327e-01
1.501916354662570674e+00
7.568161225673167847e-01
8.362142731345643121e-01
1.459185241732866123e+00
3.668165777673213501e-01
1.224363612753422981e+00
1.576424215863984957e+00
1.324724206639630864e-01
1.345959533102685679e+00
1.305558408921159819e+00
3.987719980977302292e-01
1.599883049101102905e+00
8.932620910338592291e-01
5.920755253572181909e-01
1.488045717490006803e+00
5.057283976696086425e-01
9.502888888336834539e-01
1.449263196824609690e+00
2.232501340112096611e-01
1.229001316609910965e+00
1.308197230434272162e+00
1.941572786275116147e-01
1.462432483496196589e+00
1.065338823953811520e+00
5.519616425258162540e-01
1.575423836558024648e+00
7.181286291964688040e-01
8.935294204315816780e-01
1.420980158056159848e+00
2.758270447648650814e-01
1.183212712718826110e+00
1.291181425865518984e+00
6.178365729112303417e-02
1.397077746370714468e+00
1.235864481511591118e+00
3.977963481841115811e-01
1.400254442886909922e+00
9.311404976392682054e-01
6.912670377172530634e-01
1.509238503896612293e+00
3.968681514732523841e-01
9.272870674204143349e-01
1.361801191108010567e+00
2.449881620592192222e-01
1.301666909532379846e+00
1.245568665826764398e+00
3.028939004358345288e-01
1.428478079416837687e+00
1.061370129846028298e+00
6.118002331719776254e-01
1.409880224437717322e+00
7.190476725885587284e-01
9.542625021457518120e-01
1.536921021383076402e+00
4.840004837092362622e-01
1.184389675165905542e+00
1.305188122070228385e+00
1.050975253076477656e-01
1.428361392381335415e+00
1.076287222967480917e+00
3.807186233456688051e-01
1.502724580531652254e+00
9.180672464695243118e-01
9.429296952040411295e-01
1.506535694354387500e+00
5.180590307468311284e-01
9.763945832868750063e-01
1.466121782671295115e+00
2.290151360509926071e-01
1.299604173608436941e+00
1.411075136577443656e+00
1.763633958652336131e-01
1.322377935273221006e+00
1.129788497538029901e+00
4.244012903532066727e-01
1.546589329094684606e+00
7.514963678128281366e-01
9.676912158940230713e-01
1.503230083734418798e+00
4.014441738458167652e-01
9.839616445696108826e-01
1.589475993134741749e+00
4.170580481506491050e-03
1.268173081596146945e+00
1.234816729321572382e+00
3.873745597681895747e-01
1.423968348847366006e+00
9.305495154480489806e-01
7.443619304471142950e-01
1.465840843914991698e+00
5.000596569276862802e-01
1.114203018791040778e+00
1.459499833813295400e+00
1.825249192049380742e-01
1.295535690528375250e+00
1.340505040562148142e+00
2.640451643689943895e-01
1.472569620768642729e+00
1.094809767367843412e+00
4.860016799160648548e-01
1.631581915500273761e+00
6.644724314195605830e-01
8.447465458402900751e-01
1.536184350063863224e+00
3.980300003456724856e-01
1.075356829170722506e+00
1.288020006284707364e+00
8.501488455753067330e-02
1.421421656713644399e+00
1.108794704482312765e+00
5.055320737666481046e-01
1.486626816514236671e+00
8.472618869236060446e-01
5.998038339074922565e-01
1.557141896117885116e+00
6.916830662940869345e-01
1.040870655367851505e+00
1.476436362687065129e+00
1.388556550079567964e-01
1.318008088378081366e+00
1.458423404145445135e+00
9.612013089605526972e-02
1.418477032057592124e+00
1.059236947947969298e+00
4.888033849533138242e-01
1.426372326826685244e+00
7.828820801706782850e-01
1.017113578170973698e+00
1.475984082179175205e+00
3.659716216717268655e-01
1.062118051976334021e+00
1.253839794741314018e+00
4.612534236211697503e-02
1.319528346181995548e+00
1.193175481937843063e+00
4.031580727053279967e-01
1.554379658937559583e+00
7.618443267725693024e-01
7.929738038445161008e-01
1.501732802706776448e+00
6.805113070144203080e-01
1.057682592115940956e+00
1.459143378329580409e+00
1.224070208742726457e-01
1.276487245953241922e+00
1.078109934788159308e+00
2.321600365197060978e-01
1.480689783359578460e+00
1.136266804828271582e+00
5.296198001299066149e-01
1.442835955771294865e+00
7.203905484584729457e-01
7.843087341769813259e-01
1.425538672037705901e+00
3.551684953365117914e-01
1.074629673214301029e+00
1.248228879545228542e+00
6.573824978213806125e-02
1.316131798601225311e+00
1.254135195199983066e+00
4.371857090306374150e-01
1.370256628947047917e+00
8.593948671699737085e-01
6.951047433018068267e-01
1.433260889203693322e+00
6.094735681793748139e-01
1.104658004481601230e+00
1.453002305153870521e+00
1.399610809081036356e-01
1.305367881734609048e+00
1.278735218589875933e+00
2.715405398654538449e-01
1.389734323970407859e+00
9.976826454898304330e-01
5.359895035864977730e-01
1.538100597553806681e+00
7.863175074326668179e-01
8.360994217575772325e-01
1.695238376124758251e+00
3.532595567737469855e-01
1.177615266901751667e+00
1.411431080098409785e+00
1.083334998211213235e-01
1.308975864861179561e+00
1.020376172369863887e+00
4.526298473105515585e-01
1.507932937706113030e+00
7.834382687582218674e-01
7.084947658805945681e-01
1.499215561990359769e+00
4.367439148310988672e-01
1.087535585989737541e+00
1.440831034705242653e+00
2.269600080536807729e-01
1.165944599892754674e+00
1.383887344787893880e+00
1.987851850650523000e-01
1.494612845781448929e+00
1.071662128084940768e+00
6.072253766695598909e-01
1.491973349535616888e+00
6.250448345337611400e-01
8.341972169130087433e-01
1.414976159684723678e+00
4.562105751589850544e-01
1.254207183814640469e+00
1.445921745464278541e+00
8.290068277523073015e-02
1.369737313171727866e+00
1.252867946940263932e+00
3.955844644660713172e-01
1.578980741598310145e+00
9.228278205720823468e-01
7.836557761455398285e-01
1.460498183555505980e+00
5.726604211050255744e-01
1.019307763486974938e+00
1.368549216536506519e+00
1.842830773850426540e-01
1.202338381073198681e+00
1.242067305099448626e+00
1.194691436017663450e-01
1.369975605568552801e+00
1.195493240365886889e+00
5.996329680807304108e-01
1.396841028909173055e+00
7.071884042813197935e-01
8.562558180944255248e-01
1.561921074680444832e+00
2.806519127654229506e-01
1.172190862452657134e+00
1.275628753965139861e+00
1.052858309574647017e-01
1.408867181610095720e+00
1.064849174290780853e+00
2.452789771443621702e-01
1.491314673852663475e+00
8.841607267216790023e-01
7.433195036337238992e-01
1.601603362130253894e+00
5.279231453736576984e-01
1.008767144242267655e+00
1.473288218753326273e+00
6.282389755959288946e-02
1.291545930819424592e+00
1.389647182327846897e+00
2.283977087146363549e-01
1.531809769046521108e+00
1.035853617855798214e+00
6.087338864763814916e-01
1.461778372391130620e+00
6.805702222952618730e-01
8.939561708725718425e-01
1.332063199992387537e+00
3.097927334885560713e-01
1.244102337272521286e+00
1.360593614423347697e+00
7.623596152321163166e-02
1.387561595273382409e+00
1.308458172055534829e+00
5.476488983741150118e-01
1.550981778857332127e+00
1.024635770739509733e+00
7.206644947460413286e-01
1.590279073882479022e+00
4.941975510905532443e-01
1.021087858458266329e+00
1.267063074018053515e+00
1.388941788988944936e-01
1.339038378450675637e+00
1.370466701289687395e+00
1.079195400137573507e-01
1.328609826617814349e+00
9.526846604117943373e-01
5.426841682653327226e-01
1.557414944432725212e+00
8.167025165811266918e-01
9.113262440042357859e-01
1.645543673732690726e+00
3.054801625767279982e-01
1.229390835903957591e+00
1.324155870956051917e+00
4.255846468809595246e-02
1.466755971041109996e+00
1.042578783597337688e+00
3.657290508160680464e-01
1.481040049225027522e+00
9.019572911495813416e-01
6.640811939187303281e-01
1.557833387114917034e+00
5.111369314811812226e-01
9.890025413013248112e-01
1.287892242721686342e+00
9.456865765484584463e-02
1.251198861548663110e+00
1.278686784723857661e+00
1.074167864181340692e-01
1.561893224418442916e+00
1.051623321618776252e+00
6.159189324305993640e-01
1.373236476102605241e+00
6.707574025234565029e-01
8.900485993949658337e-01
1.549916195991306145e+00
3.880375840243011631e-01
1.184467347412709204e+00
1.321887292758084476e+00
1.422839282750554789e-02
1.237593343362719756e+00
1.178208582800507331e+00
3.435463605760039063e-01
1.489440425006286484e+00
8.188554013465271231e-01
7.944200369957594710e-01
1.470148708687560202e+00
5.121787432168951604e-01
1.008065426930772501e+00
1.471160934668164000e+00
9.839462866076608138e-01
5.912952544530031274e-01
6.708498335083262765e-01
1.010877384996166750e+00
7.999057635749687867e-01
9.226984111505694974e-01
8.280092270792771547e-01
8.323456210258193266e-01
8.780126372494279074e-01
7.466516729386080131e-01
8.653668317633191887e-01
7.676812148653661128e-01
7.513955791835049691e-01
8.926215282435217002e-01
9.602566214902864827e-02
1.099997428548941780e+00
9.368786403017763664e-01
9.001344640541710795e-01
9.962326832446745106e-01
8.652065264211670215e-01
9.408735062440571895e-01
8.836887182682291453e-01
8.719751801043789108e-01
9.107463575281524726e-01
7.736806562589585434e-01
9.815276093212371711e-01
5.917221325111607921e-01
6.715372383766016195e-01
1.012451386669526388e+00
8.028491586360400056e-01
9.237849552116080831e-01
8.288996247195385969e-01
8.376895418625425194e-01
8.835224017648658501e-01
7.524870365041018694e-01
8.707646665234789474e-01
7.726842389778911802e-01
7.553702343371339056e-01
8.928954685974018757e-01
9.833812733451559318e-02
1.101394407409704179e+00
9.400886639989807225e-01
9.042406148254976683e-01
1.000008743774955633e+00
8.688590941904876797e-01
9.450995688914776149e-01
8.883672742402689559e-01
8.774611022028850904e-01
9.176411743245912467e-01
7.794512879297125219e-01
9.874458225865888616e-01
5.944931878356773947e-01
6.672944203930709639e-01
1.007082315043053233e+00
7.947461097950606623e-01
9.175239976074122117e-01
8.227338406442077368e-01
8.300067178584569216e-01
8.745223702238670294e-01
7.439553402258524128e-01
8.620817582259839851e-01
7.631114607934764704e-01
7.489072802491283376e-01
8.882782069812671377e-01
1.032963736190912335e-01
1.106474126781404665e+00
9.463321327637882474e-01
9.086529789988235795e-01
1.003141733373763556e+00
8.718882321978846939e-01
9.477844647526565414e-01
8.935205697572996542e-01
8.977016556640892153e-01
9.639698473773431475e-01
7.988548833055928444e-01
9.912480789096255185e-01
6.089663994496843369e-01
6.805378184949609777e-01
1.040973121218055519e+00
8.216694323686263290e-01
9.668240600714479438e-01
8.959834497601437686e-01
8.948372438306919641e-01
9.567029512788832735e-01
8.547177155446843422e-01
9.684719376777969346e-01
8.699046702243939944e-01
8.592129696019769058e-01
9.703916674051210611e-01
3.749318482266297825e-02
1.032748626150642668e+00
8.952302498781766760e-01
8.812160666642441242e-01
9.670422566776024631e-01
8.547737582065907391e-01
9.574614606137767936e-01
8.935205697573395112e-01
8.977016556640033951e-01
9.639698473773908871e-01
7.988548833054991416e-01
1.541211155295145463e-01
1.312273082316151696e+00
1.289053648469810520e+00
9.266738664758812638e-02
1.357111950057272365e+00
1.064781056866199505e+00
4.481248466759871207e-01
1.518242506485815380e+00
5.713443264446207426e-01
9.494061363524404218e-01
1.688716253069463047e+00
1.477459506879066353e-01
1.030319626229350360e+00
1.451805298669692768e+00
2.150060976224505982e-01
1.309391472944050783e+00
1.185367776983574428e+00
3.217511422285144196e-01
1.436033663910682323e+00
8.462116765250445871e-01
6.810391172693972539e-01
1.517379551226899492e+00
4.688203981280826826e-01
9.895315394236616768e-01
1.442563802074847246e+00
1.937441054690121900e-01
1.258903612070641609e+00
1.268455535630084396e+00
1.769911440648516965e-01
1.527176469659134339e+00
9.947757560578429636e-01
3.831842570564668593e-01
1.590419886037726105e+00
7.228331798883291803e-01
8.217581289637474473e-01
1.711928166055185718e+00
2.202631202077908745e-01
9.776669284506683821e-01
1.437507157179552131e+00
8.564637185189030721e-03
1.286609101361287921e+00
1.101610354049815887e+00
4.891863120256871311e-01
1.477779275164111006e+00
8.482876446357459077e-01
6.728840624206264831e-01
1.348362590769901281e+00
6.491139304282228517e-01
7.776515485354782431e-01
1.467941516977644634e+00
6.426040845081404385e-02
1.243141692288670441e+00
1.331587828301532106e+00
1.774079873206528823e-01
1.435257588061565892e+00
1.127305255047343691e+00
5.640321089607689409e-01
1.473937262550722327e+00
6.017079964942136927e-01
8.078489251518607972e-01
1.588292716970087781e+00
3.022851543438980770e-01
1.046809151196779863e+00
1.483282831940937019e+00
1.985818901681546400e-02
1.330330149510690951e+00
1.158446690409849156e+00
3.543317999618686986e-01
1.245480248182270211e+00
8.803104863595270224e-01
8.690897638338388465e-01
1.462252038342894078e+00
6.217834962256157949e-01
1.040680615147929311e+00
1.438026563614625220e+00
2.178122744771618935e-01
1.264561307111579769e+00
1.296213199472597388e+00
1.931796252963950966e-01
1.439711097398327366e+00
9.586785461457282276e-01
4.612649675126023197e-01
1.459355367842608997e+00
6.813981123149760455e-01
8.385365536424587152e-01
1.480220997724192467e+00
3.936884181588167775e-01
1.181199451521531829e+00
1.369919239562537694e+00
2.299838927857847382e-02
1.396864828133195235e+00
1.110345922193850754e+00
5.013979397226095980e-01
1.470254409818325225e+00
8.858311880011512374e-01
8.351361042666344270e-01
1.642973753684851879e+00
6.637277815738545916e-01
1.072410805139437207e+00
1.473692861574987800e+00
1.975481389358726414e-01
1.336312916602197864e+00
1.164623322039606945e+00
5.412466642339706230e-02
1.568914367317276959e+00
1.031798114564177249e+00
4.134806603156185867e-01
1.509061756970314194e+00
6.828372862998594028e-01
9.731347906376007773e-01
1.502611416511851372e+00
5.202820127622618251e-01
1.240914882986368983e+00
1.343179816190644305e+00
2.037472012776559913e-02
1.316442462549710202e+00
1.231939863828741322e+00
3.934259040897014614e-01
1.594172800004606483e+00
8.533695810833359374e-01
7.549759784567532384e-01
1.508207549094493283e+00
4.989178495970431615e-01
1.102410450432650180e+00
1.443517513023959919e+00
1.597312965704786036e-01
1.148335422449074938e+00
1.437337051950585032e+00
1.884906929360928018e-01
1.626412308987559507e+00
1.012149420715384496e+00
5.587863552714328330e-01
1.591713305557644009e+00
7.838492913713678290e-01
8.511539583278512344e-01
1.350705569270275852e+00
3.553013185290836429e-01
1.256216403793634528e+00
1.368419140007888224e+00
4.629155704445130776e-02
1.487973881109255991e+00
1.219396744736522598e+00
4.246323958491922679e-01
1.509533538576684819e+00
9.193329436836479296e-01
7.488324424688110881e-01
1.460382283822889482e+00
6.435767520355233362e-01
1.099490296903913311e+00
1.504691500826522033e+00
7.640717109982793354e-02
1.430906003085957945e+00
1.398469937057629231e+00
2.333448090322270130e-01
1.444550903234612660e+00
1.109140864810809424e+00
6.442419071710147049e-01
1.614446842395607540e+00
7.900262909405068035e-01
8.193102613747054175e-01
1.448373627673276376e+00
3.618429053634043546e-01
1.205857993894251967e+00
1.356419557454945135e+00
5.595191902713888416e-02
1.436632954851395638e+00
1.087622105903272907e+00
4.496140166990130194e-01
1.461393594051289435e+00
8.840142954542301590e-01
7.092293747115692160e-01
1.429116247112726334e+00
4.980676174155994063e-01
1.068893606807152619e+00
1.387869245368901217e+00
5.543303994807965984e-02
1.226059193939800007e+00
1.201756620515350038e+00
1.838036987289107527e-01
1.595300975243880037e+00
1.009405290204075323e+00
5.843419896226172972e-01
1.550668788716497604e+00
6.849587731899783316e-01
9.380802378433430455e-01
1.459434338279348209e+00
3.413738241060441658e-01
1.136890416893519884e+00
1.369697716918034880e+00
9.738299823435590807e-02
1.372956679731936580e+00
1.082710145293141579e+00
4.901449138972823194e-01
1.543978774249255670e+00
9.277676915725054929e-01
6.909661230982385716e-01
1.639382937735850421e+00
6.270292930154173217e-01
1.095556286567481719e+00
1.430980788788183133e+00
1.287491709571054188e-01
1.294969883801605492e+00
1.268955562719737085e+00
1.943916652327859762e-01
1.316881632166859495e+00
1.099375438689778939e+00
6.822257136636151742e-01
1.549611349379588443e+00
7.285840289391656288e-01
1.006043935594454375e+00
1.416894806783949301e+00
3.860202857664126741e-01
1.053162128605220849e+00
1.333002798263061672e+00
8.864465861223878862e-02
1.536017465095648848e+00
1.243606448451401114e+00
5.402325489902519706e-01
1.371059341242827356e+00
9.728797602453951310e-01
7.919152602001214847e-01
1.413437115911626352e+00
5.693597977641574603e-01
1.110062990134051741e+00
1.402661914199773596e+00
1.052178741755791652e-01
1.358973554910153814e+00
1.365726767178170542e+00
1.118632399360322965e-01
1.437792699335291857e+00
1.125980348725230895e+00
4.614435596937033202e-01
1.561391937457129675e+00
7.658599018540804826e-01
9.651345541373591574e-01
1.339436099026742211e+00
4.593645470269065445e-01
1.049866475311350023e+00
1.405878950705284236e+00
7.204816400980772195e-02
1.315324026010281200e+00
1.152497948377507297e+00
2.651628252104580863e-01
1.616759799229317673e+00
1.019264382415723924e+00
7.732826466904147988e-01
1.475081069406654288e+00
5.554146089859262059e-01
1.115951302262823797e+00
1.547854567531745884e+00
3.079167903795704264e-01
1.336757114488109632e+00
1.251072285176423105e+00
3.248509316763020793e-01
1.460146561148816913e+00
9.354341672192121315e-01
4.975873022745978536e-01
1.517670383677993895e+00
8.117517655938776278e-01
9.585461556684903295e-01
1.600771164231043375e+00
2.782147283814746519e-01
1.162467123645302136e+00
1.424066528593713743e+00
9.275204282556377688e-02
1.410541340707152091e+00
1.007965723065809671e+00
3.453759367369338973e-01
1.615325610202768880e+00
9.461019964024113271e-01
8.024610931453768359e-01
1.559078217682334566e+00
4.599678639118415235e-01
9.724345098279147948e-01
1.519621031187884164e+00
1.761408923316362396e-01
1.275052939766218918e+00
1.302792650995301837e+00
1.395877379895409942e-01
1.306069253774483352e+00
1.148270188054230756e+00
6.239780851761628222e-01
1.572888469219182905e+00
7.042709801668125547e-01
8.719890386768315294e-01
1.418193096531730646e+00
4.198887850588146620e-01
1.126157894590930297e+00
1.428900008009295064e+00
1.424316525700785978e-02
1.282808949802729526e+00
1.200383268072616083e+00
3.998068490842198730e-01
1.459508827538240405e+00
9.254990767637506499e-01
6.807644976924195346e-01
1.482163495914865736e+00
6.567222272030583952e-01
1.158807445377727952e+00
1.459081055447707609e+00
2.212581203038657962e-01
1.265720240429197174e+00
1.296778033704360622e+00
2.078472484305445844e-01
1.536910836950847292e+00
1.246637445002893418e+00
6.140740531495763044e-01
1.552437563127543330e+00
6.669503605958078118e-01
8.469195902983832624e-01
1.402386026909686390e+00
2.817073477573878160e-01
1.155357277184257736e+00
1.432507366792092451e+00
3.958882341929994414e-02
1.295525834455564462e+00
1.168936349801691144e+00
4.088967103123436475e-01
1.514324404370383848e+00
9.622658837406589116e-01
6.615987053030591980e-01
1.539842591309817710e+00
5.864827896736394264e-01
1.045299988587788942e+00
1.457251084247123130e+00
1.905308773230346142e-01
1.371912000600236325e+00
1.199710206978801708e+00
3.169964858860758739e-01
1.356914212366822303e+00
1.136879291325530117e+00
5.938367296545308260e-01
1.390854184066428800e+00
8.054653126853442702e-01
9.110313018021569675e-01
1.404597130888859624e+00
4.158412585249542937e-01
1.351851481279856548e+00
1.391104305825354936e+00
7.007396249906630570e-02
1.260531459773460261e+00
1.197039848597157619e+00
3.686938911597991142e-01
1.415939549850910417e+00
8.333084875516925116e-01
6.895089986245258595e-01
1.455626547053310516e+00
6.230174122337421849e-01
1.094364223089179911e+00
1.352182726070627394e+00
1.843256318675505212e-01
1.258459292460657464e+00
1.400911696453198241e+00
1.852408764722324463e-01
1.483871685347417424e+00
1.100529531573963160e+00
5.115578415999975093e-01
1.552792225501772094e+00
6.158998943666190717e-01
9.027265788934913937e-01
1.476200873401092073e+00
3.874065499260074263e-01
1.181426893545800549e+00
1.311778380601835048e+00
2.589417807158389886e-02
1.267210159215018672e+00
1.140125208626435294e+00
3.829949524046779574e-01
1.422807745919088651e+00
7.809245599994897313e-01
6.500769007066286020e-01
1.464115462249419686e+00
4.396937785546402577e-01
9.191966950390252356e-01
1.427813435102523121e+00
2.419416978996605794e-01
1.268660526468891492e+00
1.365015397404107711e+00
3.499939767140122782e-02
1.376663480510014193e+00
1.166823357889062773e+00
5.743316149047132946e-01
1.532005033351768075e+00
8.192505961560683225e-01
8.045945027335543731e-01
1.382384226804630245e+00
4.801592755381791089e-01
1.086961670459191343e+00
1.491296993104546775e+00
6.326720199225215058e-02
1.320598795440484086e+00
1.245874473774971625e+00
3.493241928513455830e-01
1.498046640016063025e+00
1.050445247025293849e+00
7.740370699485199513e-01
1.625515360719393287e+00
5.705643458122555689e-01
9.531734041036484806e-01
1.667726684451031227e+00
1.754519197771741978e-01
1.284942423109246112e+00
1.192991755313460578e+00
1.731224679964634972e-01
1.495857896160283529e+00
1.021851618480934309e+00
7.147020889361994644e-01
1.430220309914625565e+00
6.576009073717796749e-01
8.052724428003011914e-01
1.468917941871288990e+00
4.251081486285248623e-01
1.013413180038829076e+00
1.377584228676175027e+00
2.086870601127357311e-02
1.234191883572875348e+00
1.080699776093499764e+00
5.494587079555284248e-01
1.524724432451183942e+00
9.355423432275468132e-01
4.856165143867053891e-01
1.329272884212321371e+00
5.500313301382407927e-01
1.055810044723234808e+00
1.439879130044520394e+00
1.833326793043794090e-01
1.466286639415853799e+00
1.172970086363044562e+00
3.516493646154171260e-01
1.465887600938953650e+00
9.576283974103017016e-01
4.524957853743008518e-01
1.551969574142173292e+00
6.496990252104991592e-01
7.821924769224295471e-01
1.286109855351590392e+00
3.322443905079193183e-01
1.057628595178537800e+00
1.258885656746431936e+00
9.742582221067809523e-02
1.371614340319711856e+00
1.153603934118565322e+00
4.443581863135957488e-01
1.571142495155317009e+00
8.981943431011967238e-01
6.583149013974243235e-01
1.433208296469128173e+00
5.097514951161684627e-01
1.128180053251725434e+00
1.386949170557896238e+00
1.707685403934114110e-01
1.224288177999640181e+00
1.282917704554168425e+00
1.888448878765360550e-01
1.557558163387050554e+00
1.097845416108405914e+00
5.626255835103964875e-01
1.433685094049122588e+00
6.701108954193710776e-01
9.277523447211495355e-01
1.401678320881893924e+00
4.400831257601434676e-01
1.224974310355019691e+00
1.375998497127438158e+00
1.621917825701829977e-02
1.347839834438677720e+00
1.065860193766797526e+00
3.760136760381672105e-01
1.572697460466649932e+00
8.798333433895690892e-01
7.714288511928890646e-01
1.495479047133835948e+00
4.911481836379346100e-01
9.840846579347169998e-01
1.343614236036622556e+00
2.181895281164507594e-01
1.263444400682379287e+00
1.210658706549423869e+00
2.184924172384131169e-01
1.525169147297513961e+00
1.103051073951724748e+00
5.021283966017563438e-01
1.501933523801666670e+00
7.761272934028711212e-01
1.125259443239523538e+00
1.351199641906600357e+00
3.651134023710082555e-01
1.111970786931320898e+00
1.421001064452061202e+00
6.306344564952327814e-02
1.462488467567100159e+00
1.187722218343352898e+00
4.840030655626951228e-01
1.579182279419779400e+00
9.041757291066250257e-01
7.455474375520911856e-01
1.485231212360236253e+00
6.198763481285666233e-01
1.091689975275170976e+00
1.314727124515475687e+00
1.281863529729636020e-01
1.301844115212195341e+00
1.414813041243318414e+00
5.787359300996400974e-02
1.504149271856365822e+00
1.028154175271980719e+00
5.955121744145280838e-01
1.532862632437259620e+00
8.404157232285400791e-01
7.914221305711359733e-01
1.490745645114865070e+00
2.899533775632400778e-01
1.156061584133652564e+00
1.359241009862929506e+00
2.990893101288384301e-02
1.348871787538747480e+00
1.055747581098271937e+00
3.373164593404871514e-01
1.555555550240142137e+00
7.484461901915397952e-01
6.474673002160470370e-01
1.603675701494758021e+00
6.671145049870893518e-01
1.151838000553146335e+00
1.360157563580916440e+00
1.485690905608032242e-01
1.309933242820251031e+00
1.368691285579444639e+00
1.094169500325462840e-01
1.353484859087960679e+00
1.038280352573808019e+00
4.153649295126052854e-01
1.612993207709086940e+00
5.864047560498779621e-01
1.046800824153196974e+00
1.503665450118372382e+00
3.504109873201322611e-01
1.215176539813753287e+00
1.355316194140411046e+00
1.054955022403440967e-01
1.408588808747316179e+00
1.215496526722668724e+00
3.935469063908862419e-01
1.481746965845366804e+00
9.192418688227658174e-01
8.060678436010330072e-01
1.542079234558091150e+00
6.676026351815673721e-01
9.682607751226544046e-01
1.544383036861313396e+00
1.548918539303173469e-01
1.162791660158122520e+00
1.372299107831135956e+00
1.171526766716507184e-01
1.471703718637806579e+00
1.096480350602827780e+00
5.681149287103163248e-01
1.719313879341958229e+00
6.739084208155263767e-01
9.468700186094995974e-01
1.501519515977926211e+00
2.011807222407202000e-01
1.244065131116449008e+00
1.362264902051644633e+00
8.174115668837852317e-03
1.371325454768695495e+00
1.180903056363550752e+00
3.540103404842359636e-01
1.495273968145621746e+00
1.039034112251980169e+00
7.890609611962996484e-01
1.506304112187075717e+00
5.636537302131050531e-01
1.002209793965892715e+00
1.410823868836506234e+00
8.205556931945354182e-02
1.240406569218159394e+00
1.199760542731761470e+00
9.912885505104662709e-02
1.390497916806705758e+00
1.050248623051836860e+00
5.354523538771528424e-01
1.456375654594767699e+00
6.572724459307345279e-01
8.465544611997587454e-01
1.413281218455405552e+00
2.974402336207849773e-01
1.171128369678236192e+00
1.383949115988014178e+00
1.768908491986005346e-03
1.358015378927845518e+00
1.089421285694540664e+00
3.211933288937715569e-01
1.477776984119727688e+00
9.803694390780760548e-01
6.336878400991955429e-01
1.537995170079448304e+00
6.196952735863726636e-01
9.884625264510790155e-01
1.487910600562558416e+00
8.734293066162730768e-02
1.260659603470955625e+00
1.370193896236618913e+00
9.621358009164893144e-02
1.443591677261221173e+00
1.098236480196407516e+00
5.042912093993475731e-01
1.592192520673861855e+00
8.486077206843665177e-01
1.036134602140612371e+00
1.379087404503603898e+00
4.800553987732676386e-01
1.193071963798744139e+00
1.504443119711627919e+00
2.207255879310724214e-02
1.510772646419327181e+00
1.163888869374366308e+00
3.106027384483750486e-01
1.448956002046347447e+00
9.545443768724793943e-01
7.303978230925721737e-01
1.556059864024437855e+00
6.691160831152668242e-01
9.734349437156220031e-01
1.381017335514174382e+00
2.398291612343473878e-01
1.232032453241306724e+00
1.228883326239300855e+00
3.661727206540247859e-01
1.545913552311962924e+00
1.072566678327403933e+00
4.655430557904127187e-01
1.541729515966157260e+00
5.625692205255986567e-01
9.241838176110460656e-01
1.484086780472039235e+00
4.137815952541285536e-01
1.067341955419215838e+00
1.341329939093867551e+00
6.198049796615714285e-02
1.458951867956415294e+00
1.223147680497131073e+00
4.743501583487509388e-01
1.482892066783531249e+00
1.012494226564948363e+00
7.550225376675318012e-01
1.534512710465439911e+00
7.533744168068280400e-01
1.021446065906332024e+00
1.364131826447652962e+00
1.715288887005418927e-01
1.269661806720415509e+00
1.262060579771536961e+00
1.710507320311310808e-01
1.523360773904307797e+00
1.043775144570693314e+00
7.155189992321708825e-01
1.552472569518092982e+00
8.100426063892426365e-01
8.182513902233117253e-01
1.632700519394666205e+00
3.131933244126072768e-01
1.137461151179956831e+00
1.268231304708655527e+00
4.370593317026255642e-02
1.471689547807395915e+00
1.312951922224513179e+00
3.403363058987851630e-01
1.467067236502067384e+00
7.308726223776377262e-01
7.884077610173202411e-01
1.477544551691349461e+00
4.745593565969648542e-01
1.148122365765742670e+00
1.501163800334908816e+00
1.767326350221452569e-01
1.398800351023163469e+00
1.189786959184876869e+00
3.173730574391215864e-01
1.471290473438226387e+00
1.052481720908897023e+00
6.481268366891533850e-01
1.577410705512410694e+00
8.203434637566687782e-01
8.123523127851727255e-01
1.551503774663094637e+00
3.571642769925270078e-01
1.249054442388918718e+00
1.290134810817060051e+00
1.396911430040546562e-02
1.450461160448238918e+00
1.238425102175868764e+00
3.916174015464673475e-01
1.592963528621892610e+00
8.517125360736634843e-01
7.020801490399595224e-01
1.450789120183402670e+00
5.038504899342949317e-01
1.022666461724047515e+00
1.500842385754247665e+00
1.855695039713065042e-01
1.247354092937482450e+00
1.359205701830054958e+00
3.281525008557448220e-01
1.349156151547487248e+00
1.137676507443608598e+00
4.634528740814162773e-01
1.470127490741974130e+00
6.602559753939346576e-01
9.853492996841501927e-01
1.445766593203922312e+00
5.111934100395100211e-01
1.286897255673800533e+00
1.358024653155828654e+00
4.522391612365497804e-02
1.372139423120375179e+00
1.192697817785593140e+00
4.641311278847224386e-01
1.416932219206051835e+00
9.584430005501296534e-01
6.901286595156659320e-01
1.516727374759606395e+00
6.702512529907840300e-01
1.222802900283913141e+00
1.437972294703918630e+00
1.834107676745650173e-01
1.310373927945885697e+00
1.253062978725785426e+00
3.124197192573535675e-01
1.385072225211808616e+00
9.776371159947970790e-01
5.876065496676061706e-01
1.444877795534898590e+00
8.181172970920621568e-01
7.972956002756605987e-01
1.568856232119243854e+00
3.745122086736547007e-01
1.266223677707621675e+00
1.312231227945042766e+00
7.006712870758828593e-02
1.394309534257091920e+00
1.121172994484976870e+00
4.262156724467775493e-01
1.476527973322270038e+00
1.017575088387708604e+00
8.243156548077871237e-01
1.594063915363321149e+00
6.778117670762420222e-01
1.025941383906919135e+00
1.462412377609334513e+00
3.068427658021748994e-01
1.382406304066575498e+00
1.302753441680440938e+00
2.400915454578075314e-01
1.472691056092353179e+00
8.972427230417542310e-01
5.231452673823410171e-01
1.680095540086545824e+00
6.538663717691187705e-01
9.534923012636665751e-01
1.444622236832514783e+00
3.029879444209546135e-01
1.281469555140827055e+00
1.373069729735256983e+00
1.301142690999746443e-01
1.404747624862888289e+00
1.186012978195645218e+00
5.204334210788112980e-01
1.584317164468099337e+00
8.971573165576797182e-01
7.177773375327415328e-01
1.453158853234298276e+00
5.288208745990214954e-01
1.022282859842186475e+00
1.444959037848029482e+00
1.782957932188232175e-01
1.265961016515620541e+00
1.356134506882686885e+00
2.150522926822548420e-01
1.395000254410073692e+00
1.139333367905831063e+00
5.833204559478212259e-01
1.459842009263292439e+00
7.825840684396849767e-01
9.150901123946982851e-01
1.632148552101740924e+00
3.019153215893916054e-01
1.219223278212035133e+00
1.399115945004216321e+00
7.922469191704376024e-02
1.348680385814620353e+00
1.209751714880601625e+00
4.009230909715175151e-01
1.429209058940999144e+00
8.901252768793065373e-01
7.008821202791947202e-01
1.545258373560849607e+00
4.848006485032017032e-01
1.075518977842167878e+00
1.440641195210087044e+00
1.980744847374563689e-01
1.291902071584784872e+00
1.106238667644058982e+00
1.992570013842446808e-01
1.348073834807682614e+00
1.090646075448874708e+00
7.109042642829200842e-01
1.506072093837244497e+00
6.285846793863483217e-01
9.494690897901627569e-01
1.481126045580216655e+00
4.254393177390243252e-01
1.121670296427307312e+00
1.376029745667144866e+00
7.802835290907936781e-03
1.431577331839885225e+00
1.189889314693871825e+00
3.259370393384482534e-01
1.464809962503427876e+00
8.184813866771192270e-01
5.666436633772297116e-01
1.497080635016872829e+00
5.219188392534038767e-01
9.886362630219356351e-01
1.403180667108330226e+00
2.564342616764956340e-01
1.354948050320263997e+00
1.227097302246103805e+00
3.006236442217626315e-01
1.461860797103641252e+00
1.025540917362174564e+00
6.106847740683764014e-01
1.449174769789268069e+00
8.017933421595218046e-01
7.890230863701466202e-01
1.556482997445646443e+00
4.061795684721090649e-01
1.172684076859606517e+00
1.284877291140972488e+00
4.572741295602471973e-02
1.391158778062467016e+00
1.196066889740305283e+00
3.886942264720747442e-01
1.428321283769655059e+00
8.188300086856785676e-01
6.436210291106578829e-01
1.613105795814437471e+00
5.478026882754480908e-01
1.052248882203378866e+00
1.565660502180657998e+00
2.089191386701059472e-01
1.240072468061240940e+00
1.286351153687939952e+00
1.527125135637258380e-01
1.322409006887652838e+00
1.072275177024684334e+00
5.688939087833732033e-01
1.497675334692953664e+00
6.632924678835293575e-01
8.232296839517061482e-01
1.405483869891626103e+00
3.881299715147814022e-01
1.234929771597617298e+00
1.440137561055792492e+00
7.098388370594677088e-02
1.377249179769979959e+00
1.201985270875677969e+00
4.014324507354407601e-01
1.434672472760466055e+00
8.754002345195234236e-01
6.247170096988274857e-01
1.541232969181999923e+00
4.625309555148922613e-01
9.906763544653556242e-01
1.538444043400690520e+00
2.014589070436266505e-01
1.222609067828380747e+00
1.273187847376345827e+00
5.372678496156843564e-05
1.379669720982618975e+00
9.584458995867001230e-01
5.369783858728394144e-01
1.577456696997826091e+00
7.549263048588553682e-01
9.579400200819028210e-01
1.287731605228061849e+00
1.987222701649038192e-01
1.197496790599505312e+00
1.415857917109889730e+00
5.575961140325699783e-03
1.333747373103169709e+00
1.158888160537973278e+00
4.898251510793392716e-01
1.587209748343155757e+00
7.955287675853552898e-01
9.128864472561052379e-01
1.510865606036543296e+00
5.810846890573562185e-01
9.238764208383871690e-01
1.390386198205382007e+00
2.685054941304381160e-01
1.267956003491444106e+00
1.276438003968788371e+00
2.443818142865411269e-01
1.429271257927928529e+00
8.758094501057163139e-01
6.769699296931810384e-01
1.520374507899484584e+00
7.064855543574185548e-01
9.535463184069733478e-01
1.441593760743137054e+00
4.170020572941335879e-01
1.183182573991252262e+00
1.290485115854829390e+00
1.101515532037808387e-01
1.405640636891236861e+00
1.203174813498753659e+00
3.858168886738276848e-01
1.437233971062541471e+00
1.043871070375436583e+00
6.606457022794686162e-01
1.404447068359994555e+00
3.752196601882251126e-01
9.640981456714229347e-01
1.444485811635202621e+00
2.115436650273868902e-01
1.373025313341054598e+00
1.205217878796730036e+00
1.998737917291698030e-01
1.364758320909177147e+00
1.054873012104232899e+00
5.523077229397338472e-01
1.495744811227478710e+00
6.781176091733875921e-01
6.786446209988017397e-01
1.544119249518482562e+00
4.623346927069003076e-01
1.184066932694416652e+00
1.439505491678097604e+00
1.160933696291076289e-03
1.315361195345020606e+00
1.127467124425254763e+00
4.308389205043924308e-01
1.368962642607694846e+00
9.375717089426903739e-01
7.998577772608208569e-01
1.482025285934667647e+00
5.270453426012757792e-01
9.952872082502354223e-01
1.457180167167611229e+00
1.089093515985973676e-01
1.424747435508811444e+00
1.255259918682849696e+00
2.557928862359797328e-01
1.342128705744643602e+00
9.503932303956288408e-01
6.249349995198278940e-01
1.446598026083578459e+00
6.785849640723645715e-01
9.016057772041223828e-01
1.504416289562852560e+00
4.349177301565348430e-01
1.235493352253537624e+00
1.349619984987142418e+00
1.976774778381934494e-02
1.348885264778833415e+00
1.277414841271735879e+00
5.228848738815348174e-01
1.455781574449042104e+00
8.352675368670916534e-01
6.231375486229251415e-01
1.424798785654562527e+00
5.398206898196905579e-01
1.104047052314307775e+00
1.343434068546405902e+00
3.267086890538947741e-02
1.360415491570071467e+00
1.246078894817859828e+00
1.322330237290494370e-01
1.392730713053814906e+00
1.049040870929309310e+00
5.856109730775916900e-01
1.348834723408318448e+00
6.523956349144480749e-01
8.043630139856443595e-01
1.479084187828747510e+00
3.854018368863658117e-01
1.204893569702346845e+00
1.496038550968956438e+00
1.083890139089940252e-01
1.351663149180798884e+00
1.122497492153094134e+00
6.424846412573227417e-01
1.475469057625447666e+00
9.636805414615345899e-01
6.492400389319149534e-01
1.610171399146756332e+00
5.291540342071099357e-01
9.639531040362691039e-01
1.414594088141576611e+00
2.581290305171472510e-01
1.140550828781090598e+00
1.341441369521502169e+00
9.372173702267794226e-02
1.549709199585934449e+00
1.100660947856007210e+00
5.921482325378540912e-01
1.620205093967957533e+00
7.216262284282298767e-01
9.323854342531069372e-01
1.534351112941844120e+00
3.630407044182143439e-01
1.307972539848059501e+00
1.416949494896954764e+00
7.226109603583460994e-02
1.354435789883922103e+00
1.176222516873790314e+00
2.235425604410762879e-01
1.521778097245229722e+00
7.911336128982239257e-01
6.743314127807524816e-01
1.483697220948270390e+00
5.783241482550972590e-01
1.014249553951568572e+00
1.475830835715851386e+00
2.354394598854155363e-01
1.206036662203616272e+00
1.277582708632524877e+00
1.149282703261920585e-01
1.407591206230785819e+00
1.008077084194326511e+00
4.501392348693880607e-01
1.541159104594630902e+00
5.892689969238108505e-01
8.758299618259615116e-01
1.410887158829599919e+00
3.421757393296764316e-01
1.154743774485909924e+00
1.358601185227871211e+00
1.392451235037490687e-01
1.310871086772393168e+00
1.144882542204627818e+00
2.884437525187213414e-01
1.422558129883116251e+00
8.844571029940938578e-01
8.008355045636993408e-01
1.476492178909442288e+00
5.454841304976281169e-01
1.018277528417833810e+00
1.525495403667650907e+00
2.818768590237727967e-01
1.272075611585518740e+00
1.289065673276067026e+00
2.106363451937938169e-01
1.345004704573350418e+00
1.145208237410995755e+00
4.556059040396688853e-01
1.538317169635825543e+00
7.174178175878868080e-01
9.223352548047991650e-01
1.429546552857836605e+00
3.901238217675460085e-01
1.145196218821051382e+00
1.422624689550044508e+00
8.283380191208523924e-02
1.228153673211102692e+00
1.223916851685947327e+00
2.426425685245719999e-01
1.494806580221951675e+00
8.951478270338301124e-01
7.546551732996841233e-01
1.460103202569890790e+00
5.265177919164164555e-01
9.310880722436613022e-01
1.449649101489980607e+00
1.456763093414598920e-01
1.354813640757999149e+00
1.289139323284090199e+00
3.079869472216585913e-01
1.492119747146632980e+00
1.056910172906737611e+00
6.589823195059895111e-01
1.448278844654594444e+00
7.485642911798506827e-01
9.571496635204269632e-01
1.439322141815853495e+00
4.395856183727728794e-01
1.127375756494658710e+00
1.251194311483705190e+00
