# {'window': 11, 'contam': 0.9481655538252877, 'q': 0.0016083603540790958, 'thres': 4.900152226147838}
1.773189205195020435e-01
1.480072507497666390e+00
1.457277587863934354e+00
3.102647559533974198e-01
1.528865296363788762e+00
9.894616372589584152e-01
6.052465065875245465e-01
1.675614010280513044e+00
7.013719214660152357e-01
1.033779269301177806e+00
1.635509613613042923e+00
2.321446804171864720e-01
1.428928073389620579e+00
1.521186049459451795e+00
9.856194096988023234e-02
1.573868677591474974e+00
1.189056418778607238e+00
5.126605484393114143e-01
1.753487250827127752e+00
8.131780178334394593e-01
9.592671399638994512e-01
1.521959312640558171e+00
4.136512129570922847e-01
1.249053315013118004e+00
1.425199296254302750e+00
2.490220369922969620e-02
1.399639354017104154e+00
1.124516390298338386e+00
3.588183743240593859e-01
1.689594896413625591e+00
1.263087318773447487e+00
7.775940476746653340e-01
1.679198406402386601e+00
7.292673034568857293e-01
1.056375656730961676e+00
1.568199757937764227e+00
2.462842925517231274e-01
1.436328240143069257e+00
1.434985275772123092e+00
4.593548570863924957e-02
1.639633013649709925e+00
1.297025036734586356e+00
5.867567523879767544e-01
1.674040067642334817e+00
8.930956994021184148e-01
9.307225392267846065e-01
1.549635179673094720e+00
4.356654383170571188e-01
1.227005467125499738e+00
1.565281338059150373e+00
7.060436409498585530e-02
1.472157491876025626e+00
1.395742300177036821e+00
3.677968096816199295e-01
1.752277439838392015e+00
9.504686580530842255e-01
7.324006828848866890e-01
1.743348960272991466e+00
7.557015825053882141e-01
1.116248432277527458e+00
1.533251350461479312e+00
3.415449706272301045e-01
1.360582215410590656e+00
1.461816674242653047e+00
3.371482181995426042e-01
1.617332664138590337e+00
1.196489346464524317e+00
5.718405018797986239e-01
1.500624784968876746e+00
9.998768262828333642e-01
8.349004475120886948e-01
1.681595621304018628e+00
4.665887073192718226e-01
1.226251916028738620e+00
1.524360695668545596e+00
3.930018741114223169e-02
1.419818753507385845e+00
1.280072711587890488e+00
3.461512553336611453e-01
1.484040780605318632e+00
1.085247878687298773e+00
7.277228720617583413e-01
1.462877047510614537e+00
6.367197179615435854e-01
1.036583733041540167e+00
1.493033349798107423e+00
2.670924767802120847e-01
1.302764249293068222e+00
1.400558353758700969e+00
8.100776359720315845e-02
1.508030446003867375e+00
1.228349948586691776e+00
4.296505075168960408e-01
1.466837958263391917e+00
8.440431458425531330e-01
8.305458254795831108e-01
1.724592526028977835e+00
5.366328505069238863e-01
1.220092663272739353e+00
1.437888452281228968e+00
9.385114105042027810e-02
1.379732423109690798e+00
1.227640936158567619e+00
2.625250363777994478e-01
1.633416455940730705e+00
1.064658441595961680e+00
5.766251549961379785e-01
1.598551242574122844e+00
8.259919969427820252e-01
1.048523217261504437e+00
1.585034019445519471e+00
2.150128334096145788e-01
1.380698686504026274e+00
1.350429255462485933e+00
1.656530594719239080e-01
1.527972609725911868e+00
1.260119565522174412e+00
4.626540847356292452e-01
1.652325443732417742e+00
8.603829023826746747e-01
8.651792872778202304e-01
1.663881206254728351e+00
3.536665010413506671e-01
1.252825393708224988e+00
1.556228300232169737e+00
1.352436672978339638e-02
1.412389698336728117e+00
1.247014186195976482e+00
2.815157061298711461e-01
1.522566153354425467e+00
9.201612646950525498e-01
8.080727251573670555e-01
1.739540128103051586e+00
6.226890943634224573e-01
1.117012818431146304e+00
1.650363741845138010e+00
3.919899563744120852e-01
1.416659131538288152e+00
1.544238932140016507e+00
2.272522676017821042e-01
1.607141128063859670e+00
1.210031242933635287e+00
6.332468030171343187e-01
1.647782267430154546e+00
8.381677167140041407e-01
8.124510254085511862e-01
1.555607102651992868e+00
6.466458276736495314e-01
1.182238845967966689e+00
1.497972679311887934e+00
6.405544812072710981e-02
1.390125777150986730e+00
1.241014983988736109e+00
3.278782126497982174e-01
1.589679065680764003e+00
9.774875052257430141e-01
8.900072273867181138e-01
1.705437547521988062e+00
7.517980583671131090e-01
1.019518824386139055e+00
1.638948159747684263e+00
3.013103044987958112e-01
1.337548323779686799e+00
1.447549908841098132e+00
4.323805793109748719e-02
1.722493077381882065e+00
1.055639298189775310e+00
6.283408080518257943e-01
1.605084558743815615e+00
9.016445568718758352e-01
8.887996596799637716e-01
1.588197976280268486e+00
5.058338826747179606e-01
1.277923873095438534e+00
1.540713917985528703e+00
1.918062783268212890e-01
1.410475320128075527e+00
1.247607224741193788e+00
3.540281374233709699e-01
1.713178872588788426e+00
1.173629179430437208e+00
6.109564679976654533e-01
1.501800648283431849e+00
7.242983542368581773e-01
9.616876805957145224e-01
1.532954074141793299e+00
3.609318910537401837e-01
1.391275250388761986e+00
1.471806477230127141e+00
1.015083882122471415e-01
1.482140781936817309e+00
1.241683970003788495e+00
5.978455212413645858e-01
1.646394243330201235e+00
9.656535203776026588e-01
7.531706274705266546e-01
1.577554157778826571e+00
2.954468790909339226e-01
1.286454267179257371e+00
1.513784597328517556e+00
2.866555229483502831e-02
1.588606392351955554e+00
1.240351270452454857e+00
3.571291242343656580e-01
1.564216195967734535e+00
1.123012056709144391e+00
8.035644151095856502e-01
1.655103670283208928e+00
6.027429848391422373e-01
1.120350512248386776e+00
1.549819873578936802e+00
5.116974931977563701e-01
1.389841518576168999e+00
1.459967456091193050e+00
1.355687401516869062e-01
1.584539163217903557e+00
1.269272444591900140e+00
5.363269783033014493e-01
1.450868611635429906e+00
9.230204841683925521e-01
9.599680403728306777e-01
1.453848012093422071e+00
5.937861655037375286e-01
1.334978075627338168e+00
1.688872606698105905e+00
1.342359235071030610e-02
1.375997300862520811e+00
1.476536742518075984e+00
3.653407765117938077e-01
1.563275327780775159e+00
1.075182377005730494e+00
5.950821933283275689e-01
1.609941579711520410e+00
6.818662299149351735e-01
1.078258170410053118e+00
1.582195397804438075e+00
3.401923355969385110e-01
1.257938033200424188e+00
1.334552056406836718e+00
2.641106622935525672e-01
1.653042024475131155e+00
1.214150279860424453e+00
5.598000297091079158e-01
1.585164425337618921e+00
8.305493593957221643e-01
9.170543579379263344e-01
1.620878388146024474e+00
4.166269558196827316e-01
1.171699489353442925e+00
1.503901498138320747e+00
1.267063637812216315e-01
1.400780252098642542e+00
1.334080044486856131e+00
4.538785137343225862e-01
1.683336120885297271e+00
1.135123341877155356e+00
6.761250938311779146e-01
1.778711580408430804e+00
6.932924977479649753e-01
9.769656073570434085e-01
1.720607940009615699e+00
2.802686352160486671e-01
1.557408257932268558e+00
1.420308521104332256e+00
1.426721165982072770e-02
1.640516569835446470e+00
1.065734642467948357e+00
5.030365044216859038e-01
1.475617934508899998e+00
7.558443473085978415e-01
9.168021206603959028e-01
1.489298574419799959e+00
5.090846711832370808e-01
1.245135659052851951e+00
1.423599679649841798e+00
1.334847384741544019e-01
1.437312943414185584e+00
1.257777312647635481e+00
1.884169640865670237e-01
1.622761334054659610e+00
9.812883827766328837e-01
7.645281034308847312e-01
1.661616040149204387e+00
5.951713611119257008e-01
1.077185916713618852e+00
1.514175231805976907e+00
2.888161644453207666e-01
1.413437708291220396e+00
1.343134111157078925e+00
7.998050443448052882e-02
1.556702749124171170e+00
1.153700259463186883e+00
4.491631144660299113e-01
1.548775032841219534e+00
8.160389292732548316e-01
9.180491326836560662e-01
1.592928797662557017e+00
3.917114048912385682e-01
1.252109626400417897e+00
1.579065897885648440e+00
9.748875753915371700e-02
1.403949346787414010e+00
1.341542929029352127e+00
2.328728822883399108e-01
1.598811821363955499e+00
9.051309794674347042e-01
5.132910790136654411e-01
1.621102054916490065e+00
6.148819585833383838e-01
1.122197213252203563e+00
1.529179472186869226e+00
3.035409379069986535e-01
1.310658527682917462e+00
1.416294024135765772e+00
7.080742689288882508e-02
1.548813780415942087e+00
1.003759468540255106e+00
3.023321726049923996e-01
1.511430304216046627e+00
7.900241382848360860e-01
8.968461350490701811e-01
1.550317005656161484e+00
4.195419925517497317e-01
1.436167320093511224e+00
1.383208219463524458e+00
7.551639686189533240e-02
1.467673752545550991e+00
1.150607905957996113e+00
4.275286609140951932e-01
1.601576286788952252e+00
1.017903645524403045e+00
7.492266033409488157e-01
1.579787079579436426e+00
6.965767788342007716e-01
1.064953359883432205e+00
1.658301464614393206e+00
2.398396895680512952e-01
1.323839483080574420e+00
1.410532852498900036e+00
8.377048615890540784e-02
1.501650929598024042e+00
1.192245085581364883e+00
5.291600371386683266e-01
1.816932547401993947e+00
8.574999185095648624e-01
8.921996351524431601e-01
1.686287652383924529e+00
4.484000130817882845e-01
1.213091266298413684e+00
1.400748422385377001e+00
1.221265816612652627e-01
1.568653943856447075e+00
1.373482136317718982e+00
4.455849563949455527e-01
1.565491256698105182e+00
1.020123106952353975e+00
7.920706901659555488e-01
1.574268381332685651e+00
6.201836386072230312e-01
1.053182191288320579e+00
1.571330210405739392e+00
3.089316358769008675e-01
1.259777624397999896e+00
1.360444268378135257e+00
1.657340334317232711e-01
1.557174814634785687e+00
1.086866129575036810e+00
6.656275324184599551e-01
1.633019007466581796e+00
6.627745339079043063e-01
8.462804609028556913e-01
1.438995736413034798e+00
4.572222808894627066e-01
1.088420479432359977e+00
1.566376530268445810e+00
1.378488865368500682e-01
1.421851298907421457e+00
1.318910464085915724e+00
2.794695430181332596e-01
1.692683273360679364e+00
1.075395105825861064e+00
6.418038673284898188e-01
1.634819161931670539e+00
5.635194941965614435e-01
1.207026563566122146e+00
1.609214667569819346e+00
3.473461627759681369e-01
1.397189341105263161e+00
1.476149516588144639e+00
1.494696574576853121e-01
1.323751223714871639e+00
1.256650543392322739e+00
5.656742081397576616e-01
1.511169708239089138e+00
9.009391269974542649e-01
9.671705796076758288e-01
1.709639589494602374e+00
4.695184779680408038e-01
1.078690100399216423e+00
1.588684240896650390e+00
7.863909299388911756e-03
1.436886663927682939e+00
1.265726363340351712e+00
4.858862821011116773e-01
1.621477369602482677e+00
1.073042800580800593e+00
6.681800640673083436e-01
1.467435124293146265e+00
7.154946249919436063e-01
9.835530699507838426e-01
1.689852562654694301e+00
1.583063541242203942e-01
1.340977174434980990e+00
1.368964419394506304e+00
1.517694613374754586e-01
1.674838101488140607e+00
1.150186966597133820e+00
4.994543899369545126e-01
1.695131088473528003e+00
8.670166762143094452e-01
9.168741089585883408e-01
1.707844445804209466e+00
4.559813362782572099e-01
1.302192856582281344e+00
1.460471270545878220e+00
2.305541854551704239e-01
1.412570066849263339e+00
1.308648582581130038e+00
4.146299536525942520e-01
1.778440166669384315e+00
1.160000195962310521e+00
6.535431590955127490e-01
1.714162738991515944e+00
7.755944338242930503e-01
1.075292639064829414e+00
1.701432824266100319e+00
3.924463917688418846e-01
1.199097189330724067e+00
1.561176933154949431e+00
2.486563789541583080e+00
1.692559273735033454e+00
1.744374862429520334e+00
1.421545013953928960e+00
1.267295211173196101e+00
1.086216790961679557e+00
6.451763644050954039e-01
8.436920950644739570e-01
2.435485328315030173e-01
1.052454239266693570e-01
3.676913652363804630e-01
2.397781336383848494e+00
4.831086024981958715e+00
4.027328877428033138e+00
3.549290504615847830e+00
3.366220829791946034e+00
2.625397049166709351e+00
2.476086463681617555e+00
1.881722227253733948e+00
1.450211276811729455e+00
1.222543463227947935e+00
3.943214815693689701e-01
5.513865016940266983e-01
6.691569529526468774e-01
4.040001693299247520e+00
4.647564203573415931e+00
3.602901558486939493e+00
3.574119921921923293e+00
2.957717655331216111e+00
2.516559112717457580e+00
2.266373204288616883e+00
1.555219258734753085e+00
1.431269519550684377e+00
7.781997894188825704e-01
3.666018010944873673e-01
3.676913652364088847e-01
2.397781336383979944e+00
4.831086024982166549e+00
4.027328877427791554e+00
3.549290504615630670e+00
3.366220829791816804e+00
2.625397049166479313e+00
2.476086463681676175e+00
1.881722227254200241e+00
1.450211276811712136e+00
1.222543463227897975e+00
3.943214815694140452e-01
5.513865016940160402e-01
6.691569529526719684e-01
4.040001693299669405e+00
4.647564203573156583e+00
3.602901558486971467e+00
3.574119921921818488e+00
2.957717655331434159e+00
2.516559112717672964e+00
2.266373204288499643e+00
1.555219258734579446e+00
1.431269519550262714e+00
7.781997894186802878e-01
3.666018010946270334e-01
3.676913652366979868e-01
2.397781336383747686e+00
4.831086024981985361e+00
4.027328877427699183e+00
3.549290504615632447e+00
3.366220829792061053e+00
2.625397049166712904e+00
2.476086463681581140e+00
1.881722227253993740e+00
1.450211276811796957e+00
1.222543463228070726e+00
3.943214815696951536e-01
5.513865016943197972e-01
6.691569529525682736e-01
4.040001693299763552e+00
4.647564203573550934e+00
3.602901558487249467e+00
3.574119921921869114e+00
2.957717655331177475e+00
2.516559112717262625e+00
2.266373204288475662e+00
1.555219258734631627e+00
1.431269519550644409e+00
7.781997894188832365e-01
3.666018010944982475e-01
3.676913652361939455e-01
2.397781336383850714e+00
4.831086024981821048e+00
4.027328877427667209e+00
3.549290504615586261e+00
3.366220829791906066e+00
2.625397049166844798e+00
2.476086463681645977e+00
1.881722227253975976e+00
1.450211276811824934e+00
1.222543463227937499e+00
3.943214815693201203e-01
5.513865016941270625e-01
6.691569529523564430e-01
1.075854638991896817e+00
2.078318588909961129e+00
3.372521316297053318e+00
6.334578844346194781e-01
1.049831705127980630e+00
2.911978025064340336e+00
2.640872718509521544e-01
1.183649744874467613e-01
2.174010058002170620e+00
8.628179419036163811e-02
8.992213545828903198e-01
1.420006760020630310e+00
1.763587791469905242e-01
1.576769631977654296e+00
1.390089378437742607e+00
4.395008163492854503e-01
1.599129786617740523e+00
1.068120022812971470e+00
7.611500622484638212e-01
1.568537568508959756e+00
6.546008845171208401e-01
1.122894520823965570e+00
1.567143750134917024e+00
3.441960441802026094e-01
1.294107831753277038e+00
1.471122873705317913e+00
1.737726243717888641e-01
1.550386948369024021e+00
1.218645345259748103e+00
4.079803749408020819e-01
1.725793825728613395e+00
7.497355878726886802e-01
1.007711386346546334e+00
1.522597923000947873e+00
5.802418508591665747e-01
1.169972349831861713e+00
1.539937127039116227e+00
1.341392586891018701e-03
1.505522202556614841e+00
1.166734346684037638e+00
2.911702764587020820e-01
1.510486431612489300e+00
1.008765333527581021e+00
8.532990888478861891e-01
1.622584754660019390e+00
7.484338963436827363e-01
1.074744190560788404e+00
1.672482225511551235e+00
3.773918931078046324e-01
1.371477944274038574e+00
1.413889583738755285e+00
1.748525391279044383e-01
1.473258458073438248e+00
1.188007534256407149e+00
6.403508778484304775e-01
1.372456770905071233e+00
8.618662378991229778e-01
9.553662230629325069e-01
1.646519527124132187e+00
3.847776237340814753e-01
1.139524962620944271e+00
1.514611380202304458e+00
5.111368824846789644e-02
1.377923424904397676e+00
1.455748326137383364e+00
2.267761384620898546e-01
1.460216935075384415e+00
1.132285617125126986e+00
6.370066835316604559e-01
1.507142519751564436e+00
6.285532032481784270e-01
9.540150799061115627e-01
1.613095091055148700e+00
2.067500473730371491e-01
1.408998888293643503e+00
1.409242670220919980e+00
1.663772614716310660e-01
1.392285838454619951e+00
1.224576952180783218e+00
3.875675378630593082e-01
1.696457756921904814e+00
9.518134093845409538e-01
1.017596050079368819e+00
1.689591780953527467e+00
3.729732463351500549e-01
1.347061718309142897e+00
1.537815716069321548e+00
3.621527797444028252e-02
1.522522337686779581e+00
1.379186001277227680e+00
4.018164966733567822e-01
1.542201385135652636e+00
1.026574316575913803e+00
7.324006491328426405e-01
1.679340505854582277e+00
6.416724946735543611e-01
1.071961556019374262e+00
1.551469797879187373e+00
2.044991201537336434e-01
1.369445468823916379e+00
1.543929268509428354e+00
4.764992415544776205e-02
1.552177543558903805e+00
1.137073148036783499e+00
4.405816280295374310e-01
1.575560737527601507e+00
8.692273494034422621e-01
8.159579805066108360e-01
1.688013010889559462e+00
4.741261911873997370e-01
1.277061824721832606e+00
1.556699889434965289e+00
6.715470379646584775e-02
1.389208306780257418e+00
1.296832739752346253e+00
2.681280037617702061e-01
1.739839391422586257e+00
1.036441891373966806e+00
7.645502862721929027e-01
1.802407597408172357e+00
6.596869738828344820e-01
1.035062659457996581e+00
1.590997595468788717e+00
1.050458057760992187e-01
1.500885707996892693e+00
1.392342510891516172e+00
1.142716794108875611e-01
1.481346773065897349e+00
1.150880996131182332e+00
4.352412382750742159e-01
1.745908485608059335e+00
8.588703313204600898e-01
7.847100295785294222e-01
1.682161326843866433e+00
5.392870122672630551e-01
1.237471852251839310e+00
1.492929191876057882e+00
3.026159501297866206e-02
1.546969844219962198e+00
1.230510335994019266e+00
3.806895016974596313e-01
1.719494668334858201e+00
1.096461349122608064e+00
7.193739528283756846e-01
1.590664259792754276e+00
7.358015955312502410e-01
1.026088448665974706e+00
1.662511174102958345e+00
3.834937942138346156e-01
1.296974637333556890e+00
1.287597285190328567e+00
2.334483735373703295e-01
1.561041104857741058e+00
1.303528512600175659e+00
4.270804707617174012e-01
1.656301183061164695e+00
8.685967578823442503e-01
7.582288376623761428e-01
1.680702817206132016e+00
4.955762875151033531e-01
1.180388989018219315e+00
1.450268775546152078e+00
6.970912039668701599e-02
1.567596048566349598e+00
1.163944662283685538e+00
2.254619396587001223e-01
1.657263619056923876e+00
1.076114614315134776e+00
7.560887570835448379e-01
1.690951398214935786e+00
7.019196097939542911e-01
1.171271514201117414e+00
1.695678855830155207e+00
3.897363679929199409e-01
1.450699960348473816e+00
1.473884798006663832e+00
6.604750934122563533e-02
1.551246733236347097e+00
1.181753212247697249e+00
5.185105579361750650e-01
1.736293670304416503e+00
9.266856111850658717e-01
9.704867514781706506e-01
1.706444235724223768e+00
5.380523646505829261e-01
1.287590175830050532e+00
1.520067972682556778e+00
8.165912364549367253e-02
1.388464909193463992e+00
1.141429234478578136e+00
4.055116143572557452e-01
1.604972257248966638e+00
9.927708510716934942e-01
8.314154155499139387e-01
1.723544585496691317e+00
6.930060548499057393e-01
1.094653291314240162e+00
1.581023717166283094e+00
1.496076336627865933e-01
1.273913688030748226e+00
1.509247879732350528e+00
2.455757227306870072e-01
1.636488769250003861e+00
1.111564817913028413e+00
4.957987818118807510e-01
1.536454231270439674e+00
8.878424160172048163e-01
8.754466754516954108e-01
1.662746307815369473e+00
4.469238335078190572e-01
1.096009847798835146e+00
1.413203615650641121e+00
8.884006399238336682e-03
1.426481890986604384e+00
1.332217832929403212e+00
3.632838849672852533e-01
1.589878528326246432e+00
9.557158329727515333e-01
8.600442671130799077e-01
1.655093154906316588e+00
7.354659581205347241e-01
1.115105445718804544e+00
1.669238603734689352e+00
3.163475766815851964e-01
1.330320449717927733e+00
1.480529214850816011e+00
1.462831507739193737e-01
1.514462481482463208e+00
1.067481096234855320e+00
5.757822461275037274e-01
1.589929319945838193e+00
7.706357947275943587e-01
9.459669419863655504e-01
1.638121739831354340e+00
4.593636808924591031e-01
1.100110538082218481e+00
1.605353282670777704e+00
3.725585323351862654e-02
1.448119989905140903e+00
1.276205385387151114e+00
1.692353429910677942e-01
1.640926747892460735e+00
1.007348871716751804e+00
6.408353166968798753e-01
1.564162817605303513e+00
5.823115742115099192e-01
1.112837178968999918e+00
1.678037925796566521e+00
2.867870543475524170e-01
1.301819840789584459e+00
1.355834279540482523e+00
1.383435133379361526e-01
1.570349103501476051e+00
1.252568685259116910e+00
5.803736503190718432e-01
1.620050825109491388e+00
9.909412831289572399e-01
8.169433248780111345e-01
1.625767549884318486e+00
2.246828965866353445e-01
1.136839350330054232e+00
1.591492370826278702e+00
6.918856238694245930e-02
1.424889239539463004e+00
1.334858185881401482e+00
1.198469644375124293e-01
1.634747228111844031e+00
1.086866963387484120e+00
7.766907856552435208e-01
1.866068301042239197e+00
6.013934649408844146e-01
1.138496662996086428e+00
1.648718128078969558e+00
3.728149772052236632e-01
1.367812399028731418e+00
1.431653165276898454e+00
2.460169654400031214e-01
1.532263890944376650e+00
1.294900289644337565e+00
5.733943298025321322e-01
1.707961612413890329e+00
8.443479111240442814e-01
7.900244998182570644e-01
1.708024120538731871e+00
5.678929235978547041e-01
1.263138736617724245e+00
1.660240716438519559e+00
8.761284642905549369e-03
1.502785643734746657e+00
1.368333584694898519e+00
2.461341271794620089e-01
1.576894349674538454e+00
1.023641502077614396e+00
7.233255583637352437e-01
1.740608371616022332e+00
6.827776355130719121e-01
1.093472330537211601e+00
1.603419410517811894e+00
2.283217967100173440e-01
1.271003517571871910e+00
1.359453080837274896e+00
1.995451120622098173e-01
1.696534521652030003e+00
1.257935571392736707e+00
5.141713602660544780e-01
1.665540832670131310e+00
9.048931944357558876e-01
8.966949045165997223e-01
1.691957343199939512e+00
4.564400359218950265e-01
1.174643446146243164e+00
1.425973465347176727e+00
5.275843803135656096e-02
1.447129047778400901e+00
1.398195554520072603e+00
2.173009613700168097e-01
1.643071769698974505e+00
1.056862679349082068e+00
6.926536654860387943e-01
1.672941833205570550e+00
6.141153828500276468e-01
1.090628979809508126e+00
1.526419927949336230e+00
2.500246221880738084e-01
1.353927997353400636e+00
1.410507284473173861e+00
9.721174067892361659e-02
1.608397695672066696e+00
1.156375546860050951e+00
5.014813370026900419e-01
1.754953802723590472e+00
8.884554416165074686e-01
8.328997421701569426e-01
1.450115425872976704e+00
4.453224282789233213e-01
1.207784905712527612e+00
1.591336563377177882e+00
6.192938657459017698e-02
1.541935240790430539e+00
1.250867208404427000e+00
2.408274360746485432e-01
1.650315870603128010e+00
1.024351662722308598e+00
7.299417725375532129e-01
1.640106804459301459e+00
6.951584840554557720e-01
1.109563808158329667e+00
1.519885318387364403e+00
3.534308037213135800e-01
1.342785452629966070e+00
1.414606562752899865e+00
1.711097092182912449e-01
1.560889530794988156e+00
1.223740263806179174e+00
5.327803971700831864e-01
1.595623804723131478e+00
7.981795386498317102e-01
8.737128878158748613e-01
1.729313072497997927e+00
5.525525107526981783e-01
1.152892285196936317e+00
1.506462666984113463e+00
2.520211098689370544e-03
1.459955471969017538e+00
1.304075463443598482e+00
2.949018827459225500e-01
1.643133151816844606e+00
8.496749237677163613e-01
6.330517089243272721e-01
1.651693274616401030e+00
7.087591834874064078e-01
1.086298464484065862e+00
1.648310281185735304e+00
3.778421728691050419e-01
1.275924299407210416e+00
1.431909870277516372e+00
1.771152404665918279e-01
1.462387341428028842e+00
1.092921485958144201e+00
6.597177309095293429e-01
1.706442826710217631e+00
8.104684587310294619e-01
8.356675729482913040e-01
1.512832725580046223e+00
3.957314245045593926e-01
1.182949598480653952e+00
1.494097346664024384e+00
1.426182524175893529e-01
1.433563989678566797e+00
1.374209406921684584e+00
3.463939603238079257e-01
1.459886990810401075e+00
1.102566002285054303e+00
7.655379448436070433e-01
1.687154230028062862e+00
7.957530662052587633e-01
1.167977931340489439e+00
1.619029498135905909e+00
2.227439411135392344e-01
1.401768529048119882e+00
1.451117144886322263e+00
2.368371291465200812e-01
1.498585504873057417e+00
1.147521772777948090e+00
6.372454939056179102e-01
1.502003515906848774e+00
8.890940872291456243e-01
7.733455919936554901e-01
1.630995313507199951e+00
4.930083857421803661e-01
1.318094565795423945e+00
1.602826471686335186e+00
6.491326251400393599e-02
1.473321031314529739e+00
1.295271443684117285e+00
1.192707120371007123e-01
1.448157996618405274e+00
8.985832544558418622e-01
8.229882623231407068e-01
1.583267443455431689e+00
7.412063858933073401e-01
1.122219354568993577e+00
1.542183104918258829e+00
3.160174549518039999e-01
1.376101931291192404e+00
1.418705505903971265e+00
1.578942703959419769e-01
1.432881209184235116e+00
1.222318014882080472e+00
5.624967466671452199e-01
1.797313521788171720e+00
9.021997502937220137e-01
8.763748854911035391e-01
1.580609619034559543e+00
5.341904143456347454e-01
1.268011637224225385e+00
1.553396961131844112e+00
1.087533782097523105e-02
1.474244931201048159e+00
1.257453008078978973e+00
3.830430989488729510e-01
1.593744962198686999e+00
1.050230377693020412e+00
7.677709214632998380e-01
1.655763568151644494e+00
5.821916255379286920e-01
1.033889994916249888e+00
1.723361832530049931e+00
3.573525832391166723e-01
1.372133424470650898e+00
1.285711559508156077e+00
8.806427793504603696e-02
1.599053556200926041e+00
1.255013392752572399e+00
5.797290647708923661e-01
1.573714775941386979e+00
8.318248769640261830e-01
1.034434488074873038e+00
1.764237098239246793e+00
6.007861473742504010e-01
1.101263243992538943e+00
1.516120941227670160e+00
5.852819407799337431e-02
1.527601899591446877e+00
1.451429768886022265e+00
3.473900769801803734e-01
1.589937468981192481e+00
9.245353225576137257e-01
6.676367658253429260e-01
1.711717871912842526e+00
7.588052937376303930e-01
1.127295700227900488e+00
1.500196341374051556e+00
3.562099070640228349e-01
1.395930255185479307e+00
1.490533705556341237e+00
5.133658201777441255e-03
1.396436296945840816e+00
1.164184132186791842e+00
5.843633125501311865e-01
1.654726321517829168e+00
9.902212858084362690e-01
8.487282417135705304e-01
1.608510018069436054e+00
4.908069060867324973e-01
1.343989507286739382e+00
1.475504155882825019e+00
1.305961972119332182e-01
1.334136476826014439e+00
1.414884154073916989e+00
3.795381226086231297e-01
1.675500393593245096e+00
1.185592198417696252e+00
7.433758378515317178e-01
1.797520175443532153e+00
7.177844527574464006e-01
1.070054584340224713e+00
1.656817737241038646e+00
1.977393009856830974e-01
1.433569336398546890e+00
1.526821301237632822e+00
1.516106781572150175e-01
1.558660632771686316e+00
1.308009729979817903e+00
5.147918736383255700e-01
1.707972194377347597e+00
7.544692357689397610e-01
8.796060077305383196e-01
1.607759203791340186e+00
4.179342134838793799e-01
1.183543873854967066e+00
1.519258062865812997e+00
1.327081629805925700e-01
1.418176971175573620e+00
1.287365082584320808e+00
3.386284596328633101e-01
1.465886306848111165e+00
9.450053279599914813e-01
6.446532939056787148e-01
1.699160623126741321e+00
6.960675241718483619e-01
1.170570970525050214e+00
1.719509887969438822e+00
3.311000603035310630e-01
1.353152940754775324e+00
1.623543664040323131e+00
2.110078001159794714e-01
1.691146959803176086e+00
1.133399108656411469e+00
5.377251258173617599e-01
1.763246555151158468e+00
7.780107468942276672e-01
9.519017589049579842e-01
1.626921170261394822e+00
5.020040671484120587e-01
1.259382028621538696e+00
1.583211899457809935e+00
4.512190451570271404e-02
1.439726872681249992e+00
1.275071636420751497e+00
3.948194281828751317e-01
1.655222214954946924e+00
9.801698398456339945e-01
7.442828945388274553e-01
1.759542027986214396e+00
6.135933063415809352e-01
1.100465507297909040e+00
1.542241825161535074e+00
2.249084566984232425e-01
1.240062312663982258e+00
1.347229362273582698e+00
1.704596411755833207e-01
1.657928506012044556e+00
1.100601691094897694e+00
5.619632042814023398e-01
1.636793052049194674e+00
7.918450974011771448e-01
8.869100380045199516e-01
1.689095289914000819e+00
3.829124028424312209e-01
1.216830251453952849e+00
1.359143070710707502e+00
2.474918500798944931e-02
1.586983282702576048e+00
1.272220465825417257e+00
2.642047609386589113e-01
1.596948360802828981e+00
9.184371712814841660e-01
6.009388299771021291e-01
1.676650966756006556e+00
7.715874601511306663e-01
1.265478882590858056e+00
1.509765688478763357e+00
3.831263176480250721e-01
1.364998394636008250e+00
1.380136240155423577e+00
1.704018530523555286e-01
1.498282011370803080e+00
1.074630754727076809e+00
5.817843264114050950e-01
1.684279672541675321e+00
1.035089576226956742e+00
8.870476841109607991e-01
1.529855937778811681e+00
4.571116268490882373e-01
1.320976799813573077e+00
1.518698501083566965e+00
5.542778274911585451e-02
1.618195573954668731e+00
1.188664349055725156e+00
3.273478609015502139e-01
1.542121426594250000e+00
1.159562605514801170e+00
8.009407244824067185e-01
1.746583678267260575e+00
7.021021996783324282e-01
1.137874671594752307e+00
1.586771937574739777e+00
3.454023690031853833e-01
1.501489693404186365e+00
1.442700266904635154e+00
3.879589217950850377e-02
1.556749486738212784e+00
1.220143724847651878e+00
6.687593433732191839e-01
1.753316293319412855e+00
9.726141527404299492e-01
9.094404370551443240e-01
1.711341725386502199e+00
4.490840527649141989e-01
1.293781946595491394e+00
1.591413531786549651e+00
4.451569474830786854e-02
1.569755785191705222e+00
1.348017418996561467e+00
2.523715680566500641e-01
1.653196917201844807e+00
9.149241219547926685e-01
7.690067681116188325e-01
1.659392374809852910e+00
7.270165958674854600e-01
9.541724427373630135e-01
1.601853854015354184e+00
2.751483202219487390e-01
1.490088718635032006e+00
1.347514646254165616e+00
8.625022307110195852e-02
1.506299329531793019e+00
1.017651086910437153e+00
5.681611524030661942e-01
1.541711170238080353e+00
9.122964744628998535e-01
1.006628375914771167e+00
1.580815261172847430e+00
5.757879051675841575e-01
1.117871528675723480e+00
1.534837496707085025e+00
2.313717489918108716e-02
1.540618311944138119e+00
1.348695839406816477e+00
3.837366269023925747e-01
1.627166502383812885e+00
1.115268125488799278e+00
8.599536554747767569e-01
1.598199316988357932e+00
5.485755297162253630e-01
1.113819123947161316e+00
1.489234365388887982e+00
3.641633601091796568e-01
1.321221950622834651e+00
1.467956808361552845e+00
1.799319463564064969e-01
1.516422423075260095e+00
1.250774786075762979e+00
5.163486093042044534e-01
1.668866575769572425e+00
9.574793027663534017e-01
9.521968328911868396e-01
1.725237321602384410e+00
4.856567956192515689e-01
1.162724015872065308e+00
1.595294187830692989e+00
8.699193651255156257e-02
1.402504344978318107e+00
1.323854213527189794e+00
3.922261046138378893e-01
1.465617477743944130e+00
1.072366463835124684e+00
8.000926501959890746e-01
1.748953104940101255e+00
5.533199778662588608e-01
9.911533296500869561e-01
1.570265159426087020e+00
2.253392778383273010e-01
1.319865461319738698e+00
1.481203934314809345e+00
1.644640408918551233e-01
1.547195400917244612e+00
1.125204599484074031e+00
6.403340126879175642e-01
1.613565116012972256e+00
9.846873285467299119e-01
9.825035421606266306e-01
1.554986597648762903e+00
4.612893716266727728e-01
1.237404425035499189e+00
1.445564393520387014e+00
1.137667766639859357e-01
1.526422423038067855e+00
1.421495238569302044e+00
2.541828434884915722e-01
1.333889593272262530e+00
1.042899960588551833e+00
7.343033244692139805e-01
1.748059917001741681e+00
7.361661426394838781e-01
1.018537363173932286e+00
1.592230194955747580e+00
2.990802859565350191e-01
1.433255533235988866e+00
1.502203964853862761e+00
1.761396068911427748e-01
1.582883532928516912e+00
1.080194603111939378e+00
5.618237262961404133e-01
1.801689430792556612e+00
9.369174619399478487e-01
9.168487986643476528e-01
1.489055950625102653e+00
3.986477576392974398e-01
1.258141247253879103e+00
1.484782116387993067e+00
2.016607883400473727e-02
1.451483362279014422e+00
1.485273013082766269e+00
4.298015057522181492e-01
1.597459840288365962e+00
1.022420604156425217e+00
7.227121984418438672e-01
1.730991895519760293e+00
6.829697835811128215e-01
1.052775234706450735e+00
1.586878425287467698e+00
1.855119388185581530e-01
1.349689826532066927e+00
1.234555095725076379e+00
1.302486390335682587e-01
1.648053655549631236e+00
1.132752065665492136e+00
5.912298763786051348e-01
1.515582157784143291e+00
8.534165869216105982e-01
9.049065435648092626e-01
1.515087554876231479e+00
5.700553094333442594e-01
1.192945526654922705e+00
1.532211033703635428e+00
5.730959679317916555e-02
1.509470277766286950e+00
1.286753648168242004e+00
4.612274581439427812e-01
1.591401313880847379e+00
1.142295235789146046e+00
7.579926301133919075e-01
1.726106620451671292e+00
6.931106939906430675e-01
1.045400683110219164e+00
1.572775754850659569e+00
2.369098699893973925e-01
1.288169004863757960e+00
1.404690508539700344e+00
2.165724326079178086e-01
1.551994690426219403e+00
1.059968276032476675e+00
5.771200011465041912e-01
1.680599608688075675e+00
8.507272766959370625e-01
9.698372588029537944e-01
1.730150679209571773e+00
5.706650638590146096e-01
1.234995049119522514e+00
1.529891658505570406e+00
1.944218674545757919e-01
1.469094294252111910e+00
1.489494918329093531e+00
3.237356746730138957e-01
1.609686639452849732e+00
1.039480791688336181e+00
7.275935485954400095e-01
1.610054331605016209e+00
6.066879216895881832e-01
1.083655815796340516e+00
1.570301267811918366e+00
3.305698689435642712e-01
1.296016101011862931e+00
1.404948202405943647e+00
1.073572792701503464e-01
1.417401815040806756e+00
1.325747118757183873e+00
5.003576015915761621e-01
1.708095597125107723e+00
7.749598059677550443e-01
1.004551784363807876e+00
1.625394701775044748e+00
4.183160511496984424e-01
1.320768971541907755e+00
1.537644149951891581e+00
6.811935915622928384e-02
1.517790994893311707e+00
1.429940468935650077e+00
3.204316113996488191e-01
1.574032917863102954e+00
1.081219519916248872e+00
6.183099262265714380e-01
1.602319519686055571e+00
6.590968772343103188e-01
1.197589560213280224e+00
1.602078805389133720e+00
2.516455260590971799e-01
1.329807863696688575e+00
1.389504744153719606e+00
1.573430113391995899e-01
1.460296803174450320e+00
1.160490684025984320e+00
5.022354833155223686e-01
1.547053243988627980e+00
8.793801185633044470e-01
1.058397685972910729e+00
1.513272837864213738e+00
5.345566833925009531e-01
1.158330092384093790e+00
1.561483294828046375e+00
4.703676714010141674e-02
1.453919091633475880e+00
1.259627537843171829e+00
4.402946393326967467e-01
1.487717570930195521e+00
1.101293361603964849e+00
7.135022205943910567e-01
1.701193165217028902e+00
6.261810513972052572e-01
1.070135222399067221e+00
1.577992678971205098e+00
3.419997085160817463e-01
1.328696434674214055e+00
1.368704501798035489e+00
2.526360403702755941e-01
1.567428552616724202e+00
1.101040556498237066e+00
6.133484725339224397e-01
1.576261946009159143e+00
9.447705173329712380e-01
7.694418258282620382e-01
1.616457664150501516e+00
5.914302870508927334e-01
1.227257473596155224e+00
1.710297641250811740e+00
1.205743456472784247e-01
1.426668683675936800e+00
1.303527082616310784e+00
3.519516429072082619e-01
1.505990596670434112e+00
1.021895237345000318e+00
7.353247287211576166e-01
1.665588686138959940e+00
6.290725454687006168e-01
1.091772808148230967e+00
1.517370700981777176e+00
2.378094274954083986e-01
1.326088335497694448e+00
1.525268856804355089e+00
1.545471592982780307e-01
1.472070776314110097e+00
1.146322195673544098e+00
6.439221917972793863e-01
1.737337284394966375e+00
9.139992854741767481e-01
9.318843468681279330e-01
1.552749684372819461e+00
5.162224585445467362e-01
1.175590116972822896e+00
1.545358959608437832e+00
2.274603601618075538e-02
1.483558796519217848e+00
1.308543375193530256e+00
4.223747375915827829e-01
1.532046205721324439e+00
1.145916472124659302e+00
6.806416014966448769e-01
1.645759618282924608e+00
7.296239146780345575e-01
1.155652965092755835e+00
1.581967860473032061e+00
1.374140884853874423e-01
1.382785730034909122e+00
1.467725516960703747e+00
1.456004958626057055e-01
1.617908716250586965e+00
1.151590869364645053e+00
5.492434476642129582e-01
1.488807451934824000e+00
6.714120722551331077e-01
1.003077961598938250e+00
1.432095145216680576e+00
4.579426986960196122e-01
1.205003314727943087e+00
1.508975077339533177e+00
5.001970907131080002e-02
1.399121238856753990e+00
1.383605297620077668e+00
2.972055448022485891e-01
1.494506383989519405e+00
1.055562183522484432e+00
6.342449389431770168e-01
1.590400445347951219e+00
6.682889893372092605e-01
9.823227617297982661e-01
1.629661323932333872e+00
3.384745364242692234e-01
1.291516492023070617e+00
1.340148869746858207e+00
4.190505596320164006e-03
1.599108351878643086e+00
1.120522584960621737e+00
5.244351420728965429e-01
1.764903797376398131e+00
9.439545832652402879e-01
9.101085520208945789e-01
1.550381681323401706e+00
4.860993974526148786e-01
1.273859515498970918e+00
1.357658712390541478e+00
1.304591159151583801e-01
1.481275300680251927e+00
1.271612236008248908e+00
3.878210579452875395e-01
1.693889085934124683e+00
1.011132991104919165e+00
6.874508719522837152e-01
1.446685541896687743e+00
6.453447880306303341e-01
1.084912371610469606e+00
1.533771287488989721e+00
2.818783768630181430e-01
1.392581726166934430e+00
1.567546824231752511e+00
1.110558125329223766e-01
1.437902040971904771e+00
1.196950755549919476e+00
6.062834691273758514e-01
1.591847935206506026e+00
6.303577262543303972e-01
9.387261895992897731e-01
1.656688169396854482e+00
5.102090430032983903e-01
1.199230926175921530e+00
1.410542999794182295e+00
1.299664315665446379e-01
1.559619790746537893e+00
1.204743056333850149e+00
4.963598727985246151e-01
1.639593916992520661e+00
9.957896385232154479e-01
6.724646678495020957e-01
1.603750738747100391e+00
7.421486669631333077e-01
1.052156644250047624e+00
1.709156350093334664e+00
3.367253042191598600e-01
1.339573463630723049e+00
1.449702100461578436e+00
9.001724880109805704e-02
1.655581336403333825e+00
1.140432977649155522e+00
5.392493317624335036e-01
1.674673764422407229e+00
8.544063348727970464e-01
8.883407740455551149e-01
1.762878933559508088e+00
5.437167584068716142e-01
1.204957710388669279e+00
1.552037731849206015e+00
1.714651889865001777e-01
1.611815169491128907e+00
1.299170570597677044e+00
3.430880553552405621e-01
1.585757653043735171e+00
1.069468288756256769e+00
6.666143384070001288e-01
1.708685939844280410e+00
6.645103885973684399e-01
1.065467977055008397e+00
1.572789367418740758e+00
3.684850421911993745e-01
1.337505134376104632e+00
1.417472104267272659e+00
1.687414205450042393e-01
1.435395108047942125e+00
1.193080600936199831e+00
4.542016112806669392e-01
1.586556208434082071e+00
9.494715313478445662e-01
7.532007982247036493e-01
1.661595104194006245e+00
4.186863955629878675e-01
1.242890201579872844e+00
1.544566348005260270e+00
1.048607370305801312e-01
1.507859475383286574e+00
1.118348748157774297e+00
3.980765524412334666e-01
1.495568790531726755e+00
9.646021460452046670e-01
7.975140807814893318e-01
1.734991938942320067e+00
6.879108299793389447e-01
1.103977916359689004e+00
1.373328659640036253e+00
3.034565108063414507e-01
1.365307658359950160e+00
1.478646775347750575e+00
9.735378286080741128e-02
1.579893341146601848e+00
1.156791493121254399e+00
6.617872354415095248e-01
1.474956352002080084e+00
9.587181884902182816e-01
8.883990933269817480e-01
1.660421518891280757e+00
4.905956414117998987e-01
1.274929947194363367e+00
1.603410267431316427e+00
9.089364528007577715e-02
1.326719596985810989e+00
1.264923445239233502e+00
4.289745443852444606e-01
1.686626717281807242e+00
1.013087529945274845e+00
7.809177011499409682e-01
1.595348132947620456e+00
6.402755763042655701e-01
9.633696606639496895e-01
1.695271457624483391e+00
2.365246336602861710e-01
1.330102819377363854e+00
1.263121989373907628e+00
2.001287775243167921e-01
1.695343182121807679e+00
1.256136354689116885e+00
5.744758361771844513e-01
1.481390717910722410e+00
8.671086093140049078e-01
9.220482620076712044e-01
1.685739220702927366e+00
4.534368431391215815e-01
1.058115577396359308e+00
1.429331416687776413e+00
1.088652509531482793e-01
1.387549288342959208e+00
1.340932472782704776e+00
2.895489456731850098e-01
1.539985651635214170e+00
1.036287826692843694e+00
6.910504393215434193e-01
1.667441528254712590e+00
6.188471252023468594e-01
1.076043373202974829e+00
1.584720975151600486e+00
4.022027948502928663e-01
1.397213319729472047e+00
1.502684049153639956e+00
1.098974429958297916e-02
1.423639633331864163e+00
1.353905921506495691e+00
4.858226537518612886e-01
1.549747267353732472e+00
8.176554341646895541e-01
8.048733764840791949e-01
1.601644475433177561e+00
4.089652212992063163e-01
1.291534708004139054e+00
1.673847312354384886e+00
1.789329379901035133e-01
1.431825991055494463e+00
1.336780087684426244e+00
2.832282484906174513e-01
1.461912171938124061e+00
1.187690629424005273e+00
7.987403243822419618e-01
1.720140491571058972e+00
6.227540912993716482e-01
1.028181866002625178e+00
1.538192756781886494e+00
3.128640586348873653e-01
1.200244066173022484e+00
1.518443115376722163e+00
1.462008254556887710e-01
1.537163176047007696e+00
1.219860076314938535e+00
5.937042433259970275e-01
1.537269428696247831e+00
8.002255659134177579e-01
8.391960550994048695e-01
1.689223615979034587e+00
4.343988254752068623e-01
1.172199273425262422e+00
1.453740141890377480e+00
3.925995439535641396e-02
1.403280016785333206e+00
1.479783013062100139e+00
2.117037844390393664e-01
1.562187934916005272e+00
8.165456354117817117e-01
6.717338635791327839e-01
1.609539864778450680e+00
5.686532760441931345e-01
1.070652741740414138e+00
1.457219638099072290e+00
1.961570415571531889e-01
1.462433886309274289e+00
1.407176422342811151e+00
1.304399164797458432e-01
1.392355958211280553e+00
1.195097920695849414e+00
5.567717151201363457e-01
1.621037983488255119e+00
9.117908728763560733e-01
8.228995775521800171e-01
1.643428745447101935e+00
4.514713340538369923e-01
1.181147220397534170e+00
1.491793594082222896e+00
2.502302034354822804e-02
1.384178199858879577e+00
1.292551910061614073e+00
3.289367598524737812e-01
1.506645589718370593e+00
1.226552768850090125e+00
7.213667431527523988e-01
1.621367693922920017e+00
5.022031521722697400e-01
1.074227227719640965e+00
1.585114253837147436e+00
1.473532358998035918e-01
1.333766230009562959e+00
1.402228508564324239e+00
5.224658981894068910e-02
1.401318397981291319e+00
1.090846670956761910e+00
5.443992116034042095e-01
1.669186859822288538e+00
8.689608084013935585e-01
9.622030191357607842e-01
1.730567404062451242e+00
5.904834033137049687e-01
1.230585501492336364e+00
1.509629056436304628e+00
9.424853266803064067e-02
1.552499842799567542e+00
1.345375755655588090e+00
4.903194405103176723e-01
1.424147314183328072e+00
1.029351377960925129e+00
6.713547158662680481e-01
1.555561948011817464e+00
5.303949561397779400e-01
9.960278226346599428e-01
1.686529539000862776e+00
1.727924732822513632e-01
1.304391417509032758e+00
1.418022073484842549e+00
1.436295063266603000e-01
1.428463281723761025e+00
1.015161553930485905e+00
4.997226405422564577e-01
1.658483569724664264e+00
8.063848253650913733e-01
9.017840692174315942e-01
1.597406644296742062e+00
5.861716991039429558e-01
9.914052108936252106e-01
1.440825330194565934e+00
4.486935734909774237e-02
1.432504807773862909e+00
1.316394405507088416e+00
2.782989486012564240e-01
1.510670153821771944e+00
1.056746934607574628e+00
7.813078328807938622e-01
1.726156071689622928e+00
7.938372942030222923e-01
1.032124080204924521e+00
1.594590387914273766e+00
2.571225321670648212e-01
1.284532014000030253e+00
1.418670848584054678e+00
1.599457470996591968e-01
1.565500189846149803e+00
1.226255922449693836e+00
4.137608280506811509e-01
1.489665967548594594e+00
8.131062953383136893e-01
1.014569842463043825e+00
1.702137834334553901e+00
4.828262838056132655e-01
1.253916294878214543e+00
1.531359473571999752e+00
1.002789441602494058e-01
1.412339276446215930e+00
1.345835396923573013e+00
2.527536986687174414e-01
1.661730633175227734e+00
9.230504435221642545e-01
6.621565806873498383e-01
1.719909647870389247e+00
6.694008704153752154e-01
9.420212342141068840e-01
1.556793945394284284e+00
2.626864144542249702e-01
1.401454520361349987e+00
1.358833894945328913e+00
2.398487484137033499e-01
1.576989949846976824e+00
1.044111199183126004e+00
4.052987808592589114e-01
1.568547389525470681e+00
7.030798154287538626e-01
9.105077854290491990e-01
1.554722211467340465e+00
3.522685022511534148e-01
1.339050671215096688e+00
1.555778120187094160e+00
8.621705281874628146e-02
1.387094105578406289e+00
1.379802269586039021e+00
3.503484632404847421e-01
1.551413255018497805e+00
9.744917095064333790e-01
9.047865631889969729e-01
1.657094239101313926e+00
7.641131336739793722e-01
1.010924021233451819e+00
1.578786601192475825e+00
2.286505609035522357e-01
1.399058184596574828e+00
1.533569229440642667e+00
1.169198188517069636e-01
1.450902240495132167e+00
1.246111954959730372e+00
5.578972158756094757e-01
1.630675874387942814e+00
9.150095122031808303e-01
7.666722355676488521e-01
1.543032102994978505e+00
4.240778759998451442e-01
1.249380305642555422e+00
1.523636398634131250e+00
6.296643453222269815e-03
1.617214661381608520e+00
1.294795177611602899e+00
3.960925831359483062e-01
1.531071082231231895e+00
1.084590301541545232e+00
7.644260995351389587e-01
1.557577819034723143e+00
6.469867288963917495e-01
1.084797975318110508e+00
1.780208477137700029e+00
2.321245281875233268e-01
1.518852048461792448e+00
1.388584932027033148e+00
2.565943049478042748e-01
1.489975478745956039e+00
1.205576958255595521e+00
6.806037094593841985e-01
1.550855364639807554e+00
8.704382475097356409e-01
1.005627708785481245e+00
1.622039265996927160e+00
5.546094864702341143e-01
1.188570777833286574e+00
1.646546734834849479e+00
1.967479866472041788e-02
1.433922428573417562e+00
1.278628472362293156e+00
4.155825611195723690e-01
1.584738363374259107e+00
1.106458952205930490e+00
8.125110237859110018e-01
1.777604716319549860e+00
6.920174000273860981e-01
1.058183095238619975e+00
1.554144974647887478e+00
1.736045763034391731e-01
1.413523056563155356e+00
1.282642435455238150e+00
2.439898190281459822e-01
1.546883222507272837e+00
1.265417605957641856e+00
5.781432427174565403e-01
1.659643253707105304e+00
7.482272958454037060e-01
8.273205353667429929e-01
1.589707462721599018e+00
5.258869279582663037e-01
1.217820987895137597e+00
1.643779744275364996e+00
1.310080127951266105e-01
1.472664346161437265e+00
1.301087727305195951e+00
4.725101790027680937e-01
1.594228285267087708e+00
9.994316503630776838e-01
5.666396012447159070e-01
1.745277300395994491e+00
6.576603783892378541e-01
1.033033678376684472e+00
1.534909743271824167e+00
2.142546391221833990e-01
1.332109857955836807e+00
1.342636293419082083e+00
1.058739109608359680e-01
1.531210006854205385e+00
1.131066918403407451e+00
4.971725646498013074e-01
1.479597659465498927e+00
8.246638729149948777e-01
8.172935161088445977e-01
1.592473373168527440e+00
5.509549823756210163e-01
1.200908908449084489e+00
1.481213721059389421e+00
1.200940219379007107e-01
1.541280845508628650e+00
1.276649434705136033e+00
3.379369898268007599e-01
1.519155431173908832e+00
1.077493927477740865e+00
7.143888061541613377e-01
1.528463696126698190e+00
8.161595369161642743e-01
1.061944245367591799e+00
1.673531767691891048e+00
4.577176730503962898e-01
1.488162514372906697e+00
1.382596590923621305e+00
1.664071735854479595e-01
1.460649526795040565e+00
1.077454640061910496e+00
6.013853969837792413e-01
1.627293860876167120e+00
1.025257056040163040e+00
7.991668566788153738e-01
1.491357597200284602e+00
5.633172376621781163e-01
1.266258551974482005e+00
1.562349971954948957e+00
8.613185239801285364e-03
1.509374072291610691e+00
1.289046735176924141e+00
4.661317012369123325e-01
1.592304489717268678e+00
1.015349545247441476e+00
7.021860563185655657e-01
1.635729781074167333e+00
6.533760388361787852e-01
9.654106010668185300e-01
1.708069517731879650e+00
3.466607499631079725e-01
1.265477805887445850e+00
1.411633978506508402e+00
3.120221734252365264e-02
1.515908166300067528e+00
1.199752515198358127e+00
4.629152332584038354e-01
1.598471158503767864e+00
8.591656874976943969e-01
8.549102907988330724e-01
1.719073859642529678e+00
4.632046329586826938e-01
1.276977099375656621e+00
1.566161994520854250e+00
1.882537337932665977e-01
1.462498657745127550e+00
1.280435520364573421e+00
3.963176699953905313e-01
1.628943172687081997e+00
1.044308425863107015e+00
7.459732662412944526e-01
1.689669323901908715e+00
7.482169209518778619e-01
1.082806615746815693e+00
1.541689661627200447e+00
3.569614384003113594e-01
1.466040347668939203e+00
1.417391689498572083e+00
2.700388381872275700e-01
1.461004268848670629e+00
1.175754521422107901e+00
6.546145894067317839e-01
1.574596926564684418e+00
8.019937713394957868e-01
8.916269073075786533e-01
1.726592094132578747e+00
5.510977667599966656e-01
1.274664290860325178e+00
1.587260226501704174e+00
5.462138982233319395e-02
1.335628470094936349e+00
1.344878414281494239e+00
3.285073826391940455e-01
1.711618193809506305e+00
1.031525940873062819e+00
6.573077651426404433e-01
1.705126336309663593e+00
6.764276902507981859e-01
1.122857367853895560e+00
1.642330230012659653e+00
1.756260457097193750e-01
1.339902003766636263e+00
1.364037488456601555e+00
1.493091829067429988e-01
1.540056213275951436e+00
1.168281824804896507e+00
4.540448753135007398e-01
1.660502644400280170e+00
7.366817390921470698e-01
8.272614893397512992e-01
1.523366272446631031e+00
7.221152431579059838e-01
1.136633077608320663e+00
1.404345499190739144e+00
2.579496740148453510e-02
1.451473645814080449e+00
1.181336574419167063e+00
3.827289418111356478e-01
1.545514562796895142e+00
1.038370028038739790e+00
7.283189660055313652e-01
1.628728112205610534e+00
7.805501026344350279e-01
1.045455040764739829e+00
1.779455258526619676e+00
2.687026533763324232e-01
1.208866806066837496e+00
1.397800554284742924e+00
1.548522927475509681e-02
1.503358098388845487e+00
1.159635120976729050e+00
4.570392611516816972e-01
1.616853529610493334e+00
8.556576183577159211e-01
6.369681943313302286e-01
1.632525080259518369e+00
5.933135245333307495e-01
1.177239038673497662e+00
1.487267093372977689e+00
1.297737331560913088e-01
1.491732391044571671e+00
1.342391469710723317e+00
2.376238048512268608e-01
1.653710643889812149e+00
8.408961238528039894e-01
6.519890439530395820e-01
1.501725567188890942e+00
8.353840533713425831e-01
1.000528294470397705e+00
1.453059371338389916e+00
3.073994070672947942e-01
1.287683495592303329e+00
1.501628167689996518e+00
1.128259741940817601e-01
1.622960318907553434e+00
1.092236330241705300e+00
4.463491274240319329e-01
1.448514867046953647e+00
8.973060765126176230e-01
8.855562401414427409e-01
1.728053757598805751e+00
4.204113182360993406e-01
1.233354591860465366e+00
1.461011153260685758e+00
