# {'window': 63, 'contam': 0.9559269453100026, 'q': 0.08507891046084783, 'thres': 1.2859746894732704}
9.761506919861329123e-02
1.226463509312917033e+00
1.362079790543485380e+00
4.339687749591334409e-01
1.498141334125391744e+00
7.843979672809178183e-01
7.027166198867682567e-01
1.558373758258390751e+00
4.738136845952141130e-01
1.037323072735059526e+00
1.531018280797955100e+00
2.875408688120630885e-01
1.313491564775899789e+00
1.365483186507826296e+00
2.003095326790358399e-01
1.329573451417579655e+00
9.979625035134480626e-01
4.965848406351014432e-01
1.463886078733371399e+00
7.188738673009638092e-01
8.577956449143249174e-01
1.352073081024560697e+00
4.842958656084661584e-01
1.075791585010509088e+00
6.312042778230305906e+00
4.673325280096235268e+00
3.156689003002996152e+00
5.750481359431871553e+00
4.869969101299596481e+00
2.920789945037422619e+00
5.170632655064103744e+00
4.822882584539985196e+00
2.327895825532753538e+00
4.363365953524405150e+00
4.748610891332308626e+00
2.099500505946051199e+00
3.692727724229297070e+00
4.640945094632456858e+00
1.985537864946107067e+00
3.023640338986256726e+00
4.384003978184159322e+00
1.929887276534553608e+00
2.214580315156246648e+00
4.163281466652303919e+00
1.782751430408031190e+00
1.545172579700974103e+00
3.815063603647662838e+00
1.802312493590576992e+00
8.582781614567660533e-01
3.366900308138715214e+00
1.819589084276496793e+00
3.829159743113135228e-01
2.792459405698353159e+00
1.892442251343361637e+00
1.713802484271291782e-01
2.231974039774296426e+00
1.906521432216308654e+00
4.085436320424258305e-01
1.681793260756325070e+00
1.863423353109114666e+00
5.351277151268858390e-01
1.016629864616178880e+00
1.825501801488856879e+00
7.213150575945537213e-01
2.358731374547233806e-01
1.784950939739456288e+00
9.239957974776826788e-01
3.488026072527556920e-01
1.516607681484947179e+00
8.320520416393231145e-01
1.097204588457977081e+00
1.319981137270358484e+00
7.338944634019193280e-01
1.499554061110428549e+00
8.948500586942662594e-01
6.467465036829547209e-01
2.126534053050686879e+00
3.319313313678862176e-01
5.699265815853982176e-01
2.510450869132609064e+00
1.406576155315246712e-01
3.517202089195872183e-01
2.722595992496252393e+00
6.575095233244154791e-01
3.037227956962471609e-01
2.880032335763214935e+00
1.382499610450958594e+00
2.515492443368616549e-01
2.771354031414776209e+00
1.759940712355225534e+00
2.179760549091054322e-01
2.616554804678248303e+00
2.114287048480646636e+00
9.094954335440630366e-02
2.214110606800692604e+00
2.544193784317925200e+00
1.323178170200352000e-01
1.810110972890503600e+00
2.718029062143965557e+00
3.135875717433340704e-01
1.603721291400230342e+00
2.946057751475509079e+00
3.294503584235100035e-01
1.226380083244011487e+00
2.991119747113666349e+00
6.360509689974533920e-01
9.998926603648841116e-01
2.881991057681392299e+00
9.667523898315266706e-01
4.585332311856342713e-01
3.002304636854441711e+00
1.419961515930601159e+00
3.570495834275093650e-01
2.931284702091958572e+00
1.799335091644165274e+00
2.716021145804279335e-01
2.573320648094028495e+00
2.085192132762910600e+00
9.635523498516862517e-02
2.308735934587917260e+00
2.349289998983961958e+00
9.792917110573196027e-02
2.112710550047788960e+00
2.761680546544593717e+00
5.087402775311576697e+00
6.363888030658594985e+00
7.565159249408086595e+00
4.865316476189466499e+00
5.773211386288574332e+00
7.238158683781120040e+00
4.925015498401473124e+00
4.932225648881833457e+00
6.988453471612892542e+00
4.751602066630667309e+00
4.136311444409841442e+00
6.528990328431301116e+00
4.776183268822909334e+00
3.786659390621467836e+00
6.074818833211045543e+00
4.842288253133645526e+00
3.261922614860458758e+00
5.339953493723465172e+00
4.761276317788857959e+00
2.675382155993261790e+00
4.811987571469368952e+00
4.910319813595243055e+00
2.360757237359186078e+00
4.184818111244560157e+00
4.665636039853996664e+00
2.136361068681467579e+00
3.354300669657386713e+00
4.747984973603153414e+00
2.089533630619299309e+00
2.752509045172679691e+00
4.461613474827479386e+00
2.121475684037856801e+00
2.151331158607254324e+00
4.212493620957165952e+00
1.963657245046831257e+00
1.534960965247446296e+00
3.965430436206013987e+00
2.053588393998141193e+00
9.334333328828448018e-01
3.363252451723100833e+00
2.249800549403272676e+00
4.263423567447919282e-01
2.836384763090457284e+00
2.316398589779799622e+00
2.678226663059071200e-01
2.270335779248673802e+00
2.350261596970147693e+00
1.101854657967464846e-01
1.624589381474594418e+00
2.199725555218567052e+00
2.630141998033863615e-01
1.046806462621924894e+00
2.285044255700288574e+00
2.488460209332927775e-01
3.770257660867937233e-01
2.227843776470015413e+00
3.953812375820735525e-01
2.129393070477689776e-01
1.942265712528762123e+00
1.941343463690952120e-01
7.565434215100772519e-01
1.641723876778980795e+00
1.186699274696643158e-01
1.280689364976279165e+00
1.170389478690310625e+00
2.374632539923169361e-01
1.446767916073330440e+00
1.006063096444576033e+00
6.016922088218112918e-01
1.332938381882801337e+00
6.403799364764513058e-01
8.372880848633563744e-01
1.358682545528601793e+00
3.328059339338054201e-01
1.109986743883423443e+00
1.398806891423177490e+00
5.650997493213516520e-02
1.155385236749571831e+00
1.195096012778588346e+00
4.160291930050306064e-01
1.516032312187764575e+00
9.225090594995979387e-01
8.346776557473791769e-01
1.518962556847904821e+00
3.853378408001653099e-01
1.009009475765054731e+00
1.491144038914439918e+00
1.756216287808562981e-01
1.173848657992211386e+00
1.300108532942248374e+00
1.105485787197579839e-02
1.441923074439840136e+00
1.108776046060468090e+00
4.844845173368081959e-01
1.611688787489956809e+00
7.523232584905930054e-01
7.979577623766687111e-01
1.377307258929038269e+00
3.623356079273793995e-01
1.152076094686883323e+00
1.343864401347138582e+00
5.634826850955931832e-02
1.342653555465416204e+00
1.091607056594751768e+00
2.659185810209319101e-01
1.457162029448706875e+00
9.615692915055333856e-01
6.278659789711795725e-01
1.711026781224669335e+00
4.882494239641115286e-01
9.253999652018869426e-01
1.486007256590481163e+00
1.175601781746848928e-01
1.316776135185223850e+00
1.309729175102329890e+00
1.903458027865969626e-01
1.424750177166121290e+00
1.048927068533433982e+00
4.964143428669203217e-01
1.445225504383143900e+00
6.413743716326205657e-01
8.851126620337108619e-01
1.497981182013059964e+00
4.329279824248217778e-01
1.163816996814079019e+00
1.412015987711679799e+00
2.628423732272722191e-02
1.255920721598462464e+00
1.183050840798355097e+00
3.219908747864135279e-01
1.403409622610743313e+00
9.456191739765991144e-01
7.451425323420846070e-01
1.410696903373969135e+00
5.045490092919902025e-01
1.060172827973394405e+00
1.485555957883754274e+00
2.040416200554417969e-01
1.398772192837908435e+00
1.404725792437675480e+00
2.356940827758329249e-01
1.453970968580597045e+00
9.891126536022376570e-01
5.233594509574999165e-01
1.467024175015843923e+00
6.770901804360125453e-01
7.223355757225711216e-01
1.646073843561763894e+00
3.085518230149055796e-01
1.137965492086394192e+00
1.286447998907952694e+00
1.420282022111507558e-02
1.308933517493956700e+00
1.067791082670611402e+00
2.653501001300480056e-01
1.439216865606086415e+00
7.751458680423795045e-01
6.613878091716092200e-01
1.431903442904765456e+00
5.843735041638993266e-01
9.652181554718755052e-01
1.402363790885607031e+00
1.766734223321542174e-01
1.313626489950761922e+00
1.166909176486731425e+00
2.427781490826408373e-01
1.443341738598952873e+00
9.720573186026477686e-01
6.087735290326250492e-01
1.444759096866853554e+00
6.595728773227929054e-01
8.071585865046611019e-01
1.477245674412507981e+00
2.303813692123863888e-01
1.191429016247827377e+00
1.466415119097741027e+00
1.687853806602390705e-02
1.316725620572734456e+00
1.102727133347411126e+00
3.442325702962101275e-01
1.480146278045641139e+00
8.065654138167150933e-01
8.256434201035514064e-01
1.471037126199552958e+00
4.039925868657157082e-01
9.913922519407627476e-01
1.497149918598490004e+00
1.690044766510645502e-01
1.345074115214915267e+00
1.390202573434951461e+00
1.509159518802452027e-01
1.266360202022239534e+00
1.031475501715416243e+00
5.727905985716148507e-01
1.464100538841812238e+00
7.975318807689841805e-01
8.851451752531396266e-01
1.371460612284240099e+00
4.424008658904234892e-01
1.202862880871572671e+00
1.420768916767130463e+00
8.344557976973376867e-02
1.451700064667262424e+00
1.085979977608189984e+00
3.432844242887416186e-01
1.535059661068292058e+00
8.451979066595196599e-01
7.892576247844811377e-01
1.585791053233982950e+00
5.605005715497028973e-01
1.085672496093508244e+00
1.372373837220880688e+00
1.766948189136581249e-01
1.213853590825847206e+00
1.268799045903637790e+00
3.266178856039338996e-01
1.431200634054714982e+00
1.058158762464115554e+00
4.524302785906719748e-01
1.528590879160423910e+00
7.439980090531221890e-01
9.295506685411538683e-01
1.634942020606704460e+00
4.118241428274274085e-01
1.174980632205405939e+00
1.434126506683760738e+00
1.526647305436057422e-02
1.262133225059720587e+00
1.164792963485194122e+00
4.015515057835123969e-01
1.483115623298784769e+00
1.048375697947646401e+00
6.825083217316176842e-01
1.400149671496135895e+00
6.155163635271652112e-01
9.357030518463762547e-01
1.565886230264831980e+00
1.478662401657828696e-01
1.314206402084375114e+00
1.129462318166888579e+00
1.361944865289448359e-01
1.500563279860621435e+00
1.230056587254679812e+00
5.013834193089277136e-01
1.574381976424623630e+00
7.096554210395940032e-01
9.491403338687511848e-01
1.485574521556600303e+00
4.111173307821704981e-01
1.161267710615332405e+00
1.289062085194494500e+00
1.909602725909742560e-02
1.375967104371246919e+00
1.121062275818006881e+00
3.742387555792152654e-01
1.509195834496376065e+00
9.567379260337549596e-01
6.770851662914587621e-01
1.371732275047422789e+00
6.090393422954480940e-01
1.031869888259807411e+00
1.348318149236151342e+00
2.344759823347910555e-01
1.305488146622547418e+00
1.290547688651692226e+00
1.806238158058572907e-01
1.360783555001461309e+00
1.102764493736795970e+00
5.989933120978498948e-01
1.446994817765103747e+00
7.203317107269846531e-01
8.765549076049214960e-01
1.437088669580463218e+00
4.015974345202870666e-01
1.024754375159774966e+00
1.363134262305107924e+00
7.463011898788174392e-02
1.447354146302322064e+00
1.093954498290935717e+00
3.967157740655249398e-01
1.512259699904610954e+00
8.747326038176908014e-01
7.326329824053026130e-01
1.478002348613898675e+00
5.602358484635896474e-01
1.048055246882938718e+00
1.360865556149166267e+00
2.354314513329320846e-01
1.098656702990089329e+00
1.339920912511601614e+00
2.346684766716702342e-01
1.367689527996374110e+00
1.038001997852440184e+00
6.393745871673939263e-01
1.544342822950190097e+00
8.115121218378060775e-01
8.401220910405839959e-01
1.474742030922884695e+00
4.085564079449763852e-01
1.236900602078227607e+00
1.305360292486010820e+00
1.017089953252447998e-01
1.333018880488888058e+00
1.020980020062548732e+00
5.258674892208485829e-01
1.380611100280543013e+00
9.339496486891132321e-01
7.553766496803469011e-01
1.404641250590007218e+00
5.202226825883986550e-01
1.062960712805564256e+00
1.412467654209036638e+00
4.018835630275265913e-01
1.264837179004375756e+00
1.302503968771532072e+00
1.035476427342700845e-01
1.339459599625907771e+00
1.032399774815157656e+00
5.228022984703883935e-01
1.441560154774332858e+00
7.394434227271666771e-01
7.993178342681623860e-01
1.429359586754442191e+00
3.901957368082200617e-01
1.159609601727781936e+00
1.352860286851356619e+00
1.167165760290451715e-01
1.302303668244761070e+00
1.161416980606180260e+00
3.255266465010375754e-01
1.386434982773497637e+00
9.679046273863836092e-01
6.630740913301043093e-01
1.623641763757008860e+00
4.712584481966182182e-01
9.897302319493537226e-01
1.468915004493119625e+00
1.849497199796505953e-01
1.189891563243651973e+00
1.224872917928234273e+00
2.559249555620901617e-01
1.443618377156827393e+00
1.015239713626780116e+00
5.329634842526562721e-01
1.559337430213549425e+00
7.944117380342969881e-01
9.062082934820985258e-01
1.459104252972224458e+00
3.746180222228918666e-01
1.145627179267703966e+00
1.358907119413641951e+00
1.128625032098380387e-01
1.440466609446055202e+00
1.224464532629539804e+00
3.386265607385627874e-01
1.401450762045776344e+00
9.944799820209109242e-01
7.828863127773182384e-01
1.387750078289229805e+00
6.972812203066531822e-01
1.004289837176457922e+00
1.410710186650380393e+00
2.014652228825983826e-01
1.310289305008902616e+00
1.342432933740543177e+00
1.059717059523581639e-01
1.412051880863577580e+00
9.729736960357087128e-01
6.050534097289315127e-01
1.444597374889756480e+00
7.729399331749835511e-01
9.623721646203531321e-01
1.456469732221872704e+00
3.674815970662521636e-01
1.114801762430470689e+00
1.373990335188977951e+00
4.287906167028765481e-02
1.317043025421423152e+00
1.165608271526219042e+00
4.127259647589358593e-01
1.476224846286541492e+00
9.330576090765489994e-01
7.463273902188589659e-01
1.574280863120844032e+00
5.229355866866729485e-01
9.979578286934742692e-01
1.471605305059583202e+00
1.787146784026187873e-01
1.358745287534880219e+00
1.287701505393203050e+00
2.035311532073933449e-01
1.384610942587826798e+00
1.047067548876032816e+00
5.561437372216992969e-01
1.504750049324275807e+00
8.578358394530702924e-01
7.236064182112738052e-01
1.487413184662003118e+00
3.118563121653927794e-01
1.160793549993965001e+00
1.443788053365018698e+00
3.806681130802402890e-03
1.485755185455625238e+00
1.073995054051954057e+00
4.374881335595208753e-01
1.468559389011124594e+00
1.016244846919718725e+00
7.475847523908836223e-01
1.476553729425036821e+00
5.628346568967614871e-01
9.254760999993720816e-01
1.542880025659210119e+00
7.094018552420955359e-02
1.300408287815917774e+00
1.312374802934501261e+00
6.920065025454036345e-02
1.400421604917854168e+00
1.133254576142626036e+00
4.912203668395402900e-01
1.547628532803356549e+00
6.332654450316788086e-01
8.308282745175237238e-01
1.465395216806458123e+00
4.665507683985801179e-01
1.084557440296512354e+00
1.371007128035403255e+00
7.613832155626631959e-02
1.353551847324487412e+00
1.282245785816277461e+00
3.401945819521294823e-01
1.509910914004578331e+00
9.337255610523520488e-01
7.742224529026184854e-01
1.537826284282811429e+00
5.343743049822347047e-01
1.008182616337565563e+00
1.401640397424339213e+00
1.836764925734364340e-01
1.284423692458084076e+00
1.251211741559892232e+00
2.413953269753754682e-01
1.553243265578945653e+00
1.032239379838500781e+00
5.343256371049154296e-01
1.532251415716935128e+00
8.034529849482243691e-01
9.090157515515553399e-01
1.430927874859808213e+00
4.177115956520083273e-01
1.240251535473522182e+00
1.382418089605856437e+00
7.571981534573879458e-02
1.488306891242826779e+00
1.137859256928759777e+00
4.044866756424596588e-01
1.448324078738012943e+00
9.927646534192220429e-01
7.760385758472487794e-01
1.460029851213947794e+00
5.709246179143718791e-01
1.002442632040741799e+00
1.487971025043814066e+00
2.565290287882397990e-01
1.254689130705916256e+00
1.278663669469374042e+00
1.529080654193517574e-01
1.311338925965500835e+00
9.778807822138464445e-01
5.789434800366723977e-01
1.625513403178352689e+00
8.693563447928926990e-01
9.088185210113746137e-01
1.469240007571999129e+00
4.443453754700890102e-01
1.145072542634348878e+00
1.443044514197254102e+00
4.754790600938108014e-02
1.265439623386543033e+00
1.144598546280347406e+00
2.866228108124211360e-01
1.461214835779186316e+00
9.446188685008305441e-01
6.781579005556483963e-01
1.398805224283448112e+00
7.950450726985334171e-01
1.074559812435399664e+00
1.435927901804953777e+00
2.576709992733938748e-01
1.420510592194037969e+00
1.232644524204935976e+00
1.176428801903881549e-01
1.294428721434382368e+00
9.700190023928172423e-01
4.827300669235796704e-01
1.655024290093177086e+00
8.199517361675425775e-01
8.596217930019456333e-01
1.389078223681581292e+00
5.514271220581523636e-01
1.140080124128646233e+00
1.274568686260826311e+00
6.435261980811723959e-02
1.349973265146783064e+00
1.218038347580744585e+00
3.897717922776635646e-01
1.519236179531466391e+00
7.668687729610397241e-01
6.423724193234168212e-01
1.510360656440321137e+00
7.151913894917658610e-01
9.558010277899811058e-01
1.467986988233196399e+00
2.846859922802487119e-01
1.240432728457559364e+00
1.195852986525686390e+00
2.002093953528891745e-01
1.292581547513551143e+00
9.289716846402491512e-01
5.031293099057858598e-01
1.345743107924691984e+00
6.955328735644616955e-01
8.672080530573218482e-01
1.541378443366392403e+00
3.774339053146622547e-01
1.287051601090734465e+00
1.325941742824051417e+00
7.858627824809616413e-02
1.479871346150215317e+00
1.191613587396926022e+00
3.943504236553039277e-01
1.454964927828038768e+00
7.917423371488183648e-01
5.703917045281645670e-01
1.668353641086572026e+00
4.622486921203901034e-01
1.037945441911624300e+00
1.512152235718811966e+00
1.189173202886273373e-01
1.208913998763925690e+00
1.165365307319554233e+00
2.506921622296971464e-01
1.410307767748323116e+00
9.741098670853602925e-01
5.419130725965661810e-01
1.560478633431939599e+00
7.632975934842072263e-01
9.091315615984498777e-01
1.424181955766565366e+00
3.071922917188842916e-01
9.462891863368536605e-01
1.301786119042763090e+00
1.079270454580267824e-01
1.362973022852262517e+00
1.083629362781275418e+00
3.683594622925685513e-01
1.513465141799908764e+00
9.400436541230519083e-01
6.318369005420656492e-01
1.513102391146894377e+00
3.094062548092768594e-01
1.025746060100599877e+00
1.302521607936080628e+00
3.046404099473072336e-01
1.262099072841659009e+00
1.282654987624827214e+00
1.976392953706476163e-01
1.340284030405635818e+00
1.050946221189892782e+00
3.410120845183843841e-01
1.596289942200066037e+00
7.453008444802318166e-01
8.892094784913116001e-01
1.577610472381786977e+00
4.614940049010396450e-01
1.211631669150065704e+00
1.313938593207106820e+00
1.333014037861204315e-01
1.323686554978996455e+00
1.107972477835520664e+00
4.315132647367221352e-01
1.503644532347554019e+00
7.730758009454739010e-01
7.868008113944728876e-01
1.486667110778343570e+00
6.578423852068908673e-01
1.047350328531356567e+00
1.239113551486235920e+00
1.347245595020574171e-01
1.288803467862814855e+00
1.227338604748640094e+00
6.769532208386586092e-02
1.535216874231663198e+00
9.257400067238918950e-01
6.536155418159808050e-01
1.559809398480821230e+00
7.049530861367472312e-01
8.163872426271225891e-01
1.428224944010185737e+00
3.874405563663909646e-01
1.186925631748602328e+00
1.285970407079751965e+00
4.437384236772068391e-02
1.333810942512869246e+00
1.177853812039995063e+00
3.606116283178018023e-01
1.451272542505718022e+00
8.481172881115028872e-01
6.716206586643025389e-01
1.644902555241884556e+00
5.614704297611226025e-01
9.162401299825528866e-01
1.265849464323180129e+00
1.980720277462708623e-01
1.199037871625657559e+00
1.234927880234568676e+00
1.831694760319084736e-01
1.465503747022165015e+00
1.131232268514562378e+00
5.269914901925414341e-01
1.422289106768673150e+00
7.245619005044581229e-01
8.294892890268581453e-01
1.474590221835480719e+00
3.241898631146948873e-01
1.255955971296458529e+00
1.344162528812626434e+00
1.418366459001241253e-02
1.392593727878351118e+00
1.147346627802303232e+00
2.771647387112032845e-01
1.419815296167026730e+00
8.762327239134357626e-01
7.009248798361511490e-01
1.436725296765731130e+00
5.665090736936875260e-01
9.340786873722706218e-01
1.555162372136223325e+00
2.103162865791201597e-01
1.223740361830721213e+00
1.235539739268540771e+00
1.591063875207083811e-01
1.451112201116149691e+00
1.076028587631025601e+00
5.999582529572169420e-01
1.516386108944347555e+00
8.661071909593687224e-01
9.626159567856387156e-01
1.477842755252423146e+00
3.827884898990046025e-01
1.109106271926272314e+00
1.479792662275198012e+00
8.771416910292906266e-02
1.396200248572075253e+00
1.151335540484710762e+00
3.046238329468913264e-01
1.370389009556728155e+00
9.689020043311913355e-01
7.695001968482877430e-01
1.604953149160653680e+00
5.940323654769592565e-01
1.064961410632266237e+00
1.479475612746027124e+00
1.289442940767795420e-01
1.377985822687177730e+00
1.323537341481669571e+00
2.449924335212827486e-01
1.386257317339865125e+00
9.928543281792929776e-01
3.758398368093924802e-01
1.463092826668711766e+00
8.288517056939124217e-01
8.985557792343605854e-01
1.517966251267251820e+00
4.335954150502807636e-01
1.111434086122923048e+00
1.336515348513485080e+00
2.134433478612507429e-02
1.234936004903786966e+00
9.541587993516404964e-01
4.642830734335774423e-01
1.530838785380943534e+00
1.016546129498545170e+00
6.463067738963843567e-01
1.471472773411850454e+00
4.834140079370605747e-01
1.034185963800849706e+00
1.480385578613432784e+00
2.994634308640353737e-01
1.230443598998085974e+00
1.323000872859163124e+00
6.652390034267519070e-02
1.381402318901054471e+00
8.396613692296810427e-01
4.400760993472463412e-01
1.565605817627847784e+00
8.312239052608010326e-01
9.009195303068384675e-01
1.470955215027219154e+00
3.722500934566124187e-01
1.023328157548252904e+00
1.293724171617315122e+00
9.825606192340075040e-02
1.370029130603496625e+00
1.183997426712549483e+00
4.447003352932412668e-01
1.370690608319192094e+00
9.338291415216914970e-01
8.652952008024072938e-01
1.470180009168700508e+00
6.239855136658842838e-01
1.120446865491610211e+00
1.300347829044886439e+00
1.823931643328489116e-01
1.167912749806173878e+00
1.332251387394878250e+00
2.040616601213240955e-01
1.329343899801127549e+00
1.086614776640251634e+00
6.186926914628987362e-01
1.466929914065062235e+00
7.712910348580130915e-01
8.854745023684156280e-01
1.516709129680013035e+00
4.428678480256653671e-01
1.135216830875968697e+00
1.366709469955962319e+00
1.080625899822269531e-01
1.377831066390591275e+00
1.127336257713794865e+00
3.374361333146360664e-01
1.530833085754686351e+00
9.752357774980815464e-01
7.282254465824493650e-01
1.439057786768971781e+00
5.085990478910975554e-01
9.432120840771176518e-01
1.333445148736313257e+00
1.517426446333924872e-01
1.345027299766757167e+00
1.171984547439201663e+00
1.728690823706600099e-01
1.450494766341574149e+00
1.092032492291572510e+00
5.569272760410779455e-01
1.453428190457849212e+00
6.732284105075034830e-01
8.496344350852442773e-01
1.384535517018557371e+00
4.404062742012015974e-01
1.032221521517859841e+00
1.397413512868029173e+00
3.149555458614550218e-02
1.452719090565871340e+00
1.097610119617865365e+00
2.977676962696254037e-01
1.582818739623439441e+00
9.555038558641122393e-01
7.442208561661960431e-01
1.443197716656634100e+00
5.238910374550052040e-01
1.019422929257782329e+00
1.392790245811413641e+00
1.163114930679522985e-01
1.297654523821496042e+00
1.266376879492087326e+00
1.099136158574971489e-01
1.257390938496223853e+00
1.052697686415950074e+00
4.955958149564434478e-01
1.635852425211671957e+00
7.188613327027884026e-01
7.445125039623068375e-01
1.457445359639622851e+00
3.276723510690970897e-01
1.099995787729044494e+00
1.411752992412555585e+00
2.085135504061064182e-02
1.366478725371548464e+00
1.185529422223476459e+00
3.864047478663543700e-01
1.488571188211356144e+00
8.152966699978207998e-01
6.552488473003101888e-01
1.491578797370458176e+00
5.915571221247812872e-01
1.122682544419166817e+00
1.431515403193722946e+00
2.827499148059224865e-01
1.260781716820128295e+00
1.304015788159439637e+00
1.618438553355847631e-01
1.504587356146226185e+00
1.073118236528799230e+00
5.386138898591656954e-01
1.407404835491776751e+00
8.339584337178944651e-01
1.011265078443758014e+00
1.355877133790269085e+00
3.757772780637385068e-01
1.129576748094377692e+00
1.299483943225030913e+00
1.524841741150471108e-01
1.456430920775353854e+00
1.106885508539550145e+00
2.835584155568184883e-01
1.388045219216799353e+00
7.621536167079785429e-01
6.599123045616615002e-01
1.509559878956391543e+00
5.424040119536961413e-01
1.128452872353223668e+00
1.395324063360291689e+00
2.101327347424550851e-01
1.272735804150592287e+00
1.262738084424679386e+00
1.755379955592974994e-01
1.634056534285189599e+00
9.402718562332150753e-01
4.081948447154193360e-01
1.403665189389737833e+00
6.925148101836988701e-01
9.817367992906582685e-01
1.422234108465302072e+00
3.719525301616108948e-01
1.231266488117194413e+00
1.412463630033892414e+00
1.396480087457518948e-03
1.275269818436290947e+00
1.032002223882598102e+00
3.218959433422554639e-01
1.533907088804449259e+00
9.389804920099749097e-01
7.701821661591203849e-01
1.556970633942299287e+00
4.984072597317652509e-01
1.062894128444892061e+00
1.432915974415077898e+00
1.492140071775320820e-01
1.251354160209464439e+00
1.210819660632200367e+00
9.565597016379179252e-02
1.362187590281831007e+00
1.002400623538880708e+00
4.876733817784089098e-01
1.462816068412800874e+00
6.027615299807376203e-01
6.700211796019122090e-01
1.546312242081931743e+00
2.612584262596371332e-01
1.022361691990349541e+00
1.334356108412531938e+00
7.248288580590234176e-02
1.378995384436368710e+00
1.241015672806478065e+00
3.043379362447016234e-01
1.445819041327741417e+00
7.899857465857760275e-01
7.820846703209927142e-01
1.423535376943412700e+00
5.692942199121482361e-01
1.056194907163915175e+00
1.506294746933599882e+00
2.476965100359347360e-01
1.275535481202522803e+00
1.260759077172043163e+00
2.439561843337862967e-01
1.364982331112308600e+00
1.098532827302017623e+00
4.395657483737682725e-01
1.494892833946940058e+00
7.660298069206277205e-01
8.808550625132660628e-01
1.469155340905974327e+00
3.480941968068851367e-01
1.110344961684393894e+00
1.405361677310532187e+00
8.308159448509222500e-02
1.536028736139158468e+00
1.206760259664573454e+00
4.147197036543257553e-01
1.555413720741446681e+00
8.860704422395730973e-01
7.413154215902810762e-01
1.551857642535962256e+00
4.914511169704560700e-01
9.829642836037528753e-01
1.448916722191068374e+00
3.187691770032401450e-01
1.253928142606421048e+00
1.255572959618540096e+00
1.438934347322522456e-01
1.470509673787105953e+00
9.606320160969730182e-01
6.835566357167426332e-01
1.489727449693791783e+00
7.004692396250042918e-01
8.778343890159057139e-01
1.481612072006042169e+00
3.504627613534037067e-01
1.082717455518420024e+00
1.319777250326428231e+00
6.854952524889945664e-02
1.349196453129426487e+00
1.247219138382273940e+00
3.129164048517889540e-01
1.473592348065286828e+00
6.984664330963319401e-01
7.428215342607806804e-01
1.393025979539340042e+00
5.096257205068788210e-01
1.055841460398356801e+00
1.568349655741396731e+00
1.005395452325661410e-01
1.155558826173782805e+00
1.376027424485103623e+00
2.414415664018658703e-01
1.567424465714143622e+00
9.913237661117584310e-01
6.292238295558814087e-01
1.317850432787269099e+00
8.768096013115673770e-01
9.257852612705690376e-01
1.425353608715527187e+00
4.067748915482205518e-01
1.069554240902521158e+00
1.399420123208335198e+00
1.778046783490943028e-01
1.261561401384915015e+00
1.197056469716468285e+00
2.876569736197218674e-01
1.473787804758453390e+00
8.596625490439304684e-01
7.570644353509390356e-01
1.478858362461838993e+00
6.486788800535876476e-01
1.141339820238597369e+00
1.322047130997773934e+00
2.730791135722103746e-01
1.278108169800184157e+00
1.272515384127082427e+00
1.703005708023184184e-01
1.512009108529904111e+00
1.075979756928722608e+00
5.731628684356291359e-01
1.533782010008717833e+00
6.774162136035322135e-01
9.438903108376255346e-01
1.479072706287134054e+00
3.519253450023160923e-01
1.191154397538761955e+00
1.282599416417914640e+00
1.743568691020591643e-01
1.370241485412197591e+00
1.293559886619474852e+00
3.935575332686553907e-01
1.470949894729754348e+00
8.394276662193593808e-01
6.295113898412818543e-01
1.527652556139077689e+00
5.954818122326148710e-01
1.174210405671372470e+00
1.434026149013188700e+00
2.286162688896755668e-01
1.240934094011418409e+00
1.300287643828644590e+00
1.627012323829752916e-01
1.398127593134507407e+00
1.127608438127300161e+00
5.845731723658378343e-01
1.610976347325204117e+00
7.569155739175776887e-01
9.685036722485449445e-01
1.438543804707610008e+00
2.143783720202563359e-01
1.169259285831419248e+00
1.348546932593587044e+00
1.927956230330352128e-02
1.251827758428152748e+00
1.173733471528649375e+00
2.698127746986305198e-01
1.413790607919196418e+00
9.336429427450472218e-01
7.527525509424606298e-01
1.610622795939759655e+00
6.680709537040705470e-01
8.805783752054860969e-01
1.398912055191116721e+00
1.537117527767026814e-01
1.192333803395651870e+00
1.171853130218714512e+00
8.021646558149164719e-02
1.251867808102396395e+00
9.587444096460782106e-01
6.225629112109718477e-01
1.486189036642205252e+00
7.629287254621228698e-01
9.772058383098443102e-01
1.447195447711150607e+00
3.730597726607118858e-01
1.108023520227831682e+00
1.154270325394639585e+00
5.483297349255877862e-02
1.355308666216489044e+00
1.143945845041752563e+00
4.104052697442632791e-01
1.670838091784636603e+00
7.986665091175400022e-01
5.687314264618219539e-01
1.455891572245388232e+00
5.712729615605240951e-01
1.030864186684071981e+00
1.404419602758476771e+00
3.121511894812574184e-01
1.221907832257537407e+00
1.299307827712398833e+00
1.541045479380542815e-01
1.462563318955682590e+00
1.010736993334212741e+00
6.044794636032655433e-01
1.465413030137728612e+00
7.066447900567407459e-01
8.135917333833866394e-01
1.487780489690340602e+00
3.995158516506656099e-01
1.115656729451723450e+00
1.289890873184047493e+00
3.181728304350706082e-02
1.314655369411378061e+00
1.252066254916753607e+00
4.946110253175000082e-01
1.530299808310973120e+00
8.268657681921194325e-01
7.223289695760026774e-01
1.513590702268652777e+00
4.021882911981968789e-01
9.981628906982304983e-01
1.528915755658776021e+00
2.811843591643601314e-01
1.298067050775120634e+00
1.151126009280055484e+00
1.356359286592265789e-01
1.578161729722729945e+00
1.026132083367853554e+00
5.915981602303457265e-01
1.500012712597497355e+00
6.941216716124092301e-01
7.970030940829424537e-01
1.498284887534317988e+00
4.338778750294274289e-01
1.216254784621460416e+00
1.356495860522898056e+00
5.325498535944994671e-02
1.380220336325560737e+00
1.237571788445785970e+00
3.379112038184057809e-01
1.447260472700500955e+00
8.846894558915359141e-01
6.150059661961542190e-01
1.569056098679254774e+00
5.140112760657196134e-01
9.794338040207417606e-01
1.467295842014301854e+00
3.030801511905352186e-01
1.318765420996918181e+00
1.201872674481291980e+00
1.858162281757085310e-01
1.502406567766888301e+00
1.082479318247930422e+00
4.986384182811924859e-01
1.430074047876001231e+00
8.528901452333546018e-01
8.551988034056581256e-01
1.473342623861071843e+00
3.641169765302549877e-01
1.065101855332205361e+00
1.403799546620859928e+00
8.994334796780556474e-02
1.260733786296805548e+00
1.136690233834574570e+00
2.545757588694499418e-01
1.475907840995700937e+00
8.698062915015682961e-01
6.978605075709367611e-01
1.355577918685526129e+00
5.725725115120834374e-01
1.080453188366465866e+00
1.418792788785873782e+00
1.304139657505416494e-01
1.220505046101084901e+00
1.312072767121373218e+00
1.379504069012362777e-01
1.419191476438850685e+00
1.064801096441977180e+00
5.355953461386384618e-01
1.519283985706225693e+00
8.002955713497410528e-01
8.357273847695552149e-01
1.502587534879326725e+00
5.022472930991614959e-01
1.095381975607722325e+00
1.271021329081007067e+00
2.157307572474209678e-02
1.333422137058093426e+00
1.199106979281877372e+00
2.975925983926561713e-01
1.383515584633528306e+00
7.946416393694288871e-01
7.099144262666747807e-01
1.584792020041872362e+00
4.743043906050008474e-01
1.114160195205709414e+00
1.389259181754473715e+00
2.665044246773682346e-01
1.187096238769925094e+00
1.256206811857902395e+00
2.215931296419135776e-01
1.358551257585499883e+00
1.072911911494907500e+00
4.696872598234751450e-01
1.452219806569065241e+00
7.392503910788015276e-01
9.367643415978683663e-01
1.421557214754395559e+00
4.695707217790410226e-01
1.101710189401089224e+00
1.379201968734925288e+00
3.551021023846345770e-02
1.366493663140444070e+00
1.035177646929094308e+00
3.359211436909088633e-01
1.455501424815006217e+00
1.001635767710203240e+00
7.783969399106869247e-01
1.494578252751141534e+00
5.369788924750427128e-01
9.252187059178851314e-01
1.423443714634883506e+00
2.159031292129416357e-01
1.130773269214571997e+00
1.271027974344930200e+00
1.036112281938361690e-01
1.530352096592309863e+00
1.095298348286990020e+00
5.120616749201829521e-01
1.566139352346265667e+00
7.351922146980864881e-01
8.148848925468907822e-01
1.465568161113777634e+00
5.103428513486782947e-01
1.083778531654521871e+00
1.409313399420279111e+00
2.273046777934517593e-02
1.318365713954717577e+00
1.208012278459316136e+00
3.649259245719580491e-01
1.381932602944731414e+00
9.132030446041081717e-01
7.829010265938514124e-01
1.446620508534829597e+00
4.696618552028883897e-01
9.950057663850877532e-01
1.542742317827496379e+00
2.518246122713456714e-01
1.284324179010829070e+00
1.235397402765922692e+00
2.092675039259983549e-01
1.319459541170370898e+00
1.128004941329535882e+00
5.715332866914124565e-01
1.547552788417549507e+00
6.803335279010767067e-01
9.864695331060566730e-01
1.374024048876462345e+00
4.678529857243844958e-01
1.129119213823779333e+00
1.515464508294462220e+00
1.068704471902002240e-01
1.332706948800289837e+00
1.165246099927660595e+00
3.946112076428764937e-01
1.548463997072472509e+00
8.244997340178557010e-01
8.272427761267646673e-01
1.452373552940848356e+00
5.914234441065389092e-01
1.074737827927032541e+00
1.512832375403743157e+00
5.928917586254023320e-02
1.305572859365478067e+00
1.199936575701823216e+00
2.387657234921576332e-01
1.386513521320170028e+00
1.132788397397458624e+00
6.084958613107058767e-01
1.559990562545490178e+00
6.126533958334796637e-01
8.966695357767608954e-01
1.567576097698822224e+00
3.314628246571871273e-01
9.638905652340881147e-01
1.409891427158628474e+00
5.371279224945091357e-02
1.362690441622735449e+00
1.215421868480550671e+00
3.907452108726907625e-01
1.547581443728699213e+00
8.478649202692025710e-01
6.846158606135475111e-01
1.517292270393166831e+00
4.741474059730279578e-01
9.657233268463585318e-01
1.489591663331770732e+00
1.441428399177482333e-01
1.287907450264338394e+00
1.283157092991217496e+00
2.624130682492413769e-01
1.343064873822580552e+00
9.163187307703459794e-01
4.353774778037475812e-01
1.571804282284015031e+00
7.030685873085342763e-01
8.013011482602205859e-01
1.454856601160168239e+00
2.753533622546573412e-01
1.128222190914691225e+00
1.454823216563845278e+00
4.843183675253825982e-03
1.338272561323963217e+00
1.310602835219661699e+00
3.371282334502065936e-01
1.402339591769045768e+00
9.332787492897693937e-01
6.818819687464081625e-01
1.452318367562115853e+00
5.315724601050124676e-01
9.919382257146658333e-01
1.450497801482651283e+00
2.405648786421359375e-01
1.430649938479573891e+00
1.366225229234004246e+00
2.831197802037461742e-01
1.302995559736013220e+00
1.127148051376163806e+00
5.203874335251779115e-01
1.467313913453827112e+00
8.991126573162837587e-01
8.174077458896036319e-01
1.447911594788461542e+00
3.810763190890718022e-01
1.172788860285484347e+00
1.388439822804798496e+00
2.685049481816470518e-02
1.419425028022065050e+00
1.143678488550612826e+00
3.518836156535929405e-01
1.503662923904080628e+00
7.799301065715855685e-01
7.396548218427287935e-01
1.508257003463201684e+00
5.088194785491779726e-01
1.014270694613037094e+00
1.410456407718262639e+00
1.656015921124254220e-01
1.374710828263353335e+00
1.317447584314468401e+00
1.734329535358689611e-01
1.455826638387629046e+00
9.499863920493769598e-01
6.465229380571564377e-01
1.522345095373598411e+00
6.449829039137906506e-01
9.387837836585770646e-01
1.543421506023156198e+00
3.858889745677043237e-01
1.193327564015660869e+00
1.345206143144556776e+00
9.224314427254398652e-02
1.261018140076062721e+00
1.146301275447614287e+00
4.317243580739820175e-01
1.495957373393720147e+00
7.734607521054659429e-01
6.876019037027614189e-01
1.220762833879460274e+00
5.799811601832551844e-01
1.090231539913480319e+00
1.435098486726831268e+00
6.392744453504484170e-02
1.237632501104947380e+00
1.205367899210830984e+00
1.852756537184792052e-01
1.403432998243488328e+00
1.009708491393555008e+00
5.295324277201860497e-01
1.434599419108868901e+00
6.783706179058093255e-01
7.915726633000605972e-01
1.482963961473814152e+00
3.974721137861152442e-01
1.267669913181094898e+00
1.431874794111505977e+00
4.023757129812288724e-02
1.304621599816538691e+00
1.210915258192020616e+00
4.423676166216345962e-01
1.480976032036910084e+00
1.066399741392386247e+00
5.884537794552198164e-01
1.387503820939521404e+00
5.189190156073504312e-01
1.079404107856092310e+00
1.324346412296687703e+00
2.038581813245219365e-01
1.241651744219348430e+00
1.326006098038771341e+00
2.511348295846360656e-01
1.459666390742842879e+00
1.032447373455722683e+00
5.550027288334788977e-01
1.508515692931094776e+00
6.763352115581717783e-01
7.628205297170964627e-01
1.512341535486283917e+00
4.948476544024398294e-01
1.111419528125294320e+00
1.294732514607824569e+00
2.996431733855153823e-02
1.375203355258143745e+00
1.202920233489630064e+00
3.260551022201010340e-01
1.532865553304768369e+00
8.249771302137585138e-01
6.472980760414710488e-01
1.429258669144010341e+00
5.251119097349157272e-01
1.077931907839976944e+00
1.415845740800271813e+00
1.519267614854502568e-01
1.112263029075807097e+00
1.327975675300695713e+00
1.840122324580555357e-01
1.545012563508763037e+00
9.917051798676936869e-01
4.583814343276220171e-01
1.442100199764741575e+00
7.120135486371612643e-01
7.803672136269703685e-01
1.546597334090229481e+00
4.267026619922393849e-01
1.152481617312115958e+00
1.454958292419892274e+00
4.235045520824698428e-02
1.137418710987322612e+00
1.209954160736206319e+00
1.968529301008850041e-01
1.507183684006696112e+00
8.303291144398166068e-01
6.724573742637325324e-01
1.450934592832467729e+00
5.161392380010969561e-01
9.464472001789392408e-01
1.441139290967074160e+00
1.392492854949001213e-01
1.177754178383455752e+00
1.286090026217410198e+00
2.927710652480470799e-01
1.428634492267365275e+00
1.295490043337322206e+00
5.559843974291815982e-01
1.439142878427135841e+00
8.185054543752681155e-01
8.106358131301742986e-01
1.539170417424662318e+00
3.044717446021749652e-01
1.163249721301768957e+00
1.376916323814777243e+00
7.795775382829539524e-02
1.325370694334575106e+00
1.084344499245917248e+00
4.445556369705414568e-01
1.522290121721949774e+00
9.240635621833632740e-01
6.590694520089854791e-01
1.309009230798789503e+00
6.118108282133629672e-01
1.189395103300018519e+00
1.346484054063163072e+00
3.478733453187441427e-01
1.229219170979895637e+00
1.210789852469812189e+00
2.386465820019871842e-01
1.423870329989881611e+00
1.019202416058384131e+00
5.483341534178656218e-01
1.636207736426706916e+00
7.255285482007991504e-01
7.788691427984684168e-01
1.573361934669684103e+00
4.001829639163148045e-01
1.117286875908598986e+00
1.396551184854605054e+00
5.079315877212486896e-02
1.361313906297995757e+00
1.131539543862707831e+00
2.811343434173192435e-01
1.443691166135641524e+00
8.810629939904703889e-01
6.489331315631918784e-01
1.481241758242621387e+00
6.640838762815342022e-01
9.936247649411846794e-01
1.374155272402463268e+00
3.138502802309588446e-01
1.247470895134568991e+00
1.329504975777616949e+00
1.247749287392334594e-01
1.430451132700756744e+00
1.264666944504186930e+00
4.742330805953294259e-01
1.619216400212851070e+00
7.387718445790447674e-01
8.832675249827328656e-01
1.632058364542825046e+00
4.877125173818139814e-01
1.142563915244307893e+00
1.341992054972262594e+00
8.214557271995204246e-02
1.397491335715745464e+00
1.139313830613129852e+00
3.806684525525074747e-01
1.435142266986179749e+00
8.510543445876681545e-01
7.488468324483505967e-01
1.492844714816165208e+00
5.725834343724169884e-01
1.020963907913246871e+00
1.507214976738447731e+00
5.373657572344825439e-02
1.240192668994410496e+00
1.414752345245457121e+00
1.575779625184239308e-01
1.505653590520658724e+00
1.062017430993549283e+00
3.955064815997282324e-01
1.435041856344751565e+00
8.903675284839884796e-01
8.807283016347646765e-01
1.612074996340576050e+00
2.892843789688477329e-01
1.132271631438293014e+00
1.331253640812581907e+00
2.293188251851852044e-02
1.388484657356448437e+00
1.083496357706005497e+00
4.424061672813017765e-01
1.413444227524522034e+00
8.026195011197980733e-01
5.913591889257503453e-01
1.521470457720241143e+00
5.717157252201836570e-01
1.057590815026872022e+00
1.425368346016325560e+00
1.105913547021515342e-01
1.223766025490068188e+00
1.277660545414454063e+00
1.500259087914024292e-02
1.485591800169485666e+00
9.972087035615082584e-01
5.474107890745667504e-01
1.427617659053414201e+00
8.719458090845879639e-01
7.458840283120640180e-01
1.446687052180164912e+00
1.961425215421304102e-01
1.254020123580902535e+00
1.260615207546171845e+00
8.705021427425485570e-02
1.259437050260483915e+00
1.087337366524119275e+00
4.244017661596846125e-01
1.475602431741567244e+00
8.943652908537824686e-01
6.818338086054147595e-01
1.492956721449715474e+00
5.567908967038182055e-01
9.865255838112627629e-01
1.504630773223308182e+00
3.751369575734386785e-02
1.148591174270398696e+00
1.360652449686067911e+00
2.701620126172876724e-01
1.378981472933542562e+00
9.870334392764679166e-01
4.955257988845094275e-01
1.519840804859052596e+00
6.114007493409552296e-01
9.376347056195051266e-01
1.406467389939779267e+00
4.038646501429603575e-01
1.130735318793968602e+00
1.391987835974479282e+00
2.396726756542122416e-03
1.437153827938230322e+00
1.126127813832429325e+00
2.861912265871655592e-01
1.478415570996299166e+00
7.272268071866108130e-01
8.675273693655825014e-01
1.620242247803883373e+00
6.383851279436250081e-01
9.681163451936729558e-01
1.374917647903787454e+00
1.819824571151968939e-01
1.270416752923113179e+00
1.273753597775922231e+00
1.362726496781956342e-01
1.425646589776654594e+00
1.104104857157357955e+00
4.244314008582765751e-01
1.618490875513160177e+00
7.101335840649234399e-01
8.752893515987185680e-01
1.405336073884225101e+00
2.530177715715975495e-01
1.112659913735328132e+00
1.358263026081866442e+00
1.162969127593065366e-01
1.273337303497623196e+00
1.248210662658930659e+00
2.665339884529096537e-01
1.441199980074927112e+00
9.190172244369012589e-01
6.258594658073217687e-01
1.534595919152241805e+00
5.699797087458726708e-01
9.651919879032906380e-01
1.423545570859536369e+00
3.248372121047111705e-01
1.241073586595859979e+00
1.192633491348555452e+00
1.415382146202244229e-01
1.448246119581778402e+00
9.799641350682026797e-01
5.200199807881613623e-01
1.437745415127238857e+00
6.835566913411827983e-01
9.746913123910836418e-01
1.514243566996173129e+00
2.993311581680604405e-01
1.131285319588531735e+00
1.388373298884669538e+00
3.839732157422481862e-02
1.226559300392418450e+00
1.147251534822769869e+00
3.551811804500601966e-01
1.454483257174498334e+00
7.917412771252987369e-01
6.996198778269171470e-01
1.562863161656196098e+00
5.493042660207123618e-01
1.088651406312452607e+00
1.502742993741374988e+00
1.606673111057084213e-01
1.277017325106953649e+00
1.248428672356979519e+00
1.513369288329702300e-01
1.402076477438942703e+00
1.033979485759626726e+00
5.601699036751845995e-01
1.545890950738948888e+00
6.955903767185880326e-01
9.821555619100568180e-01
1.469260619879667829e+00
4.341837047753998036e-01
1.010913069105017215e+00
1.454270030023486981e+00
1.472119583289721589e-01
1.446524373926548535e+00
1.242166750881899873e+00
4.413875494788701559e-01
1.391852550685158008e+00
7.912921702382220701e-01
7.383237311481494203e-01
1.485570429862075770e+00
4.693644918494808138e-01
9.659180295323910315e-01
1.386445533200420854e+00
2.080493054115883922e-02
1.148636687132915668e+00
1.259131348315134957e+00
1.188744715628420323e-01
1.317672420911149445e+00
1.050004721355232817e+00
5.232753514357977309e-01
1.520022662730045937e+00
7.979957556349788206e-01
8.336945667847359687e-01
1.464576071092437815e+00
3.800992739814770260e-01
1.109061456167689030e+00
1.506837238035986459e+00
1.124623162180515834e-01
1.350762872696845918e+00
1.215116154516255875e+00
4.019500410697585124e-01
1.477551056536610119e+00
8.734705037534329364e-01
8.067393169420107313e-01
1.500495270806627701e+00
5.072554888314595445e-01
1.013420918222317724e+00
1.515310059941423759e+00
1.122168017210487534e-01
1.327878361245275585e+00
1.220800606872954219e+00
2.141196485512981695e-01
1.387747365609952155e+00
9.271298304181527783e-01
5.597676987256274828e-01
1.391683620367427210e+00
7.606130767433398887e-01
9.405647835589991956e-01
1.392959440446015051e+00
3.848465340943310053e-01
1.187036128443493155e+00
1.347640596270993640e+00
1.610389608413651530e-01
1.338849212974977831e+00
1.172970059587862934e+00
3.671503138316296599e-01
1.660529160892936673e+00
8.781870583116564433e-01
8.258500708857479111e-01
1.482018596812032740e+00
3.810482734399371907e-01
1.057202332154155044e+00
1.378373292615885148e+00
5.174498434817920156e-02
1.239965918321521698e+00
1.194974858905771598e+00
1.782225584399963481e-01
1.323581001000254886e+00
1.002011660616936695e+00
6.066922635812215248e-01
1.493463539060300604e+00
6.754080909642645736e-01
9.617386248005743710e-01
1.463440958543772652e+00
3.981912481914786639e-01
1.112185236481714412e+00
1.388869408862793975e+00
1.370261430470165465e-02
1.254892186414993560e+00
1.170928258102160058e+00
3.162974446725304034e-01
1.528054223636248210e+00
9.456431154581927956e-01
9.345413614311546269e-01
1.585573674765090146e+00
4.977485075838501416e-01
9.277237126074115992e-01
1.548681793608199797e+00
3.164910235739686328e-01
1.275132250057261274e+00
1.382446241260444353e+00
2.061509793191937945e-01
1.422504979715139228e+00
1.095868110654718564e+00
5.828270097814431949e-01
1.643875440430905499e+00
8.005176672811948890e-01
8.103230151332034836e-01
1.563619870849828786e+00
2.754512817735523811e-01
1.218418770624335679e+00
1.468586117680244385e+00
1.213752429006014211e-01
1.404843172096807535e+00
1.168112713295267113e+00
3.144008362464614237e-01
1.360666558582414254e+00
9.251790928039671513e-01
6.466999119292857756e-01
1.567193214826303915e+00
6.692155108778692352e-01
1.120300873599935798e+00
1.425226313449471149e+00
2.398113172279323635e-01
1.367442380952724079e+00
1.333851971377635337e+00
2.060544640882682188e-01
1.430338277731054930e+00
1.012070643798587355e+00
4.368562861851081891e-01
1.379332837444890103e+00
5.952870411159736364e-01
8.933396810643294828e-01
1.472306639725900368e+00
4.258027979652982964e-01
1.079099823671267444e+00
1.527304430964671056e+00
4.791647033659529598e-03
1.377770535420957287e+00
1.146756778514079755e+00
3.910771731164910392e-01
1.304603908157140779e+00
9.630453504781826268e-01
7.406175090450641818e-01
1.572529139625213901e+00
6.090889151080158825e-01
9.578242398511367384e-01
1.365358060139360674e+00
3.011743705656364511e-01
1.226903278582783585e+00
1.226622442072949681e+00
6.281150367382970501e-02
1.467240358095001085e+00
1.054480372989507586e+00
4.742762716280743973e-01
1.476900829813480698e+00
7.729718649182970580e-01
7.903210307434882509e-01
1.505445251263287432e+00
3.061636015038633474e-01
1.154492061602260478e+00
1.375721543658046997e+00
2.488499837150648375e-02
1.427882418303889622e+00
1.154514699037790137e+00
3.056483282051960515e-01
1.549171383288626913e+00
9.528342302272783115e-01
5.971593731627056201e-01
1.644967957086505450e+00
5.554136418850550427e-01
8.959073106998953762e-01
1.613248084523295489e+00
2.046073757350619360e-01
1.287099146121319038e+00
1.445936879647788942e+00
2.400591497352415615e-01
1.345861262245254153e+00
1.038640242185101314e+00
5.897953382040359571e-01
1.545455652869556218e+00
8.012321351466269448e-01
7.713075301021277141e-01
1.464044156910523142e+00
4.002358939083432432e-01
1.114244618874726811e+00
1.232637048072193764e+00
2.634011988558171424e-02
1.304201581225010287e+00
1.151044462968284776e+00
2.494461168377100080e-01
1.361597130963225766e+00
9.218642927854983071e-01
6.842775232083972980e-01
1.336103649292589068e+00
6.317996909787488846e-01
1.005928842665095857e+00
1.482200846350341550e+00
7.421550937067067366e-02
1.243845226884639388e+00
1.385493055700123932e+00
1.502853879498982081e-01
1.400510182356248023e+00
1.050836518869205705e+00
6.429714882806667475e-01
1.529350618359464065e+00
7.213063225101983278e-01
7.949394621106620207e-01
1.428970619044383383e+00
3.166682075307232225e-01
1.103254347819181191e+00
1.409430324176373261e+00
7.666948324650491031e-02
1.333582865424434161e+00
1.245264180276095090e+00
4.242422334445183907e-01
1.361920873351889938e+00
1.002730486330015935e+00
7.602336612085380807e-01
1.473002245686965139e+00
6.763423248026860790e-01
9.921726632960616854e-01
1.365648608436314859e+00
1.634439849121918087e-01
1.191092275676332690e+00
1.267759715556969979e+00
2.085795500761538079e-01
1.442261543294200976e+00
1.092204012661333934e+00
5.266344551004742414e-01
1.600975372974346556e+00
7.654245420541894163e-01
9.408966488629655345e-01
1.508441253655057324e+00
5.907999844789806332e-01
1.237100488578338542e+00
1.451863845264778519e+00
8.886611381546671851e-02
1.338230284235585543e+00
1.128037217428072836e+00
3.872521622632199012e-01
1.550001851631648719e+00
8.726102943475435580e-01
7.079311540924440038e-01
1.461742779001470538e+00
5.814922979938348391e-01
1.092033365372328646e+00
1.428490381297406131e+00
2.147846643321766891e-01
1.263794353637662127e+00
1.295073975559814627e+00
2.826285681753688550e-01
1.398315762768788773e+00
1.100592081138334066e+00
5.720139959311172362e-01
1.463260551518018815e+00
6.932190108341291790e-01
9.329283770771361617e-01
1.574487455791734547e+00
3.921441792544726468e-01
1.114417380281507164e+00
1.365143962516791376e+00
1.185446219145198654e-01
1.454237435831975844e+00
1.058605888390763639e+00
3.464096793329609625e-01
1.437722411384092069e+00
8.880968037202396914e-01
6.651734012456067546e-01
1.448419135941529490e+00
5.910120773100899783e-01
1.031908795295990444e+00
1.320713836236270922e+00
1.587464515719823055e-01
1.238474074797638380e+00
1.206456641934384066e+00
1.074368478643297209e-01
1.439306298667910156e+00
9.397583250192553805e-01
5.536252200047844241e-01
1.493627216309509009e+00
6.260418841444685967e-01
8.539572443273435454e-01
1.522667195873779633e+00
3.667033084417283817e-01
1.164684372656843436e+00
1.334211687559770709e+00
1.018835180365087467e-01
1.239937895349292774e+00
1.261631041826831279e+00
3.582503834562213996e-01
1.518347749308476935e+00
9.609612606939545998e-01
6.525195155710239447e-01
1.443268801136889934e+00
5.666994041974788843e-01
1.073480181152692836e+00
1.482645303516482826e+00
1.966278476707881140e-01
1.251732960590743460e+00
1.196582581323420769e+00
1.697412896504619795e-01
1.443724910941700301e+00
1.029384549900472123e+00
4.814404614977831898e-01
1.621200914594023601e+00
8.238235615726310357e-01
9.115432129453928667e-01
1.525252030294650396e+00
4.134075368242164927e-01
1.117848959490180150e+00
1.461419749686333702e+00
