# {'model_name': 'RNNModel_GRU', 'window': 50, 'n_steps': 2, 'val_split': 0.1, 'model_params': {'hidden_dim': 250, 'n_rnn_layers': 9, 'dropout': 0.09882093567421668, 'batch_size': 106}}
1.590490341186523438e-02
4.947441816329956055e-02
3.327220678329467773e-02
9.311616420745849609e-02
3.008937835693359375e-02
7.875114679336547852e-02
2.652221918106079102e-02
1.869887113571166992e-02
6.910562515258789062e-04
1.103234291076660156e-02
1.663067936897277832e-02
6.871038675308227539e-02
2.566808462142944336e-02
5.107516050338745117e-02
2.947157621383666992e-02
7.319986820220947266e-02
1.167488098144531250e-02
4.986232519149780273e-02
6.687641143798828125e-04
7.860124111175537109e-03
1.360887289047241211e-02
2.971756458282470703e-02
2.808451652526855469e-03
1.160603761672973633e-02
1.483052968978881836e-02
2.129513025283813477e-02
5.312323570251464844e-02
9.820753335952758789e-02
2.250313758850097656e-02
5.025714635848999023e-02
2.089965343475341797e-02
4.822146892547607422e-02
1.411020755767822266e-02
5.328869819641113281e-02
1.497751474380493164e-02
4.045909643173217773e-02
2.381175756454467773e-02
6.629705429077148438e-03
9.124875068664550781e-03
7.371485233306884766e-03
2.279067039489746094e-02
6.161075830459594727e-02
2.038300037384033203e-02
6.733381748199462891e-02
2.010375261306762695e-02
4.600948095321655273e-02
1.217263936996459961e-02
3.370124101638793945e-02
2.441763877868652344e-02
4.900497198104858398e-02
1.538735628128051758e-02
7.216334342956542969e-04
8.567309379577636719e-02
2.046799659729003906e-01
5.452799797058105469e-02
1.144603490829467773e-01
2.574712038040161133e-02
5.603486299514770508e-02
6.061792373657226562e-05
1.962625980377197266e-02
6.730973720550537109e-03
4.280501604080200195e-02
8.395493030548095703e-03
7.448288798332214355e-02
5.851097404956817627e-02
1.071026623249053955e-01
1.352399587631225586e-02
5.958956480026245117e-02
1.384669542312622070e-02
1.132756471633911133e-02
1.836514472961425781e-02
4.722815752029418945e-02
2.208977937698364258e-02
7.186561822891235352e-02
1.939535140991210938e-02
6.782799959182739258e-02
1.086008548736572266e-02
2.794694900512695312e-02
2.305233478546142578e-02
4.858309030532836914e-02
1.065075397491455078e-02
2.212595939636230469e-02
1.888626813888549805e-02
5.241882801055908203e-02
3.921985626220703125e-04
2.152842283248901367e-02
1.822412014007568359e-03
8.186519145965576172e-03
3.853172063827514648e-02
5.247193574905395508e-02
4.707932472229003906e-02
7.426780462265014648e-02
7.981002330780029297e-03
3.488272428512573242e-02
1.034241914749145508e-02
3.803080320358276367e-02
1.365363597869873047e-02
3.256696462631225586e-02
1.498413085937500000e-02
4.974931478500366211e-02
4.673600196838378906e-03
3.163301944732666016e-02
2.793133258819580078e-03
5.083680152893066406e-04
1.371854543685913086e-02
3.941899538040161133e-02
3.603696823120117188e-03
5.922317504882812500e-04
4.306888580322265625e-02
8.470392227172851562e-02
1.518452167510986328e-02
4.066985845565795898e-02
1.577693223953247070e-02
4.968863725662231445e-02
1.200687885284423828e-02
1.127910614013671875e-02
1.398986577987670898e-02
3.927654027938842773e-02
1.410084962844848633e-02
6.036585569381713867e-02
5.938887596130371094e-03
5.074441432952880859e-03
1.024216413497924805e-02
4.036116600036621094e-02
1.075667142868041992e-02
3.029096126556396484e-02
8.080184459686279297e-03
2.217695116996765137e-02
5.895674228668212891e-03
2.866628766059875488e-02
1.806020736694335938e-04
3.644824028015136719e-05
2.530115842819213867e-02
8.056193590164184570e-02
3.394484519958496094e-03
2.009743452072143555e-02
1.219671964645385742e-02
3.161752223968505859e-02
7.908165454864501953e-03
3.472751379013061523e-02
6.559193134307861328e-03
4.988193511962890625e-02
4.211544990539550781e-03
3.182035684585571289e-02
1.610088348388671875e-02
4.183608293533325195e-02
6.370067596435546875e-03
3.029698133468627930e-02
2.025961875915527344e-04
1.894307136535644531e-02
1.346063613891601562e-02
4.441159963607788086e-02
5.791068077087402344e-03
2.516126632690429688e-02
9.700715541839599609e-03
3.020179271697998047e-02
9.672045707702636719e-03
3.568351268768310547e-02
1.668727397918701172e-02
5.218994617462158203e-02
1.842391490936279297e-02
5.274730920791625977e-02
1.525735855102539062e-02
3.640711307525634766e-02
8.940815925598144531e-03
9.838461875915527344e-03
2.037191390991210938e-02
3.130793571472167969e-02
6.626427173614501953e-03
5.529725551605224609e-02
3.932774066925048828e-02
1.240609288215637207e-01
2.186381816864013672e-02
7.591933012008666992e-02
2.810442447662353516e-02
6.471121311187744141e-02
6.533622741699218750e-03
1.443427801132202148e-02
5.675435066223144531e-03
2.374416589736938477e-02
5.775621533393859863e-02
1.064483374357223511e-01
5.708442628383636475e-02
1.741551160812377930e-01
1.540392637252807617e-02
1.185834407806396484e-02
4.753768444061279297e-03
1.042312383651733398e-02
6.610310077667236328e-02
1.444639563560485840e-01
1.785874366760253906e-03
2.569121122360229492e-02
1.612886786460876465e-02
5.880373716354370117e-02
3.008198738098144531e-02
5.950719118118286133e-02
1.356238126754760742e-02
3.650450706481933594e-02
1.419615745544433594e-02
3.939664363861083984e-02
2.059823274612426758e-02
5.202782154083251953e-02
5.219817161560058594e-03
2.765756845474243164e-02
6.790518760681152344e-03
1.888346672058105469e-02
2.901446819305419922e-02
5.661445856094360352e-02
1.310050487518310547e-02
3.882914781570434570e-02
9.538054466247558594e-03
2.420836687088012695e-02
2.223813533782958984e-02
5.871140956878662109e-02
1.835072040557861328e-02
6.155079603195190430e-02
9.108841419219970703e-03
3.717213869094848633e-02
8.117318153381347656e-03
2.286654710769653320e-02
2.015239000320434570e-02
4.290229082107543945e-02
5.394339561462402344e-03
1.591008901596069336e-02
2.033698558807373047e-02
4.494053125381469727e-02
5.147218704223632812e-03
3.042030334472656250e-02
1.161307096481323242e-02
2.587419748306274414e-02
4.738628864288330078e-03
3.057295083999633789e-02
1.754772663116455078e-02
7.045245170593261719e-02
3.163307905197143555e-02
5.160623788833618164e-02
9.770214557647705078e-03
1.267129182815551758e-02
1.930564641952514648e-02
5.636274814605712891e-03
2.847325801849365234e-02
6.798440217971801758e-02
2.495446801185607910e-02
3.515586256980895996e-02
1.310765743255615234e-03
4.035055637359619141e-03
4.105490446090698242e-02
8.635863661766052246e-02
3.826510906219482422e-02
8.982694149017333984e-02
8.553504943847656250e-03
3.048491477966308594e-02
6.114482879638671875e-03
1.859503984451293945e-02
1.096487045288085938e-03
1.676219701766967773e-02
3.074264526367187500e-02
7.487213611602783203e-02
2.806842327117919922e-02
6.251364946365356445e-02
1.495599746704101562e-03
1.441955566406250000e-03
6.291925907135009766e-03
3.186821937561035156e-02
1.551085710525512695e-02
5.433660745620727539e-02
1.230180263519287109e-02
4.264903068542480469e-02
3.747820854187011719e-03
1.773470640182495117e-02
7.899224758148193359e-03
2.332377433776855469e-02
2.561932802200317383e-02
7.947462797164916992e-02
2.212303876876831055e-02
5.622518062591552734e-02
1.802790164947509766e-02
2.251380681991577148e-02
2.374649047851562500e-02
3.965294361114501953e-02
1.864886283874511719e-02
3.734415769577026367e-02
1.173245906829833984e-02
1.012546122074127197e-01
3.147876262664794922e-02
8.447152376174926758e-02
3.034263849258422852e-02
7.482451200485229492e-02
5.583471059799194336e-02
1.308800578117370605e-01
1.413989067077636719e-02
2.271878719329833984e-02
3.629910945892333984e-02
1.709228754043579102e-02
5.023223161697387695e-02
1.125773489475250244e-01
9.602110087871551514e-02
1.984124183654785156e-01
4.878723621368408203e-02
4.993188381195068359e-02
1.491951942443847656e-02
8.213102817535400391e-03
3.318911790847778320e-02
7.534062862396240234e-02
1.086115837097167969e-03
5.128699541091918945e-02
9.082436561584472656e-03
4.048031568527221680e-02
1.441854238510131836e-02
3.235161304473876953e-02
2.650946378707885742e-02
5.643284320831298828e-02
1.357299089431762695e-02
3.728342056274414062e-02
4.330575466156005859e-03
2.295184135437011719e-02
1.105612516403198242e-02
3.791850805282592773e-02
1.113659143447875977e-02
3.787487745285034180e-02
6.915330886840820312e-04
1.625865697860717773e-02
2.743840217590332031e-03
1.982825994491577148e-02
1.697540283203125000e-04
3.022062778472900391e-02
7.396459579467773438e-03
2.659255266189575195e-02
1.744455099105834961e-02
4.670912027359008789e-02
2.585679292678833008e-02
6.777328252792358398e-02
1.535850763320922852e-02
3.029733896255493164e-02
1.412916183471679688e-02
2.749097347259521484e-02
7.454812526702880859e-03
2.154117822647094727e-02
1.459151506423950195e-02
3.596925735473632812e-02
3.372907638549804688e-03
1.346045732498168945e-02
1.318460702896118164e-02
3.514450788497924805e-02
1.516765356063842773e-02
4.582238197326660156e-02
1.208561658859252930e-02
4.848229885101318359e-02
3.251123428344726562e-02
5.491560697555541992e-02
9.769171476364135742e-03
9.714156389236450195e-03
1.566308736801147461e-02
3.879487514495849609e-02
3.458023071289062500e-03
2.229452133178710938e-03
6.690174341201782227e-03
1.815229654312133789e-03
1.269477605819702148e-02
3.558546304702758789e-02
2.810847759246826172e-02
8.358609676361083984e-02
3.169399499893188477e-02
5.771702527999877930e-02
2.843797206878662109e-03
1.047241687774658203e-02
1.336640119552612305e-02
1.103878021240234375e-04
6.440162658691406250e-03
3.413861989974975586e-02
2.567553520202636719e-02
4.826712608337402344e-02
3.761190176010131836e-02
8.101171255111694336e-02
2.256631851196289062e-04
1.585543155670166016e-02
6.799638271331787109e-03
2.400964498519897461e-02
1.938587427139282227e-02
4.963392019271850586e-02
2.616423368453979492e-02
6.335526704788208008e-02
8.833408355712890625e-03
2.108883857727050781e-02
1.477307081222534180e-02
3.723615407943725586e-02
1.614427566528320312e-02
5.561304092407226562e-02
1.851856708526611328e-02
5.647474527359008789e-02
1.049083471298217773e-02
3.786128759384155273e-02
1.526236534118652344e-03
3.613418340682983398e-02
2.930146455764770508e-02
9.730225801467895508e-02
2.704524993896484375e-02
7.763803005218505859e-02
5.472943186759948730e-02
1.993393898010253906e-01
3.618180751800537109e-03
3.087317943572998047e-02
1.969164609909057617e-02
3.652429580688476562e-02
1.138550043106079102e-02
1.025626063346862793e-01
3.626990318298339844e-02
1.726881861686706543e-01
2.723303437232971191e-02
6.152832508087158203e-02
1.467089056968688965e-01
2.780413329601287842e-01
1.313805580139160156e-03
2.148401737213134766e-02
1.338183879852294922e-02
1.385247707366943359e-02
3.231787681579589844e-02
8.568501472473144531e-02
2.138423919677734375e-02
6.358399987220764160e-02
2.794244885444641113e-02
7.978123426437377930e-02
4.860699176788330078e-03
1.638185977935791016e-02
6.577014923095703125e-03
3.145569562911987305e-02
5.565226078033447266e-03
2.509242296218872070e-02
1.190829277038574219e-02
3.244489431381225586e-02
2.384215593338012695e-02
5.952453613281250000e-02
1.640295982360839844e-02
2.702522277832031250e-02
3.046673536300659180e-02
6.173807382583618164e-02
1.554089784622192383e-02
3.835022449493408203e-02
2.238231897354125977e-02
4.308885335922241211e-02
1.832324266433715820e-02
5.792540311813354492e-02
9.735465049743652344e-03
3.202432394027709961e-02
8.063137531280517578e-03
4.207658767700195312e-02
1.293015480041503906e-02
4.889339208602905273e-02
8.400142192840576172e-03
8.185863494873046875e-03
1.611602306365966797e-02
3.888761997222900391e-02
2.311050891876220703e-03
2.482312917709350586e-02
1.247894763946533203e-02
1.078963279724121094e-02
9.667754173278808594e-03
4.213207960128784180e-02
1.511937379837036133e-02
2.637368440628051758e-02
3.384470939636230469e-03
9.326994419097900391e-03
1.634836196899414062e-02
6.574428081512451172e-02
3.840708732604980469e-02
6.489741802215576172e-02
2.077144384384155273e-02
2.571809291839599609e-02
1.881057024002075195e-02
4.632896184921264648e-02
8.034348487854003906e-03
1.729372143745422363e-02
4.197120666503906250e-03
3.617167472839355469e-03
3.573438525199890137e-02
4.611200094223022461e-02
3.355786204338073730e-02
7.811391353607177734e-02
1.448744535446166992e-02
5.171102285385131836e-02
2.412950992584228516e-02
4.051637649536132812e-02
5.996048450469970703e-03
2.440154552459716797e-02
2.227723598480224609e-03
5.926966667175292969e-03
4.959571361541748047e-02
8.309262990951538086e-02
5.166345834732055664e-02
9.567224979400634766e-02
1.425337791442871094e-02
3.182297945022583008e-02
1.196765899658203125e-02
3.499364852905273438e-02
1.493996381759643555e-02
5.221873521804809570e-02
1.493155956268310547e-02
4.891425371170043945e-02
9.419083595275878906e-03
2.893000841140747070e-02
1.523858308792114258e-02
3.400558233261108398e-02
1.576077938079833984e-02
5.003166198730468750e-02
2.260822057723999023e-02
6.949073076248168945e-02
1.950335502624511719e-02
4.309391975402832031e-02
1.941919326782226562e-03
9.135723114013671875e-03
1.759165525436401367e-02
4.281353950500488281e-02
1.409870386123657227e-02
2.242773771286010742e-02
6.073117256164550781e-04
3.562796115875244141e-02
7.012200355529785156e-02
1.740956902503967285e-01
2.859467267990112305e-02
6.995171308517456055e-02
6.627649068832397461e-02
1.537756323814392090e-01
2.420490980148315430e-02
4.739385843276977539e-02
3.749626874923706055e-02
8.050644397735595703e-02
4.891723394393920898e-02
6.784045323729515076e-02
7.987543940544128418e-02
1.823407262563705444e-01
4.222393035888671875e-02
7.056015729904174805e-02
1.373338699340820312e-02
4.152935743331909180e-02
5.990725755691528320e-02
1.519482135772705078e-01
2.226769924163818359e-03
8.404433727264404297e-03
5.798757076263427734e-03
4.400074481964111328e-02
1.971620321273803711e-02
5.129992961883544922e-02
5.454599857330322266e-03
1.566725969314575195e-02
8.175075054168701172e-03
2.564960718154907227e-02
1.435220241546630859e-02
3.470057249069213867e-02
1.041424274444580078e-02
4.174208641052246094e-02
2.306640148162841797e-03
3.309488296508789062e-03
1.500618457794189453e-02
4.208791255950927734e-02
6.152272224426269531e-03
2.655595541000366211e-02
4.800736904144287109e-03
1.686739921569824219e-02
1.481437683105468750e-02
3.402817249298095703e-02
1.932084560394287109e-02
6.028079986572265625e-02
1.713544130325317383e-02
5.733168125152587891e-02
2.273577451705932617e-02
5.238294601440429688e-02
8.320033550262451172e-03
2.749031782150268555e-02
1.490855216979980469e-02
1.956075429916381836e-02
1.183348894119262695e-02
6.992959976196289062e-02
1.488882303237915039e-02
2.320885658264160156e-02
3.742635250091552734e-03
1.593250036239624023e-02
3.958940505981445312e-03
4.940867424011230469e-03
7.156193256378173828e-03
2.912825345993041992e-02
6.119430065155029297e-03
1.361787319183349609e-02
5.280435085296630859e-03
5.868852138519287109e-03
2.748396992683410645e-02
7.731533050537109375e-02
3.004539012908935547e-02
2.977019548416137695e-02
1.575988531112670898e-02
2.705061435699462891e-02
2.924776077270507812e-02
6.232076883316040039e-02
2.197915315628051758e-02
5.775374174118041992e-02
3.892886638641357422e-02
9.192377328872680664e-02
1.067155599594116211e-02
1.958405971527099609e-02
1.697212457656860352e-02
2.224731445312500000e-02
3.476500511169433594e-03
1.487612724304199219e-02
2.198046445846557617e-02
2.781718969345092773e-02
5.887436866760253906e-02
1.161318421363830566e-01
1.083457469940185547e-02
2.692282199859619141e-02
2.205908298492431641e-03
4.429399967193603516e-03
1.752418279647827148e-02
6.012052297592163086e-02
2.030336856842041016e-02
5.857843160629272461e-02
1.207500696182250977e-02
2.293139696121215820e-02
1.015305519104003906e-02
2.945041656494140625e-02
8.365273475646972656e-03
3.341460227966308594e-02
3.947615623474121094e-03
2.894961833953857422e-02
1.043820381164550781e-02
3.769820928573608398e-02
1.823818683624267578e-02
4.733723402023315430e-02
2.161920070648193359e-03
1.372861862182617188e-02
1.643514633178710938e-02
5.596929788589477539e-02
4.916787147521972656e-04
1.245874166488647461e-02
3.618001937866210938e-05
2.050608396530151367e-02
5.219042301177978516e-02
1.336154341697692871e-01
2.050143480300903320e-02
7.301312685012817383e-02
3.265076875686645508e-02
6.673610210418701172e-02
1.390510797500610352e-02
8.546352386474609375e-03
3.003430366516113281e-02
6.595164537429809570e-02
3.843867778778076172e-02
5.050688982009887695e-02
1.557251513004302979e-01
3.098488301038742065e-01
3.630626201629638672e-02
3.006333112716674805e-02
2.812689542770385742e-02
9.418016672134399414e-02
1.059085130691528320e-02
2.813458442687988281e-02
3.347021341323852539e-02
6.482040882110595703e-02
4.260718822479248047e-03
5.205112695693969727e-02
2.682882547378540039e-02
8.344984054565429688e-02
7.026553153991699219e-03
9.578764438629150391e-03
7.387399673461914062e-03
4.169791936874389648e-02
1.254171133041381836e-02
3.811115026473999023e-02
9.834289550781250000e-03
4.739731550216674805e-02
1.545000076293945312e-02
4.781317710876464844e-02
1.732206344604492188e-02
4.849416017532348633e-02
1.328587532043457031e-02
4.149055480957031250e-02
1.122903823852539062e-02
4.138547182083129883e-02
6.535708904266357422e-03
2.799892425537109375e-02
1.592457294464111328e-03
1.671743392944335938e-02
8.773207664489746094e-03
3.540104627609252930e-02
1.060026884078979492e-02
3.854656219482421875e-02
1.770335435867309570e-02
5.996799468994140625e-02
1.030075550079345703e-02
2.523612976074218750e-02
1.243335008621215820e-02
4.118531942367553711e-02
4.608213901519775391e-03
8.761286735534667969e-04
1.269543170928955078e-02
4.956185817718505859e-02
3.311216831207275391e-03
3.726482391357421875e-03
2.005898952484130859e-02
6.389319896697998047e-02
7.986843585968017578e-03
7.165491580963134766e-03
1.139205694198608398e-02
3.396290540695190430e-02
8.883833885192871094e-03
5.147236585617065430e-02
1.822590827941894531e-02
3.222984075546264648e-02
7.927834987640380859e-03
3.977894783020019531e-03
1.213347911834716797e-02
3.893876075744628906e-02
3.463745117187500000e-03
8.907794952392578125e-03
6.461173295974731445e-03
1.285779476165771484e-02
8.832246065139770508e-03
3.314822912216186523e-03
2.033516764640808105e-02
6.664514541625976562e-02
2.303367853164672852e-02
5.766010284423828125e-02
2.345782518386840820e-02
5.274623632431030273e-02
2.068096399307250977e-02
4.144746065139770508e-02
5.021691322326660156e-04
1.700413227081298828e-02
1.662892103195190430e-02
4.236096143722534180e-02
1.266735792160034180e-02
2.754729986190795898e-02
1.467233896255493164e-02
2.673375606536865234e-02
3.905296325683593750e-04
8.109211921691894531e-03
1.908361911773681641e-03
3.492754697799682617e-02
1.435291767120361328e-02
3.609967231750488281e-02
4.657328128814697266e-03
2.160906791687011719e-02
1.887440681457519531e-03
2.003121376037597656e-02
6.467998027801513672e-03
3.164511919021606445e-02
1.699662208557128906e-02
5.228132009506225586e-02
1.579374074935913086e-02
4.448562860488891602e-02
1.705461740493774414e-02
4.774093627929687500e-02
1.172447204589843750e-02
4.169070720672607422e-02
1.031094789505004883e-02
3.829145431518554688e-02
6.109178066253662109e-03
7.593393325805664062e-03
5.415356159210205078e-02
1.203746199607849121e-01
1.197260618209838867e-02
1.902395486831665039e-02
2.731180191040039062e-02
7.279878854751586914e-02
1.398861408233642578e-02
5.057752132415771484e-02
3.508883714675903320e-02
9.942555427551269531e-02
1.110535860061645508e-02
1.832282543182373047e-02
6.061196327209472656e-03
5.411618947982788086e-02
3.261816501617431641e-02
6.697654724121093750e-02
7.227480411529541016e-02
1.361858248710632324e-01
5.192664265632629395e-02
1.482878029346466064e-01
2.675038576126098633e-02
5.098915100097656250e-02
2.331268787384033203e-02
6.453913450241088867e-02
4.273295402526855469e-02
1.305721402168273926e-01
1.141905784606933594e-02
2.738618850708007812e-02
2.413159608840942383e-02
8.158719539642333984e-02
1.855093240737915039e-02
5.698984861373901367e-02
4.934430122375488281e-03
2.047479152679443359e-02
1.564818620681762695e-02
4.403066635131835938e-02
8.615314960479736328e-03
2.993160486221313477e-02
5.038857460021972656e-03
2.928113937377929688e-02
1.955950260162353516e-02
5.170941352844238281e-02
1.089388132095336914e-02
3.195714950561523438e-02
7.033646106719970703e-03
3.605878353118896484e-02
1.502341032028198242e-02
4.034692049026489258e-02
2.237540483474731445e-02
5.145281553268432617e-02
9.287595748901367188e-03
2.932429313659667969e-02
1.928424835205078125e-02
4.563212394714355469e-02
2.076739072799682617e-02
5.589264631271362305e-02
1.337581872940063477e-02
4.040122032165527344e-02
1.856464147567749023e-02
4.753476381301879883e-02
2.375680208206176758e-02
5.713498592376708984e-02
2.064228057861328125e-02
5.075770616531372070e-02
1.731848716735839844e-02
4.720026254653930664e-02
8.496642112731933594e-04
1.995778083801269531e-02
1.938015222549438477e-02
4.962652921676635742e-02
6.321728229522705078e-03
3.479063510894775391e-02
2.165925502777099609e-02
5.849760770797729492e-02
3.134310245513916016e-03
1.181751489639282227e-02
1.713538169860839844e-02
5.314439535140991211e-02
6.930112838745117188e-03
3.513079881668090820e-02
3.202408552169799805e-02
9.672546386718750000e-02
2.541071176528930664e-02
5.931067466735839844e-02
1.635998487472534180e-02
3.809624910354614258e-02
1.307964324951171875e-03
1.575407385826110840e-02
2.041843533515930176e-02
3.648093342781066895e-02
2.100756764411926270e-02
5.155599117279052734e-02
2.121877670288085938e-02
3.637409210205078125e-02
4.075026512145996094e-02
9.264671802520751953e-02
3.561365604400634766e-02
9.171098470687866211e-02
2.653956413269042969e-02
7.102733850479125977e-02
1.078218221664428711e-02
5.113327503204345703e-02
7.054507732391357422e-03
9.884357452392578125e-03
2.452611923217773438e-03
4.053109884262084961e-02
6.790637969970703125e-03
2.133858203887939453e-02
2.563631534576416016e-02
3.609335422515869141e-02
2.242553234100341797e-02
3.843981027603149414e-02
1.180505752563476562e-02
2.954280376434326172e-02
1.844763755798339844e-02
4.759919643402099609e-02
3.295958042144775391e-03
2.509278059005737305e-02
9.906649589538574219e-03
2.108573913574218750e-02
1.292967796325683594e-02
4.400724172592163086e-02
1.635712385177612305e-02
4.590815305709838867e-02
5.402743816375732422e-03
6.035566329956054688e-03
6.756490468978881836e-02
1.579146981239318848e-01
9.791314601898193359e-03
2.690511941909790039e-02
4.772186279296875000e-03
1.335400342941284180e-02
1.172840595245361328e-03
3.177404403686523438e-02
4.959475994110107422e-02
7.211589813232421875e-02
2.891731262207031250e-02
1.358886957168579102e-01
1.702940464019775391e-02
2.414375543594360352e-02
3.071159124374389648e-02
8.636558055877685547e-02
3.193575143814086914e-02
9.381777048110961914e-02
2.208465337753295898e-02
4.694068431854248047e-02
3.527778387069702148e-02
1.379209160804748535e-01
6.353408098220825195e-02
1.756701469421386719e-01
2.283257246017456055e-02
5.715143680572509766e-02
4.367947578430175781e-02
8.399227261543273926e-02
8.777132630348205566e-02
1.388657391071319580e-01
5.836272239685058594e-02
7.373487949371337891e-02
8.378326892852783203e-03
8.888745307922363281e-02
4.881501197814941406e-03
1.432752609252929688e-02
1.950562000274658203e-02
6.554043292999267578e-02
2.726751565933227539e-02
8.636939525604248047e-02
1.555025577545166016e-03
2.343034744262695312e-02
1.590561866760253906e-02
5.253833532333374023e-02
1.390582323074340820e-02
3.860050439834594727e-02
7.084608078002929688e-03
3.426665067672729492e-02
4.294216632843017578e-03
3.095251321792602539e-02
3.674089908599853516e-03
2.493482828140258789e-02
6.286919116973876953e-03
2.612966299057006836e-02
1.066613197326660156e-02
3.425747156143188477e-02
2.060770988464355469e-02
5.234110355377197266e-02
1.017624139785766602e-02
2.636754512786865234e-02
1.790326833724975586e-02
5.728518962860107422e-02
1.853096485137939453e-02
6.198912858963012695e-02
1.006972789764404297e-02
3.722721338272094727e-02
5.071222782135009766e-03
2.991706132888793945e-02
1.682645082473754883e-02
4.835748672485351562e-02
1.232808828353881836e-02
3.047055006027221680e-02
3.677469491958618164e-02
7.626724243164062500e-02
1.158463954925537109e-02
2.062940597534179688e-02
7.396399974822998047e-03
2.968323230743408203e-02
2.321606874465942383e-02
7.533109188079833984e-02
9.640038013458251953e-03
2.985328435897827148e-02
1.151049137115478516e-02
5.581468343734741211e-02
2.448999881744384766e-02
7.248067855834960938e-02
4.835247993469238281e-03
1.919925212860107422e-03
3.170663118362426758e-02
1.004012227058410645e-01
6.688058376312255859e-03
3.464025259017944336e-02
9.523808956146240234e-03
6.187498569488525391e-03
2.838134765625000000e-02
5.015087127685546875e-02
5.589246749877929688e-03
5.234420299530029297e-03
9.545683860778808594e-04
1.827642321586608887e-02
2.280223369598388672e-02
7.654815912246704102e-02
1.061964035034179688e-02
4.557222127914428711e-02
2.235108613967895508e-02
5.700880289077758789e-02
4.203200340270996094e-03
6.715834140777587891e-03
3.729045391082763672e-03
4.115819931030273438e-03
2.867579460144042969e-04
3.650009632110595703e-03
9.403824806213378906e-04
2.656263113021850586e-02
8.022785186767578125e-04
2.893239259719848633e-02
1.060068607330322266e-03
1.283037662506103516e-02
3.855228424072265625e-04
6.627678871154785156e-03
1.819950342178344727e-02
4.780256748199462891e-02
1.185625791549682617e-02
2.272230386734008789e-02
9.912014007568359375e-03
2.091532945632934570e-02
9.891331195831298828e-03
1.758885383605957031e-02
1.383602619171142578e-03
2.458775043487548828e-02
7.058143615722656250e-03
2.781748771667480469e-04
6.243765354156494141e-03
2.513581514358520508e-02
1.128053665161132812e-02
3.335797786712646484e-02
2.169257402420043945e-02
6.015086174011230469e-02
1.166462898254394531e-02
4.376828670501708984e-02
1.034742593765258789e-02
3.177976608276367188e-02
1.781874895095825195e-02
4.224842786788940430e-02
3.139138221740722656e-03
2.350026369094848633e-02
1.618897914886474609e-02
5.471128225326538086e-02
2.237761020660400391e-02
5.495959520339965820e-02
1.785242557525634766e-02
4.510360956192016602e-02
1.351380348205566406e-02
6.593954563140869141e-02
6.118679046630859375e-02
1.291694045066833496e-01
3.849874436855316162e-02
9.851306676864624023e-02
2.022060751914978027e-02
2.103704214096069336e-02
3.687322139739990234e-02
9.706878662109375000e-02
3.626120090484619141e-02
9.695982933044433594e-02
6.190121173858642578e-03
3.879636526107788086e-02
6.294310092926025391e-03
1.585316658020019531e-02
3.697454929351806641e-03
2.397257089614868164e-02
1.856923103332519531e-02
6.795483827590942383e-02
9.713172912597656250e-03
1.665234565734863281e-02
2.038061618804931641e-02
3.861021995544433594e-02
2.202206850051879883e-02
3.756624460220336914e-02
1.267492771148681641e-02
3.128564357757568359e-02
2.599215507507324219e-02
5.624997615814208984e-02
1.642006635665893555e-02
3.660589456558227539e-02
6.666004657745361328e-03
2.291107177734375000e-02
2.363526821136474609e-02
6.155806779861450195e-02
7.669389247894287109e-03
4.115045070648193359e-03
3.165960311889648438e-03
2.173298597335815430e-02
1.537209749221801758e-02
3.571110963821411133e-02
7.490277290344238281e-03
2.962130308151245117e-02
1.394718885421752930e-02
4.432791471481323242e-02
1.277011632919311523e-02
3.648263216018676758e-02
2.272367477416992188e-02
4.978656768798828125e-02
2.264696359634399414e-02
5.388766527175903320e-02
1.538360118865966797e-02
5.203545093536376953e-02
1.792699098587036133e-02
5.719637870788574219e-02
1.632302999496459961e-02
4.511898756027221680e-02
2.168130874633789062e-02
5.530744791030883789e-02
1.185822486877441406e-02
4.327172040939331055e-02
6.957828998565673828e-03
2.604424953460693359e-02
1.134574413299560547e-02
4.030454158782958984e-02
1.017636060714721680e-02
2.994537353515625000e-02
1.012581586837768555e-02
3.590840101242065430e-02
2.188444137573242188e-03
2.974283695220947266e-02
3.347647190093994141e-02
8.609682321548461914e-02
2.090507745742797852e-02
3.462058305740356445e-02
5.663216114044189453e-03
8.969366550445556641e-03
4.663378000259399414e-02
1.206659078598022461e-01
5.337476730346679688e-03
8.556067943572998047e-03
1.316606998443603516e-03
6.098806858062744141e-03
1.128882169723510742e-03
5.385905504226684570e-03
4.417568445205688477e-03
9.182095527648925781e-05
1.178827881813049316e-02
5.055120587348937988e-02
1.865160465240478516e-02
6.606703996658325195e-02
1.741302013397216797e-02
6.446796655654907227e-02
1.331400871276855469e-02
4.002732038497924805e-02
1.130318641662597656e-02
3.502690792083740234e-02
1.189374923706054688e-02
3.462958335876464844e-02
2.911269664764404297e-03
4.450678825378417969e-04
2.898454666137695312e-03
9.171962738037109375e-03
9.421169757843017578e-03
3.650307655334472656e-03
2.143621444702148438e-03
1.890677213668823242e-02
1.706880331039428711e-02
1.065576076507568359e-02
2.002304792404174805e-02
4.774665832519531250e-02
1.800692081451416016e-02
5.943137407302856445e-02
2.214175462722778320e-02
6.129205226898193359e-03
4.983067512512207031e-03
2.283090353012084961e-02
1.778084039688110352e-02
5.233395099639892578e-02
8.059263229370117188e-03
2.763211727142333984e-02
1.104986667633056641e-02
3.251093626022338867e-02
1.000952720642089844e-02
3.209948539733886719e-02
1.214653253555297852e-02
4.007649421691894531e-02
1.715350151062011719e-02
5.412906408309936523e-02
1.564157009124755859e-02
4.955327510833740234e-02
1.542735099792480469e-02
4.795324802398681641e-02
6.151735782623291016e-03
1.763749122619628906e-02
2.206110954284667969e-02
6.328022480010986328e-02
1.571476459503173828e-03
1.114219427108764648e-02
5.027234554290771484e-03
4.289793968200683594e-02
3.550195693969726562e-02
9.726864099502563477e-02
2.345430850982666016e-02
6.804943084716796875e-02
3.174054622650146484e-02
7.220590114593505859e-02
1.217687129974365234e-02
2.974629402160644531e-03
4.012459516525268555e-02
9.891086816787719727e-02
4.297149181365966797e-02
8.265483379364013672e-02
1.302382349967956543e-02
8.302493393421173096e-02
3.506055474281311035e-02
4.910701513290405273e-02
2.234679460525512695e-02
6.561046838760375977e-02
2.213335037231445312e-02
2.205389738082885742e-02
5.121195316314697266e-02
1.221247911453247070e-01
5.813002586364746094e-03
3.434562683105468750e-02
2.818936109542846680e-02
7.658040523529052734e-02
8.425891399383544922e-03
2.592700719833374023e-02
6.529331207275390625e-03
3.162527084350585938e-02
1.660525798797607422e-02
4.286414384841918945e-02
1.498442888259887695e-02
4.676812887191772461e-02
4.392445087432861328e-03
1.938456296920776367e-02
3.399848937988281250e-04
9.889066219329833984e-03
1.000076532363891602e-02
2.758252620697021484e-02
1.912528276443481445e-02
5.445450544357299805e-02
2.057492733001708984e-03
2.639871835708618164e-02
9.756684303283691406e-04
1.510804891586303711e-02
8.945763111114501953e-03
3.718155622482299805e-02
1.857864856719970703e-02
4.231792688369750977e-02
2.544289827346801758e-02
6.745648384094238281e-02
1.897329092025756836e-02
5.729979276657104492e-02
2.675801515579223633e-02
5.442172288894653320e-02
1.341211795806884766e-02
3.860992193222045898e-02
1.474034786224365234e-02
8.948266506195068359e-03
7.455050945281982422e-03
3.146076202392578125e-02
9.446561336517333984e-03
7.536530494689941406e-03
2.725934982299804688e-02
8.810442686080932617e-02
1.040023565292358398e-02
2.312386035919189453e-02
8.160233497619628906e-03
8.176028728485107422e-03
3.310161828994750977e-02
9.015786647796630859e-02
3.624403476715087891e-02
9.084457159042358398e-02
2.895176410675048828e-03
4.230439662933349609e-03
7.662355899810791016e-03
1.457142829895019531e-02
4.780322313308715820e-02
1.038754582405090332e-01
4.742920398712158203e-03
7.446765899658203125e-03
1.270827651023864746e-02
1.501378417015075684e-02
1.260328292846679688e-02
3.666925430297851562e-02
4.294008016586303711e-03
3.254073858261108398e-02
2.149546146392822266e-02
4.472923278808593750e-02
3.078269958496093750e-02
5.109500885009765625e-02
2.171152830123901367e-02
5.104649066925048828e-02
8.219122886657714844e-03
4.286962747573852539e-02
2.778530120849609375e-03
2.531629800796508789e-02
2.088624238967895508e-02
2.720195055007934570e-02
1.238197088241577148e-02
3.523367643356323242e-02
2.128052711486816406e-02
3.488689661026000977e-02
1.908397674560546875e-02
4.019337892532348633e-02
8.132934570312500000e-03
2.369010448455810547e-02
1.149672269821166992e-02
3.661578893661499023e-02
2.770900726318359375e-03
1.134395599365234375e-02
1.359277963638305664e-02
3.359496593475341797e-02
1.229977607727050781e-02
4.115831851959228516e-02
1.518660783767700195e-02
5.287867784500122070e-02
2.261877059936523438e-02
5.925500392913818359e-02
1.200008392333984375e-02
3.459942340850830078e-02
1.009941101074218750e-03
1.162868738174438477e-02
8.704662322998046875e-03
3.065764904022216797e-02
2.607196569442749023e-02
4.799214005470275879e-02
6.054344773292541504e-02
1.810075044631958008e-01
3.564286231994628906e-02
8.537834882736206055e-02
5.408698320388793945e-02
1.220989823341369629e-01
6.414318084716796875e-02
1.134089827537536621e-01
2.836585044860839844e-03
3.140330314636230469e-03
1.036600470542907715e-01
3.105785250663757324e-01
4.110836982727050781e-02
1.202319264411926270e-01
8.676141500473022461e-03
6.498417258262634277e-02
6.686538457870483398e-03
9.956121444702148438e-03
1.719725131988525391e-02
2.313774824142456055e-02
2.114856243133544922e-02
6.395679712295532227e-02
2.834242582321166992e-02
6.571924686431884766e-02
2.622956037521362305e-02
7.719403505325317383e-02
1.630145311355590820e-02
5.032938718795776367e-02
7.301211357116699219e-03
3.570365905761718750e-02
7.102727890014648438e-03
3.175777196884155273e-02
1.535135507583618164e-02
4.930841922760009766e-02
1.581549644470214844e-03
5.167365074157714844e-03
2.528518438339233398e-02
7.598561048507690430e-02
1.412123441696166992e-02
1.240777969360351562e-02
7.466912269592285156e-03
3.824508190155029297e-02
5.549430847167968750e-03
2.342581748962402344e-03
8.094489574432373047e-03
3.848004341125488281e-02
6.048858165740966797e-03
1.965171098709106445e-02
1.099354028701782227e-02
2.403014898300170898e-02
1.599490642547607422e-03
1.301288604736328125e-02
1.787203550338745117e-02
1.852333545684814453e-02
1.195549964904785156e-03
1.924788951873779297e-02
8.495748043060302734e-03
1.802873611450195312e-02
6.652653217315673828e-03
1.244032382965087891e-02
2.225989103317260742e-02
3.949105739593505859e-02
3.904145956039428711e-02
1.113948822021484375e-01
4.066687822341918945e-02
9.648066759109497070e-02
2.383840084075927734e-02
7.301372289657592773e-02
1.360082626342773438e-02
4.677540063858032227e-02
3.479158878326416016e-02
1.147754192352294922e-01
2.023118734359741211e-02
7.505875825881958008e-02
2.792054414749145508e-02
1.133084893226623535e-01
3.779649734497070312e-02
7.894527912139892578e-02
1.633846759796142578e-02
2.065116167068481445e-02
6.192743778228759766e-02
1.631380319595336914e-01
3.095865249633789062e-03
3.234583139419555664e-02
2.373123168945312500e-02
6.742113828659057617e-02
1.121127605438232422e-02
8.289813995361328125e-03
4.091978073120117188e-03
3.402090072631835938e-02
1.123654842376708984e-02
1.512193679809570312e-02
1.924335956573486328e-03
1.259890198707580566e-02
2.291432023048400879e-02
1.077359914779663086e-02
7.618993520736694336e-02
1.903803348541259766e-01
5.946642160415649414e-02
6.975454092025756836e-02
1.609797477722167969e-01
2.199073433876037598e-01
7.151263952255249023e-02
1.219216883182525635e-01
1.598066091537475586e-02
2.602100372314453125e-02
5.930781364440917969e-03
4.962623119354248047e-03
2.808848023414611816e-02
5.538320541381835938e-02
2.409410476684570312e-02
5.736207962036132812e-02
3.427416086196899414e-02
9.362351894378662109e-02
2.394801378250122070e-02
3.164249658584594727e-02
4.482150077819824219e-03
2.975571155548095703e-02
1.152998208999633789e-02
5.535602569580078125e-03
2.308130264282226562e-03
1.204955577850341797e-02
8.924782276153564453e-03
9.082496166229248047e-03
4.183232784271240234e-03
1.994258165359497070e-02
1.284390687942504883e-02
7.026553153991699219e-03
3.079593181610107422e-03
9.277522563934326172e-03
1.256966590881347656e-02
3.173387050628662109e-02
2.018362283706665039e-02
2.153211832046508789e-02
2.945351600646972656e-02
5.495953559875488281e-02
1.608741283416748047e-02
2.978891134262084961e-02
2.529311180114746094e-02
5.730992555618286133e-02
1.319533586502075195e-02
3.627812862396240234e-02
1.117575168609619141e-02
3.596371412277221680e-02
1.143383979797363281e-02
3.735750913619995117e-02
1.080006361007690430e-02
2.985131740570068359e-02
8.204042911529541016e-03
2.660644054412841797e-02
1.721012592315673828e-02
1.962590217590332031e-02
3.957152366638183594e-02
6.933736801147460938e-02
2.762800455093383789e-02
9.873741865158081055e-02
1.573622226715087891e-02
5.161643028259277344e-02
2.947211265563964844e-02
6.368899345397949219e-02
2.081036567687988281e-03
6.012976169586181641e-03
4.315984249114990234e-02
1.412780880928039551e-01
7.545113563537597656e-03
4.574549198150634766e-02
1.605868339538574219e-03
1.875829696655273438e-02
8.184313774108886719e-04
5.266079306602478027e-02
1.568371057510375977e-02
1.131570339202880859e-02
1.460194587707519531e-03
3.087776899337768555e-02
2.498340606689453125e-02
7.970201969146728516e-02
4.748195409774780273e-03
7.906407117843627930e-03
1.254928112030029297e-02
2.260291576385498047e-02
1.849034428596496582e-02
6.130266189575195312e-02
7.334291934967041016e-03
1.362800598144531250e-02
1.276677846908569336e-02
2.031809091567993164e-02
1.201033592224121094e-02
2.885353565216064453e-02
4.670262336730957031e-03
1.396483182907104492e-02
3.549277782440185547e-03
5.102336406707763672e-03
5.467236042022705078e-03
2.591198682785034180e-02
5.169510841369628906e-03
8.361876010894775391e-03
1.208859682083129883e-02
2.560949325561523438e-02
3.085076808929443359e-03
3.724992275238037109e-03
3.085744380950927734e-02
4.626381397247314453e-02
3.593468666076660156e-02
6.833511590957641602e-02
1.217496395111083984e-02
2.467596530914306641e-02
9.111464023590087891e-03
3.619474172592163086e-02
1.321762800216674805e-02
3.019404411315917969e-02
2.234077453613281250e-02
4.801589250564575195e-02
2.904713153839111328e-03
2.246189117431640625e-02
1.011830568313598633e-02
2.714061737060546875e-02
6.419837474822998047e-03
7.713437080383300781e-03
2.064937353134155273e-02
6.383544206619262695e-02
2.928841114044189453e-02
6.383597850799560547e-02
8.967936038970947266e-03
1.094955205917358398e-02
9.727060794830322266e-03
2.843010425567626953e-02
1.084101200103759766e-02
3.744679689407348633e-02
2.548068761825561523e-03
4.968047142028808594e-03
1.090946793556213379e-02
3.145417571067810059e-02
2.133002877235412598e-02
4.044175148010253906e-02
2.967119216918945312e-04
8.619248867034912109e-03
1.766607165336608887e-02
3.023129701614379883e-02
1.722636818885803223e-02
6.235498189926147461e-02
1.928162574768066406e-02
4.811716079711914062e-02
8.139669895172119141e-03
2.045613527297973633e-02
1.317858695983886719e-03
1.671057939529418945e-02
6.800770759582519531e-03
3.258031606674194336e-02
5.851268768310546875e-03
5.245208740234375000e-03
1.051074266433715820e-02
2.216982841491699219e-02
1.237809658050537109e-02
6.292521953582763672e-03
7.322311401367187500e-03
2.996027469635009766e-03
1.421427726745605469e-02
4.361939430236816406e-02
4.210233688354492188e-03
1.566469669342041016e-03
9.875893592834472656e-03
1.024228334426879883e-02
1.519483327865600586e-02
3.011286258697509766e-02
9.036421775817871094e-03
1.731836795806884766e-02
1.586300134658813477e-02
4.662543535232543945e-02
1.339769363403320312e-02
3.324931859970092773e-02
6.312131881713867188e-04
2.742171287536621094e-03
8.566141128540039062e-03
3.730595111846923828e-02
2.033042907714843750e-02
9.929347038269042969e-02
5.280846357345581055e-02
1.083258986473083496e-01
2.154874801635742188e-02
8.448892831802368164e-02
3.022104501724243164e-02
8.000886440277099609e-02
4.746091365814208984e-02
1.215192675590515137e-01
1.093000173568725586e-02
9.238839149475097656e-03
7.395148277282714844e-04
9.375035762786865234e-03
3.603518009185791016e-03
8.473780751228332520e-02
6.825516372919082642e-02
5.159550905227661133e-02
8.146131038665771484e-02
1.636694073677062988e-01
3.216189146041870117e-02
1.006196141242980957e-01
4.701542854309082031e-02
1.016817688941955566e-01
1.426512002944946289e-02
9.630918502807617188e-03
8.414328098297119141e-03
1.192253828048706055e-02
3.275215625762939453e-02
6.654611229896545410e-02
9.080588817596435547e-03
9.733438491821289062e-04
6.163775920867919922e-03
2.380061149597167969e-02
4.044413566589355469e-03
7.137835025787353516e-03
8.274495601654052734e-03
2.109354734420776367e-02
2.258002758026123047e-02
4.138773679733276367e-02
2.156257629394531250e-03
1.429843902587890625e-02
1.248353719711303711e-02
2.996432781219482422e-02
2.735853195190429688e-03
3.561556339263916016e-03
9.197294712066650391e-03
8.819162845611572266e-03
2.448463439941406250e-02
6.124168634414672852e-02
8.722960948944091797e-03
2.050626277923583984e-02
4.136145114898681641e-03
2.001512050628662109e-02
1.470327377319335938e-02
3.263837099075317383e-02
6.773591041564941406e-03
1.965761184692382812e-02
6.275177001953125000e-04
5.363821983337402344e-03
7.699608802795410156e-03
3.162848949432373047e-02
6.726622581481933594e-03
1.543927192687988281e-02
6.583571434020996094e-03
4.733419418334960938e-02
1.096379756927490234e-02
1.447659730911254883e-02
7.713913917541503906e-03
2.903300523757934570e-02
6.612241268157958984e-03
4.003643989562988281e-04
9.927153587341308594e-03
3.480464220046997070e-03
6.351500749588012695e-03
7.489979267120361328e-03
1.205953955650329590e-02
9.797722101211547852e-03
2.034738659858703613e-02
3.885948657989501953e-02
1.535871624946594238e-02
2.407464385032653809e-02
1.826554536819458008e-02
2.243557572364807129e-02
1.122808456420898438e-02
3.258201479911804199e-02
2.131211757659912109e-02
5.237692594528198242e-02
5.351603031158447266e-03
2.913594245910644531e-03
1.846486330032348633e-02
4.458272457122802734e-02
8.953392505645751953e-03
1.659309864044189453e-02
2.193683385848999023e-02
4.836314916610717773e-02
2.622187137603759766e-03
1.663351058959960938e-02
3.484427928924560547e-03
4.413604736328125000e-03
4.711449146270751953e-03
1.366055011749267578e-02
2.876758575439453125e-03
1.133799552917480469e-02
6.721615791320800781e-03
2.827870845794677734e-02
1.569926738739013672e-02
1.317578554153442383e-02
1.586616039276123047e-03
2.775788307189941406e-03
5.943536758422851562e-03
1.555103063583374023e-02
5.836188793182373047e-03
2.591258287429809570e-02
1.493728160858154297e-02
3.543651103973388672e-02
1.474624872207641602e-02
3.187298774719238281e-02
3.260135650634765625e-03
1.162469387054443359e-02
1.700580120086669922e-03
3.313076496124267578e-02
6.602287292480468750e-03
1.929146051406860352e-02
1.534825563430786133e-02
3.414553403854370117e-02
2.431482076644897461e-02
7.776004076004028320e-02
2.342534065246582031e-02
6.562691926956176758e-02
2.384358644485473633e-02
6.183326244354248047e-02
1.405596733093261719e-03
1.326054334640502930e-02
2.513653039932250977e-02
6.627604365348815918e-02
1.011726260185241699e-02
1.196400895714759827e-01
5.982480943202972412e-03
7.252782583236694336e-03
4.912111163139343262e-02
7.095122337341308594e-02
2.665245532989501953e-02
8.567899465560913086e-02
2.567303180694580078e-02
7.262992858886718750e-02
7.966220378875732422e-03
6.884336471557617188e-05
3.592962026596069336e-02
6.767952442169189453e-02
6.572544574737548828e-03
7.287263870239257812e-04
1.431521773338317871e-02
1.991409063339233398e-02
4.452645778656005859e-03
1.135516166687011719e-02
3.399491310119628906e-03
1.799345016479492188e-02
3.884255886077880859e-03
9.424269199371337891e-03
4.418492317199707031e-04
1.060181856155395508e-02
7.958889007568359375e-03
1.133036613464355469e-02
9.106934070587158203e-03
3.090381622314453125e-03
1.177608966827392578e-03
5.697727203369140625e-03
1.119220256805419922e-02
1.621055603027343750e-02
2.059739828109741211e-02
1.473081111907958984e-02
2.278357744216918945e-02
2.997797727584838867e-02
4.874414205551147461e-02
7.943511009216308594e-02
2.354240417480468750e-02
3.530114889144897461e-02
1.670217514038085938e-02
3.200984001159667969e-02
1.759260892868041992e-02
3.928506374359130859e-02
3.343522548675537109e-03
1.928150653839111328e-03
6.930947303771972656e-03
1.630723476409912109e-03
8.941948413848876953e-03
2.018857002258300781e-02
7.811605930328369141e-03
2.667832374572753906e-02
5.720913410186767578e-03
2.535760402679443359e-02
1.344507932662963867e-02
4.565519094467163086e-02
1.242762804031372070e-02
2.376085519790649414e-02
1.164942979812622070e-02
8.884787559509277344e-03
1.671016216278076172e-02
4.006177186965942383e-02
4.280447959899902344e-03
1.272612810134887695e-02
8.218079805374145508e-03
2.549305558204650879e-02
1.276046037673950195e-03
1.618543267250061035e-02
5.761444568634033203e-03
1.575893163681030273e-02
8.181929588317871094e-03
9.160518646240234375e-03
5.067586898803710938e-03
1.101487874984741211e-02
2.792131900787353516e-02
7.545965909957885742e-02
2.444225549697875977e-02
2.950870990753173828e-02
1.758897304534912109e-02
3.965115547180175781e-02
2.433657646179199219e-03
1.128214597702026367e-02
1.186132431030273438e-03
2.504098415374755859e-02
4.534065723419189453e-03
1.758700609207153320e-02
8.843183517456054688e-03
2.041429281234741211e-02
2.457553148269653320e-02
5.909538269042968750e-02
2.930700778961181641e-03
1.712799072265625000e-03
8.511006832122802734e-03
3.783637285232543945e-02
1.322460174560546875e-02
3.887170553207397461e-02
1.294267177581787109e-02
2.912366390228271484e-02
6.932675838470458984e-03
7.293343544006347656e-03
1.296877861022949219e-02
5.002266168594360352e-02
1.224046945571899414e-02
5.230486392974853516e-02
1.972836256027221680e-02
4.697632789611816406e-02
4.399716854095458984e-03
9.379625320434570312e-03
1.662302017211914062e-02
5.764830112457275391e-02
5.997478961944580078e-03
3.815412521362304688e-03
3.689712285995483398e-02
1.144305467605590820e-01
2.015823125839233398e-02
4.468148946762084961e-02
2.628439664840698242e-02
4.766970872879028320e-02
5.263131856918334961e-02
1.293010711669921875e-01
4.822057485580444336e-02
1.243180930614471436e-01
7.808089256286621094e-02
2.320505827665328979e-01
7.136501371860504150e-03
2.291217446327209473e-02
2.278566360473632812e-03
5.314528942108154297e-03
2.479267120361328125e-02
2.295005321502685547e-02
3.114086389541625977e-02
9.039878845214843750e-02
3.188967704772949219e-03
8.119791746139526367e-03
2.051895856857299805e-02
4.060727357864379883e-02
7.377445697784423828e-03
3.586506843566894531e-02
9.986162185668945312e-03
2.917373180389404297e-02
1.599073410034179688e-03
8.720397949218750000e-03
2.043902873992919922e-03
1.423180103302001953e-02
1.340973377227783203e-02
1.850008964538574219e-02
1.085883378982543945e-02
1.721906661987304688e-02
4.981756210327148438e-04
1.796311140060424805e-02
2.913951873779296875e-03
9.474337100982666016e-03
7.920324802398681641e-03
2.414047718048095703e-02
4.757761955261230469e-03
4.940390586853027344e-03
1.807171106338500977e-02
3.954190015792846680e-02
1.401466131210327148e-02
2.749377489089965820e-02
2.782392501831054688e-02
5.975657701492309570e-02
1.060307025909423828e-03
1.344555616378784180e-02
9.433925151824951172e-03
1.208591461181640625e-02
3.388166427612304688e-03
3.472805023193359375e-03
2.131313085556030273e-02
3.885722160339355469e-02
5.444228649139404297e-03
5.682289600372314453e-03
8.450746536254882812e-04
1.831579208374023438e-02
2.330052852630615234e-02
5.973035097122192383e-02
5.657553672790527344e-03
3.805041313171386719e-03
3.176808357238769531e-03
1.452606916427612305e-02
1.560705900192260742e-02
6.878978013992309570e-02
1.325666904449462891e-02
4.443919658660888672e-02
4.680007696151733398e-03
2.061441540718078613e-02
1.341336965560913086e-02
5.022117495536804199e-02
1.464322209358215332e-02
2.712425589561462402e-02
7.608532905578613281e-04
1.572981476783752441e-02
1.071631908416748047e-02
5.667209625244140625e-03
4.013359546661376953e-03
3.560933470726013184e-02
1.596111059188842773e-02
3.842687606811523438e-02
4.127144813537597656e-03
4.826962947845458984e-03
9.977936744689941406e-03
1.338118314743041992e-02
1.959848403930664062e-02
3.262966871261596680e-02
9.242653846740722656e-03
3.946745395660400391e-02
2.481877803802490234e-03
6.067991256713867188e-03
2.684986591339111328e-02
4.195165634155273438e-02
2.398490905761718750e-04
6.341099739074707031e-03
3.320574760437011719e-03
1.680320501327514648e-02
3.154397010803222656e-03
1.110750436782836914e-02
2.971768379211425781e-03
4.889905452728271484e-03
2.564817667007446289e-02
2.491962909698486328e-02
3.458738327026367188e-03
1.338273286819458008e-02
1.729547977447509766e-02
4.631352424621582031e-02
1.554101705551147461e-02
4.215401411056518555e-02
1.097935438156127930e-02
2.097052335739135742e-02
5.943477153778076172e-03
1.264452934265136719e-02
1.191043853759765625e-02
2.683383226394653320e-02
3.194540739059448242e-03
4.744768142700195312e-03
4.638049006462097168e-02
1.241977810859680176e-01
2.355027198791503906e-02
5.678009986877441406e-02
1.074033975601196289e-02
1.084321737289428711e-02
2.950602769851684570e-02
4.026830196380615234e-03
8.556157350540161133e-03
6.131109595298767090e-02
7.704076170921325684e-02
1.526691094040870667e-01
2.948497235774993896e-02
8.132123947143554688e-02
2.712357044219970703e-02
4.703181982040405273e-02
3.308236598968505859e-03
1.610898971557617188e-02
6.424427032470703125e-03
8.684396743774414062e-04
2.919644117355346680e-03
6.616115570068359375e-03
2.119034528732299805e-03
9.139955043792724609e-03
2.424508333206176758e-03
2.111279964447021484e-02
1.784086227416992188e-02
1.063168048858642578e-02
4.063248634338378906e-04
8.339345455169677734e-03
6.559908390045166016e-03
6.262958049774169922e-03
4.041731357574462891e-03
3.129476308822631836e-02
8.742928504943847656e-03
2.283525466918945312e-02
6.780683994293212891e-03
2.329844236373901367e-02
1.517593860626220703e-03
1.773804426193237305e-02
5.229651927947998047e-03
1.430249214172363281e-02
7.069766521453857422e-03
1.382046937942504883e-02
2.417922019958496094e-02
4.834026098251342773e-02
6.522417068481445312e-03
3.256684541702270508e-02
2.650499343872070312e-03
1.747685670852661133e-02
8.245468139648437500e-03
2.244430780410766602e-02
1.664018630981445312e-02
2.936160564422607422e-02
2.696549892425537109e-02
4.207259416580200195e-02
9.498000144958496094e-03
2.288109064102172852e-02
7.364153861999511719e-03
7.785022258758544922e-03
6.585121154785156250e-03
6.096899509429931641e-03
7.688164710998535156e-03
2.718186378479003906e-02
1.449424028396606445e-02
5.300217866897583008e-02
3.097099065780639648e-02
6.832998991012573242e-02
3.177642822265625000e-03
1.521313190460205078e-02
7.736086845397949219e-04
3.066539764404296875e-02
3.737676143646240234e-02
8.876836299896240234e-02
3.444468975067138672e-02
6.824722886085510254e-02
2.747675776481628418e-02
7.359808683395385742e-02
4.405069351196289062e-02
1.101128160953521729e-01
9.926825761795043945e-03
3.026664257049560547e-03
7.925182580947875977e-03
3.814151883125305176e-02
1.727670431137084961e-03
4.595190286636352539e-03
2.296349406242370605e-02
4.466235637664794922e-02
2.021852135658264160e-02
3.738585114479064941e-02
2.606308460235595703e-02
5.585771799087524414e-02
1.002657413482666016e-02
1.934671401977539062e-02
3.233319520950317383e-02
5.624735355377197266e-02
2.811598777770996094e-02
2.436679601669311523e-02
3.490847349166870117e-02
4.334050416946411133e-02
1.037567853927612305e-02
1.163417100906372070e-02
4.031121730804443359e-03
2.170056104660034180e-02
4.937052726745605469e-03
1.392894983291625977e-02
9.841203689575195312e-03
2.738612890243530273e-02
3.854334354400634766e-03
1.337546110153198242e-02
9.725332260131835938e-03
7.130980491638183594e-03
1.062750816345214844e-04
3.310978412628173828e-03
1.764130592346191406e-02
5.482512712478637695e-02
3.729820251464843750e-03
1.994830369949340820e-02
3.950834274291992188e-03
2.369868755340576172e-02
1.482182741165161133e-02
1.424425840377807617e-02
1.245981454849243164e-02
5.423578619956970215e-02
5.322030186653137207e-02
1.451424062252044678e-01
4.127699136734008789e-02
6.801009178161621094e-02
2.626222372055053711e-02
8.409982919692993164e-02
4.621845483779907227e-02
3.188186883926391602e-02
6.845855712890625000e-02
6.192529201507568359e-02
4.966287314891815186e-02
2.480936050415039062e-02
7.896476984024047852e-02
1.334413290023803711e-01
1.408416032791137695e-02
2.053409814834594727e-02
2.036803960800170898e-02
4.447358846664428711e-02
2.402395009994506836e-02
3.103721141815185547e-02
1.327186822891235352e-02
1.524248719215393066e-02
1.019626855850219727e-02
2.457147836685180664e-02
1.189011335372924805e-02
2.801197767257690430e-02
8.907198905944824219e-03
2.400749921798706055e-02
3.623664379119873047e-03
1.659750938415527344e-03
1.080149412155151367e-02
3.429722785949707031e-02
9.459257125854492188e-05
1.375120878219604492e-02
1.391053199768066406e-03
4.611968994140625000e-03
9.330987930297851562e-03
3.822726011276245117e-02
7.364511489868164062e-03
6.137073040008544922e-03
5.218744277954101562e-03
1.838916540145874023e-02
1.910507678985595703e-03
1.460134983062744141e-02
1.621347665786743164e-02
4.314899444580078125e-02
6.576836109161376953e-03
1.232427358627319336e-02
2.916693687438964844e-03
8.045732975006103516e-03
5.985319614410400391e-03
2.333825826644897461e-02
2.309113740921020508e-02
5.258619785308837891e-02
8.395433425903320312e-03
1.360219717025756836e-02
2.377027273178100586e-02
7.987642288208007812e-02
3.891885280609130859e-03
3.536701202392578125e-02
7.449090480804443359e-03
1.099228858947753906e-02
2.949994802474975586e-02
8.440646529197692871e-02
5.940735340118408203e-03
1.360815763473510742e-02
1.088011264801025391e-02
4.734694957733154297e-03
4.797500371932983398e-02
7.323473691940307617e-02
1.921609044075012207e-02
3.880360722541809082e-02
7.618933916091918945e-03
2.377751469612121582e-02
7.547318935394287109e-03
9.679943323135375977e-03
1.581865549087524414e-02
5.452832579612731934e-02
1.882570981979370117e-02
3.415840864181518555e-02
6.771385669708251953e-03
2.038538455963134766e-02
1.453977823257446289e-02
2.227079868316650391e-02
1.010620594024658203e-02
3.333389759063720703e-02
4.414439201354980469e-03
2.814167737960815430e-02
1.633250713348388672e-02
2.351659536361694336e-02
1.153469085693359375e-02
1.537030935287475586e-02
1.359730958938598633e-02
1.819366216659545898e-02
5.568265914916992188e-04
1.482623815536499023e-02
7.870852947235107422e-03
1.398712396621704102e-02
4.560649394989013672e-03
4.957735538482666016e-03
5.496978759765625000e-03
1.878535747528076172e-02
4.558801651000976562e-03
3.015780448913574219e-02
3.490388393402099609e-03
1.878428459167480469e-02
8.176088333129882812e-03
1.637405157089233398e-02
3.279340267181396484e-02
4.996889829635620117e-02
1.568478345870971680e-02
3.434985876083374023e-02
1.866811513900756836e-02
3.432020545005798340e-02
3.269386291503906250e-02
1.160588264465332031e-01
6.257653236389160156e-03
3.048431873321533203e-02
1.617550849914550781e-03
1.745307445526123047e-02
5.232137441635131836e-02
1.291745305061340332e-01
9.866875410079956055e-02
2.539246082305908203e-01
2.391524612903594971e-02
2.299223840236663818e-02
2.125412225723266602e-03
2.433067560195922852e-02
3.123992681503295898e-02
5.317908525466918945e-02
4.314899444580078125e-03
3.149610757827758789e-02
2.020013332366943359e-02
3.660762310028076172e-02
1.138114929199218750e-02
2.559477090835571289e-02
1.624321937561035156e-02
3.709852695465087891e-02
9.103178977966308594e-03
3.544914722442626953e-02
1.951164007186889648e-02
3.295838832855224609e-02
1.110666990280151367e-02
3.298342227935791016e-02
2.548098564147949219e-04
1.403987407684326172e-03
7.543981075286865234e-03
3.084731101989746094e-02
5.917549133300781250e-04
1.313799619674682617e-02
1.736700534820556641e-03
5.181372165679931641e-03
6.871819496154785156e-04
2.468401193618774414e-02
1.474773883819580078e-02
6.807506084442138672e-03
5.029737949371337891e-03
2.517777681350708008e-02
2.246499061584472656e-04
7.346928119659423828e-03
1.656156778335571289e-02
3.748238086700439453e-02
1.741367578506469727e-02
2.543842792510986328e-02
2.158385515213012695e-02
4.878276586532592773e-02
1.159399747848510742e-02
1.438969373703002930e-02
1.147156953811645508e-02
1.968526840209960938e-02
2.624988555908203125e-04
1.190882921218872070e-02
3.299218416213989258e-02
6.838667392730712891e-02
3.349542617797851562e-03
3.182291984558105469e-02
1.132738590240478516e-02
1.923024654388427734e-02
5.175656080245971680e-02
1.069200038909912109e-01
2.163141965866088867e-02
5.577841401100158691e-02
1.123628020286560059e-02
2.123305201530456543e-02
2.254626154899597168e-02
1.223269104957580566e-02
1.770257949829101562e-04
1.705214381217956543e-02
6.722360849380493164e-03
1.745069026947021484e-02
8.170038461685180664e-03
2.979040145874023438e-04
3.600060939788818359e-03
4.839554429054260254e-02
7.805287837982177734e-03
2.683985233306884766e-02
6.586849689483642578e-03
3.822511434555053711e-02
2.917528152465820312e-03
1.333928108215332031e-02
3.837943077087402344e-03
1.753246784210205078e-02
7.206499576568603516e-03
2.297836542129516602e-02
3.199577331542968750e-04
3.906309604644775391e-03
1.028364896774291992e-02
1.605659723281860352e-02
7.839858531951904297e-03
1.271629333496093750e-02
1.504606008529663086e-02
3.321826457977294922e-02
3.666162490844726562e-03
8.848249912261962891e-03
4.315316677093505859e-03
1.461350917816162109e-02
1.460951566696166992e-02
4.030203819274902344e-02
1.203233003616333008e-02
2.902823686599731445e-02
7.593572139739990234e-03
2.294778823852539062e-02
4.661619663238525391e-03
3.148651123046875000e-02
7.059931755065917969e-03
2.454978227615356445e-02
3.256386518478393555e-02
8.298951387405395508e-02
3.444740176200866699e-02
1.292735338211059570e-01
1.785898208618164062e-02
4.941028356552124023e-02
1.831173896789550781e-02
5.672144889831542969e-02
1.241803169250488281e-03
1.252800226211547852e-02
4.635345935821533203e-02
8.081114292144775391e-02
4.024240374565124512e-02
9.249421954154968262e-02
1.382595300674438477e-02
2.725391089916229248e-02
3.449958562850952148e-02
4.841524362564086914e-02
2.935910224914550781e-02
5.246442556381225586e-02
3.427433967590332031e-02
9.090107679367065430e-02
1.614731550216674805e-02
3.255403041839599609e-02
8.057355880737304688e-03
2.786910533905029297e-02
1.407003402709960938e-02
4.048085212707519531e-02
1.964086294174194336e-02
3.908550739288330078e-02
6.940662860870361328e-03
1.527458429336547852e-02
2.604603767395019531e-03
1.281034946441650391e-02
5.579769611358642578e-03
1.686078310012817383e-02
1.691401004791259766e-03
1.382142305374145508e-02
3.662049770355224609e-03
1.667034626007080078e-02
4.492402076721191406e-04
5.821704864501953125e-03
1.994097232818603516e-02
3.694027662277221680e-02
1.847440004348754883e-02
4.492533206939697266e-02
8.137881755828857422e-03
1.683467626571655273e-02
1.349163055419921875e-02
4.380655288696289062e-02
2.830648422241210938e-02
5.720198154449462891e-02
3.627061843872070312e-03
8.905529975891113281e-04
6.981253623962402344e-03
1.346224546432495117e-02
2.334475517272949219e-03
2.196234464645385742e-02
2.314746379852294922e-03
1.366937160491943359e-02
1.151740550994873047e-03
2.833622694015502930e-02
2.200865745544433594e-02
3.175425529479980469e-02
3.317523002624511719e-02
6.089156866073608398e-02
1.492920517921447754e-02
7.762622833251953125e-02
1.789987087249755859e-03
2.054429054260253906e-02
2.160459756851196289e-03
1.678869128227233887e-02
1.894912123680114746e-02
2.176257967948913574e-02
5.700618028640747070e-03
1.554727554321289062e-02
3.590643405914306641e-03
1.011702418327331543e-02
1.731038093566894531e-02
2.838113903999328613e-02
9.801983833312988281e-03
5.039331316947937012e-02
2.473592758178710938e-02
6.120878458023071289e-02
5.079805850982666016e-03
1.595455408096313477e-02
5.101144313812255859e-03
1.056456565856933594e-02
1.324045658111572266e-02
3.821921348571777344e-02
1.260465383529663086e-02
2.911996841430664062e-02
5.521714687347412109e-03
2.755850553512573242e-02
4.873633384704589844e-03
9.593248367309570312e-03
3.129839897155761719e-03
1.648485660552978516e-02
1.952469348907470703e-03
1.258027553558349609e-02
1.052343845367431641e-02
2.515709400177001953e-02
4.892170429229736328e-03
1.084417104721069336e-02
4.479110240936279297e-03
2.058196067810058594e-02
1.090216636657714844e-02
3.942257165908813477e-02
1.756495237350463867e-02
4.971790313720703125e-02
2.896070480346679688e-03
1.161009073257446289e-02
1.678287982940673828e-03
2.084457874298095703e-02
2.331548929214477539e-02
2.578485012054443359e-02
1.613456010818481445e-02
7.839924097061157227e-02
3.960722684860229492e-02
1.160863637924194336e-01
3.140956163406372070e-02
5.358332395553588867e-02
1.766985654830932617e-02
3.618919849395751953e-02
1.669162511825561523e-02
9.233069419860839844e-02
5.735599994659423828e-02
2.142247855663299561e-01
4.081015288829803467e-02
1.045884117484092712e-01
2.069698274135589600e-02
7.596650719642639160e-02
6.254374980926513672e-03
2.998113632202148438e-03
1.981550455093383789e-02
7.005691528320312500e-03
2.843511104583740234e-02
5.216217041015625000e-02
3.729760646820068359e-03
8.103519678115844727e-03
5.106538534164428711e-03
2.393624186515808105e-02
1.204293966293334961e-02
2.868485450744628906e-02
1.210677623748779297e-02
2.229011058807373047e-02
2.434849739074707031e-03
5.798935890197753906e-03
8.438766002655029297e-03
2.245682477951049805e-02
2.523660659790039062e-04
1.355892419815063477e-02
8.211910724639892578e-03
1.242518424987792969e-02
2.009236812591552734e-02
3.435522317886352539e-02
1.101142168045043945e-02
4.213958978652954102e-02
1.754581928253173828e-03
2.472341060638427734e-03
1.512014865875244141e-02
2.541047334671020508e-02
2.016264200210571289e-02
4.965710639953613281e-02
8.680760860443115234e-03
3.095316886901855469e-02
1.438659429550170898e-02
3.344124555587768555e-02
6.750702857971191406e-03
9.459555149078369141e-03
1.409292221069335938e-03
7.706344127655029297e-03
2.543205022811889648e-02
5.218321084976196289e-02
1.811146736145019531e-03
1.261401176452636719e-02
2.362763881683349609e-02
7.617133855819702148e-02
6.670355796813964844e-04
1.130086183547973633e-02
6.298840045928955078e-03
6.023108959197998047e-03
3.233253955841064453e-03
4.532080888748168945e-02
2.209544181823730469e-04
2.580451965332031250e-02
5.734235048294067383e-03
3.987759351730346680e-03
5.636632442474365234e-03
7.298618555068969727e-03
1.095542311668395996e-02
3.996700048446655273e-02
1.371216773986816406e-02
1.150920987129211426e-02
2.345573902130126953e-02
4.283240437507629395e-02
5.914181470870971680e-03
3.239214420318603516e-03
1.383495330810546875e-02
4.453918337821960449e-02
2.103388309478759766e-03
8.534133434295654297e-03
1.357185840606689453e-02
2.103424072265625000e-02
1.320153474807739258e-02
3.306758403778076172e-02
2.478688955307006836e-02
4.527735710144042969e-02
2.112179994583129883e-02
3.855216503143310547e-02
9.150505065917968750e-03
1.299208402633666992e-02
1.288664340972900391e-02
2.612954378128051758e-02
5.532145500183105469e-03
1.615715026855468750e-02
8.743166923522949219e-03
2.494651079177856445e-02
6.303966045379638672e-03
8.407413959503173828e-03
1.126790046691894531e-02
3.656768798828125000e-02
8.467495441436767578e-03
3.371477127075195312e-02
7.167041301727294922e-03
2.803534269332885742e-02
1.056188344955444336e-02
2.085316181182861328e-02
1.405799388885498047e-02
5.077165365219116211e-02
4.402464628219604492e-02
9.661602973937988281e-02
3.087699413299560547e-02
4.439964890480041504e-02
4.315835237503051758e-02
1.236841678619384766e-01
1.270347833633422852e-02
1.939910650253295898e-02
4.153752326965332031e-02
1.126282811164855957e-01
1.210600137710571289e-02
4.159075021743774414e-02
2.631944417953491211e-02
5.324137210845947266e-02
3.623318672180175781e-02
9.257726371288299561e-02
4.786401987075805664e-04
4.970538616180419922e-02
1.562213897705078125e-02
2.129757404327392578e-02
5.816757678985595703e-03
1.681268215179443359e-03
3.768694400787353516e-02
9.684622287750244141e-02
3.292560577392578125e-04
1.257759332656860352e-02
4.721224308013916016e-03
2.692902088165283203e-02
9.255707263946533203e-03
3.605657815933227539e-02
7.221996784210205078e-03
1.667368412017822266e-02
5.458712577819824219e-03
2.592742443084716797e-03
1.039266586303710938e-03
1.081365346908569336e-02
3.547370433807373047e-03
1.621079444885253906e-02
1.769959926605224609e-03
1.657009124755859375e-03
2.116543054580688477e-02
3.302794694900512695e-02
1.568323373794555664e-02
2.738440036773681641e-02
1.957947015762329102e-02
4.678535461425781250e-02
1.031345129013061523e-02
3.046834468841552734e-02
1.519566774368286133e-02
3.347194194793701172e-02
1.104605197906494141e-02
3.311884403228759766e-02
1.553362607955932617e-02
2.645450830459594727e-02
2.677261829376220703e-03
3.331184387207031250e-03
4.329323768615722656e-03
1.468896865844726562e-03
3.104102611541748047e-02
6.566447019577026367e-02
1.978367567062377930e-02
3.895372152328491211e-02
3.673958778381347656e-02
9.386712312698364258e-02
6.435096263885498047e-03
3.898513317108154297e-02
1.626402139663696289e-02
3.858727216720581055e-02
2.336007356643676758e-02
7.742351293563842773e-02
9.072124958038330078e-03
3.062623739242553711e-02
4.737734794616699219e-03
1.572716236114501953e-02
1.828795671463012695e-02
2.398350834846496582e-02
1.566535234451293945e-02
3.107777237892150879e-02
1.018112897872924805e-02
3.241026401519775391e-02
5.013793706893920898e-03
2.372637391090393066e-02
1.435080170631408691e-02
5.778664350509643555e-02
1.807552576065063477e-02
3.874367475509643555e-02
1.076066493988037109e-02
2.665448188781738281e-02
1.813590526580810547e-03
2.895295619964599609e-03
1.028460264205932617e-02
3.455305099487304688e-02
3.293454647064208984e-03
2.587640285491943359e-02
9.090423583984375000e-03
2.105414867401123047e-02
3.234684467315673828e-03
1.225531101226806641e-02
1.936733722686767578e-03
1.469260454177856445e-02
4.409551620483398438e-03
1.483207941055297852e-02
8.507311344146728516e-03
1.695972681045532227e-02
1.281499862670898438e-04
1.058572530746459961e-02
2.786219120025634766e-03
2.290356159210205078e-02
8.809030055999755859e-03
3.499060869216918945e-02
1.234483718872070312e-02
2.667802572250366211e-02
5.376100540161132812e-03
9.971380233764648438e-03
3.347712755203247070e-02
5.900526046752929688e-02
2.576696872711181641e-02
5.214911699295043945e-02
2.956184744834899902e-02
5.184429883956909180e-02
4.668492078781127930e-02
1.372969746589660645e-01
4.018175601959228516e-02
1.021081209182739258e-01
4.247719049453735352e-02
1.040991544723510742e-01
1.587188243865966797e-02
2.234214544296264648e-02
1.478016376495361328e-03
1.085178256034851074e-01
2.131056785583496094e-02
2.947211265563964844e-03
1.857402920722961426e-02
1.439419388771057129e-02
2.316313982009887695e-02
7.660239934921264648e-02
1.255744695663452148e-02
7.127165794372558594e-03
2.910608053207397461e-02
3.025865554809570312e-02
3.338420391082763672e-02
7.361003756523132324e-02
4.896581172943115234e-03
7.832974195480346680e-03
1.267820596694946289e-02
4.446977376937866211e-02
2.006626129150390625e-02
4.328989982604980469e-02
2.677327394485473633e-02
4.852771759033203125e-02
2.581000328063964844e-03
1.068156957626342773e-02
8.740365505218505859e-03
3.784179687500000000e-03
3.963291645050048828e-03
1.928609609603881836e-02
4.853487014770507812e-03
8.228242397308349609e-03
6.845533847808837891e-03
3.700345754623413086e-02
7.269322872161865234e-03
1.644462347030639648e-02
9.127438068389892578e-03
7.966339588165283203e-03
1.144176721572875977e-02
2.932006120681762695e-02
9.288191795349121094e-03
2.328264713287353516e-02
1.328289508819580078e-02
5.303764343261718750e-02
8.755445480346679688e-03
1.948899030685424805e-02
2.293562889099121094e-02
2.434146404266357422e-02
7.017493247985839844e-03
6.893754005432128906e-03
1.913505792617797852e-02
4.330933094024658203e-02
1.921188831329345703e-02
3.138977289199829102e-02
9.096443653106689453e-03
9.437203407287597656e-04
1.707673072814941406e-02
4.851037263870239258e-02
5.892693996429443359e-03
9.472966194152832031e-03
1.369160413742065430e-02
5.005353689193725586e-02
3.010034561157226562e-05
1.361185312271118164e-02
4.553616046905517578e-03
7.223546504974365234e-03
2.996116876602172852e-03
1.259300112724304199e-02
2.077883481979370117e-02
4.529735445976257324e-02
1.321950554847717285e-02
4.679256677627563477e-02
1.012992858886718750e-02
2.544340491294860840e-02
7.016092538833618164e-03
5.121573805809020996e-02
2.561119198799133301e-02
5.420678853988647461e-02
1.243144273757934570e-02
3.020578622817993164e-02
5.229294300079345703e-03
1.534742116928100586e-02
2.389591932296752930e-02
5.123686790466308594e-02
4.640758037567138672e-03
3.024852275848388672e-02
5.486965179443359375e-03
2.848386764526367188e-02
3.513038158416748047e-03
2.265685796737670898e-02
4.157900810241699219e-03
1.956462860107421875e-03
1.040041446685791016e-02
8.255243301391601562e-05
1.413822174072265625e-02
3.253912925720214844e-02
6.919085979461669922e-03
1.784437894821166992e-02
9.416520595550537109e-03
3.085911273956298828e-02
1.731675863265991211e-02
4.329127073287963867e-02
4.342794418334960938e-03
1.363563537597656250e-02
4.017531871795654297e-03
3.454667329788208008e-02
7.792651653289794922e-03
2.124905586242675781e-02
1.100045442581176758e-02
1.358568668365478516e-02
1.453977823257446289e-02
2.382153272628784180e-02
2.558833360671997070e-02
8.609628677368164062e-02
3.261554241180419922e-02
8.399277925491333008e-02
2.050131559371948242e-02
1.479560136795043945e-02
1.198107004165649414e-02
4.702037572860717773e-02
7.612541317939758301e-02
1.350625753402709961e-01
1.899287104606628418e-03
2.811360359191894531e-02
4.770487546920776367e-02
1.182581782341003418e-01
2.547448873519897461e-02
3.856092691421508789e-02
3.088933229446411133e-02
1.077955961227416992e-02
6.822764873504638672e-03
9.061396121978759766e-03
4.187673330307006836e-03
7.045388221740722656e-03
2.510023117065429688e-02
5.043771862983703613e-02
7.512748241424560547e-03
2.308607101440429688e-02
1.423615217208862305e-02
4.198139905929565430e-02
1.370072364807128906e-03
1.212102174758911133e-02
1.283526420593261719e-03
2.678930759429931641e-03
7.844328880310058594e-03
2.073520421981811523e-02
1.242756843566894531e-03
1.695388555526733398e-02
5.564928054809570312e-03
1.028418540954589844e-02
2.055823802947998047e-03
9.223401546478271484e-03
2.544927597045898438e-02
3.992658853530883789e-02
1.597487926483154297e-02
2.907860279083251953e-02
1.686614751815795898e-02
4.024708271026611328e-02
1.210117340087890625e-02
4.798281192779541016e-02
2.244174480438232422e-03
4.875063896179199219e-03
1.497805118560791016e-03
2.836257219314575195e-02
1.143968105316162109e-02
3.383916616439819336e-02
1.304852962493896484e-02
4.076367616653442383e-02
9.900927543640136719e-04
2.598464488983154297e-03
4.623055458068847656e-03
8.967578411102294922e-03
4.613995552062988281e-03
1.057261228561401367e-02
3.793120384216308594e-03
1.630288362503051758e-02
3.104430437088012695e-02
4.739648103713989258e-02
1.621812582015991211e-02
3.563389182090759277e-02
1.173913478851318359e-02
2.863141894340515137e-02
7.341802120208740234e-03
1.270350813865661621e-02
1.212865114212036133e-03
1.055836677551269531e-03
1.707935333251953125e-02
3.019377589225769043e-02
4.125833511352539062e-03
1.025554537773132324e-02
3.034630417823791504e-02
4.696524143218994141e-02
2.585196495056152344e-02
2.589017152786254883e-02
7.458865642547607422e-03
9.814798831939697266e-03
9.807348251342773438e-04
2.117800712585449219e-02
1.795297861099243164e-02
6.075865030288696289e-02
4.988253116607666016e-03
3.717911243438720703e-02
3.967761993408203125e-03
1.159727573394775391e-03
6.745219230651855469e-03
1.918292045593261719e-02
1.402860879898071289e-02
3.446644544601440430e-02
1.377469301223754883e-02
3.287637233734130859e-02
6.878376007080078125e-05
9.152770042419433594e-03
9.280443191528320312e-04
6.252408027648925781e-03
1.229226589202880859e-02
4.197609424591064453e-02
1.717841625213623047e-02
4.339724779129028320e-02
1.169413328170776367e-02
2.206426858901977539e-02
7.511913776397705078e-03
4.797989130020141602e-02
9.112596511840820312e-03
1.586008071899414062e-02
1.994371414184570312e-04
2.556234598159790039e-03
5.272823572158813477e-02
1.490060687065124512e-01
1.604759693145751953e-02
5.993026494979858398e-02
5.004477500915527344e-02
1.232419610023498535e-01
4.365992546081542969e-02
4.902696609497070312e-02
1.600849628448486328e-02
2.874553203582763672e-03
5.519449710845947266e-03
2.080708742141723633e-03
5.676552653312683105e-03
2.905108034610748291e-02
9.773671627044677734e-03
8.902251720428466797e-03
1.111710071563720703e-02
1.333016157150268555e-02
3.093719482421875000e-03
1.525121927261352539e-02
1.176953315734863281e-02
3.704881668090820312e-02
9.091734886169433594e-03
1.420813798904418945e-02
1.459020376205444336e-02
4.118692874908447266e-02
1.027053594589233398e-02
3.166949748992919922e-02
4.162073135375976562e-03
1.370126008987426758e-02
3.369152545928955078e-03
1.584440469741821289e-02
2.892315387725830078e-03
1.047313213348388672e-03
1.215207576751708984e-02
3.701841831207275391e-02
3.290414810180664062e-03
9.430348873138427734e-03
4.178106784820556641e-03
2.122515439987182617e-02
7.698118686676025391e-03
3.180474042892456055e-02
6.348311901092529297e-03
3.467565774917602539e-02
4.613280296325683594e-03
1.312589645385742188e-02
1.063150167465209961e-02
3.832376003265380859e-02
9.667754173278808594e-03
3.857129812240600586e-02
5.888998508453369141e-03
9.150922298431396484e-03
2.946078777313232422e-03
5.262553691864013672e-03
9.226202964782714844e-03
2.151185274124145508e-02
7.727265357971191406e-03
1.472496986389160156e-02
1.364141702651977539e-02
2.640891075134277344e-02
1.004511117935180664e-02
9.488701820373535156e-03
7.874369621276855469e-03
2.778905630111694336e-02
5.359411239624023438e-03
1.519745588302612305e-02
2.158200740814208984e-02
4.907643795013427734e-02
3.015613555908203125e-02
6.090608239173889160e-02
1.205101609230041504e-02
5.960240960121154785e-02
5.239605903625488281e-03
3.393012285232543945e-02
5.805373191833496094e-03
2.307462692260742188e-02
7.947146892547607422e-03
2.969801425933837891e-03
3.314286470413208008e-03
2.721038460731506348e-02
1.907250285148620605e-02
3.277134895324707031e-02
2.308076620101928711e-02
8.677840232849121094e-04
1.457685232162475586e-02
1.622593402862548828e-02
5.875259637832641602e-03
1.979291439056396484e-02
1.122885942459106445e-02
4.301375150680541992e-02
2.397388219833374023e-02
5.022048950195312500e-02
1.728439331054687500e-02
3.704780340194702148e-02
6.004571914672851562e-04
2.157497406005859375e-02
8.627951145172119141e-03
2.670037746429443359e-02
5.643129348754882812e-03
2.378863096237182617e-02
7.798969745635986328e-03
2.202409505844116211e-02
2.981960773468017578e-03
4.358053207397460938e-03
7.283627986907958984e-03
2.531164884567260742e-02
1.953095197677612305e-02
5.341315269470214844e-02
2.331733703613281250e-04
9.210646152496337891e-03
3.499358892440795898e-02
4.464679956436157227e-02
2.903878688812255859e-03
2.122980356216430664e-02
1.312300562858581543e-02
2.171927690505981445e-02
5.143496394157409668e-02
1.317406892776489258e-01
2.140903472900390625e-02
5.605536699295043945e-02
4.656666517257690430e-02
7.947647571563720703e-02
3.586840629577636719e-02
4.924333095550537109e-02
3.750425577163696289e-02
4.619437456130981445e-02
5.936908721923828125e-02
1.169705688953399658e-01
2.839654684066772461e-02
8.297568559646606445e-02
2.498924732208251953e-02
2.386695146560668945e-02
1.753926277160644531e-03
1.324856281280517578e-02
1.284611225128173828e-02
1.371687650680541992e-02
1.067647337913513184e-02
3.926020860671997070e-02
2.433928847312927246e-02
5.540210008621215820e-02
5.211830139160156250e-03
2.567088603973388672e-02
2.526748180389404297e-02
5.231910943984985352e-02
5.073070526123046875e-03
5.677700042724609375e-03
3.896713256835937500e-03
5.047917366027832031e-04
2.922868728637695312e-02
5.625450611114501953e-02
1.662021875381469727e-02
5.800992250442504883e-02
2.022862434387207031e-03
4.206240177154541016e-03
1.255875825881958008e-02
2.630007266998291016e-02
1.222002506256103516e-02
5.276226997375488281e-02
4.226446151733398438e-03
2.153551578521728516e-02
9.316325187683105469e-03
2.462822198867797852e-02
5.131661891937255859e-03
1.825267076492309570e-02
7.728874683380126953e-03
2.044034004211425781e-02
1.723629236221313477e-02
4.939365386962890625e-02
6.853818893432617188e-03
6.531834602355957031e-03
1.823455095291137695e-03
1.388108730316162109e-02
4.040360450744628906e-03
2.428328990936279297e-02
1.218336820602416992e-02
3.332650661468505859e-02
1.805990934371948242e-02
5.848348140716552734e-03
3.724575042724609375e-02
2.477517724037170410e-02
3.277966380119323730e-02
8.641082048416137695e-02
5.778795480728149414e-02
8.782956004142761230e-02
5.743920803070068359e-03
4.303625226020812988e-02
3.889599442481994629e-02
6.925925612449645996e-02
4.971444606781005859e-03
1.886010169982910156e-03
1.922896504402160645e-02
1.338338851928710938e-02
1.313596963882446289e-02
2.002072334289550781e-02
3.127157688140869141e-03
5.327701568603515625e-03
2.355328202247619629e-02
4.947578907012939453e-02
1.802703738212585449e-02
2.171155810356140137e-01
1.302481889724731445e-01
1.633881926536560059e-01
8.949637413024902344e-04
5.755192041397094727e-02
2.568358182907104492e-02
8.074671030044555664e-02
1.852810382843017578e-02
5.302643775939941406e-02
7.833719253540039062e-03
4.789006710052490234e-02
2.614206075668334961e-02
9.448897838592529297e-02
2.828592061996459961e-02
1.124908775091171265e-01
1.518614739179611206e-01
2.039821892976760864e-01
1.323397457599639893e-01
2.369197010993957520e-01
6.953680515289306641e-02
1.680586934089660645e-01
4.819411039352416992e-02
1.064862608909606934e-01
1.435267925262451172e-02
1.318621635437011719e-02
5.265474319458007812e-04
2.983748912811279297e-03
2.052307128906250000e-03
5.780935287475585938e-03
3.369033336639404297e-03
1.979351043701171875e-02
3.205597400665283203e-03
1.581609249114990234e-03
1.562261581420898438e-02
3.233152627944946289e-02
1.638650894165039062e-03
5.357265472412109375e-04
6.199657917022705078e-03
6.290793418884277344e-03
8.395135402679443359e-03
4.470229148864746094e-03
8.669912815093994141e-03
1.153677701950073242e-02
1.370936632156372070e-02
2.955204248428344727e-02
1.090854406356811523e-02
2.796149253845214844e-02
6.701946258544921875e-04
2.630120515823364258e-02
7.187843322753906250e-03
1.726746559143066406e-04
2.563595771789550781e-03
5.378127098083496094e-04
1.261174678802490234e-03
1.025116443634033203e-02
2.483725547790527344e-03
2.392232418060302734e-03
5.962610244750976562e-03
6.108343601226806641e-03
1.130300760269165039e-02
2.991461753845214844e-02
1.847743988037109375e-04
8.921444416046142578e-03
1.890599727630615234e-03
1.742941141128540039e-02
1.306551694869995117e-02
3.534263372421264648e-02
1.005536317825317383e-02
2.761465311050415039e-02
1.262855529785156250e-02
3.129333257675170898e-02
1.583313941955566406e-02
3.939932584762573242e-02
7.982194423675537109e-03
3.042018413543701172e-02
5.412697792053222656e-04
2.826929092407226562e-03
7.810950279235839844e-03
1.220399141311645508e-02
1.393663883209228516e-02
3.211933374404907227e-02
5.375534296035766602e-03
8.408725261688232422e-03
8.169323205947875977e-03
2.627959847450256348e-02
3.698587417602539062e-03
1.040512323379516602e-02
3.698885440826416016e-03
1.798868179321289062e-03
3.249013423919677734e-02
5.087864398956298828e-02
2.839922904968261719e-02
9.404128789901733398e-02
7.038116455078125000e-04
8.237719535827636719e-03
3.673076629638671875e-03
8.523464202880859375e-03
2.784371376037597656e-03
2.298176288604736328e-03
7.389903068542480469e-03
2.296537160873413086e-02
2.789437770843505859e-03
2.412039041519165039e-02
1.329338550567626953e-02
3.737765550613403320e-02
2.030295133590698242e-02
5.326056480407714844e-02
1.475471258163452148e-02
3.832036256790161133e-02
5.886137485504150391e-03
2.107322216033935547e-02
1.209509372711181641e-02
3.913694620132446289e-02
1.159769296646118164e-02
4.418379068374633789e-02
1.250731945037841797e-02
3.788858652114868164e-02
1.148229837417602539e-02
3.318560123443603516e-02
9.061157703399658203e-03
3.369641304016113281e-02
1.980125904083251953e-03
1.542532444000244141e-02
1.749134063720703125e-02
8.659482002258300781e-03
3.944522142410278320e-02
1.005078554153442383e-01
3.966611623764038086e-02
1.194392740726470947e-01
6.136059761047363281e-03
3.153264522552490234e-02
5.216956138610839844e-03
2.850341796875000000e-02
3.909140825271606445e-02
8.633905649185180664e-02
9.490418434143066406e-02
2.610613703727722168e-01
3.132162988185882568e-02
1.103575266897678375e-01
8.619323223829269409e-01
4.414205551147460938e-01
1.380641460418701172e-01
1.352414488792419434e-01
2.390122413635253906e-02
1.074458956718444824e-01
3.969848155975341797e-02
8.192688226699829102e-02
2.068150043487548828e-02
5.795034766197204590e-02
5.630260705947875977e-02
1.218701899051666260e-01
1.646408438682556152e-02
6.117558479309082031e-02
2.678120136260986328e-02
5.874070525169372559e-02
4.201352596282958984e-02
9.819960594177246094e-02
3.862729668617248535e-02
9.476605057716369629e-02
3.569313883781433105e-02
8.638429641723632812e-02
1.722800731658935547e-02
4.258331656455993652e-02
1.002895832061767578e-02
4.131907224655151367e-02
3.138983249664306641e-02
8.334556221961975098e-02
3.528559207916259766e-02
8.902195096015930176e-02
4.902434349060058594e-02
1.030736565589904785e-01
3.952148556709289551e-02
9.157073497772216797e-02
4.921872913837432861e-02
1.166512966156005859e-01
5.085314810276031494e-02
1.270536929368972778e-01
6.046067178249359131e-02
1.313526332378387451e-01
4.590317606925964355e-02
9.265242516994476318e-02
4.260754585266113281e-02
6.194478273391723633e-02
2.940207719802856445e-03
1.530292630195617676e-02
1.223796606063842773e-02
3.026577830314636230e-02
1.059830188751220703e-02
3.250715136528015137e-02
1.679342985153198242e-02
4.612240195274353027e-02
3.444719314575195312e-02
8.030304312705993652e-02
2.150198817253112793e-02
3.962025046348571777e-02
2.191442251205444336e-02
2.572670578956604004e-02
2.321970462799072266e-02
3.620117902755737305e-02
1.297811567783355713e-01
1.507105529308319092e-01
2.585470676422119141e-02
4.310160875320434570e-02
1.788690686225891113e-02
6.332126259803771973e-02
3.595200181007385254e-02
7.960593700408935547e-02
4.771679639816284180e-03
7.073074579238891602e-03
1.526251435279846191e-02
3.410542011260986328e-02
5.016148090362548828e-03
4.469513893127441406e-03
1.586717367172241211e-02
3.558415174484252930e-02
1.206624507904052734e-02
1.068377494812011719e-02
8.174180984497070312e-03
3.311884403228759766e-02
4.423081874847412109e-03
2.520382404327392578e-03
5.529224872589111328e-03
1.044392585754394531e-03
7.994174957275390625e-04
8.324205875396728516e-03
3.539204597473144531e-03
3.994703292846679688e-04
4.575252532958984375e-03
3.829300403594970703e-03
7.705926895141601562e-03
1.200699806213378906e-02
1.071894168853759766e-02
2.394545078277587891e-02
2.248990535736083984e-02
3.583866357803344727e-02
1.267254352569580078e-02
2.528488636016845703e-02
1.140016317367553711e-02
3.263324499130249023e-02
1.963984966278076172e-02
5.665230751037597656e-02
1.898956298828125000e-02
4.929184913635253906e-02
5.935549736022949219e-03
1.985490322113037109e-02
1.549875736236572266e-02
4.254519939422607422e-02
1.824629306793212891e-02
4.429537057876586914e-02
5.304515361785888672e-03
1.983535289764404297e-02
1.345890760421752930e-02
2.462267875671386719e-02
2.099871635437011719e-04
2.746212482452392578e-02
3.425467014312744141e-02
1.014068722724914551e-01
2.139186859130859375e-02
4.245471954345703125e-02
5.992233753204345703e-02
2.908307313919067383e-02
7.128554582595825195e-02
2.634584903717041016e-02
1.274434030055999756e-01
2.444433122873306274e-01
6.774349510669708252e-02
1.693669036030769348e-01
3.181228041648864746e-02
2.643382549285888672e-02
1.248958110809326172e-01
2.621654868125915527e-01
2.913475036621093750e-03
5.377823114395141602e-02
2.414089441299438477e-02
7.748681306838989258e-02
4.910522699356079102e-02
1.586636304855346680e-01
1.014217734336853027e-02
3.648796677589416504e-02
1.199096441268920898e-02
2.127462625503540039e-02
3.397035598754882812e-02
6.697988510131835938e-02
1.588141918182373047e-02
3.313380479812622070e-02
3.032982349395751953e-03
9.880006313323974609e-03
1.468789577484130859e-02
2.324050664901733398e-02
8.441209793090820312e-03
3.294825553894042969e-03
6.586909294128417969e-04
1.462996006011962891e-02
1.903063058853149414e-02
1.230359077453613281e-02
1.979678869247436523e-02
3.349608182907104492e-02
1.127201318740844727e-02
4.222869873046875000e-02
2.682387828826904297e-03
2.223521471023559570e-02
1.302498579025268555e-02
3.541290760040283203e-02
1.035040616989135742e-02
2.206271886825561523e-02
1.771610975265502930e-02
5.268901586532592773e-02
1.325684785842895508e-02
1.622098684310913086e-02
2.630907297134399414e-02
4.297953844070434570e-02
2.562683820724487305e-02
2.360773086547851562e-02
2.040207386016845703e-03
1.641041040420532227e-02
6.417810916900634766e-03
2.142453193664550781e-02
5.725979804992675781e-03
8.425295352935791016e-03
2.469676733016967773e-02
3.138947486877441406e-02
2.458435297012329102e-02
4.521167278289794922e-02
9.163260459899902344e-03
4.512816667556762695e-03
8.938997983932495117e-03
1.612901687622070312e-02
2.005821466445922852e-02
6.333231925964355469e-02
3.133714199066162109e-03
2.121657133102416992e-03
1.913598179817199707e-02
3.693416714668273926e-02
3.081589937210083008e-03
2.618795633316040039e-02
2.376887202262878418e-02
6.764543056488037109e-02
2.715170383453369141e-03
1.552462577819824219e-03
9.834766387939453125e-03
1.325696706771850586e-02
1.146692037582397461e-02
1.638597249984741211e-02
1.482951641082763672e-02
2.247619628906250000e-02
1.684772968292236328e-02
3.236997127532958984e-02
2.909600734710693359e-02
4.586905241012573242e-02
9.769260883331298828e-03
1.224875450134277344e-02
1.721101999282836914e-02
1.370835304260253906e-02
1.889747381210327148e-02
2.323263883590698242e-02
2.780616283416748047e-03
1.464152336120605469e-02
7.695078849792480469e-03
2.258640527725219727e-02
9.052574634552001953e-03
2.727711200714111328e-02
6.615817546844482422e-03
2.748757600784301758e-02
1.491785049438476562e-02
4.524630308151245117e-02
5.521833896636962891e-03
2.013069391250610352e-02
1.869738101959228516e-03
5.542397499084472656e-03
2.507174015045166016e-02
9.390312433242797852e-02
3.653076291084289551e-02
8.446902036666870117e-03
4.016432166099548340e-02
9.098744392395019531e-02
1.659941673278808594e-02
5.159747600555419922e-02
6.381213665008544922e-03
4.653120040893554688e-02
3.091329336166381836e-02
1.569581031799316406e-02
4.455241560935974121e-02
1.133505851030349731e-01
9.791926294565200806e-02
1.987770441919565201e-01
6.269843876361846924e-02
1.276544630527496338e-01
6.266272068023681641e-02
1.207324862480163574e-01
2.787292003631591797e-03
2.004963159561157227e-02
2.096980810165405273e-02
5.644983053207397461e-02
2.299994230270385742e-02
5.519533157348632812e-02
9.759694337844848633e-03
2.519994974136352539e-03
1.896321773529052734e-02
1.767569780349731445e-02
8.024513721466064453e-03
2.293187379837036133e-02
9.423911571502685547e-03
2.354985475540161133e-02
6.332337856292724609e-03
1.338613033294677734e-02
1.549899578094482422e-03
5.984842777252197266e-03
1.279711723327636719e-03
1.731276512145996094e-03
5.345165729522705078e-03
1.415455341339111328e-02
1.685947179794311523e-02
3.590780496597290039e-02
2.052485942840576172e-03
9.572565555572509766e-03
1.817566156387329102e-02
3.862023353576660156e-02
1.051372289657592773e-02
4.119610786437988281e-02
3.004562854766845703e-02
5.015850067138671875e-03
7.824420928955078125e-03
1.173412799835205078e-02
3.524363040924072266e-03
1.487290859222412109e-02
1.509785652160644531e-04
1.072061061859130859e-02
3.089189529418945312e-03
1.916527748107910156e-03
3.970336914062500000e-02
8.749234676361083984e-02
8.252322673797607422e-03
4.182195663452148438e-02
1.859843730926513672e-03
1.977401971817016602e-02
2.390247583389282227e-02
6.784689426422119141e-02
9.173810482025146484e-03
1.706117391586303711e-02
6.794631481170654297e-03
5.298256874084472656e-03
4.293215274810791016e-02
1.005091667175292969e-01
1.542401313781738281e-02
7.130956649780273438e-02
2.930283546447753906e-03
2.841475605964660645e-02
5.881547927856445312e-03
1.163947582244873047e-02
8.005946874618530273e-03
1.815080642700195312e-03
8.597254753112792969e-03
3.311759233474731445e-02
6.473302841186523438e-03
2.724450826644897461e-02
3.160640597343444824e-02
7.300996780395507812e-02
3.641664981842041016e-03
2.166783809661865234e-02
1.573944091796875000e-02
2.982068061828613281e-02
1.036882400512695312e-03
6.314218044281005859e-03
1.133054494857788086e-02
7.492244243621826172e-03
9.634613990783691406e-03
3.424608707427978516e-02
1.184654235839843750e-02
4.108011722564697266e-02
8.474171161651611328e-03
4.486441612243652344e-03
3.866374492645263672e-03
1.343411207199096680e-02
1.547223329544067383e-02
4.472601413726806641e-02
1.135385036468505859e-02
2.215713262557983398e-02
6.447315216064453125e-03
5.507588386535644531e-03
1.643091440200805664e-02
4.542660713195800781e-02
2.709060907363891602e-02
5.811405181884765625e-02
2.322500944137573242e-02
3.825181722640991211e-02
1.334071159362792969e-03
1.265406608581542969e-04
2.804458141326904297e-03
4.894375801086425781e-03
1.958322525024414062e-02
7.230818271636962891e-03
1.928222179412841797e-02
6.269732117652893066e-02
5.334907770156860352e-02
1.192923784255981445e-01
2.817255258560180664e-02
6.817251443862915039e-02
2.422779798507690430e-02
8.998280763626098633e-02
2.330958843231201172e-03
3.949224948883056641e-03
3.477895259857177734e-02
8.126413822174072266e-02
1.348257064819335938e-03
9.910941123962402344e-03
1.608376204967498779e-02
2.476011216640472412e-02
3.478050231933593750e-02
7.012790441513061523e-02
3.635108470916748047e-03
1.814424991607666016e-03
1.180452108383178711e-02
4.624205827713012695e-02
2.822649478912353516e-02
5.912911891937255859e-02
1.540541648864746094e-03
1.681047677993774414e-02
8.328855037689208984e-03
2.932959794998168945e-02
1.183223724365234375e-02
2.893954515457153320e-02
2.322572469711303711e-02
2.344429492950439453e-02
2.304571866989135742e-02
5.031186342239379883e-02
4.461705684661865234e-03
1.801431179046630859e-03
5.659103393554687500e-03
2.099788188934326172e-02
1.208573579788208008e-02
2.175885438919067383e-02
1.263952255249023438e-02
2.619570493698120117e-02
8.594453334808349609e-03
2.535790205001831055e-02
8.534669876098632812e-03
2.791559696197509766e-02
7.339835166931152344e-03
1.682174205780029297e-02
8.601427078247070312e-03
2.378374338150024414e-02
1.108527183532714844e-02
3.028684854507446289e-02
1.120817661285400391e-02
3.210556507110595703e-02
7.970809936523437500e-03
7.986664772033691406e-03
1.390862464904785156e-02
2.180129289627075195e-02
2.028942108154296875e-04
1.784002780914306641e-02
4.286614060401916504e-02
4.650604724884033203e-02
1.836568117141723633e-02
9.234350919723510742e-02
2.038425207138061523e-02
1.450955867767333984e-02
1.115846633911132812e-02
1.234364509582519531e-02
5.352258682250976562e-03
3.046214580535888672e-03
3.486055135726928711e-02
7.321983575820922852e-02
2.968370914459228516e-03
1.157248020172119141e-02
2.257433533668518066e-02
5.546814203262329102e-02
1.558700203895568848e-02
1.194751262664794922e-02
1.666828989982604980e-02
4.231595993041992188e-02
1.374211907386779785e-02
3.035667538642883301e-02
1.749348640441894531e-02
6.713628768920898438e-02
1.363360881805419922e-02
4.264736175537109375e-02
1.111030578613281250e-02
2.052253484725952148e-02
1.454871892929077148e-02
3.026127815246582031e-04
1.341897249221801758e-02
2.152180671691894531e-02
2.105700969696044922e-02
5.676609277725219727e-02
6.836295127868652344e-03
1.239490509033203125e-02
1.896488666534423828e-02
4.711365699768066406e-02
5.728721618652343750e-03
1.333332061767578125e-02
1.137971878051757812e-03
1.360636949539184570e-02
2.235853672027587891e-02
5.012834072113037109e-02
7.325470447540283203e-03
4.387962818145751953e-02
1.093471050262451172e-02
2.057838439941406250e-02
2.722138166427612305e-02
7.011389732360839844e-02
7.348239421844482422e-03
2.378821372985839844e-02
8.875429630279541016e-03
3.068941831588745117e-02
1.071608066558837891e-02
2.689909934997558594e-02
5.743980407714843750e-03
5.497372150421142578e-02
1.986867189407348633e-02
6.058228015899658203e-02
1.078623533248901367e-02
2.510905265808105469e-02
2.505916357040405273e-02
5.912071466445922852e-02
1.423043012619018555e-02
4.683047533035278320e-02
8.840084075927734375e-03
4.768767952919006348e-02
2.801901102066040039e-02
9.871309995651245117e-02
3.456473350524902344e-04
2.627176046371459961e-02
5.054152011871337891e-02
7.452619075775146484e-02
5.981457233428955078e-02
4.856437444686889648e-02
7.043629884719848633e-02
1.628498435020446777e-01
1.369095444679260254e-01
3.452413529157638550e-01
1.862218976020812988e-02
1.381297484040260315e-01
4.137952625751495361e-02
8.393689990043640137e-02
2.862352132797241211e-02
7.920163869857788086e-02
2.562552690505981445e-02
8.912110328674316406e-02
4.838633537292480469e-02
8.382833003997802734e-02
3.143644332885742188e-02
6.810349225997924805e-02
8.962571620941162109e-03
2.729982137680053711e-03
1.958584785461425781e-02
3.608566522598266602e-02
2.817457914352416992e-02
5.243802070617675781e-02
1.663565635681152344e-03
8.172988891601562500e-03
1.023983955383300781e-02
2.393609285354614258e-02
8.701980113983154297e-03
1.839059591293334961e-02
7.816672325134277344e-03
1.061785221099853516e-02
1.957845687866210938e-02
4.880958795547485352e-02
9.476959705352783203e-03
3.167366981506347656e-02
4.549264907836914062e-03
1.918357610702514648e-02
6.255269050598144531e-03
1.788425445556640625e-02
2.036100625991821289e-02
5.607700347900390625e-02
6.737828254699707031e-03
1.664942502975463867e-02
8.533895015716552734e-03
2.065366506576538086e-02
1.065498590469360352e-02
2.802711725234985352e-02
7.270872592926025391e-03
6.078541278839111328e-03
2.305442094802856445e-02
1.645815372467041016e-02
4.384905099868774414e-02
9.788417816162109375e-02
1.263606548309326172e-02
2.173787355422973633e-02
1.039242744445800781e-02
1.222670078277587891e-02
4.097533226013183594e-02
5.912673473358154297e-02
4.449337720870971680e-03
4.341846704483032227e-02
2.392029762268066406e-02
5.000314116477966309e-02
1.858913898468017578e-02
3.826934099197387695e-02
7.866322994232177734e-03
9.119749069213867188e-03
1.582708954811096191e-02
3.537911176681518555e-02
4.818260669708251953e-03
1.121792197227478027e-02
2.150124311447143555e-02
5.182430148124694824e-02
8.994340896606445312e-03
1.552939414978027344e-02
8.171856403350830078e-03
4.728376865386962891e-03
1.522147655487060547e-02
3.145003318786621094e-02
1.824998855590820312e-02
4.650843143463134766e-02
4.227817058563232422e-03
3.023499250411987305e-02
8.544623851776123047e-03
2.170634269714355469e-02
1.767396926879882812e-03
1.595264673233032227e-02
1.562654972076416016e-03
4.393517971038818359e-03
8.185386657714843750e-03
2.121239900588989258e-02
3.421783447265625000e-03
1.435595750808715820e-02
3.396272659301757812e-03
1.254403591156005859e-02
3.585696220397949219e-03
1.267170906066894531e-02
8.012831211090087891e-03
2.370268106460571289e-02
3.851056098937988281e-04
5.048274993896484375e-03
1.860916614532470703e-03
4.484295845031738281e-03
7.526874542236328125e-03
4.852455854415893555e-02
4.355400800704956055e-02
3.843903541564941406e-03
1.151978969573974609e-02
5.331546068191528320e-02
4.115104675292968750e-02
1.089393496513366699e-01
1.986956596374511719e-02
6.317490339279174805e-02
4.187971353530883789e-02
9.291309118270874023e-02
4.602175951004028320e-02
4.296189546585083008e-02
2.129864692687988281e-02
1.145362854003906250e-02
1.652032136917114258e-02
4.604488611221313477e-03
1.088067889213562012e-02
2.244046330451965332e-02
7.358431816101074219e-03
2.658084034919738770e-02
1.578313112258911133e-02
3.294110298156738281e-03
5.265653133392333984e-03
2.875190973281860352e-02
2.832728624343872070e-02
7.254678010940551758e-02
1.117426156997680664e-02
6.078898906707763672e-03
1.410412788391113281e-02
4.319357872009277344e-02
1.274365186691284180e-02
2.752006053924560547e-02
8.164167404174804688e-03
7.915079593658447266e-03
2.456903457641601562e-04
9.443521499633789062e-03
7.229804992675781250e-03
1.985478401184082031e-02
2.925890684127807617e-02
5.813819169998168945e-02
8.520901203155517578e-03
5.437612533569335938e-03
1.180535554885864258e-02
1.782768964767456055e-02
1.804977655410766602e-02
3.452593088150024414e-02
7.974326610565185547e-03
2.030849456787109375e-02
4.886925220489501953e-03
1.038485765457153320e-02
1.930302381515502930e-02
4.615038633346557617e-02
1.268672943115234375e-02
3.056889772415161133e-02
3.112316131591796875e-03
3.274202346801757812e-03
1.103425025939941406e-02
2.985483407974243164e-02
3.354430198669433594e-03
1.097953319549560547e-02
1.358240842819213867e-02
4.462057352066040039e-02
1.161694526672363281e-04
8.171141147613525391e-03
6.726920604705810547e-03
1.016783714294433594e-02
1.202392578125000000e-02
1.367264986038208008e-02
8.543133735656738281e-04
2.110540866851806641e-03
1.232579350471496582e-02
4.165875911712646484e-02
1.327455043792724609e-02
5.362719297409057617e-02
2.448102831840515137e-02
6.774416565895080566e-02
3.098788857460021973e-02
5.108359456062316895e-02
4.823327064514160156e-03
6.675124168395996094e-03
5.173027515411376953e-03
2.968457341194152832e-02
3.017485141754150391e-04
5.752891302108764648e-03
5.983203649520874023e-03
6.910562515258789062e-03
1.262453198432922363e-02
2.410599589347839355e-02
5.856156349182128906e-04
2.299392223358154297e-02
2.012383937835693359e-02
2.725136280059814453e-02
2.219164371490478516e-02
4.792666435241699219e-02
6.565392017364501953e-03
1.367640495300292969e-02
3.343462944030761719e-03
1.766341924667358398e-02
7.474660873413085938e-03
8.832395076751708984e-03
4.513323307037353516e-03
2.933144569396972656e-04
4.342436790466308594e-03
1.162457466125488281e-02
1.279085874557495117e-02
1.515340805053710938e-02
5.657792091369628906e-03
1.144939661026000977e-02
5.476474761962890625e-04
1.116609573364257812e-02
5.167067050933837891e-03
1.980215311050415039e-02
2.912700176239013672e-03
5.930006504058837891e-03
1.222169399261474609e-02
4.277271032333374023e-02
1.005190610885620117e-02
6.878614425659179688e-03
8.203268051147460938e-03
2.591043710708618164e-02
6.994128227233886719e-03
3.255939483642578125e-02
2.094739675521850586e-02
7.781678438186645508e-02
2.574563026428222656e-02
7.490307092666625977e-02
2.097243070602416992e-02
5.323040485382080078e-02
7.635354995727539062e-03
6.778287887573242188e-02
3.313809633255004883e-02
1.507069468498229980e-01
8.222520351409912109e-03
7.616883516311645508e-02
3.867122530937194824e-02
6.040009856224060059e-02
6.227672100067138672e-02
4.878807067871093750e-02
2.038514614105224609e-02
1.610630750656127930e-02
6.219089031219482422e-03
4.366725683212280273e-02
1.337224245071411133e-02
4.597023129463195801e-02
2.528899908065795898e-02
5.016547441482543945e-02
2.063047885894775391e-02
6.540340185165405273e-02
1.494276523590087891e-02
4.848736524581909180e-02
4.145383834838867188e-03
1.392120122909545898e-02
8.746981620788574219e-04
1.461011171340942383e-02
7.254600524902343750e-03
2.866816520690917969e-02
1.236188411712646484e-02
7.275819778442382812e-03
7.463455200195312500e-03
1.846134662628173828e-03
2.409243583679199219e-02
2.047258615493774414e-02
3.250116109848022461e-02
7.120239734649658203e-02
4.056274890899658203e-03
1.851260662078857422e-02
2.150326967239379883e-02
3.655010461807250977e-02
1.909446716308593750e-02
2.780085802078247070e-02
3.089487552642822266e-03
7.659077644348144531e-03
