-1.411721891180417743e-01
1.287602355079795480e+00
-1.142738321743637986e+00
-2.254018336663070332e-01
1.432375604978242567e+00
-8.318028452005884477e-01
-7.362719994329209872e-01
1.507751832583543727e+00
-6.353024701789662387e-01
-1.046337941920283399e+00
1.379809152054751076e+00
-2.639829122169118358e-01
-1.204066516921147523e+00
1.249154158909473011e+00
9.485252637125844710e-02
-1.336967914333137442e+00
1.119730516914827723e+00
5.318774124254406210e-01
-1.594990698598740986e+00
7.282237951881095350e-01
7.995585842181428538e-01
-1.425482551986583912e+00
3.372867842321166099e-01
1.165515767171253048e+00
-1.202260533023409739e+00
9.305557828854582603e-02
1.434915075043099009e+00
-1.280047356897332289e+00
-3.574568368264568474e-01
1.388737130645655293e+00
-9.171266657425691804e-01
-7.128677517791008889e-01
1.470815831260099849e+00
-6.130932092989378468e-01
-1.216306049088127894e+00
1.492069742506543895e+00
-2.099689769792728034e-01
-1.299772864820908813e+00
1.252336488103979351e+00
1.872492912155556133e-01
-1.376840612600749747e+00
1.019830398634933966e+00
5.644231169662654590e-01
-1.445571917430576780e+00
6.165184707540984910e-01
9.569047136852659730e-01
-1.501893507048789100e+00
3.847697948964957093e-01
1.139065442773765424e+00
-1.332081996524783651e+00
2.083930793568178515e-03
1.187777881688797388e+00
-1.078975277899600460e+00
-2.919907762069070545e-01
1.641069399324464051e+00
-8.954832944617449053e-01
-7.647034812600723708e-01
1.607135091414184203e+00
-4.242533176528200389e-01
-1.063339929731631717e+00
1.359041543762231186e+00
-3.479264204837784202e-02
-1.388772948250977413e+00
1.222000357841058094e+00
6.480166803940000386e-02
-1.417114462053693513e+00
1.059072586069520705e+00
5.089290832641168993e-01
-1.456057619448381191e+00
7.408469141157391080e-01
8.232714923750241720e-01
-1.339137231130597794e+00
3.965994686757473575e-01
1.212589876686715140e+00
-1.445271288249032393e+00
-3.005008446585070297e-02
1.333541231573553087e+00
-1.102515043736955747e+00
-4.014528341480343432e-01
1.518532660134094048e+00
-8.592554845406408237e-01
-7.397447800103440496e-01
1.568653387839637148e+00
-5.644407658241337167e-01
-1.129646569585755600e+00
1.623063377072215818e+00
-1.496276731162786144e-01
-1.397539594382757766e+00
1.228962433372731144e+00
2.365514585044288243e-01
-1.452274985078252145e+00
1.067555437784998063e+00
5.809897642301123932e-01
-1.470149188939366081e+00
6.646171142602909088e-01
8.727735641170466518e-01
-1.374464439774276459e+00
2.711638136595082571e-01
1.106600740751922718e+00
-1.461464042315676615e+00
2.987770645084115301e-02
1.326646390366648554e+00
-1.061582057666340173e+00
-3.627460021998752948e-01
1.494356670004120202e+00
-8.789263659259716199e-01
-7.456816218620144765e-01
1.449431586156544105e+00
-5.081362254083341412e-01
-1.036985790039065991e+00
1.454444731936459512e+00
-3.027428068981872222e-01
-1.235283708481540010e+00
1.175142129883838038e+00
4.740476008726687840e-02
-1.427949669162719815e+00
9.399037094371918144e-01
4.664741111351528025e-01
-1.599071229519660520e+00
7.410677556735283389e-01
1.006534647663629212e+00
-1.411196275255031551e+00
3.225927307318872117e-01
1.206551473295435217e+00
-1.317688111605185952e+00
-1.570303108089737276e-01
1.363552688559001469e+00
-1.135340518326947823e+00
-3.323541649798199549e-01
1.470116342558167144e+00
-7.460523386857909056e-01
-8.005118348150680463e-01
1.588334353540386878e+00
-4.624119599486965493e-01
-9.893697622024943961e-01
1.508788160808300693e+00
-1.895654842993869660e-01
-1.226584731742843104e+00
1.198008192716206510e+00
1.294073681098123207e-01
-1.413335756997139425e+00
9.358647518051088632e-01
5.924518149019899482e-01
-1.441594755577483511e+00
6.967040303947285018e-01
7.718527003765491834e-01
-1.466226584546942213e+00
2.586716154655566702e-01
1.180731012393546830e+00
-1.441985880134872833e+00
9.159230382538319226e-02
1.418490281898277638e+00
-9.881428773035008106e-01
-3.325165369595595721e-01
1.331776862695556396e+00
-9.596430303144576346e-01
-7.096170555399292645e-01
1.450453288692134857e+00
-5.338088273859501465e-01
-9.874481580748100118e-01
1.400008900626635411e+00
-2.362133444878182220e-01
-1.151916165667355330e+00
1.384420104566804088e+00
8.145212727106135309e-02
-1.449705248275693137e+00
1.044427597939761032e+00
5.777326686790122956e-01
-1.479796779732410528e+00
8.511894754626376791e-01
8.155616566435530679e-01
-1.511683297640681989e+00
2.452380085249589448e-01
1.151835281574810743e+00
-1.459222803999023377e+00
3.608677504489793408e-02
1.286345984808708431e+00
-1.167811847659073532e+00
-5.107978138242103006e-01
1.419919460512961695e+00
-9.802104846794089665e-01
-6.439180257727495915e-01
1.392266550605880004e+00
-4.926364684785635162e-01
-9.714005736798736468e-01
1.277970505117385080e+00
-2.270675894548241369e-01
-1.231707239893804928e+00
1.167997240057043307e+00
1.050067574100256307e-01
-1.415103739793818871e+00
1.110194703470644306e+00
6.548980627133115240e-01
-1.431798154344428919e+00
6.687157995693789880e-01
8.582838214700290180e-01
-1.448414321006267880e+00
5.640567072015325589e-01
1.155209210040034851e+00
-1.432093348549325240e+00
-2.521602369268787641e-02
1.319294415023906097e+00
-1.112486985044352616e+00
-3.574682250013031526e-01
1.557975717592385623e+00
-8.859427257777031661e-01
-8.099677674738432476e-01
1.407171882490281467e+00
-5.825078173261527548e-01
-1.056632157350825718e+00
1.522715960928824330e+00
-2.846411831069485809e-01
-1.379106887606638132e+00
1.293861169486959284e+00
1.136738786891549613e-01
-1.450776789665727318e+00
1.084959147223705678e+00
6.848191981515902027e-01
-1.449475452813995480e+00
6.724914951812586139e-01
7.883572496200179636e-01
-1.405658301219556039e+00
3.718777274530341570e-01
1.161630058583611458e+00
-1.408046245576073385e+00
-6.809391514687469782e-02
1.426838908026113462e+00
-1.254095870934841317e+00
-4.035023182254977581e-01
1.500610492935782858e+00
-9.172122827289854730e-01
-7.564239478197515298e-01
1.527649551669633121e+00
-5.174249540258996083e-01
-1.065186761030984197e+00
1.283936099356521421e+00
-1.724481564904026820e-01
-1.276083302022302801e+00
1.268870486545699894e+00
1.414793311784359187e-01
-1.425762564509548858e+00
1.089030372536816671e+00
5.143367682609455427e-01
-1.437784919329752054e+00
7.880300606342558467e-01
9.104992511873155614e-01
-1.366134789303339314e+00
2.684988277676457202e-01
1.092704468169473087e+00
-1.310838054015692311e+00
2.999951469755482436e-02
1.407144947898906207e+00
-1.113651768363528971e+00
-4.383021816354571998e-01
1.429281024353663998e+00
-7.470320392286904365e-01
-7.415616457274701867e-01
1.434680884548930280e+00
-5.314608762559347443e-01
-1.143849058354613257e+00
1.362227676242699914e+00
-2.380797173256861687e-01
-1.237720164982730964e+00
1.210169490580931262e+00
2.419615106119456516e-01
-1.478375888759935197e+00
1.072063470767089521e+00
5.169457897214890796e-01
-1.490686889002465820e+00
7.232490252431379441e-01
7.924407751282984691e-01
-1.433412121681627793e+00
3.083016919745197870e-01
1.052129710635938409e+00
-1.445996287872924446e+00
5.282560884656672950e-02
1.314001420498283279e+00
-9.835659479707619113e-01
-2.210686371233807623e-01
1.547782435313785898e+00
-9.650688935300304472e-01
-6.930043925046229791e-01
1.550953195976508159e+00
-7.199917959877346618e-01
-1.057368660661358373e+00
1.488855736619629111e+00
-2.183989235374383941e-01
-1.244340434196413048e+00
1.200128725616098624e+00
2.301402496148153010e-01
-1.401229629068640348e+00
1.097519640608426883e+00
6.103426414342326689e-01
-1.461749178912543412e+00
8.697306483840927527e-01
7.839601607508339676e-01
-1.521117297841484861e+00
2.567901813659307919e-01
1.194573884698721278e+00
-1.408840715834340784e+00
-8.256146406155596973e-02
1.371897183609210202e+00
-9.549402868816984080e-01
-3.321625664354664886e-01
1.365675831309707267e+00
-8.147761738699462741e-01
-4.859214401084225865e-01
1.477910443153469533e+00
-5.406298175627074487e-01
-1.081750273093362358e+00
1.467676993344441794e+00
-7.395789465312269106e-02
-1.276642385956091141e+00
1.340972699534628498e+00
2.192082687408203889e-01
-1.440142423437846375e+00
9.966320886346542451e-01
4.671148166837402749e-01
-1.459379828435299453e+00
7.143270286589267215e-01
8.046511209188437208e-01
-1.467287649949907902e+00
4.678889817742482027e-01
1.067650580924308201e+00
-1.245698176326994311e+00
1.066542072817505959e-01
1.622376161411120954e+00
-1.151789487894953279e+00
-4.489259737611573930e-01
1.546612281229075680e+00
-9.148555305641191682e-01
-6.752799274101211058e-01
1.458512841597560561e+00
-7.242661711928237711e-01
-1.070348942129558889e+00
1.335892827858222276e+00
-1.735237652388448293e-01
-1.296343663154451598e+00
1.311363379923947470e+00
2.673547411721864941e-01
-1.393173148520814086e+00
1.036885234082628671e+00
6.477373419393350762e-01
-1.446947457198459297e+00
7.570950549483067560e-01
9.739530111433118975e-01
-1.456507064632105664e+00
4.435069099450643648e-01
1.142557066551010747e+00
-1.161113718482330359e+00
-2.463286768449959863e-02
1.234949974098396019e+00
-1.092048966201875970e+00
-3.249232003288102799e-01
1.622909404870558792e+00
-8.925970656043880069e-01
-8.326539093564200300e-01
1.613026136393862053e+00
-5.381001208740286978e-01
-1.169961153945733079e+00
1.434169248569788113e+00
-2.379220039443664392e-01
-1.243445549156893648e+00
1.330462160470091026e+00
2.620819784551578491e-01
-1.425764984300587734e+00
1.083372678726647997e+00
4.622901863497158592e-01
-1.481979014680103734e+00
7.871180216960449449e-01
8.638428560307396253e-01
-1.589519665269429449e+00
4.381150391169313374e-01
1.298889934544429359e+00
-1.311968496452534882e+00
1.833203286294506074e-01
1.417637675786992180e+00
-1.194690827652817200e+00
-4.086293138716630136e-01
1.368665313588403709e+00
-9.135311775361845132e-01
-7.555094969990752141e-01
1.537439015161976341e+00
-6.052027782804028089e-01
-9.449681629913013747e-01
1.541193131470901978e+00
-6.774025769353614335e-02
-1.254520965254430909e+00
1.151035113766650575e+00
1.694748871372391275e-01
-1.404469746093541360e+00
1.146309624739772381e+00
5.579884071817076130e-01
-1.522621656747512153e+00
7.066204162028029145e-01
1.032867996931181143e+00
-1.390241342281402837e+00
3.787155631256707844e-01
1.154262735182520316e+00
-1.303674639661379420e+00
2.210582926194315859e-02
1.384963313510495286e+00
-1.142786495820804937e+00
-4.448571263152783506e-01
1.524873606818281102e+00
-9.204876070001738464e-01
-7.856285383203353012e-01
1.578419478009683852e+00
-5.589810231946467090e-01
-9.999249252348558770e-01
1.449291518259595790e+00
-1.461700701487080589e-01
-1.150134759584265698e+00
1.278912402449762009e+00
1.746596827869112967e-01
-1.283416308059029287e+00
8.956020576724565974e-01
5.288332533428947713e-01
-1.537256777360401117e+00
7.032364585476911234e-01
8.112980899723276629e-01
-1.387738796918200235e+00
4.079158560927629851e-01
1.086850352259451036e+00
-1.275405075070187078e+00
6.535938062982121766e-02
1.277700903656421749e+00
-1.299410042173541058e+00
-3.419791147953147314e-01
1.495641115214072947e+00
-8.494490035304831377e-01
-6.381920064736898990e-01
1.603585167112103083e+00
-5.262236295725351010e-01
-9.842471358043082263e-01
1.437625963946161489e+00
-1.569873467715904303e-01
-1.420844569385774303e+00
1.312557647870559396e+00
2.974906171088812501e-01
-1.444377355453214440e+00
9.136408372865947314e-01
5.960463937528279743e-01
-1.520543065555491680e+00
7.039937476985569376e-01
8.440084734344595052e-01
-1.547110631349984278e+00
3.179194973097240196e-01
1.162832296761748596e+00
-1.326038005597181435e+00
-5.378227887008572156e-02
1.391103599524852186e+00
-1.123863094552414621e+00
-5.271951075718830371e-01
1.545319651970213481e+00
-9.715007350786372120e-01
-8.156031430460768394e-01
1.673737504092284611e+00
-5.403709020879647884e-01
-1.124155863502662722e+00
1.535327513404320054e+00
-3.528237257874099475e-01
-1.202045001724979523e+00
1.166271679586874166e+00
1.622247522872758974e-01
-1.323963231769345494e+00
1.061485160326828492e+00
4.209853856170615582e-01
-1.545919490844004374e+00
8.145435608263948968e-01
8.757280569761523026e-01
-1.410015630127425812e+00
3.990423163790807193e-01
1.111618514153566384e+00
-1.350714433720060947e+00
-2.505194967085287716e-02
1.354308902942595871e+00
-1.283880999465805584e+00
-3.460279042540088668e-01
1.300635454771270627e+00
-1.090202586541103580e+00
-8.886265635859179612e-01
1.464068868261190204e+00
-6.682816550989180149e-01
-9.250116123689827718e-01
1.486327158013800442e+00
-7.895016825024736562e-02
-1.303900196833377656e+00
1.371701576902283115e+00
2.737740466761864333e-01
-1.501813526474280902e+00
1.121713123234976628e+00
5.892117519654234137e-01
-1.492532512823040669e+00
7.710877333257096788e-01
1.003243661102657613e+00
-1.350600787689530513e+00
2.716412999162048925e-01
1.130997124028171541e+00
-1.411282875080480226e+00
-9.983590657745829156e-02
1.256788699851743241e+00
-1.098245726583043647e+00
-4.810940067709958967e-01
1.402978012001939945e+00
-8.163587028332219830e-01
-6.890192712553642185e-01
1.612000689481677407e+00
-6.344082493630763819e-01
-1.110196225759311650e+00
1.461884468786609492e+00
-2.249590296736965200e-01
-1.207891081158311453e+00
1.237334289952553679e+00
1.122616497343117276e-01
-1.377697462237569503e+00
8.649405724884272617e-01
6.449867193248823849e-01
-1.562064132009036044e+00
6.928184595820724434e-01
8.538374086628803816e-01
-1.609561393580164701e+00
1.604601544415351078e-01
1.042960219362065066e+00
-1.356867033899607833e+00
-6.076506047818935885e-02
1.386562494822062730e+00
-1.305848688791969803e+00
-2.305013989526444318e-01
1.555553675217956178e+00
-8.839763445192549973e-01
-6.319924343153430213e-01
1.374012720630831463e+00
-4.872268193299373329e-01
-8.937748345265160710e-01
1.269375388613205313e+00
-2.095142300478874398e-01
-1.290877247591770027e+00
1.320748898840707897e+00
8.858547750799491971e-02
-1.360444606743420826e+00
1.125614086143209791e+00
6.585806999879737500e-01
-1.516755718919154727e+00
7.080231767141792476e-01
8.843519192031568110e-01
-1.408317545564034656e+00
4.587863909332424162e-01
1.108731348235747038e+00
-1.416608858542522276e+00
5.502478518422575585e-03
1.446918240106548570e+00
-1.062512042829889536e+00
-3.721982555461207376e-01
1.402485350735879877e+00
-9.297766894768149104e-01
-7.963278038039376394e-01
1.534712721406835900e+00
-4.318599088264279406e-01
-1.002380966034538634e+00
1.370349649591103836e+00
-3.620005959635446552e-02
-1.370552097287992765e+00
1.285545604538995468e+00
1.606721083680806572e-01
-1.426989407382012409e+00
9.571219871606531093e-01
5.397643058222385548e-01
-1.604035419055276357e+00
6.796611116831847710e-01
8.533581196079724762e-01
-1.460763535388212242e+00
3.782935474908650786e-01
1.105728949148558682e+00
-1.352879394494496568e+00
-1.358158494576470199e-01
1.357025269092109188e+00
-1.054378764590148343e+00
-3.681017910038321683e-01
1.357487716184719417e+00
-9.121133295961325604e-01
-6.410219423568396246e-01
1.506147489204083367e+00
-5.701504338975060815e-01
-1.161602471579271878e+00
1.469407507053806627e+00
-2.329180607140898529e-01
-1.196669201718890907e+00
1.202202848028829152e+00
1.683825403043232583e-01
-1.469334725015883691e+00
1.071492067643465163e+00
5.200566198761117365e-01
-1.386749538352942679e+00
6.801136172958351933e-01
7.708634654435406741e-01
-1.384198147464255957e+00
3.484039967817754158e-01
1.133713724977531090e+00
-1.331698583428621241e+00
4.118955436922749208e-02
1.179229640616473507e+00
-1.170359346861183480e+00
-4.187356061580611577e-01
1.383698461560461501e+00
-1.001872595612077976e+00
-5.970966084584639066e-01
1.463370941563761685e+00
-6.662844227999021873e-01
-1.059304871374806556e+00
1.382706707218586129e+00
-1.657969098160340382e-01
-1.302967470455094645e+00
1.325780048557624102e+00
1.646232320649800018e-01
-1.459654665329928047e+00
1.102140901984081323e+00
4.280041222536537515e-01
-1.426003963313780654e+00
5.193956416330433035e-01
9.742497153891750417e-01
-1.445207104782672003e+00
4.182765044067687787e-01
1.071013746615696149e+00
-1.483774814841485323e+00
3.091159472847392065e-02
1.391741292009386122e+00
-1.132933604505132141e+00
-3.731601928020076286e-01
1.423615766950545147e+00
-8.207452666288737042e-01
-7.732265132114860551e-01
1.433859328122220500e+00
-6.326618542703321690e-01
-1.009540629014054947e+00
1.367588932274836688e+00
-1.053245079310199672e-01
-1.273752973856526971e+00
1.257327244454970794e+00
2.526519287318652607e-01
-1.384525334967583676e+00
1.053778477639322864e+00
5.615597501241418321e-01
-1.597527343838507363e+00
7.399043887306044898e-01
8.756628251360225601e-01
-1.440415497083751939e+00
3.210719570193201755e-01
1.326825463582233855e+00
-1.372802678084167338e+00
6.929955647640033412e-03
1.335222053692754596e+00
-1.271558966722627027e+00
-3.430039440222378833e-01
1.500422438106240319e+00
-1.025867696660667905e+00
-7.566801518971328910e-01
1.528932804506166754e+00
-6.865809806866418619e-01
-1.093097796979232594e+00
1.454578085579699698e+00
-1.841497809075537395e-01
-1.459478731569081145e+00
1.249485175038127505e+00
1.553929501335972185e-01
-1.438802272617165201e+00
1.107862378145284765e+00
6.341516258778470139e-01
-1.562173493218873777e+00
6.654939721405590536e-01
8.905548878200126861e-01
-1.366651499058620933e+00
3.391779679464922981e-01
1.129148691896797230e+00
-1.362465566197631039e+00
-6.344255414133238846e-02
1.389607509072808611e+00
-1.105589400273334189e+00
-3.317661628994447165e-01
1.441877540210895203e+00
-9.323964070934325221e-01
-5.846777811128447411e-01
1.624700679253445301e+00
-4.924277839502185783e-01
-1.066591969030922904e+00
1.442848926176187874e+00
-2.201798057654054397e-01
-1.267496871487165944e+00
1.373284158031610858e+00
1.415956113807478045e-01
-1.242917512636999566e+00
1.146807185919095362e+00
5.883938287328958072e-01
-1.460851407636543531e+00
8.252269777698414410e-01
9.583212710074535678e-01
-1.618435548870712060e+00
5.298590805926266523e-01
1.123083100791976152e+00
-1.372360085273618857e+00
1.053704396125477172e-01
1.387201608054648760e+00
-1.140846660653050737e+00
-4.224380309316078663e-01
1.331179955812818339e+00
-7.844499057290794664e-01
-7.897641322280948284e-01
1.528772858002004131e+00
-5.425813095908356143e-01
-1.157649769610566981e+00
1.307974713096568653e+00
-2.204632929721654921e-01
-1.279217291261054879e+00
1.157811997924320213e+00
1.572084230405340899e-01
-1.400791061110220337e+00
1.026341752786106065e+00
5.228205923531994426e-01
-1.505501750802291205e+00
7.222245846095037836e-01
8.125297692485942136e-01
-1.301695370272237584e+00
2.232913075804975334e-01
1.250304351999277586e+00
-1.392405115456744946e+00
2.992594774874958452e-02
1.276379844051370060e+00
-1.107270987763762538e+00
-3.696912329226353933e-01
1.406091252101185241e+00
-8.262649568910905851e-01
-7.243262737960247666e-01
1.543850429224266740e+00
-6.405810407040818388e-01
-1.101455659957330191e+00
1.459580945755078352e+00
-1.489286556851393828e-01
-1.229428636247184681e+00
1.374253284665340358e+00
2.528096748330986854e-01
-1.387576072930782001e+00
1.080895900973994461e+00
5.370512468981762932e-01
-1.428159350264319727e+00
7.749528942578592927e-01
8.306596191070806379e-01
-1.330829142475383309e+00
3.182383241270129171e-01
1.171890946292576174e+00
-1.412899367260501915e+00
-2.599813746512389962e-03
1.297999440936957072e+00
-1.181268060883543747e+00
-3.114102830555734447e-01
1.497148324311541989e+00
-8.308444602545022040e-01
-6.624573366437402910e-01
1.724773752114260317e+00
-5.160961141726839729e-01
-1.043744724322320128e+00
1.466656363871183144e+00
-2.363075225024120207e-01
-1.263321591158045321e+00
1.276282002449650399e+00
1.362247619162145762e-01
-1.374235052346383767e+00
1.125380646914906135e+00
4.829509677301947468e-01
-1.465499010399250679e+00
7.494007788265750758e-01
8.765335270389031930e-01
-1.452706578776650215e+00
3.819712057193718202e-01
1.089026053789179160e+00
-1.217754913847596043e+00
5.894288273390696498e-02
1.463931679168537947e+00
-1.128686647181840641e+00
-4.421018459067555528e-01
1.311307374379537372e+00
-8.992075517353609326e-01
-6.272397004664969078e-01
1.353117582624392412e+00
-6.312587842852069864e-01
-1.112547915192986014e+00
1.488582568969119446e+00
-2.519746735534319493e-01
-1.299573755149022292e+00
1.356229321641281960e+00
1.733743145336480163e-01
-1.426897725826759888e+00
8.854249476837046107e-01
5.155292325089181338e-01
-1.555617345380804206e+00
7.254196788956578379e-01
9.054757980289016572e-01
-1.424639420248978716e+00
2.852242461007316043e-01
1.098652201409812346e+00
-1.195579307173882055e+00
-3.119448009376068684e-02
1.431828405822306749e+00
-1.216615023648616623e+00
-3.833407484491827555e-01
1.453350194352446723e+00
-8.781948268699981686e-01
-6.956051858939831245e-01
1.447788600219564792e+00
-5.401849651580030720e-01
-1.045529645371133354e+00
1.378391367626348618e+00
-2.407704006973541144e-01
-1.404150360788067431e+00
1.270370226873864139e+00
2.023471127254689861e-01
-1.340294643808974673e+00
9.133132598778175293e-01
5.986012704978412868e-01
-1.446011051287941829e+00
5.676273079328864046e-01
7.438214062255490422e-01
-1.414835684662596460e+00
3.515183583053447802e-01
1.186492871375789404e+00
-1.343948524279695800e+00
-5.655401605019680367e-02
1.353117755674677625e+00
-1.189061345364604172e+00
-4.985570956782180430e-01
1.592923706089546698e+00
-8.755285233407237300e-01
-7.259741094320004695e-01
1.470110131075171189e+00
-4.834582276718816241e-01
-1.021112438331677197e+00
1.467065706825445792e+00
-2.122442397758119714e-01
-1.404676297512205130e+00
1.352850363168517589e+00
1.720968438699223557e-01
-1.277580608117359073e+00
1.116733360504744699e+00
6.217995579615002155e-01
-1.435895168302572911e+00
7.705927472093593300e-01
9.632416662632224957e-01
-1.386207667188177783e+00
3.350891479214668234e-01
1.173697949027164400e+00
-1.189473058429133090e+00
7.396842045824414402e-02
1.334732058179670888e+00
-1.124045170209478917e+00
-3.875722811982986737e-01
1.432687708317329722e+00
-9.340551043062403913e-01
-7.830153014782831322e-01
1.458578111530359100e+00
-4.244947052519074115e-01
-1.120216871357539556e+00
1.384485216333011248e+00
-1.231796485213522974e-01
-1.286795391603630545e+00
1.293705136773160236e+00
2.673654116749052401e-01
-1.384826417204702231e+00
1.096284791457344143e+00
5.319346033092384740e-01
-1.381463120547788748e+00
8.039026527498063235e-01
8.179414776974462953e-01
-1.552148036399442876e+00
5.205620921838848281e-01
1.018931735573977093e+00
-1.297257868424193550e+00
2.146849092027998396e-02
1.389821819665554958e+00
-1.089880614897051236e+00
-3.967658653113371181e-01
1.544976580693082191e+00
-9.158961424252025640e-01
-6.941498951837901110e-01
1.437640832322574003e+00
-6.915865559363505444e-01
-9.405910734702719322e-01
1.302397077293304228e+00
-2.619884809786878765e-01
-1.281753272624874374e+00
1.181722043025951852e+00
1.793224678045194087e-01
-1.396368454735052334e+00
1.105094018942009093e+00
5.801137326040746167e-01
-1.529463335292372106e+00
7.043929586451893599e-01
1.089380617844395882e+00
-1.595006476894271774e+00
3.728681524051163376e-01
1.267635605234046725e+00
-1.445596932967685433e+00
-1.912381327803395342e-02
1.278241445255642983e+00
-1.090519335137629220e+00
-3.310842062242966843e-01
1.490406375820349405e+00
-9.063781078103583244e-01
-7.262386138341769826e-01
1.544464630676116279e+00
-5.029699856120555257e-01
-1.011325308089510377e+00
1.434603708239501563e+00
-2.661184033004547755e-01
-1.215739300273168011e+00
1.317247229271801157e+00
4.810458552023509637e-02
-1.309629051961327395e+00
1.050018844934397233e+00
5.421841609120825467e-01
-1.512455837521601731e+00
6.384130170624796596e-01
1.025838957304805454e+00
-1.532454558947598411e+00
4.095328301569630125e-01
1.259963758007673684e+00
-1.368766339763101136e+00
2.329908282261169972e-02
1.469061119584273101e+00
-1.050726824874637311e+00
-2.452687073754613589e-01
1.440350401388038826e+00
-9.017851248440759138e-01
-7.851828631445285644e-01
1.578129181803697989e+00
-5.157982384017140154e-01
-1.072309641796119095e+00
1.380444906540065908e+00
-8.439620691767704685e-02
-1.191619043924032617e+00
1.293411945071435643e+00
2.427415682008580988e-01
-1.529044589289577427e+00
9.319528637284828498e-01
5.548902704282536735e-01
-1.432990317668199065e+00
7.441263582492388950e-01
7.855490231851378624e-01
-1.532848988331463769e+00
3.207016581573827185e-01
1.123053604631229607e+00
-1.449098565821727913e+00
7.100152611312059159e-02
1.486856540507391689e+00
-1.189376911879748810e+00
-3.796342211533326738e-01
1.401615141997308633e+00
-9.365474826609135883e-01
-6.760661729273546028e-01
1.467990425497617268e+00
-4.940904329866481759e-01
-1.086260416540690388e+00
1.454810505081197469e+00
-1.220952088025613058e-01
-1.334729524208078555e+00
1.162734375379435914e+00
1.211420930458245726e-01
-1.366488337323251923e+00
1.058002609754326029e+00
6.547310638856624898e-01
-1.416389063306677798e+00
7.715618224098785838e-01
8.890262372012744940e-01
-1.429938332903901044e+00
3.417044515446818198e-01
1.079616270247074850e+00
-1.443450060426693771e+00
-6.380987791902789641e-02
1.337877129521662489e+00
-1.132884586276323047e+00
-2.872593008224150202e-01
1.468220661499383350e+00
-9.861760918879149962e-01
-6.868479310853701225e-01
1.605797828800406224e+00
-5.970481082128977768e-01
-1.157768404637300463e+00
1.420989491835728646e+00
-1.601578433383239741e-01
-1.199245292961329534e+00
1.341774471468276442e+00
2.855737600940418952e-01
-1.387557238734127729e+00
1.087020956419592066e+00
5.049603096047490247e-01
-1.440595060227588764e+00
7.197640950051232833e-01
9.814407178359051409e-01
-1.455388473220485146e+00
3.680643863751257294e-01
1.201544349205791562e+00
-1.341499599139631238e+00
