# {'model_name': 'LightGBMModel', 'window': 605, 'n_steps': 1, 'lags': 18, 'model_params': {'lambda_l1': 0.00018408625766135484, 'lambda_l2': 0.4132253268439531, 'num_leaves': 89, 'feature_fraction': 0.9090947853664646, 'bagging_fraction': 0.755128732147925, 'bagging_freq': 2, 'min_child_samples': 15}}
2.732483076720637616e-03
3.661256321915801193e-03
3.692993699524860229e-03
1.514058807695894959e-03
8.204690844267614747e-04
3.182184703791279823e-03
3.308524950456331881e-03
2.325929796980763520e-03
1.163866478050218367e-02
7.902078081508862040e-03
2.694280120917186272e-03
1.322941726798337880e-03
1.409180299287327021e-03
1.778693661139085780e-03
1.596332731342325895e-03
8.187432382417980659e-04
2.270108007549620499e-04
2.179744748058626280e-03
5.178214137366229930e-03
1.585014182157978846e-03
4.367140401801417049e-04
1.596567974289725411e-03
1.471762400243437074e-03
3.109897194383745567e-03
2.302789586093992313e-03
3.131151923049413366e-03
6.434781830423202953e-04
6.898462391673187977e-05
3.311998489697834391e-03
2.099125070872800980e-03
3.416811413312931256e-03
6.745948219073552576e-03
2.905273334165181520e-03
4.471141847879708808e-03
6.308288331141241601e-03
1.104032035768635900e-03
8.002372762891153679e-03
8.170527611036128290e-03
4.236281348477588526e-03
7.163338321667954423e-03
3.924578054444377573e-03
6.700469032441050410e-04
4.141101320906066807e-03
5.019482700986573065e-03
4.662717367938030988e-03
6.136626284092457084e-04
5.553214801374332238e-03
1.398865056486800484e-03
7.196288444393468542e-03
4.660863223038505532e-03
6.064031079436607574e-03
3.066419157414318475e-03
7.320045117921059052e-03
6.826779742603927836e-03
3.588661117400637757e-03
6.383260351471631289e-03
1.062540276535434147e-02
3.276890015925348898e-03
2.269713873514045410e-03
5.538051750576478138e-03
3.390777544913292640e-03
4.231591559607061903e-03
2.371021074654144911e-05
3.326900321018455564e-03
1.177005702673561416e-02
9.975062471735407499e-04
1.009267947514114194e-02
1.244146419072333920e-03
1.043209753271212570e-03
2.547794596417074509e-03
4.163024479908683517e-03
8.340224410508856323e-03
7.293103816253920790e-03
6.133600998193489140e-03
3.872528367807936966e-03
1.456285368685250603e-03
3.813267375096796030e-04
7.312084753214875832e-04
2.272297707435755321e-03
2.675218099762455282e-04
2.588886588536509770e-03
4.699016381969456368e-03
5.090152953499682553e-04
7.159403069499359340e-03
1.242596412650009974e-03
3.998933198327558891e-03
6.034479404471437824e-03
1.977574032184792330e-04
3.594408781569802258e-03
1.016321940543352120e-02
6.840972158963953831e-03
5.396557686288327993e-03
5.065023266239143673e-03
6.669223323579109852e-03
1.719455388424440123e-03
6.060018443193038173e-03
5.192201640903837401e-03
4.108021775696135691e-04
3.258916844402603985e-03
4.314272173330579996e-03
1.982726620322061706e-04
2.070010078822348554e-03
1.000472470113167311e-02
3.316124212351612144e-03
1.661030206261293607e-03
4.704462906072737205e-03
6.551155002244901659e-03
6.026931554072301189e-03
6.804199377852593322e-03
9.874722104265543088e-03
3.847064672600875035e-03
4.392674817857211700e-03
8.577973937593630360e-03
2.693483317428135848e-03
4.350923220480251707e-03
8.448365805560964503e-03
1.788712086643662325e-03
2.877113554835553089e-03
3.195306262492536575e-03
2.296130510795801882e-03
4.187212103839710320e-03
9.455918668855867182e-04
1.996353001451567355e-03
8.687520465735065756e-03
1.627435638436702803e-03
2.005571258881400087e-03
7.785746002700377755e-03
2.180691105923504569e-03
2.353235593738622899e-03
7.157877079478069948e-03
4.863525573270410796e-04
1.813275562887239900e-03
5.993761745082537562e-03
9.697850366121030241e-04
2.946669204393237429e-03
5.858867237410692042e-03
4.633591490831423521e-03
9.558967406369522912e-03
2.656592262163526286e-03
4.819619559600085701e-03
7.688078660270214471e-03
3.297446310188800744e-03
1.848437064835450894e-03
6.810905549614609811e-05
6.935405459908450254e-03
1.585122567772268010e-03
7.873882990966807327e-03
1.153014589301171178e-03
2.919747652515791714e-03
4.008629471197955318e-03
3.097612833827256829e-04
4.543005771147134997e-03
2.396074768623079887e-03
3.617952381020694830e-03
3.580732763274974140e-03
1.670743325877577234e-03
3.403119840620749681e-03
3.432100911565649781e-03
2.446796012461616154e-03
2.676933712665918730e-03
1.286511702876524943e-04
2.358162315961531696e-03
7.236552148526809169e-04
1.767696016189423958e-04
1.282456367385720331e-03
6.256622753999740993e-03
2.813261618615836568e-03
6.725517480065668074e-04
2.592080008860242479e-04
7.065363674086944101e-04
4.197335270648583361e-03
6.567474132716299984e-03
2.977850612580879019e-03
4.373427626674919466e-04
8.936165138063140168e-03
3.670381843461523186e-03
1.564260347082041536e-03
4.906838108028221956e-03
1.632645936807730624e-03
3.784593706864347595e-03
3.018357070836863443e-03
2.486246415786541597e-05
6.572625068591742004e-03
7.079830095575168070e-04
2.807612813277349240e-03
3.819662107424487418e-03
1.905714930337976121e-03
7.210504067025891306e-04
4.108709917072100870e-03
1.129428110259592111e-02
1.250335187789086699e-02
1.460911323496655312e-03
8.207123516557807141e-03
8.035321275305207234e-03
6.211366467332030128e-03
3.247399566163267082e-03
1.548867334503822857e-03
4.559205331787635762e-03
8.627685635079804238e-03
1.278434010489826189e-03
3.159899530878487739e-03
1.809982451416725091e-03
1.527754986032622830e-03
3.461505036279163838e-03
2.325227589175804521e-04
3.881301988652247070e-03
3.321182749057016714e-04
1.490759977874622777e-04
1.364124375242525833e-03
3.390943252309749911e-03
3.830321177425155543e-04
4.686973782151104828e-03
1.854501573883837739e-04
2.809860299697999886e-03
2.935520790283738246e-03
4.313139499981119562e-03
2.391714445974149617e-03
4.108328700771060604e-03
8.902690879626556919e-03
1.220489186015243088e-03
6.436222016536347068e-05
5.626944474746702063e-03
2.192531805889089136e-03
1.363565280209329961e-02
8.895398081394015333e-03
7.203772143094006042e-03
5.681657344332097237e-03
6.257584409156219385e-03
1.770313028184367088e-03
1.428021945981683416e-04
2.895501220898988315e-03
6.134830359082910078e-03
2.431183157356298086e-03
1.650577053574853181e-03
1.000464391741451298e-03
5.215402971258831233e-03
7.091944864689003758e-03
2.627386088966288114e-03
9.704482064688990661e-03
1.221692606249713542e-02
1.006642333904184117e-02
6.502580513957245678e-03
2.555898634645226153e-03
2.448026417839477276e-04
2.125278430133659135e-03
2.904199099572069009e-03
2.990883453569348482e-03
1.439706289603104317e-03
3.692132975200435041e-04
1.126549239856378115e-02
7.313780060056784826e-03
6.557525779762651830e-03
1.871831992785955023e-03
1.368468542339851268e-05
4.591544623772536582e-03
7.174254289343484636e-03
6.808639777282188277e-03
4.084265445706947162e-03
1.425598224832791416e-03
3.311822207942127783e-03
6.787546070215255689e-03
4.336988754454096373e-03
1.148169588265557373e-02
3.431305303310705490e-03
8.364544029779708012e-04
7.511216182041313694e-03
2.389404923310300966e-03
1.411808720387885963e-02
4.250933673333401330e-03
3.138501779144431403e-03
1.106648159800860398e-02
1.806647960264085029e-03
3.496785982470829168e-03
7.872756848319895084e-03
9.643846430874569720e-04
1.183738867840455899e-02
6.681081174980674220e-04
8.056304303440842141e-03
1.099963453553454151e-03
3.293306721767863543e-03
7.884474589430312541e-03
2.650157622171689376e-03
4.666250192803644836e-03
5.913854892747094638e-03
5.416290767290776742e-03
3.550579820802979292e-03
6.955661594806317183e-04
6.376550599562769150e-04
3.381600816367513751e-03
6.838968313855886549e-03
3.260768834677629791e-03
4.890454553335366050e-03
4.903631009418152331e-03
3.241986072748281877e-03
1.293685174221459455e-03
1.376807356025744333e-03
3.556082444677866050e-05
7.109449005032075775e-03
3.273223422119220238e-03
6.222069580467337602e-03
6.028800119937449686e-03
1.061723871136788233e-03
1.612774823552154402e-03
7.848763419604443126e-03
7.586400065174803142e-03
8.390958435493311995e-03
3.564832260577022183e-03
5.022658098981502839e-03
2.163855552154481110e-03
6.224908975544174439e-03
4.098619527913793803e-03
3.503396946793357891e-03
7.542919460727937064e-03
5.107915807041452094e-03
5.911753117565810012e-03
2.622104311876649607e-03
1.005276008750377592e-02
7.414524595380111993e-03
1.661221803184342871e-03
2.142606726891538305e-03
7.252143534258126412e-03
8.797396472619567476e-04
8.385210905193507536e-04
1.064611727137121377e-03
6.633374655482693338e-03
1.298163819732134350e-03
7.320718528714798001e-03
4.058657263832865514e-03
1.734599403265979500e-03
6.870812544502058472e-03
6.132869877873758924e-03
4.134816771235172439e-04
1.729893494312906288e-03
4.236297807193423193e-03
5.824256782567649449e-03
3.297660913763489354e-03
8.583802000489137995e-03
3.699829542557042661e-03
9.153911884551835243e-04
5.932822963108208558e-03
9.768688883044163163e-03
3.370251738480989356e-03
2.050527470234264626e-04
5.752445084040547219e-03
1.092422542333937319e-03
5.436325625562399289e-03
2.054512828191273899e-02
2.311428549241656416e-03
9.448974943168653162e-04
2.015167169372777956e-03
4.568632076940026820e-05
3.157179553236910685e-03
4.685624902915963563e-03
2.185780252887903341e-03
3.582358418551034873e-03
4.268252067223865520e-03
1.088010617564527660e-03
4.119259267898800481e-03
6.087703552951767572e-03
1.909040555571284159e-03
9.398358885722185585e-03
5.103983098452780087e-03
2.724584167554278125e-03
3.471051761462617957e-03
6.666982026121925919e-03
3.760776136627785871e-03
6.083592941204668536e-03
4.749728820964915776e-03
1.484066802415279218e-03
1.002130067473405717e-04
1.586615994608658875e-03
6.072252670200062319e-03
1.523586347722455381e-03
2.469105773897889433e-03
7.072817654671659238e-04
4.810923992298876684e-04
5.627188607818800481e-03
4.869809356939092115e-04
2.879325316641839771e-03
2.155239444731366083e-03
2.311132134427545948e-03
7.043709086603233693e-04
1.740000381080075709e-03
1.081517270020260213e-03
2.641680556430922588e-03
1.420526302972333066e-03
3.700654229533223427e-03
7.771276706701885084e-04
4.687208882265384013e-03
2.107446870295834329e-03
9.958093202630982632e-03
1.051995212447476291e-03
3.896688960060540330e-03
2.962569555850336211e-03
1.395851329527728057e-03
4.736694006177127880e-03
1.511735006582762275e-03
2.985043190144642811e-03
3.145882421529494488e-03
1.410319012379716158e-02
9.626299663072046542e-03
1.456312326156290748e-02
3.874807316444406347e-03
1.118112525366794785e-02
7.280292667489696168e-03
6.734899025850837884e-03
9.335492572516423948e-04
9.146557382493147870e-03
1.340284282373960245e-02
8.338577170513505887e-03
4.684235463915775721e-03
1.395741628266389256e-03
2.986046877552828160e-03
2.984419882144484504e-03
8.317048592439091337e-03
3.313946758759178657e-03
2.686868301849165697e-03
3.016775349135802919e-03
1.649578267568541090e-02
7.425337121509278937e-03
3.725292925059076055e-03
5.303487695238806587e-03
5.776428814589951166e-03
3.033886282381215160e-03
5.652777588938340259e-03
2.721811923395600630e-03
9.787527060153289327e-04
1.332119869092429632e-03
5.763784766096180512e-03
1.492496980228574799e-03
6.560157221883078371e-03
1.346949343102965546e-02
1.167313254250712529e-02
9.763579535180921809e-03
8.242049944050200416e-03
1.569719078831266490e-02
9.251339787207712995e-03
1.222161977436653224e-02
1.062903716279228750e-02
4.605612260062397212e-04
5.222201671750137386e-03
6.131389415778731866e-03
8.881029389963823739e-03
4.421088768756020748e-03
6.585809384960006341e-03
7.127029888965075166e-03
7.332633277724043275e-03
1.100757911488703389e-02
1.630512896373381704e-02
2.592113359428260821e-02
2.865891747662563382e-02
3.109316062162326144e-02
2.220764382489748279e-02
2.647008532774219880e-02
2.044548778564747593e-02
1.653392701261313658e-02
8.278126670954177868e-04
6.579809302489914025e-03
1.283704423222342683e-03
1.048248073966873140e-02
7.608261848532471561e-03
1.776328482577582690e-03
7.341569383374935143e-03
4.617337102045926400e-03
5.011027009275914601e-03
2.369276367408357231e-03
1.498895153017376636e-03
1.198043959609318421e-03
3.546101882854757470e-03
5.244265298669059661e-03
4.551432800728560935e-03
2.266936073402114893e-03
3.344103313395518917e-03
4.260250371090901211e-04
4.336973094896001690e-03
3.965205573431496155e-03
1.003835267976738166e-02
3.358443965113644403e-03
1.462567144822846110e-03
1.153327779437762768e-02
2.027986596622843862e-03
2.419760817868987779e-03
6.728299191590569883e-03
5.342855532478041347e-03
3.224966440552590186e-04
4.996017461598167841e-04
7.461554218367583147e-04
1.604010670931188542e-03
8.008621728153531016e-03
4.732301763480495360e-03
1.582828584748230405e-03
3.361926920501523419e-03
5.150702331453926863e-03
7.718811060754560138e-03
2.865327121467586835e-03
5.423780373642717034e-03
3.228300914015491685e-04
1.626141252718538155e-04
6.479665815159130204e-03
1.929744993950877063e-03
6.177570389892250713e-03
5.452210424404246858e-04
5.612266793587672442e-03
4.031457266662985539e-03
3.015253527766714736e-03
4.883806434880566538e-03
4.895857177484141953e-03
9.113032014282929083e-04
1.496430679912896800e-03
3.942025608428267880e-04
5.299763621026687410e-04
2.782646805358446329e-03
4.964913409960636237e-03
1.756144433955109108e-03
5.820347482853927001e-03
1.388239140476643652e-03
4.269202771605529190e-03
3.010080930897662821e-03
2.679774307557281077e-03
6.994711648912077528e-03
1.873003287596042288e-03
3.158027685278230745e-03
2.617787514500868884e-03
1.014715541756106010e-02
6.479535022731852667e-03
8.861918094565379711e-04
5.987643976136103330e-03
7.315744885590946822e-04
4.040197557686975305e-03
3.069742807117858963e-03
5.926806641481707771e-03
6.942035345211539088e-04
8.132578978856080942e-03
2.733214277837764383e-03
5.792641762275174688e-03
1.076861773322917992e-03
5.155130360359749808e-04
1.249064011946965369e-03
6.994923740178432547e-03
1.369595913253501829e-03
5.433711822937309366e-03
6.174452353122084070e-05
2.850410654059692961e-03
2.899667726315446892e-04
7.029257895114965349e-03
2.332393259281723141e-03
2.506971201478580547e-04
1.627327935079081467e-03
6.642574541884355144e-03
5.350681954429753473e-03
9.683920131275391974e-04
1.156777618011750608e-03
5.678514282021290827e-03
4.818375762984383748e-04
1.234726413313319560e-03
5.349453296774525635e-03
5.096253106613365946e-03
1.404341370309508674e-03
7.923252460583715684e-03
8.533647705188315835e-03
2.887308835876206681e-04
1.170146102400113075e-03
1.633273112860156306e-04
2.970307396669619182e-03
2.767671009641634039e-03
4.429138516683223115e-04
5.503785492725635220e-03
1.414594988513470653e-03
2.804780965225045497e-03
2.773325530956438634e-04
1.272975784092647555e-03
9.586356204285828575e-04
2.370985051202048610e-03
7.877675039794224121e-04
5.965177482371714079e-03
5.459865904439378803e-03
1.959957997564598653e-03
4.495020495156959450e-03
3.841264753060985582e-04
1.370746514815314454e-03
1.172695012871330378e-03
1.022577080888639744e-02
4.598510024707430643e-04
5.973513733936841597e-03
4.740265289567113793e-03
7.155201877254879772e-03
2.798301598967933845e-03
7.405710880605209656e-03
1.867730489431007612e-03
3.686967456020429079e-03
6.662513396272773392e-04
4.002518478880445763e-03
2.415433686469736774e-03
1.181389440142099900e-02
2.400584016715390234e-03
6.227624189334091120e-03
1.110778573863624441e-02
2.637995414969118713e-04
3.374093692590118820e-03
2.430840404248235664e-03
5.159192396608669462e-03
8.415084546611328875e-04
4.655887144141002132e-03
1.274260225444412420e-03
6.602739371818211467e-04
7.272474002639750523e-04
1.380707758751098524e-03
2.147520463558261206e-03
1.116551203299787076e-03
4.389890670641993786e-03
8.401757461012793193e-03
6.520992959873184169e-03
1.621021923662313569e-03
4.535277609439058999e-03
3.040243541377662950e-03
4.475017654231860931e-04
6.428613317260856164e-04
6.915586996036005019e-03
5.816272219225648854e-04
9.733515977853324230e-04
1.008122049120929731e-03
4.383497309784267770e-03
3.561194935719602661e-03
2.205592594523131389e-03
2.685534459762051185e-04
5.365528393679763752e-03
4.706566724969496462e-03
6.081627968782088445e-03
7.117397786457146935e-03
4.483083432101908627e-04
9.052134535982414576e-03
5.000403576434608865e-03
4.337038604161902455e-04
9.223566703619456852e-03
6.092810779793067510e-03
5.380824617417956368e-03
1.750069641993312608e-03
5.187519865219925030e-03
1.315726776520309560e-02
1.566379267938311504e-02
5.444829630894321149e-03
6.658275580183614650e-03
3.771125995915558526e-03
1.002170771306376551e-03
6.082353390190031739e-03
1.080731297312076400e-02
7.668204760054142533e-03
5.981423153914366964e-03
3.709003927039655757e-03
1.770725112273718871e-03
2.424261047885289955e-03
5.855205251891926199e-03
9.635479722921502788e-03
1.422892825896215907e-02
5.870645819228581530e-03
5.339837544173664519e-03
4.568152589472018743e-03
1.230953561815018027e-03
1.340386020928174826e-02
9.959168522084671515e-03
7.082389812226808079e-03
5.502523681722160109e-03
9.205736091724814329e-03
3.579047180777228387e-03
4.621801503608358175e-03
3.459892494220961900e-03
2.074005355178931698e-03
1.124372930499939471e-03
4.053217197820702111e-03
6.371146736376953612e-03
1.645956530689218766e-03
1.190749157033577088e-02
5.999649080679625435e-03
2.525835555775901575e-03
4.666597734015121013e-03
2.249686109698223468e-03
4.586061118028172956e-05
4.419799593458062503e-04
5.689302458500300474e-04
2.709896634438879737e-03
3.451176927910137859e-03
2.807391144730830845e-03
7.817530378843029482e-04
6.518437775721031002e-04
8.470676889944184218e-03
5.383721278091779805e-03
1.917814352807634126e-03
1.896150941671392864e-03
1.067116432068637710e-03
6.504080493957564713e-05
8.766373716586062237e-04
2.466095972976034556e-03
1.870116831523549461e-03
5.499207177498244281e-03
3.944846173501270759e-03
3.133656229880543709e-03
2.307553200283585237e-03
2.245273296732686052e-03
2.640334839297708847e-03
4.820493689756955025e-04
2.685321158472170344e-03
5.046364129233232854e-03
5.260184171958087740e-03
2.373917017892246406e-03
2.215484333033701514e-03
3.409770821866914270e-03
3.712320631635290802e-04
5.521766565517172154e-04
4.157894268381395753e-03
3.388615320897764294e-03
9.732193777704234439e-04
1.885571534424951290e-03
5.176306300523431103e-03
1.070452606998811840e-03
3.142928123932936524e-03
2.438292096015287624e-03
1.999083151541236614e-03
4.850370866932268710e-03
2.976556948082575982e-03
3.278092993620779216e-03
1.860852370030363634e-03
5.273126553467788469e-05
7.609584568939731231e-04
2.083677563366054253e-03
5.160188319697583959e-03
2.598447128755454472e-04
2.487924649472395000e-03
1.322118345790060379e-03
9.095765790020776675e-04
1.013613385612126272e-02
1.243574348703625765e-02
5.488866952350429651e-03
1.446000840555558553e-03
9.670005851147300824e-04
5.757246265443577427e-04
4.186783563147306042e-03
1.965466832640774819e-03
4.515819423120265297e-03
3.122047826734447584e-03
3.502575400754479040e-03
7.572731923015441069e-03
4.118556241425250231e-03
1.275742947237491765e-02
9.613517818767430834e-04
8.204975672077438609e-03
1.458244063165137216e-03
6.194153588933472288e-03
8.412335844756368974e-03
6.708277094769198035e-03
3.533442586519087991e-03
1.741960605120135286e-03
2.210547098755611534e-03
4.407163675912380285e-03
5.611174583824613676e-03
2.359486022597806487e-03
2.691947790948098773e-04
3.053456956948696899e-03
8.298349192084331083e-04
6.897382369210808273e-03
1.511833421701247460e-04
1.302227763465335642e-03
2.825892659727019529e-03
1.127761207249833308e-03
4.264139830659374741e-03
1.657146499654538196e-04
2.580347240173863632e-03
2.955037788396286391e-03
5.227313630440211245e-03
2.256383283400442696e-03
3.874373257133634230e-03
1.457839490261225723e-02
3.651074931494302511e-03
2.165123275957414606e-03
1.238409256228534261e-03
5.855450953303642514e-03
2.012591118844997418e-03
6.912950250812954778e-03
9.456579534205089566e-03
3.678104685856053990e-03
5.848426862361089107e-03
4.355801340960585577e-05
4.495544504124593388e-03
4.607432069534844743e-03
1.642563165534682845e-03
4.831846333932521276e-04
3.904211553729330930e-03
7.813971274932662858e-03
1.277006170355243775e-02
7.649355843809768629e-03
4.314969441125859895e-03
4.812058567589927449e-03
2.692366595154371822e-03
5.247923703846413268e-03
4.051419018448187970e-04
6.370527284298432846e-04
6.698145198468896666e-03
7.182671985924149460e-03
2.132396311728124161e-03
3.752775886244896775e-03
6.835693686052413121e-03
7.207160938221268687e-03
2.435498709761896308e-04
2.559015265158892660e-04
2.022504602384511685e-03
1.426770299862711866e-04
3.565732131105558977e-05
3.160955183692304438e-03
3.308259418100312210e-03
1.271261188537919917e-02
2.471418894212540351e-03
1.455736061383161584e-03
8.004921348904403544e-03
8.349794156725875993e-03
1.336919838807903993e-03
9.443134995895108297e-03
6.736160100433763454e-03
5.136552143729544717e-03
6.433973947043147845e-03
6.701956269455355830e-03
2.589785350591067292e-03
5.758235397785749221e-03
3.391936738734169232e-03
4.081102031214089987e-03
1.446917514346113265e-03
9.639602906354460821e-04
6.207253391042000246e-03
5.304155735553983675e-03
5.774897473668216819e-04
3.302515037213460403e-04
2.871926638427835243e-03
7.180802883906489686e-03
9.453120468192799386e-03
1.013737486778820696e-02
2.695073750532683832e-03
1.642987831442233038e-04
8.726178408960061361e-03
4.962828242643935184e-05
9.093066567468832684e-03
1.491237144568557937e-03
1.733695833525672469e-04
3.192389274275897471e-03
5.144659186111344429e-03
2.192967410931001560e-03
3.615353550662003812e-03
1.402872768890062183e-03
1.012227895116235565e-03
1.347197239122133183e-03
1.383852253125206211e-03
1.673514781571477927e-02
2.154493212321789697e-02
2.903448625624915902e-03
2.835624494325339473e-03
8.129811171819767424e-06
4.295186222457725300e-03
1.348749575911634135e-03
3.400514406043997351e-03
9.510519684803764306e-03
2.968810616711947681e-04
1.609586005399621378e-03
1.045096971975467692e-03
2.610391953989099623e-03
1.029175118550551549e-03
1.293671309698096739e-03
3.992212847135911957e-03
2.061610435611316294e-03
1.419062290120398639e-03
1.723421787433732089e-03
1.901653049299373288e-03
3.507714966001496126e-03
7.123488988486914586e-04
5.189126628908136141e-03
2.744006893165229499e-03
1.203263130530513036e-03
2.165166222853759370e-03
4.027910772317788712e-03
6.590247565402246321e-03
1.755439583070200760e-03
2.498572937052717657e-03
1.021105295101848442e-02
1.351593301678249981e-03
1.083007154706328024e-04
1.887738955043960498e-04
2.112405939384304210e-03
1.526073473364919497e-04
5.689273490735197170e-03
1.014896587357330682e-02
2.550606093363633198e-03
2.403056379454870939e-03
2.224496398248732021e-03
6.968180814323488015e-05
9.146110757112801970e-04
1.263244390908607739e-03
3.479672593372257206e-03
2.834953049750399412e-04
8.618124303221647020e-03
1.443851058089656858e-02
5.199836061584223179e-03
2.807115567160609060e-03
7.418717169075689233e-03
2.818443005785098432e-03
4.184600191698459315e-03
2.295967092741380000e-04
2.158283244244524335e-03
5.772820951317481075e-03
6.097458019417092978e-03
9.169095116357883768e-03
4.119437286806693077e-03
6.735946143941670683e-03
2.842360638607016599e-04
5.201049164367699262e-03
1.468048339735211760e-03
2.789638735042412887e-03
1.082860135774910137e-03
2.975063721680500095e-03
3.048108790867809503e-03
4.195628951449592581e-03
7.268661491077500758e-03
1.122122017604212929e-03
5.103446627501187494e-03
1.109132250944631914e-02
5.997372478058968226e-04
1.974406368749292984e-03
1.675151166888974585e-03
9.538044930619729578e-03
6.026402617363542380e-03
6.368596072247333789e-03
6.090292751175417629e-03
4.478030988296154147e-03
2.736612931946470761e-03
9.040637980176517013e-03
3.123734767495080916e-03
2.104495553088142623e-05
1.241880929075345197e-03
7.663280837097150022e-03
5.860343331563766522e-04
1.484200232215265869e-03
6.051671500613697852e-03
3.822060537468807695e-03
2.042113192085137641e-03
8.103476513748875121e-03
2.712552801063528030e-04
4.411007583783543851e-03
6.831194535812434854e-03
6.928192657661980114e-04
8.385550284128018284e-03
4.150018150005374551e-04
1.128750771016251431e-02
4.233529053561668754e-03
6.814504248389252616e-03
2.385709955482040456e-03
8.174213936933405478e-04
5.434691729292562279e-03
2.716249064522946455e-03
3.883125325242486880e-04
1.334162307057185082e-03
3.492160386764586733e-03
2.169266497231925328e-03
2.975738414065731696e-03
4.094559683580301090e-03
2.166055085134899194e-03
1.399157426920427660e-03
7.094896993152466358e-03
5.450539773778073638e-03
3.054326401964901905e-03
2.654149522650639526e-03
2.544943039153313435e-03
3.480306545725952994e-03
6.972524643014121892e-04
1.457824551977848770e-03
5.244344351240215474e-03
3.091661604817996789e-03
6.561070790193079816e-04
7.225722365350906173e-03
2.243292650097372665e-03
1.080852109005026040e-02
3.757278883154135940e-05
1.876120463365271718e-03
1.978831836719763260e-04
2.547570055130399247e-03
8.837265412475758808e-05
3.843892898561240834e-03
1.155180897384633365e-02
3.758284046033955050e-03
2.494422607347557275e-03
7.705664863001393527e-04
2.737536801274087495e-03
2.322492813629506436e-03
4.325067728327525174e-03
2.524288776439842508e-05
8.591007318690335737e-03
1.043924135346152582e-02
2.459296007943923001e-04
1.142838483219943413e-03
3.990164493607117890e-03
8.592354309918892596e-03
5.922022675953320103e-03
8.674052786267760773e-03
8.384306558821053024e-03
5.266047911522964142e-05
6.005111604136970094e-03
6.440402203424122618e-03
2.166286156661367812e-03
2.672318162746101233e-03
1.024721778272730255e-03
7.499000478849993101e-04
4.623502263411960467e-03
1.220043148609123440e-02
9.553375023243659836e-03
1.534902355903922100e-03
4.801446750224425131e-04
1.964385340001373326e-03
3.272172810316276159e-03
8.160274706544790035e-03
4.700864858597331164e-03
6.065247503582116284e-03
1.167220878896091385e-03
9.688186523367781078e-04
8.398151594283254084e-04
1.733428459027464008e-03
5.251361165014567511e-04
1.007017451000180586e-03
4.805417265620059997e-03
6.074681461002873206e-03
5.020102134556281293e-03
4.235752084927546512e-03
2.537606893644461792e-04
1.158586074264777999e-03
1.537752147121096424e-03
4.080032978634628993e-03
2.423558529029978814e-03
2.732197574302097642e-03
2.635318130690456062e-03
4.714633870046724962e-03
1.341831414316541071e-04
8.828096238558402753e-04
3.043354085282001797e-04
2.249726260031281733e-03
3.127475569367987873e-03
1.414660115091004311e-03
1.956920186041599674e-03
1.323966662270581462e-03
6.961534937627300579e-05
5.546415109680236100e-03
1.141293920334407463e-03
1.114706617314553672e-03
1.488378694684266978e-03
3.927788718489366726e-03
5.319397694386773789e-03
5.269046501948010386e-03
2.835310480201025385e-03
3.923837869662577527e-03
3.340857389530216270e-04
2.251288628756120680e-03
3.635022669447512955e-03
1.148470012265423446e-03
2.472105717511635659e-03
1.610666638495406033e-03
2.107669700021935766e-03
1.800146479560948976e-03
5.205858962690712577e-03
2.344740166098646661e-04
5.471695703096773888e-03
6.261234727555270441e-03
1.178256561061935548e-03
2.191542719629457903e-03
1.320654516972802339e-03
1.835931739419982556e-03
3.920209100788663026e-04
8.609206791764800748e-04
3.599838861386234212e-03
4.720515289577592588e-03
6.246028291714667002e-03
2.698173592265290521e-03
3.102160611323040440e-03
2.879579447305283257e-03
2.290195720500015630e-03
3.264151349476468456e-04
4.959715773974193720e-04
6.568741100040215164e-04
8.104227937597713316e-04
5.978218462880241502e-03
1.179383137433875905e-03
1.604413471153795512e-03
1.879658094339764496e-03
1.323040570945163696e-03
6.999310128334296222e-04
4.801417392636550541e-03
2.550095057870280235e-03
1.060164919221798230e-03
6.734545343680738150e-03
1.720170847956573046e-03
2.307563656783501171e-03
3.186955043021903744e-03
2.042059689306818804e-03
3.922691352328949721e-03
5.514170468577349327e-03
4.120817927864478536e-03
1.452724115849624020e-05
1.586857353566215045e-03
3.718723883436247934e-03
5.368161786648742440e-03
1.782735179935480280e-03
2.906697024428857995e-03
2.290712787750379120e-03
3.777275100393783641e-03
4.250788328321236653e-03
3.954746749111025250e-03
2.296144988322187941e-03
1.711115290133163880e-02
2.711795772551095496e-03
2.684862239597490818e-03
1.112864751798042784e-02
7.776330899875172342e-03
5.489135971728398289e-03
8.385583051596867676e-03
6.726984275112701805e-03
2.245632897799332284e-04
5.503252488501753081e-03
1.204563839635447442e-02
4.479678705271328276e-03
3.837581574444137722e-03
5.226760968896959625e-03
3.334506498446576650e-03
6.114489948449985945e-04
4.482617949359779530e-03
2.421181676002692740e-03
2.824376985833265685e-03
1.006956240834799843e-03
1.326511687937403927e-03
1.186644318489360472e-04
5.296033736881478049e-03
1.404596138372515846e-03
2.224044369781852382e-03
3.885364845170879988e-04
6.050084438802283415e-04
4.283769814419136068e-03
1.217575063096165700e-03
3.385267642995182236e-03
3.817863156575174166e-03
9.824940888221167512e-04
2.279124641077490132e-03
1.185619073399646339e-03
1.288961819321143842e-03
1.688358005226930914e-03
1.475630419810469718e-04
5.681203584852356769e-03
1.992405027854804445e-03
9.250105799574193099e-05
2.031515543586048800e-03
1.495441742142888941e-03
5.719341056862892181e-03
1.188176516288108608e-03
1.553080067099310568e-04
3.119531129491925903e-03
4.359535709589468233e-03
1.227064905839903020e-05
6.174723874194154583e-03
8.248069069979879764e-03
8.637782072994815152e-03
7.258058524266419731e-03
4.272170469983294083e-03
3.077964366032137633e-03
5.249804819845382831e-03
7.440251570820510807e-04
4.688420405444260197e-04
4.024967487487374207e-03
5.047788380091122740e-03
3.573190562426553640e-03
2.187699121823261095e-03
1.078152609583549193e-02
5.545489459121810683e-03
6.858988862801229658e-04
3.484786594178057584e-03
5.505685589916708977e-03
2.689438374536834431e-04
2.497634603516374341e-03
5.579080357657195677e-04
1.321867795087527941e-03
3.036405506548656152e-03
3.126614267869309849e-04
3.735354677703028869e-04
1.273231593638457504e-03
3.273107752111481528e-03
7.290377190274865971e-03
2.300560541943053039e-03
4.155481188965304273e-03
1.318891444427650050e-03
1.127961004833755165e-03
9.157656788629231492e-03
9.290780588563529729e-03
2.087279967708910444e-03
5.426854262499780646e-03
3.145894308204832956e-03
5.468359673175826607e-04
3.855494362479339188e-03
3.786363684545712704e-03
4.836172804754956811e-03
2.760431104365967947e-03
4.192694258151830056e-03
5.250220684749340450e-05
4.239098853073497430e-03
3.357872977840348216e-03
1.721297302544888552e-03
8.007250672415200388e-03
9.959979050840894743e-04
1.085514744931570519e-03
5.266661630527025295e-03
8.449521608234200620e-04
5.546560554758606099e-03
7.145155607620190530e-04
6.147110610434936007e-04
3.647843746868939530e-03
5.900331800785529879e-04
2.323303100053131232e-03
4.718676435983337747e-03
2.314329944111237491e-03
2.459650574463623229e-03
5.174924542555858764e-04
2.412113857682363083e-03
1.202240169793478142e-03
3.407435015248372334e-03
1.873237776724157033e-03
8.418846910920319004e-04
6.161285642253711003e-03
9.449632780265115883e-04
5.603274222064830168e-03
3.009424074162991847e-03
6.828737623081171382e-03
4.591414350735206762e-03
4.229667862897301678e-03
3.624494226250829509e-03
2.583351320555427044e-03
5.265391630914079135e-03
2.124500259911565880e-04
9.134676440725325586e-03
1.337038322461209239e-03
6.954437215505759884e-03
9.888622300966432022e-04
4.348254261927197994e-04
7.636624101457711866e-03
1.086859178597576747e-04
6.440777165232947077e-03
5.715313893759343955e-04
4.845683302485831456e-03
4.017731489794562627e-03
4.368294103121173055e-03
2.803298323925229596e-03
6.297402164393894886e-03
1.103757092217216851e-03
4.668120775730977279e-03
1.621372190665132385e-03
3.987051665811230938e-04
2.826198823471265387e-03
3.029569293686251719e-03
2.540886229362243620e-03
1.866881720583607462e-03
1.106022720087571076e-03
5.824929238553780420e-03
2.494399097854566039e-03
2.675300560409960005e-03
6.295871197247629447e-03
4.027153679137376874e-03
3.621253774183846863e-03
1.208206592348784469e-03
1.347372731456020212e-03
4.836151570141306033e-04
2.790062436845236471e-03
1.049864864208263637e-02
4.208465730830002194e-03
4.349076275918364876e-03
9.321989988730725041e-03
2.891655070186592569e-03
6.773280875214740537e-04
2.041132009665859448e-03
5.910545536305933378e-03
2.866689362191317259e-03
7.844013002977393012e-03
5.493705134043722071e-03
2.123385305357584907e-03
7.418397685938445119e-03
1.161407705985846583e-02
7.386036372816234818e-03
4.256222283871180512e-03
5.694075678078697189e-03
5.326148748575787462e-03
5.267827803548813526e-03
6.039441167820513989e-03
8.444198122629920089e-03
4.050951668668312244e-03
2.849452134232544065e-03
7.708357619229277979e-03
5.849878021960130958e-03
4.171364966379931261e-04
5.253292776816298471e-03
1.082996406039526960e-02
3.639398657576564666e-03
2.054316053949900578e-04
3.292996287521221532e-03
3.758595293980482310e-03
4.240629116849525815e-04
6.810244955530619926e-03
1.272320389456016443e-03
1.103405206014707041e-03
1.935480614944973254e-03
4.045760975784906677e-04
2.099033899405577941e-03
2.461502264245352123e-03
6.829471149755184101e-04
7.337603067794074008e-04
5.704733545572993059e-03
3.027744105332019764e-03
3.149493373533318596e-03
5.275622753938447040e-03
1.422161150738676660e-03
4.790622437976232995e-03
1.358753122386091583e-03
1.736993491227689645e-03
4.516566898484675185e-03
4.613668251615354876e-03
8.519064329370884536e-03
4.244208999697129947e-03
2.662507950981884974e-03
2.006914633754686150e-03
5.246159272628059256e-03
4.146514382915356123e-03
6.255003442123596713e-03
2.132240780696070814e-03
1.912189180400702959e-03
2.282348288785374102e-03
5.112841813085133857e-03
1.705711066204540494e-03
2.807467084247838862e-03
1.038081878701913041e-03
5.473070161736703909e-04
1.669008582726561052e-03
3.472937095142403230e-03
2.170506472946143184e-03
5.401490946115528047e-03
3.017329748503660980e-03
1.105037107369089000e-03
3.291403211582943911e-03
7.379041840291034049e-03
2.502984256458229417e-03
3.976745571774409349e-03
6.490208776366523935e-03
2.339764197097693454e-03
5.293393644630661754e-03
2.405095189753181373e-03
6.495902467288816595e-03
2.716216300015394935e-03
3.627605676565837101e-03
6.219252933608476752e-03
4.775517291374486994e-03
6.083326817239997908e-04
5.459729898660281577e-03
3.954349240613941330e-03
2.978268193302158195e-04
4.058008326485396111e-03
6.254229312686043762e-03
2.041444961543570358e-04
3.411399108858015339e-03
6.452620775772688333e-03
2.613581916008411721e-03
5.570987847251573921e-03
2.923674844176216148e-03
7.997227959634090055e-04
7.511269143395393755e-05
5.648955555705770237e-03
7.843031776688658141e-05
4.920849895912959848e-03
4.681717739969504244e-03
2.105478149332651316e-03
9.596555827675601336e-04
9.037404861548248292e-04
2.367042971408994667e-04
3.860926124350461119e-03
9.866149441107863183e-04
7.295871176993207197e-03
1.174915807396648137e-03
3.351393910118460884e-03
2.065868991120711762e-04
3.884506320632308274e-03
5.904007033539215854e-04
1.151129563110586673e-04
3.020362129949827334e-03
2.411410663772095564e-03
3.496155877897810793e-03
1.336159567835615292e-03
1.275459732699713022e-03
1.535042378458806311e-03
1.188677252849656973e-03
1.452122169442737754e-03
3.716764172540187872e-03
5.117874439727776448e-03
6.290920344300843237e-03
6.355517465994553472e-03
5.493417393712618502e-03
5.168209266498857701e-03
1.260031070085043670e-03
1.412221920562561905e-03
2.269527336954679786e-03
3.222636962603109279e-03
9.560402519871447069e-04
2.579696698497224716e-03
2.390234456117912298e-03
1.196740394677597852e-03
4.209333859451463988e-03
5.952772774761666552e-03
3.613569795481524904e-03
3.008487390341735290e-03
5.792418151866818299e-03
1.893717020577390109e-03
3.863181142725324868e-04
2.196074601709979701e-03
4.007882087615877165e-03
1.995272571926581806e-03
4.093864413569403560e-03
1.841282740659699879e-04
3.577933091831075885e-03
1.164451661351428857e-03
1.815358677841438784e-03
1.372069903716160999e-03
2.015228802568214128e-04
4.712513702410214833e-03
7.019609156949324635e-03
3.236414679522237048e-03
9.572067905996850534e-05
1.352478069604950983e-03
4.825697652694943551e-03
2.346601413165921857e-03
2.307866528692387176e-03
2.153031712458397529e-03
3.637096528655014982e-04
3.674738543384403755e-04
3.815291984443497375e-04
4.383276344085335063e-03
4.894841147269457515e-03
1.649443368225006479e-04
5.203588964927174931e-03
1.061306852961463321e-03
5.469611403697421936e-04
2.181870836413107861e-04
4.452473459579664450e-04
5.886466184591293560e-04
2.878593931509423887e-03
4.412638296715523656e-03
7.978563473873434564e-03
8.134678308130222080e-03
1.230873029448284472e-03
3.731173917068536516e-04
9.644420670973929965e-04
1.247458371229587248e-02
9.889471916575617860e-04
7.070278167594493124e-03
8.615893269160082579e-03
1.107552914336798477e-03
7.659807792240874713e-04
2.627908856376384716e-03
2.122174558411071832e-03
4.488428611942318902e-04
9.820950707367659405e-04
2.290585303434122810e-03
5.509431366627626225e-04
2.812572392492995732e-03
5.787358250445906460e-03
4.380936974930693673e-03
4.383693532035326523e-03
6.201534284074772252e-03
8.828484355358656721e-03
9.139737872874809099e-03
7.351266777878784353e-03
6.411583028029799181e-03
2.657306064054232309e-03
3.856340421392046025e-03
2.770874133772749381e-03
2.394975958354250700e-03
1.020532995659406694e-03
2.551199351547905891e-03
4.436798525428553575e-03
2.459298900250539432e-03
2.093635789927161817e-03
4.206335446895859143e-03
3.566528683509262443e-03
5.209164937088117675e-03
2.595306811004505221e-03
6.674500231691471441e-04
3.238052157374826656e-03
5.628938110411318974e-03
4.083672900356383195e-03
3.330174046381029207e-03
4.156864207256805166e-03
4.377938862916597174e-03
5.434841073006069223e-03
6.895268050919778346e-03
9.869248943810138286e-04
5.048840832474699170e-03
8.628697577314214939e-04
5.924436840147762062e-03
2.602377268047018077e-03
3.946988668254047816e-03
1.843517311425957317e-03
4.997584964319679024e-03
1.426402047858599254e-03
1.381594555798226764e-03
1.302883777961316714e-02
1.523130607443667905e-02
1.835278734483514196e-02
1.471857632248141368e-02
1.180344413075606891e-02
8.226681416653502943e-03
2.232273639651394248e-03
7.741316269704978659e-03
6.346576054750086016e-03
3.137163139010357149e-03
2.710006413937149361e-03
7.309192640351125370e-03
6.169937203229780565e-04
1.162454785385735878e-02
1.345138361913966740e-03
5.293203559539660930e-03
5.701164793777024897e-03
1.386083616516364803e-02
9.216073029636784320e-03
5.474403321825693780e-05
8.308777106942222268e-03
1.018848848233000481e-02
4.327143609386019385e-03
9.300344693823348052e-04
3.565139903485281536e-04
1.175450749159945296e-02
5.505792454866043073e-03
8.596071699266127908e-03
1.193986096318822021e-03
8.430373277763192341e-03
1.595383366661873303e-03
4.501646965819894319e-04
4.868789628054148722e-05
1.393209885113821933e-03
3.867781401023506760e-05
5.554358866426412078e-04
1.830275214640852965e-03
6.496351442475511995e-03
3.281642371866233532e-04
6.400542752947768754e-03
4.576533846925356919e-03
4.167795221397319061e-03
2.008098553870185654e-03
6.382598695292118762e-03
9.277453815255687353e-04
8.140820599755571596e-03
5.881025041239440476e-04
4.241294743960566382e-03
1.763338083975440895e-04
7.600010506141285926e-03
8.717724679425942202e-03
1.000428057143787353e-02
1.322666008908290891e-04
4.822831544916195146e-03
7.146006440404306659e-03
7.747122041283915905e-04
2.148972658185477336e-03
8.424795003353968692e-03
6.850100158212857338e-03
1.733316293471065528e-03
4.776547205764813953e-04
2.585107293154975672e-03
2.003098600971364718e-03
3.986650100478605907e-03
4.929760277422312598e-04
3.010271353181381837e-03
4.405929916610096253e-03
3.159032968558128651e-03
4.901796620003673333e-03
1.996829463516980319e-03
7.496943414380674575e-04
7.850072694079779367e-03
2.869746986616239504e-03
8.114479469281954405e-03
1.408269485391105968e-02
1.917424939022582819e-03
2.153537590562604187e-02
2.777434128660694057e-02
8.372038879388810084e-03
5.260642262432613236e-03
4.806944188500639203e-03
2.478974268584954732e-03
1.080466722086892428e-03
2.814745609571955853e-03
4.023293316503195882e-03
5.163990437174470483e-03
5.071975706772091641e-03
1.861113080624560157e-03
1.853616760474879888e-03
5.811308168867462820e-03
3.476815748144734819e-03
8.130693162359620141e-03
2.074251785966929607e-03
8.983669430107088516e-04
3.340689840434729607e-03
8.048335218262259172e-04
3.933926726339603830e-03
1.974816698605913468e-03
4.245173848835243069e-03
1.021398879302901075e-02
1.496509007532176305e-03
1.351495151530324179e-05
2.960115416774156127e-03
2.152136319275826937e-03
3.095120320623728771e-03
1.760941126684040237e-03
2.856516014573678985e-03
4.036739904623942721e-03
6.637159743186349381e-05
1.377665692102986172e-03
1.688322524631802324e-03
2.405115721874587220e-03
4.554179250159662296e-04
2.527825274670728040e-03
1.481206484170105586e-03
3.225647088377914251e-04
2.323532355524737802e-03
3.393530250116461033e-03
3.993859407459138255e-03
2.892349026860613348e-03
3.583391001975216872e-03
2.214606004746738632e-03
1.324830766748816280e-03
3.879545312024793025e-03
6.294532534896618570e-03
6.427488283924781554e-04
3.389118030415971816e-03
1.392915865352895022e-03
6.477702060416590246e-03
8.946030240572590275e-03
1.601192237858295453e-02
2.368858929940001468e-03
7.538141295126823960e-03
8.151229366985257574e-03
3.292701016285398685e-03
6.381704748979449837e-03
3.363510073572606451e-03
5.519427026928591662e-03
7.997583899200855218e-03
4.756262028354940607e-03
8.407731086431224909e-03
1.023944179997537951e-02
3.661824649810463406e-03
1.161747710317739823e-03
7.215280632123510784e-03
9.171978263489144467e-04
2.030442972713597527e-03
5.189710747038556171e-03
2.612301002755779145e-03
4.868402037621066825e-04
2.140797371463776244e-05
3.848834726556060737e-03
1.469510533635198790e-03
1.463530511392585609e-03
7.751784276044504374e-03
5.143363946860213254e-03
1.785107239918093391e-03
3.540217884515306501e-03
2.764325264759115441e-03
2.449039893139826063e-03
5.024237623073468662e-03
3.740952677031561535e-03
5.239622915395147906e-03
9.593218493281208126e-04
6.463670085302797297e-03
9.983261555763012218e-03
2.062747949527765634e-03
2.012375497045804096e-04
3.595502239256864740e-03
1.045737650588796086e-03
3.139549877517744392e-03
5.572892494302261746e-03
1.921231145630919457e-03
1.692213760435934411e-03
9.911942681056773452e-04
5.046464691674801273e-03
2.860960910625487408e-03
9.424345996831173800e-03
4.602993403418187413e-03
5.147216195300341468e-04
2.823373531882666931e-03
1.375097807749581236e-03
6.623878311224462578e-03
1.232254933263199348e-02
1.637058441083416582e-03
1.388232747450590665e-03
1.921445034683610942e-03
6.759773156675308314e-03
3.753125469383555846e-03
2.413292131339561664e-03
7.336072331708298755e-03
8.967809463344966758e-04
1.289684802533441754e-03
1.528072493005794286e-03
2.035609955820527617e-03
4.995122120230011120e-03
4.244566290500184635e-03
2.191379426033646105e-03
4.894048827275288005e-03
1.086070446063269745e-02
7.981159102532719984e-03
2.488018748153852933e-03
8.018189470575531885e-04
4.109532710176444503e-03
2.504983695778006947e-04
1.256501056057179877e-03
1.997270746677992648e-03
2.386326886973877404e-03
5.093690780705539822e-03
8.815737539580315030e-05
2.567775079728717991e-03
1.538344953327275277e-03
1.324980218171400992e-03
4.593162463062405720e-05
3.292283915986682352e-03
7.780494310019814286e-03
8.388200631129272278e-03
1.037766134010736918e-02
2.291914836454189697e-04
4.410345815466509833e-03
2.548817101682254727e-03
3.018214682735220755e-03
5.553178767774280544e-04
6.755306998336929603e-03
1.540903201008914092e-03
2.212704608217985758e-03
1.015873411433443341e-03
5.171157454191277481e-04
3.253210739451395384e-03
3.520674758472175370e-03
2.949128703910175453e-03
1.948716928071858590e-04
5.547161391351751458e-03
2.186198812097306377e-03
3.457755525210381986e-03
5.608889780049919338e-04
3.926013286163987370e-03
1.945265554925967866e-03
1.675387011667750503e-03
2.387893528755846706e-03
4.547904160695892539e-03
5.001417349799641698e-03
1.685082427353212786e-03
6.966093649569293778e-03
1.476929636310408966e-04
8.309715414239193798e-04
4.134770052761915782e-03
2.883674874857855563e-03
1.117674866160711655e-03
4.882787790665810146e-03
4.859659880051325764e-03
2.640209595943632248e-03
2.706817740814049245e-03
1.085569397373919998e-03
3.127379688900921995e-03
1.463458788870497518e-03
3.205282458978997440e-05
5.660930458676882715e-04
3.346291355003194745e-03
6.328725437267923581e-04
4.030494642028092933e-03
6.064757167358658663e-03
2.018580587224733103e-03
2.828401876926733838e-03
2.010467222782863495e-03
2.174174814153106983e-03
7.064286263234409446e-03
3.907547269312805494e-03
1.086949165547412832e-04
7.008856708997562857e-03
1.316083971887066495e-03
2.660352427782397555e-03
7.594719449632303387e-04
4.336210063340117937e-03
1.109755404233470077e-03
5.062500136625458502e-03
4.452639384568801706e-03
2.945300317544474744e-04
1.511651089879190168e-03
2.126107622373585304e-04
3.996506850313580328e-03
3.006819248615288931e-03
5.364266352769764268e-05
9.232281167577641168e-03
5.467477701386280753e-03
1.346609279256186231e-03
6.729398808638084595e-03
1.596709841585358669e-03
3.345312799713867635e-03
1.794409535262553312e-03
2.507813832275468391e-03
3.061230329386196991e-03
3.429873436683994470e-03
1.380702480141687838e-04
8.365554023104251891e-03
3.397879957525620775e-03
2.385907279414678506e-03
3.696865441886520998e-03
7.736166199266425458e-04
7.736014026512999520e-04
1.506429685492804982e-03
3.821608520894095862e-03
1.063255691109224466e-03
3.714403230145046919e-04
8.271797583650375429e-03
9.497388260812797411e-03
6.696078603670441165e-03
3.493325846981226723e-03
7.030569108523392063e-03
8.672997159617799878e-03
7.034004285477166163e-03
3.999293921318397560e-03
2.280423969853173638e-04
3.991310370703687882e-03
7.974219036097601743e-03
5.993762936617574866e-03
5.697074163692639193e-03
5.573203449182217994e-03
1.329759116481399328e-02
1.187272309175479990e-03
3.162996549897212351e-03
5.831856213757202756e-03
5.764945129640430821e-04
2.400985348184669910e-03
3.048005138215792442e-03
2.039946008758897200e-03
9.009267407524057525e-03
1.167908353714142144e-02
3.938581443634348034e-04
6.929328143006729945e-03
3.350202495338350239e-03
2.338677317175408277e-03
2.931426741087039822e-03
6.444983236649770575e-03
3.456562529728368638e-03
1.266050990456624170e-03
3.730785600122410450e-03
4.238762352047009685e-03
1.689828278602978351e-03
2.626352057980563259e-04
3.342174862389746259e-03
1.060184901023109028e-03
2.515140111510660859e-03
1.145915089214466498e-03
1.606758474869574016e-03
3.353081454936401862e-03
6.278102526924733695e-03
1.937917005206513110e-03
3.973665321641006720e-03
6.413215787870463203e-05
2.088889242349067921e-03
4.871940476538827447e-03
2.817382289832082165e-03
6.257906946516400559e-03
1.877472085921594314e-04
3.838657788408306182e-03
8.571651395286705721e-03
2.072022402463069568e-03
1.742188621803086868e-03
1.388262504931958574e-03
1.682376261266882445e-03
3.822422862885255235e-03
1.157342229893476571e-02
3.541119024115135794e-03
2.391550069137826640e-03
5.445836769369383212e-03
2.497781488079997558e-03
8.612628172157466011e-03
4.429115582304632426e-03
9.478264883848730449e-04
4.831445772175313458e-03
1.405115134986401060e-02
1.935841488987288805e-03
3.545403619042319932e-03
5.648588614708405231e-04
4.936112163345107717e-05
6.006890807627618400e-03
6.273903209102760226e-03
4.004110128401239255e-03
2.254968495680298446e-03
5.990459694822924952e-03
2.429445549396669346e-03
6.197437828633911572e-04
2.999864092575077468e-03
7.226732392079104894e-03
4.362527227246282280e-04
2.891052329860310799e-03
1.854129749296162810e-03
3.071829205862908196e-03
2.393566511525391238e-03
1.028201845189591346e-03
4.764648760338108247e-04
8.075320672284447276e-04
2.412332870487032821e-03
6.765802087331795889e-04
1.124235519259775273e-03
2.412915266731319175e-03
1.977851509881334291e-03
1.862705178153234442e-03
5.225684841133060310e-04
2.843135952220132712e-03
2.369376293831326752e-03
4.111871995475080421e-03
5.545361931437731151e-04
6.813712269251870346e-04
1.199296313383169110e-03
3.481133669785030360e-03
5.712103768374054980e-03
4.081197032941963343e-03
3.671167780399053893e-03
1.315663544230794013e-03
4.209213454714089142e-03
5.857570410816581585e-04
5.382557015005784429e-03
1.394164398476893663e-03
2.871878316990150726e-03
2.919851603951195695e-03
1.768721524334659900e-03
3.140317879155196668e-03
5.969404099142316955e-04
1.081287804017894150e-03
3.870735282385434628e-03
2.395270736403609657e-03
2.117794384393578699e-03
1.337028482837732124e-03
7.667709669988975740e-04
1.343610052696925239e-03
5.678545861306311116e-03
3.437245472270311630e-04
1.413224141431190795e-03
1.118341716921572582e-03
8.893766388611556994e-04
5.055743899681358622e-03
2.101305831077981967e-03
4.034392371890155315e-03
4.282675442255579057e-03
2.407056781966177006e-03
3.074431568650393132e-05
9.155032755741865369e-04
4.696527099233488434e-03
6.171866712761042706e-03
2.130963274787900374e-03
7.821930216483918841e-05
6.802522900610147305e-03
1.520886803066834325e-03
6.112843145373858533e-04
3.432262845646710803e-03
1.815755885675479631e-03
1.922416122677433892e-03
3.491834955672526442e-03
8.795030359945305021e-04
1.879220254255714595e-04
1.245070495418526546e-04
2.645560925376058692e-03
3.916479763433386441e-03
2.943293043229378014e-04
4.178285625654989954e-03
1.446929248854283978e-03
5.182528569233624260e-04
1.967745512729324187e-03
1.879410498647260397e-03
8.650821299103342299e-03
5.453820782658144739e-03
2.534137500759467421e-03
2.407569979763948820e-03
2.453979740860125214e-03
7.663662505681061166e-03
5.452267762111967508e-03
2.785403983674543393e-03
1.377677035947752482e-03
2.009673214082248471e-03
4.048375665737527496e-03
7.874293539802824926e-03
5.194566063603481276e-03
1.157150774988117969e-03
4.839008668642424960e-04
1.376935918882635917e-03
1.034620592617032514e-02
8.288229722889586121e-03
1.049620885807119736e-03
1.921026356557678505e-03
1.432496801746915502e-03
5.897522217803152778e-03
4.516047572960792122e-03
8.399108516544948055e-03
4.795784724701823709e-03
3.227090734772314340e-03
9.427684342805386919e-04
1.728094982646727340e-03
5.104147698878902517e-03
4.836194693062123573e-03
8.046195110649356774e-03
2.273681185541609473e-03
2.070400755783963209e-03
5.389164150538472420e-03
3.943961539652041104e-03
3.025457270055653680e-03
5.026069162110013977e-03
7.045193995429910316e-03
3.731534793746771328e-03
7.810683919336924852e-03
3.105139252099986535e-03
7.187318177971024902e-03
8.721090701050315808e-03
9.327585734557497510e-03
6.270314152629907767e-04
1.323004037497854668e-03
1.718710468214701415e-03
2.236436021264665008e-03
9.827894692415739542e-05
4.726224401806589093e-03
2.774019372877578604e-04
7.819166954152745319e-04
8.898332216525361993e-03
3.197792236609431349e-03
2.540664311085238936e-03
2.945029310364555286e-03
4.479753296573907306e-03
3.959195278777416505e-03
3.845118754433718422e-03
2.048962648021457333e-03
1.220518938871761883e-03
5.540517626941299234e-03
4.666244187894075246e-03
2.836436824169896731e-03
6.477918640975688369e-03
2.984991680457516061e-03
1.535281393837961694e-03
1.090811644422784443e-02
3.900379128288111730e-03
9.358713309422617144e-03
2.473963576233750850e-03
2.075019272796518877e-03
4.881183660242482958e-04
1.158309549926017645e-03
9.812736025784696281e-03
2.061872735948933055e-04
3.320695434760878584e-05
1.724748345118931603e-03
1.162184082933825913e-02
1.370907199450654979e-03
1.950245255704974312e-03
3.777372925243605017e-03
2.885199812689864807e-03
5.622043033839396742e-03
4.189964302994453327e-03
2.388462933955448619e-03
5.516248741504026221e-03
3.059766047245449094e-03
1.770397863355810397e-03
7.615269332778007438e-04
1.843128301141472303e-03
1.806600603434405095e-03
3.570873566569376933e-03
1.112641780940948344e-04
2.316433032969356098e-03
3.058131615584547269e-03
5.682623424809296608e-03
6.326987370235681585e-03
6.213839104477369979e-03
6.160978670799122092e-03
4.608480118505065004e-03
8.059269095611054645e-04
4.651866033370588571e-03
2.580430941657441135e-03
1.418567827069783238e-03
4.767059329972178627e-03
2.416159290944908111e-03
5.415885333402536972e-03
5.266945990254900956e-04
6.861886610964873512e-04
3.516339577895655211e-03
2.235856182332740527e-03
5.874242753748371015e-03
3.179060369971287159e-03
2.158679841372740382e-02
1.564400039897051453e-03
8.811274137959568264e-03
3.841013946581983696e-03
3.558942156198730000e-03
7.426467177003792663e-03
8.200621371596161779e-03
4.998355632723106012e-03
1.030962201319873817e-03
3.372360674968211125e-03
6.437599211015831990e-03
5.876087375048522077e-04
3.734435752828557664e-03
7.386944302382014715e-03
1.113131337830308709e-03
1.191756456918435791e-03
4.520222851539301701e-03
9.396007150506757721e-03
2.080896149971922515e-03
5.969188407841247157e-03
3.146453704170742993e-03
4.004759376544569927e-03
2.663606390629347231e-04
6.916321630220934047e-03
1.796696884174803222e-03
4.032951771594517343e-04
2.703501308896877342e-03
1.929830081998928915e-03
4.392373953625738903e-03
6.255809917477539450e-03
2.063948696760325996e-03
6.344438786660050456e-03
1.029404551445678440e-03
4.589566352071611233e-03
1.671359312149456322e-03
1.508974858825756771e-03
3.755485898385119148e-03
1.904634429919671579e-03
4.231073072191171569e-04
2.342258917158834830e-03
7.653425424324011850e-03
5.150697930520670154e-03
6.206624230338603221e-03
4.463833205211570343e-03
7.455676418600676314e-03
2.342684920558918416e-03
5.941584028175794785e-03
2.639263178379286368e-03
2.680760723338032614e-03
5.471267879468333373e-03
1.552267699768822284e-03
8.417293293396785336e-03
5.469895735311175455e-03
8.767908711289351675e-05
2.979251494656276478e-03
4.077643248584408853e-03
5.193931154667041916e-03
3.269747941792439105e-04
4.815694352817978530e-05
1.271715443365614706e-03
4.285530808446721962e-03
6.918954940699773015e-04
5.546879724977402115e-03
4.135899669354209385e-03
3.521196657778238870e-03
1.070331283214688567e-03
1.994959738428121743e-03
4.823205330495142218e-03
1.862273985385978770e-03
1.122070297542317879e-02
2.118352279102286850e-03
9.466213017591040835e-03
5.290574549564580620e-03
7.717042343058380660e-03
2.167598508971364801e-03
1.038956419544402598e-02
6.488257520187258598e-03
2.029646551045132669e-03
4.173915869334918552e-03
3.260586510203710223e-03
3.073268111041416173e-03
2.583255855138182067e-04
4.816496867200495413e-03
6.756485802534691054e-03
2.067303580938997798e-03
7.700023085817325752e-03
1.892731170175493416e-03
3.281385652284252163e-04
2.967715312163221597e-04
4.141022099560714986e-03
4.902615758319017747e-03
1.512588508407153309e-02
4.927351474542651655e-03
1.428802525041572569e-03
1.696362460932299143e-04
7.564219908290314986e-03
3.941099151458349326e-03
2.001370893629506043e-03
5.467157678598399961e-03
3.693227018127243078e-03
1.822101812398169152e-03
2.482707895416380595e-03
5.924576455211161274e-03
1.047258380720950122e-03
4.147474027126007989e-03
8.953757648479165887e-03
2.033923847698848597e-03
4.514140032060298680e-04
5.872280410176289323e-04
3.719737414406787401e-03
4.315933842942043519e-03
3.935921524137464544e-04
5.904512046097099010e-03
3.624544963205633685e-03
2.586803819557226269e-03
1.292499233522814706e-04
3.332628599013398585e-03
4.193650191253395221e-03
5.769221206461949691e-04
4.537368952124420929e-03
7.699810579955612688e-03
5.769003925016336076e-03
1.902499836089588392e-03
6.429781786126964604e-04
4.459397418670296709e-03
3.381257129511650028e-03
5.380970607974600028e-03
5.435587965421317946e-03
2.175910790271351480e-03
8.321218783200579061e-03
3.137411602462503168e-03
3.886199497444953188e-03
1.029280936620846632e-02
7.648848337855618240e-03
2.182514309189920176e-03
2.053029047485166458e-03
5.123741503279211074e-03
1.007751553601177186e-02
4.478819222205721040e-03
5.775121443612696304e-03
6.399638450604316908e-03
5.333398213815510047e-03
5.476919698563231798e-03
1.482900726432867522e-03
5.652093054943074790e-04
9.908328394254706240e-04
4.403129351341239506e-03
1.300576490973481825e-03
9.915341670248656314e-03
3.089138221552212293e-03
2.280905807321431666e-04
1.058261234270663209e-03
5.081746304182066520e-03
5.020026435717528379e-04
6.972987763238180925e-03
3.623367886780082259e-03
5.843743092533049133e-03
7.127891123700547116e-03
3.835165319768574221e-03
3.047317373012781161e-04
4.549280860056237330e-03
5.304444022432630579e-03
3.928920367420707382e-03
5.719205998591603279e-03
6.294527389992310429e-03
4.108312017758186663e-03
5.197208995823487943e-03
2.181280933017226698e-03
4.408171329932153437e-03
2.377969273758773205e-03
7.362893531545622317e-04
6.008837645222142587e-03
4.768294269695882992e-03
3.527981997398343950e-03
5.784778794754641407e-03
6.225839609826921972e-04
4.562173264111291093e-03
1.355169132114697472e-03
4.886159903961240225e-03
5.198565467430249498e-04
5.646186485945337008e-03
1.547403679164005563e-03
4.446709720420383150e-03
3.543780184529443655e-03
1.193499156924016091e-03
1.604996134538794195e-03
2.976517912686271750e-03
1.996305865273717561e-03
2.770660039605354896e-03
1.417648439757002166e-03
5.638468606847690801e-03
7.310179822903051239e-04
4.356415991639939200e-03
3.161756721317132701e-03
4.710607481204498459e-03
2.549894255833851098e-03
1.586901540617635664e-03
4.184614373866579751e-03
9.207693124604177104e-03
1.309661346503565582e-03
2.475158572573410432e-03
4.070480446131730101e-03
3.527489898789704093e-04
5.067762044482976291e-03
2.877440815725385015e-03
7.824257907881354557e-03
2.142358756917123186e-03
3.476424334666938787e-03
1.968089340421308453e-03
4.568260792322614838e-03
1.190308614258644981e-03
6.278002703518636984e-04
1.022671614190845402e-02
3.072884912445922323e-03
4.582121994284593658e-03
1.205017747694048236e-03
3.880746620729125240e-04
6.051414139667643521e-03
1.294710128642878599e-03
4.287011840639370908e-03
6.854546399652494681e-03
5.212839428779619810e-03
5.057714137955360290e-03
6.969820015928190893e-03
3.841418759154252571e-03
9.959342567573692406e-04
1.869560044802112686e-03
3.541585055750320898e-03
1.834931347078447295e-03
1.453826810883296350e-03
3.027945801482731514e-03
2.525550972725387755e-04
1.003134009887329814e-03
1.815141975204492830e-03
2.814159253376469216e-04
5.581174272479394460e-03
7.350020641439941604e-04
1.196172693050515101e-03
2.432354386230128895e-03
2.681780373123540673e-03
5.729627792173647149e-03
1.299810654108890517e-03
4.139527296492195862e-03
5.814846691115073407e-03
4.272905807832773351e-03
1.802677214098401259e-03
1.741291353148238796e-03
2.050941993353219694e-04
3.473040601980691144e-03
4.613716392215735929e-04
5.390351284882473337e-03
6.747791721659734954e-03
5.084239646053347050e-03
2.112772084544408541e-03
1.697980530200517146e-03
2.653361499160938192e-03
1.229851215076604998e-02
4.977127713081175298e-03
1.115900340094957977e-02
8.523974776108722562e-04
4.223474421280418167e-03
5.134429853593774906e-03
7.258723839812464274e-03
1.132979065260830698e-03
3.892957734178359441e-03
2.673738565410532786e-03
4.540766060712908558e-03
3.461444541276503806e-03
6.163340903311886887e-03
1.527452768779469228e-03
4.642067443028696783e-03
7.048327113353292095e-03
2.270958594985938994e-03
2.330712265110834736e-03
7.988733837020700612e-03
5.587149815540870534e-03
8.900128190317491139e-03
3.706217554983015638e-03
1.284070398096748278e-03
3.306799378768432440e-03
1.154789642621389945e-03
1.500410954267561436e-03
1.744898411326412102e-03
1.745955190711301341e-03
1.815172170323897660e-03
8.565188627280950762e-03
3.868322830344883556e-04
2.523400146452359216e-03
7.094661724643236411e-03
5.955484898511831382e-03
1.375989177010317199e-03
3.539831421950356827e-05
2.179643176272616500e-03
1.793200081231849374e-03
8.877907171778165463e-03
5.928317312974384912e-03
5.234808385962463895e-03
2.206118500858167408e-03
8.870670010917791615e-03
2.662777902349144910e-04
4.511312377095233472e-03
4.786052735373802491e-04
6.309139921456541344e-03
1.039098242873182087e-04
1.857319414479863262e-03
2.924214019676574239e-03
2.209050062835893335e-03
3.829194852640993574e-03
7.301097625241892430e-04
3.165412448577042959e-03
4.504408945679161391e-04
6.499079335693602744e-03
9.288048531136960939e-03
2.054868363045803115e-03
5.749832262972209840e-03
7.326537775931063479e-03
8.322850882666266159e-03
2.700089308856568060e-03
6.322644983561609422e-03
2.264142334509000598e-03
4.561315183711833754e-03
2.461151962525054415e-03
5.892095472859959493e-03
2.510310427686346380e-03
1.591436292383230366e-03
7.180689394517547619e-03
1.495297642991832987e-03
9.728468052332406302e-04
6.295958383790711821e-03
2.578542846949472001e-03
5.659314577841689786e-03
3.097996659375767958e-03
1.326079059179086084e-03
2.147875179346614427e-03
3.676332763552891958e-03
1.135398630100387107e-02
8.571628134743103367e-03
9.330474330616234102e-03
3.267090648602866132e-03
7.944204684912081760e-05
6.638648744000663626e-04
1.613886995127655766e-05
4.678861668094835835e-04
2.756777127455589671e-04
3.217142481552470734e-03
2.975176306803883897e-03
2.914501282247350389e-03
1.697945467423855881e-03
3.863613198139492777e-03
3.527291610323446402e-03
8.260810145867547583e-04
2.500700290189228348e-03
7.220432867155346379e-03
5.729310684043087409e-03
3.480272353892199799e-03
1.213518142468394956e-03
4.431577027003974489e-03
5.542903222775619199e-03
6.044585272036717694e-03
8.124270673651567964e-03
4.979632766094255203e-03
3.712637584187550299e-03
1.653052630671614232e-03
1.317695196982437977e-03
3.487766527231983549e-03
1.076606741507613041e-03
3.552823438406516043e-03
2.529611714744139928e-03
2.835174441297383385e-03
2.290153993203758453e-03
3.105055201695627876e-03
8.359463321266913383e-04
1.116758626765357310e-03
1.867669834143714791e-03
6.830196687732659200e-04
3.111881433343954839e-03
1.884076735403139580e-03
1.900668326622556581e-03
3.687091470360170931e-04
1.209037398951007258e-03
9.495674251035479685e-04
2.159094637819408691e-03
2.186120157454146673e-03
1.613626833373904557e-03
3.359868789102049558e-04
9.429561869659097706e-04
1.732079253103258054e-03
7.306369832584258539e-04
6.568803624981134348e-04
2.375940406241228153e-03
3.216950556296838126e-03
7.454486314328878649e-05
4.486107558525354033e-04
4.878834508130730496e-03
1.470137874671428868e-03
3.431691496516092732e-03
9.812916255155790246e-05
8.920088540677884037e-04
4.130264006596551241e-05
2.051135079244592596e-03
2.646161472772162737e-03
4.859034460828165480e-03
2.305996438410867766e-03
6.739465652485593372e-03
3.113173157049842210e-03
9.917517951374549279e-04
4.788925296932422526e-04
7.937849336703273195e-04
8.746213509125147501e-03
1.488098734720402772e-03
2.462164217650622544e-03
1.404795933654598428e-03
7.603595820266789707e-03
9.185730846586193099e-04
9.244580063605151166e-03
1.191802671323238805e-03
4.978087449171358925e-03
5.940937220305031463e-03
2.579262713012023256e-03
4.959886392155263279e-03
2.285257999905462856e-03
3.352690914766073838e-03
9.139431412394233289e-04
2.554287922245268572e-03
1.384419420012397706e-03
2.578533362560059272e-03
3.315862462724451787e-03
3.830792618057105026e-04
3.328837240016979671e-04
3.302505198820214483e-03
1.105505470886336550e-03
1.600261493596134843e-03
2.451947803258948400e-03
3.634060376494975542e-03
3.672126238871940840e-03
6.979484423560500250e-03
1.053444496048780432e-02
1.331479966712567631e-03
3.070905769400583685e-03
4.061664308145418456e-03
1.547181710471912108e-03
2.622975783955316942e-03
5.056461853426619246e-03
1.807814095891258077e-03
9.636399079692159475e-03
5.239610910116876408e-03
2.328989868086717152e-03
5.186598304125489278e-03
2.181860898869736332e-03
1.810402927203580425e-03
9.056007609813399029e-04
3.057815496462668037e-03
3.125950625929685422e-03
1.655483871052410016e-03
1.260461989264449745e-02
2.158272719857579069e-03
1.399247216246068959e-03
2.507142036480058955e-03
7.087687260841635251e-04
4.700905553265188885e-03
7.578019114694578562e-04
2.176080168027172412e-03
2.920921208356075383e-03
3.279687278441967280e-03
4.601080924771627778e-03
6.199827302013738439e-03
3.786988481268460660e-03
5.370431443302292607e-04
3.530468810965081694e-03
1.743315957125624038e-03
8.457105753872151688e-03
2.095039295454292905e-03
4.064676805231037804e-03
7.556526714117883792e-03
3.589833757842164630e-04
4.243999809069753937e-03
1.277982478024797253e-03
5.170758612451087366e-03
3.409661213398251789e-03
9.551631774107338657e-04
3.434990542989457829e-03
6.810425898950422940e-03
4.946228074730552038e-03
4.400567375565267447e-03
5.044048236720000133e-03
5.210215279296992463e-03
9.212126444962498439e-03
2.166264891091507216e-03
6.357670901765977156e-03
9.396654522793035369e-04
5.309121795741389427e-03
3.992054998650851338e-03
5.816334460105876403e-04
5.667119004832521512e-03
3.985186510568783369e-03
7.666727343657808724e-03
8.572961015840596666e-03
2.901238817288320782e-03
1.614088901499055595e-03
1.206403028802816024e-02
4.991621965361181523e-04
2.235446404932339703e-04
4.885149869547800172e-03
1.895649571052815396e-03
2.309512587623685498e-03
1.741385676927276194e-03
5.391113427244631495e-03
5.485233554077928453e-03
6.140992365209763104e-03
2.015097396250054018e-03
4.955492999557165046e-03
1.256950112456078905e-03
4.594271388707660275e-03
3.804188228295923846e-03
5.133336012570044460e-03
2.078782132786782810e-03
5.723634790835874231e-03
1.124327969774185920e-03
6.667115719143079655e-03
5.568837519410729797e-04
7.506104868256702201e-03
6.400597438097066494e-04
2.025372928504465264e-03
4.078438455856148170e-03
2.691804472161829498e-03
2.918892460180011472e-03
6.095710440228607752e-03
6.973218315271367818e-03
9.484750523864937666e-03
8.616751769299657582e-03
6.854807670800933117e-03
1.342720050956924815e-04
2.912653578068802318e-03
5.626146955040323139e-03
4.873743571992661394e-03
4.218827730064822479e-03
5.522446290047389184e-03
1.843254333123767186e-03
5.017020909370284443e-04
3.293906825601766730e-03
1.013937495583094872e-04
2.328413995236089384e-03
3.239353508029785278e-03
1.076082529209820837e-03
1.622166607342767630e-03
5.066382024743187884e-05
2.676735945406794048e-03
2.203222379263514163e-03
6.200821984343463100e-04
1.774146375734086956e-03
3.005494238012329511e-03
1.711624151539137273e-04
4.371383355631863754e-03
9.308822243275616248e-03
1.270730100635664162e-03
4.736132189726127706e-03
1.981118905019341181e-03
5.126702235758062720e-03
1.759051142217749053e-03
3.105036595316246206e-03
5.724935988459578518e-03
3.551478078643310887e-04
8.350718306309568018e-03
4.570692915238289133e-03
6.159765182637777503e-03
6.458111340665873001e-04
1.777012705478503429e-03
2.566786307528212685e-04
1.935930438974886592e-04
4.195752412003039833e-03
5.391699846319902845e-03
2.265052734276407076e-03
6.125537769937461352e-03
9.598501072672627199e-04
3.945855132206660398e-03
7.751122941969113000e-04
5.098144322965847408e-04
2.595733870506933272e-03
1.997105451680691868e-03
2.990838950376883965e-04
6.309580351052113123e-05
5.414856896287317811e-03
7.837657754356519568e-04
2.312098966344516837e-03
2.558049839160664307e-03
8.019658306879229315e-05
8.463347982995833574e-03
2.667594555315760951e-03
2.483124983947843090e-03
1.213746905348256355e-03
2.168069383673310035e-03
5.613957602358485288e-03
4.050570728075936211e-03
2.646196890030483306e-03
6.232156657436913050e-03
1.545399361030069807e-03
2.260163943362383798e-03
2.210658901068945914e-03
3.620779185148970125e-03
6.126268469262813321e-03
5.684067323538100069e-04
1.845105185417639237e-03
8.117775035859364774e-04
3.411987004207472918e-03
3.383970996487489780e-03
2.761639188713208015e-03
5.848530200980292526e-03
4.443838665386549980e-03
1.849126608324258569e-03
4.776021631433778614e-03
2.683948120408258253e-03
1.527212151047049882e-03
1.959809693345318515e-02
2.799179370119392329e-03
3.575153604408104480e-03
5.260580330249481351e-03
6.906002170612546287e-03
2.522954673108812607e-03
3.025952164435907754e-03
9.428483450944491473e-04
3.437684410583341510e-03
6.503487538426444559e-03
1.382243293993834499e-03
7.249762973862927673e-03
1.253025481078406944e-02
1.310432792125826307e-02
4.306441505859459618e-03
8.870462066084661146e-03
4.010787341112376225e-03
3.632697296370834827e-03
6.354019642193287076e-03
1.286863327648601896e-03
5.063153937935438442e-03
1.582502270810359768e-03
4.049064856028072867e-03
4.930575363020550661e-03
5.953727985325230065e-03
1.416201458901533705e-03
7.856229477736231814e-04
2.078119917080956114e-03
2.242854615850387034e-04
6.967858227735934662e-03
1.911158576446525537e-03
2.891875668243559794e-03
4.152758118306731916e-03
2.713703468698036581e-03
8.698490836929750891e-03
7.766652100399284997e-03
2.365728617147233592e-03
1.000504786483857877e-02
5.190603969419282926e-03
2.028983843222476047e-03
1.296211150356940678e-03
3.770578041846439632e-03
6.527588090249114572e-03
1.180154790439902346e-02
9.618784605558872158e-03
1.982536546779845033e-02
2.161391812050095229e-02
2.214979836705244232e-02
2.735793220666959957e-02
2.433407148606236969e-02
2.400533142856575708e-02
1.713262883664556924e-02
1.688113002807911656e-02
1.156719045652854216e-02
4.392170424663777162e-03
7.818551471655998952e-03
7.093775039998084786e-03
3.932049488142852489e-03
8.631395969425526005e-03
4.792065627882702294e-03
1.643404043057516972e-03
9.651462662996213027e-03
1.221332033394595395e-02
3.273260352844364895e-03
3.514688262144627373e-03
2.042860155553327672e-03
6.918946627438193886e-03
4.299934306243313742e-04
2.438925769226107931e-03
2.558599362068814109e-03
6.463601157318366042e-03
1.306881139284676863e-04
6.109895687620436888e-04
1.243204888447335676e-02
1.446727812028258953e-02
5.471142567065268025e-03
2.967601189508228821e-03
1.161520532648696591e-02
2.306001675728586164e-03
1.856002672200762760e-03
5.656044192285492045e-03
7.918919799496992873e-03
4.873381511596330817e-03
8.504901895923566713e-03
5.210328952307996531e-03
4.201779933557414637e-03
1.517432592133172164e-02
7.322187767332288821e-03
5.303062211317932650e-03
6.547717892498416958e-03
5.431652441831968936e-03
8.162974183237081682e-03
6.785799302949091505e-03
3.534176050917714473e-03
3.401312185379201658e-03
1.959573137942927090e-04
5.856584589338353908e-03
7.459694548943962555e-03
5.690218346761588553e-03
9.726047820878269690e-04
3.622116705260247649e-03
2.063487482415193863e-03
1.305808045165002262e-04
6.380896944988556641e-04
3.982771650999972213e-03
5.680957198365588212e-03
3.127278929910159988e-03
4.570228264999531831e-06
1.451645407433310719e-03
4.449898361244764011e-03
1.469249787461324175e-04
8.500431355269955080e-03
2.257833176489032478e-03
3.915951380805804405e-03
6.544097516093083655e-03
3.408866210830363563e-03
8.231154890611658281e-04
2.796739901375411286e-03
4.881468808452749109e-03
1.085461085126526726e-03
1.944184296431394898e-03
1.182067839740824633e-02
7.534463330024110395e-03
7.561616020003714134e-03
4.330258815968046626e-03
3.913863803219008730e-03
3.291586903595711266e-03
5.753469015735146463e-04
6.687113081097928458e-03
1.034988542599424299e-03
4.518718269042043545e-03
3.782375854773312174e-03
2.548620342362445390e-03
1.684278014018325553e-03
4.519679831727074770e-04
4.774739659141491455e-03
3.976880334843224674e-03
2.959565398396896141e-03
6.534249772542188861e-03
2.708104214033363322e-03
4.041999051582867430e-03
4.175970892372704579e-03
4.132302417790556515e-04
3.312947409065930549e-03
7.264841233475261006e-04
4.012590652757996867e-04
1.158620116291475544e-03
5.707565977995460171e-03
1.425002348469706082e-03
1.925044668282971383e-03
1.095502002047027412e-03
3.243302180335000395e-03
3.487223124231442206e-03
3.274713661035433265e-03
2.219839760462430367e-03
6.260553979152747028e-03
1.309756776127463107e-03
2.177944149786947836e-03
4.700386874119125147e-03
2.847670318856729277e-03
4.946043904399538560e-04
2.873691565197372677e-04
3.278368128820319249e-03
2.422686108409941030e-03
1.642515536394897890e-03
1.782252452155144717e-03
3.786781902484562257e-03
3.189307836923296890e-03
2.490265295098159637e-03
7.667878125959398661e-04
3.169766090689626892e-03
1.007833977628713740e-05
3.794793343343247360e-03
3.863134062395939816e-03
8.140337747842944782e-03
1.140202202935237941e-03
1.564112120480729007e-03
6.724889898503054464e-03
2.280823668545414740e-03
6.782401464501972010e-03
6.857600075234615566e-04
3.827637683723184026e-05
1.263336107893309190e-03
1.892603960830241405e-04
3.620935756912913028e-03
3.032160422888341422e-04
8.065921675929343948e-03
9.612946285362522492e-03
2.516836953891876671e-03
2.467367527280162065e-04
1.105417326399682487e-02
3.125713207843272556e-04
7.509087185957441513e-03
9.389617380267445412e-03
5.895706330112160387e-03
3.902042923810578046e-03
7.110930762562750473e-04
4.378216198401729820e-03
1.846982955158393835e-03
2.326205596924313390e-03
2.219943265245771791e-03
1.856661284765359632e-03
5.344220459032489323e-03
3.313604892108634736e-03
1.547532076375035537e-03
4.459121076875072198e-03
5.521022889349636031e-03
4.902386551253079539e-03
2.895815560548520295e-03
2.922904723561492446e-03
6.204605379617200711e-04
1.027596998092583647e-02
1.145804650414505854e-02
4.091180681963457744e-03
2.627347154885439906e-03
1.669829026751501466e-03
2.155065004043166255e-03
5.837829353940504618e-03
1.834354252948977582e-03
5.086413508352483070e-03
6.449685118863346389e-03
8.206786779827668354e-03
4.965328118388678824e-03
1.227711017749988365e-03
2.888872413833953878e-03
2.973808268959099443e-03
7.801303504293866098e-03
1.526160482383409622e-03
9.034190843180800456e-03
1.270231651583031418e-02
8.177247808395238238e-04
7.328546513759026659e-03
1.364549723013919191e-03
9.379727195558795749e-03
6.657727992763318170e-03
8.010840374634065064e-03
1.575790439237723106e-03
3.766025392411997963e-03
1.359642695767715459e-03
3.053721071765158612e-03
5.777541221955173611e-04
1.612900586239418566e-03
4.677090457966492920e-03
3.028566654299624794e-03
2.059513308482419092e-03
6.543285566304013479e-03
3.204864363009374273e-03
3.633399613647059212e-03
7.407424789049987801e-03
2.498407961300408431e-03
1.810164039842132588e-03
6.117908704863062042e-03
5.564269332215932007e-03
4.629494214863805190e-03
8.111853491814147166e-03
2.251263742226783382e-03
1.315185545048946913e-03
1.440955015965361685e-03
9.056935246040120902e-04
8.576005767935712676e-04
3.861046832614123403e-03
5.959680459706684363e-03
2.064435199675029864e-03
4.413744339998249000e-03
6.544757356703123641e-03
5.889041885347612304e-03
2.811275722493178364e-03
4.242310223193213048e-03
8.526685456298643828e-03
2.343694202555368644e-03
2.153004321618912087e-03
1.017245784282316823e-02
2.562684111873103632e-04
2.839737772918571324e-03
1.373120527090543330e-03
4.060331167811126463e-04
5.627353653902544828e-03
3.981418234439315640e-03
5.374103181711331612e-03
4.748913830324941188e-03
1.246635293351505691e-03
3.155590439711419837e-03
1.765530419032379505e-03
2.515495137938250636e-03
9.389810938660314577e-03
1.660701233996197956e-03
6.393207937215317216e-04
1.468596107556952024e-03
5.789244248032898721e-03
2.230956890015622918e-03
4.451922149763032355e-03
1.569655354561605431e-03
8.597861820269780964e-05
3.800379890375515934e-03
6.311796013024340013e-04
1.290132936019205978e-03
7.389992713710269445e-03
6.415548556753081222e-03
5.360195486415642030e-03
5.711062824175217045e-04
4.670743836272084337e-03
1.334120690966833500e-03
3.314206446447809373e-04
4.116293625749944951e-05
1.876315227256480922e-03
4.612001944867688552e-03
3.485646273995557376e-03
1.158994336557334082e-03
1.744001072535167340e-03
8.966924481414173531e-04
3.689105205594483960e-03
2.701283059443670975e-03
3.290788230242286394e-03
2.350706075349068280e-03
1.118805031868203015e-03
8.153666571393547446e-04
2.600807224986345645e-03
2.652061013009021639e-04
1.269071710886193749e-03
8.854327400767414424e-05
5.376792739620217532e-03
2.164849422300246795e-03
2.468608165935942678e-03
1.962656338534984890e-03
2.047114013689343981e-03
1.855742014382016913e-03
5.927522714743782561e-03
3.416849210559819161e-03
2.086562200347197304e-03
2.079611955064786244e-03
2.821482569806937901e-03
2.680364073307836548e-03
5.427587474339107265e-03
7.573745852521074351e-03
2.380766648842624900e-03
3.501542486531991627e-03
1.672677209516026942e-03
2.833806054069465397e-03
8.485238896570879152e-04
5.418311854004723149e-03
2.764323602122947809e-03
9.930162602831138496e-04
2.665082087926026744e-03
3.326902915289281504e-03
2.165016640886682775e-03
4.272119384469738601e-03
1.147090705466011218e-02
1.366869222728119004e-02
3.193266970894989565e-04
1.171894396207690675e-02
1.379256076643985141e-03
4.200343920868994385e-03
5.260127242635491418e-03
1.250857397579235863e-02
8.978494433046470269e-03
7.290946145571634146e-03
5.617993608404592276e-03
3.009506823058477609e-03
5.675528906057686340e-04
8.601877722947681715e-04
4.627956486240716871e-03
3.358753295325089816e-03
2.506410380894413814e-03
5.052729421602036863e-03
6.105238042554750333e-03
6.193452873873739328e-03
8.445085115839745527e-03
2.343485214595375510e-05
2.853275646130248866e-04
7.967034528774286084e-03
2.077624838967506715e-03
3.478998841664582287e-03
6.274444551196523001e-03
5.776673960853906387e-03
3.063943718359718460e-03
6.403083448093815910e-03
6.090676368083247638e-03
6.548808329285948915e-03
2.689656060482548128e-03
3.224766700978376477e-03
4.989417578473709369e-04
3.767245488985326851e-03
1.078438283363514216e-03
5.330531644076041964e-03
7.306250859480112325e-04
1.007065948721908022e-03
4.680004321135244894e-03
1.791890852771094167e-03
2.770766932848833797e-03
1.609781646254471177e-03
7.105254588748777245e-03
3.359977050002460608e-03
3.304549764178821292e-03
5.827623645277335562e-03
1.065147586142445313e-02
1.447132918828808457e-03
3.264777078327840698e-04
2.359360931857290566e-03
7.980809560080515119e-03
3.288013680212475975e-03
4.277466041108013428e-03
8.743512171502598740e-03
4.528454910829649016e-03
1.001050692957272670e-02
1.119552642196319781e-03
3.851208228042635184e-03
4.923043704108231999e-03
1.512368122569962559e-02
5.327213661324381455e-03
6.707597364658424155e-03
9.401182568695709563e-04
1.383576017389309687e-02
5.036245338543188232e-03
1.268027837043939066e-02
3.861462217655819984e-04
2.511945288815264909e-03
1.069284673800297014e-03
4.356548747549426892e-04
2.290585896466246218e-03
2.406971980723704441e-03
1.136768033947910261e-03
6.491276524748179622e-03
4.593242216893056451e-03
5.973196316907236625e-03
1.080986023904051407e-03
2.216864393557393953e-03
2.246421425078359846e-03
3.118901213843061626e-03
2.288712402810144653e-03
8.697810634168079424e-03
6.227650511909654796e-04
1.580045408229424631e-03
4.133669847688370425e-03
2.303232928230092291e-03
7.992682901062087009e-03
1.555454431652003588e-03
2.307204925606765045e-03
6.983048908926869913e-03
5.830688023391039643e-04
3.207614113252377219e-03
4.023515615853623384e-03
1.628328250227739638e-04
4.839727225011691836e-04
6.671402543492799264e-03
4.096885554875195901e-03
4.763519295473139792e-04
5.699957520010012768e-03
9.230169070558125188e-03
4.325594450373004829e-03
1.415460921440092612e-02
1.191895826927025226e-03
8.170203698663780489e-03
7.008533152005835820e-03
4.747170236618691863e-03
6.496115919395917260e-03
8.710196429094763104e-04
4.749490779090259629e-03
1.346093434807960065e-03
7.589746854245738028e-04
1.669860325534955336e-03
7.146957791964725359e-05
2.098737087375124322e-03
2.179738496178584839e-04
4.817770252344366622e-03
7.769942058166723342e-04
4.611803196796687709e-03
4.351228391275691054e-03
9.335092104757192200e-04
4.172407162537333791e-03
5.520162864770250533e-03
1.514239543246753694e-03
2.520933503067146475e-03
2.816929858112465768e-03
5.193342289696978309e-03
1.998276578938751324e-03
5.011984251161449855e-04
1.355421219831343116e-04
3.603744961987731532e-04
2.909335814857721969e-03
5.497887862329631226e-05
2.410706998268924428e-03
3.959473098762406051e-03
2.459153560736004884e-03
8.245554696347218160e-03
6.530774136237343930e-03
6.841556781874064130e-03
1.864817495845660922e-03
4.567804200385161550e-03
7.204246380780821024e-03
8.329926565181444698e-03
1.467814049117166508e-03
9.102929957856276122e-04
3.412991805612358709e-03
1.240405969103222650e-02
1.084165716698426429e-02
7.844114920924599721e-03
2.347267661975363517e-03
6.976057162038237780e-03
3.311947208304980017e-03
3.157748758133113731e-03
2.690371418406764525e-03
1.819787402596306780e-04
3.457103654340112908e-03
7.866481873098837840e-03
3.391093449943843874e-03
4.121178710103229337e-03
1.402226105350207197e-04
8.237895073631568144e-04
5.630807215942196242e-03
4.373707356937109325e-03
9.329327166981066233e-03
3.833121212130544131e-03
8.139010250545281044e-03
3.788288707434736557e-03
4.175229682051716240e-03
4.600298999280445778e-03
4.200748951298904910e-03
2.797745242663324250e-03
1.140151277526625651e-03
1.033731614779674624e-03
2.533743391983818427e-03
2.321642308513736930e-02
6.495812453827437549e-03
4.866874917244367466e-03
5.008816432082254660e-03
6.688532373750291637e-03
1.200514289316305730e-02
2.261036396434512249e-02
2.117544237093787335e-02
1.779470767000232434e-02
1.044924461805750437e-02
7.117948463153965510e-03
6.185099660641485420e-04
6.461534696822618384e-03
5.875617853600897944e-03
5.598622444330791925e-03
9.510981650948241439e-03
7.793757014271929240e-03
1.288858704198703187e-03
4.423366195463906969e-03
6.255946070941598158e-04
3.853017963474869578e-03
2.650557556854615804e-03
2.719224484046878221e-03
1.402583952146430057e-03
5.701807715958739919e-04
8.018511277282147631e-03
2.040753712231557770e-03
4.283885062157599677e-03
1.920646576131113115e-03
3.692601452345067869e-03
1.881934986411537558e-03
3.869260421142994844e-03
2.920846954025058118e-03
1.343494124971478243e-03
1.941238771355768833e-03
4.429948683585260838e-03
4.262891823090919630e-03
8.842139938625814821e-03
1.180299280675645157e-03
2.314009253598481308e-03
5.236049727365132966e-04
3.075204677953191634e-03
4.114978815244141330e-03
3.089795564767516822e-03
3.629512735541240431e-03
2.090010287077226359e-03
8.008189753456740334e-04
2.320343757183929156e-04
4.155795853730825939e-04
5.052688028471141735e-03
5.015180149308795521e-03
9.170961549433420679e-03
4.264310339306520703e-03
6.093354015632823639e-03
6.632019809263978161e-03
8.463281567420377627e-03
7.304344507448434776e-03
7.917991787619205191e-03
1.515432627686719158e-03
1.491138033569372467e-03
2.257750890310439296e-03
2.727002415111035027e-03
6.027050879171991227e-03
6.346388657901824715e-04
1.194797974652495043e-03
9.605208044111135379e-03
2.152694371189145528e-04
6.455490448939116277e-03
1.280933295340513922e-03
1.106535640136674381e-02
5.231826904473213524e-03
7.328009739450580540e-03
2.440774160330283493e-03
1.104953413105236315e-03
8.111088515082132133e-03
2.618761513657918982e-03
3.195941109763844601e-03
7.134538402552847991e-03
5.680520548499823352e-03
7.801665056292872436e-04
1.884863932443137102e-04
3.401006636650216741e-04
4.382106677977226639e-03
9.591796853430922809e-05
2.477895078499381398e-03
4.962877228610329539e-04
7.385376765821516365e-03
1.066211581164933087e-04
4.688578398216458609e-03
