# {'window': 90, 'n_steps': 7, 'q': 0.05327875263311765, 'contam': 0.9304152703146962, 'thres': 0.09302314549616232}
2.647796273231506348e-02
2.632111310958862305e-02
5.281344056129455566e-03
2.766877412796020508e-03
1.532292366027832031e-02
2.181351184844970703e-02
4.249125719070434570e-03
2.483791112899780273e-02
1.989495754241943359e-02
3.857964277267456055e-02
5.259215831756591797e-03
6.257742643356323242e-03
4.893921315670013428e-03
3.278732299804687500e-03
1.012396812438964844e-02
6.193168461322784424e-03
1.627830266952514648e-01
4.990100860595703125e-04
1.593588851392269135e-02
1.884937286376953125e-03
4.563051462173461914e-02
1.079902797937393188e-02
3.805363178253173828e-02
1.960456371307373047e-03
2.443500608205795288e-02
3.558713197708129883e-02
1.224559545516967773e-02
1.577183604240417480e-03
3.043714165687561035e-02
1.799041032791137695e-02
1.220890879631042480e-02
2.969798445701599121e-02
2.568984031677246094e-02
4.771113395690917969e-03
1.966576278209686279e-02
2.800905704498291016e-02
1.491323113441467285e-02
7.224872708320617676e-03
1.522624492645263672e-02
7.248044013977050781e-03
5.955055356025695801e-03
1.528024673461914062e-03
1.403826475143432617e-02
1.278609111905097961e-01
1.758784055709838867e-02
5.476802587509155273e-02
8.059958368539810181e-02
9.137392044067382812e-04
1.090371608734130859e-02
1.925907284021377563e-02
4.235225915908813477e-02
3.412652015686035156e-02
1.720236241817474365e-02
6.675004959106445312e-03
3.892326354980468750e-02
2.011105418205261230e-03
2.570641040802001953e-02
3.242772817611694336e-02
5.138126015663146973e-02
8.083358407020568848e-03
6.606984138488769531e-02
5.658361315727233887e-02
1.322715729475021362e-02
1.326465606689453125e-02
1.132857799530029297e-02
1.961584463715553284e-01
4.449129104614257812e-03
1.493084430694580078e-02
3.718040138483047485e-02
5.213302373886108398e-02
2.172470092773437500e-03
1.588871330022811890e-02
1.029860973358154297e-02
7.821679115295410156e-03
5.439341813325881958e-02
2.025723457336425781e-02
4.626244306564331055e-02
7.255688309669494629e-03
1.066341996192932129e-02
3.504687547683715820e-02
2.824231982231140137e-02
2.999922633171081543e-02
4.160583019256591797e-02
5.212539434432983398e-02
5.305603146553039551e-03
1.714897155761718750e-02
4.309180378913879395e-02
1.065409183502197266e-02
1.244091987609863281e-02
1.144570112228393555e-02
1.450211480259895325e-01
2.641385793685913086e-02
9.289383888244628906e-03
5.639430694282054901e-02
5.060851573944091797e-03
9.509921073913574219e-04
1.778406649827957153e-02
3.570500612258911133e-01
3.420293331146240234e-03
1.760549098253250122e-02
3.970229625701904297e-02
5.016165971755981445e-02
2.901481091976165771e-02
2.813097834587097168e-02
5.500733852386474609e-02
1.115557551383972168e-02
3.133147954940795898e-03
7.026010751724243164e-02
1.855242252349853516e-02
8.166180551052093506e-02
6.067264080047607422e-02
2.405494451522827148e-03
1.729274392127990723e-01
8.469700813293457031e-03
2.169489860534667969e-02
2.848526090383529663e-02
3.706574440002441406e-02
1.535844802856445312e-02
8.457072079181671143e-03
1.788336038589477539e-02
4.307806491851806641e-03
4.597020894289016724e-02
3.823694586753845215e-01
4.950839281082153320e-02
1.536948978900909424e-02
4.265904426574707031e-03
9.198606014251708984e-03
2.689164876937866211e-02
9.962981939315795898e-02
3.995585441589355469e-02
3.755559027194976807e-02
1.489973068237304688e-02
5.339312553405761719e-02
3.326762439683079720e-01
2.984878420829772949e-02
6.258565187454223633e-02
3.645598888397216797e-02
1.631606370210647583e-02
6.892955303192138672e-02
2.411693334579467773e-02
2.302828431129455566e-02
5.794346332550048828e-03
4.002010822296142578e-02
1.763907633721828461e-02
1.969933509826660156e-04
2.742284536361694336e-02
2.275794744491577148e-02
2.043604850769042969e-03
3.832572698593139648e-02
1.110345125198364258e-02
2.924937009811401367e-02
3.821289539337158203e-02
1.468421937897801399e-01
4.219332337379455566e-02
5.204868316650390625e-02
2.179111363366246223e-01
8.136600255966186523e-02
5.029499530792236328e-03
5.870807170867919922e-02
3.039568662643432617e-03
3.773957490921020508e-02
4.669323563575744629e-02
2.733110636472702026e-02
6.594139337539672852e-02
3.733104467391967773e-02
3.414046764373779297e-02
7.449167966842651367e-02
4.231768846511840820e-02
2.128696441650390625e-02
8.633792400360107422e-03
9.487688541412353516e-03
3.976982086896896362e-03
2.376496791839599609e-03
5.527871847152709961e-02
4.180893301963806152e-03
6.175771355628967285e-02
2.811825275421142578e-02
2.667933702468872070e-03
2.538824081420898438e-02
2.336889505386352539e-02
4.662615060806274414e-02
5.525547266006469727e-02
5.838853120803833008e-02
4.955658316612243652e-02
3.785975277423858643e-02
6.173729896545410156e-03
3.979510068893432617e-02
1.593208312988281250e-02
5.415111780166625977e-02
2.816104888916015625e-02
5.577571690082550049e-03
6.283354759216308594e-02
1.198410987854003906e-02
5.850046873092651367e-02
1.040112972259521484e-02
3.525251150131225586e-02
5.361434072256088257e-03
2.597534656524658203e-02
5.595922470092773438e-03
1.219563186168670654e-02
1.885095238685607910e-02
3.833746910095214844e-02
6.570830941200256348e-03
9.476691484451293945e-03
3.707706928253173828e-03
2.883526682853698730e-02
2.245008945465087891e-03
1.655820608139038086e-01
3.179130973294377327e-01
6.535524129867553711e-02
1.684969663619995117e-02
5.590835213661193848e-02
4.823207855224609375e-02
1.530009508132934570e-02
7.384145259857177734e-02
2.205393463373184204e-02
3.770637512207031250e-02
1.346898078918457031e-02
1.161212474107742310e-02
3.683984279632568359e-02
4.465132951736450195e-02
4.532884806394577026e-02
3.760533332824707031e-01
1.597875356674194336e-02
4.359063506126403809e-02
4.207304120063781738e-02
2.157878875732421875e-02
2.536448836326599121e-02
1.795205473899841309e-02
2.594929933547973633e-02
6.159484386444091797e-02
1.132717728614807129e-02
4.412698745727539062e-02
3.169393539428710938e-02
2.776239812374114990e-02
4.926764965057373047e-02
1.772981882095336914e-02
3.894824534654617310e-02
8.228361606597900391e-03
2.483814954757690430e-02
1.810213886201381683e-01
4.163497686386108398e-02
8.857053518295288086e-02
7.285147905349731445e-03
4.454356431961059570e-02
9.678006172180175781e-04
5.604427680373191833e-02
3.324221372604370117e-01
3.471046686172485352e-02
3.414293378591537476e-02
1.218467950820922852e-02
6.473684310913085938e-02
4.809871315956115723e-03
5.985081195831298828e-03
6.003534793853759766e-02
2.506195008754730225e-02
5.119413137435913086e-03
3.972315788269042969e-02
1.011222600936889648e-03
8.906573057174682617e-03
1.990634202957153320e-02
4.669728875160217285e-02
5.476772785186767578e-04
3.351306915283203125e-02
4.631885886192321777e-01
4.618075862526893616e-02
1.808404922485351562e-02
3.021591901779174805e-02
5.179889500141143799e-02
2.758628129959106445e-01
3.843188285827636719e-03
1.392323002219200134e-01
3.469691276550292969e-01
1.413971185684204102e-02
4.729039967060089111e-03
1.016117036342620850e-01
7.417917251586914062e-03
7.542024552822113037e-02
4.236629130318760872e-01
3.602564334869384766e-02
3.611689805984497070e-02
1.554501056671142578e-02
2.396273612976074219e-02
3.015944361686706543e-02
1.153169572353363037e-02
5.996668338775634766e-02
8.378326892852783203e-04
7.492050528526306152e-03
1.996070146560668945e-02
4.838174581527709961e-02
2.726458013057708740e-02
1.293349266052246094e-02
1.979303359985351562e-02
2.623644471168518066e-02
2.900135517120361328e-02
1.854032278060913086e-02
3.148061037063598633e-02
3.628492355346679688e-03
9.887158870697021484e-03
1.911021023988723755e-02
2.367818355560302734e-02
1.222431659698486328e-02
3.168970346450805664e-03
6.268066167831420898e-02
1.156491041183471680e-02
7.738438248634338379e-02
1.783636212348937988e-02
9.082138538360595703e-02
1.380336284637451172e-02
2.037934958934783936e-02
3.892499208450317383e-02
5.698853731155395508e-02
2.029910683631896973e-03
8.258640766143798828e-03
1.761603355407714844e-02
7.234513759613037109e-05
2.021795511245727539e-02
4.911071062088012695e-02
1.491990983486175537e-01
1.933073997497558594e-02
4.705405235290527344e-02
1.528814807534217834e-02
3.613644838333129883e-02
5.111402273178100586e-02
3.090382367372512817e-02
5.019620656967163086e-01
4.618120193481445312e-02
1.336248219013214111e-02
3.449732065200805664e-02
4.007053375244140625e-02
1.851122081279754639e-02
6.222349405288696289e-02
2.478212118148803711e-02
3.068782808259129524e-01
4.249602556228637695e-03
3.506976366043090820e-02
7.064551115036010742e-03
1.349512301385402679e-01
7.295131683349609375e-02
1.625919342041015625e-02
3.669557720422744751e-02
4.472255706787109375e-03
3.797972202301025391e-02
9.724617004394531250e-03
2.470928430557250977e-02
4.705005884170532227e-02
1.940560340881347656e-02
1.796269416809082031e-02
1.755797863006591797e-02
3.365167975425720215e-02
2.963542938232421875e-04
3.269016742706298828e-03
2.511332929134368896e-02
5.340069532394409180e-03
1.923054456710815430e-02
2.120228111743927002e-02
6.390210986137390137e-02
6.709098815917968750e-04
3.607821464538574219e-02
2.512109996750950813e-01
1.471436023712158203e-02
2.625194191932678223e-02
4.997879266738891602e-02
3.081512451171875000e-02
3.012365102767944336e-02
6.900794804096221924e-03
3.259354829788208008e-02
3.444853425025939941e-01
7.860774546861648560e-02
2.477246522903442383e-02
4.674267768859863281e-02
6.405040621757507324e-03
2.419412136077880859e-02
7.050049304962158203e-02
1.135645806789398193e-02
4.529654979705810547e-04
4.315280914306640625e-02
1.854963600635528564e-02
1.809999346733093262e-02
2.148193120956420898e-02
2.961525321006774902e-02
1.381695270538330078e-03
4.609167575836181641e-03
5.887567996978759766e-03
5.146011710166931152e-03
2.592456340789794922e-02
4.030790925025939941e-02
1.048277318477630615e-02
3.663778305053710938e-02
4.835623502731323242e-02
1.305391639471054077e-02
2.064490318298339844e-02
9.257793426513671875e-03
5.531572550535202026e-02
4.389804601669311523e-02
2.973294258117675781e-02
3.668817505240440369e-02
3.729146718978881836e-02
6.126105785369873047e-03
1.371182501316070557e-02
3.773665428161621094e-02
3.088730573654174805e-02
9.146630764007568359e-03
3.668976845219731331e-01
1.983851194381713867e-02
1.567646861076354980e-03
4.020941257476806641e-02
3.925281763076782227e-02
1.844286918640136719e-03
6.155622005462646484e-02
9.584128856658935547e-03
4.997026920318603516e-02
8.779197931289672852e-03
1.320099234580993652e-01
3.255128860473632812e-03
1.923535019159317017e-02
3.039026260375976562e-02
6.048023700714111328e-03
2.186399791389703751e-02
5.601447820663452148e-02
3.619903326034545898e-02
4.232493415474891663e-02
4.375201463699340820e-02
2.820885181427001953e-02
5.488667637109756470e-02
3.600722551345825195e-02
3.973001241683959961e-02
1.185500621795654297e-02
2.651953697204589844e-02
3.812271356582641602e-02
3.792673349380493164e-03
3.384710848331451416e-02
2.272945642471313477e-02
3.938415646553039551e-02
1.017475128173828125e-02
9.380340576171875000e-03
2.533447742462158203e-02
1.259714365005493164e-02
6.013542413711547852e-02
2.309387922286987305e-02
3.835584968328475952e-02
1.473510265350341797e-02
2.493602037429809570e-02
5.388472601771354675e-02
4.273116588592529297e-02
1.953959465026855469e-03
1.659765467047691345e-02
3.443902730941772461e-02
1.388740539550781250e-02
2.691321820020675659e-02
1.388603448867797852e-02
3.241759538650512695e-02
8.110597729682922363e-03
1.735696196556091309e-02
5.529057979583740234e-02
2.563150227069854736e-02
9.373009204864501953e-03
4.507756233215332031e-02
4.689288139343261719e-02
9.132115542888641357e-02
9.288966655731201172e-03
5.674320459365844727e-02
1.931079477071762085e-02
1.660541296005249023e-01
3.291147947311401367e-02
1.254367083311080933e-02
1.021450757980346680e-02
2.022206783294677734e-02
2.481117658317089081e-02
1.341104507446289062e-02
8.646607398986816406e-03
2.588008344173431396e-02
9.307444095611572266e-03
3.179579973220825195e-02
5.138349533081054688e-02
4.764491319656372070e-01
2.306163311004638672e-02
1.593224704265594482e-02
3.875088691711425781e-02
1.561093330383300781e-02
2.165910275653004646e-01
1.374423503875732422e-03
1.106017827987670898e-02
4.295575618743896484e-02
1.180815696716308594e-02
1.080033779144287109e-01
2.975660562515258789e-02
7.063947618007659912e-02
1.202121376991271973e-01
4.497863650321960449e-01
2.171482145786285400e-02
3.143739700317382812e-02
6.743258237838745117e-02
4.355486482381820679e-02
1.570093631744384766e-02
2.624332904815673828e-03
2.051027864217758179e-02
1.568293571472167969e-02
1.052618026733398438e-04
1.764722168445587158e-02
7.387220859527587891e-03
1.119518280029296875e-02
4.381388425827026367e-04
4.677748680114746094e-02
2.955108880996704102e-02
2.578179538249969482e-02
5.823019146919250488e-02
6.421196460723876953e-02
2.988332509994506836e-02
2.409027516841888428e-02
1.298224925994873047e-02
3.761115670204162598e-02
8.770823478698730469e-04
5.144280195236206055e-02
4.695653915405273438e-04
4.087188839912414551e-02
7.628202438354492188e-03
4.181134700775146484e-02
3.200935572385787964e-02
2.354466915130615234e-02
1.153749227523803711e-02
1.092909649014472961e-02
1.711946725845336914e-02
1.262879371643066406e-02
2.200484275817871094e-02
1.139396429061889648e-02
8.487164974212646484e-03
1.071976125240325928e-02
1.798191666603088379e-02
3.713190555572509766e-03
3.794464468955993652e-02
8.049309253692626953e-04
8.288860321044921875e-03
1.100540161132812500e-02
4.013700783252716064e-02
1.017081737518310547e-02
2.112627029418945312e-02
3.368666768074035645e-02
9.999507665634155273e-02
2.996879816055297852e-02
1.000767312943935394e-01
3.286343812942504883e-02
9.454250335693359375e-03
3.855849429965019226e-02
4.685080051422119141e-02
2.164900302886962891e-03
2.193785831332206726e-02
3.476798534393310547e-03
2.420520782470703125e-02
2.278446406126022339e-02
1.987853646278381348e-02
1.343786716461181641e-03
2.936209738254547119e-02
4.051858186721801758e-02
2.356672286987304688e-02
2.836577594280242920e-02
1.063796877861022949e-02
5.621725320816040039e-02
6.668806076049804688e-03
2.553047239780426025e-02
3.567636013031005859e-02
6.720775365829467773e-02
2.521534264087677002e-02
1.603376865386962891e-02
2.478659152984619141e-03
2.306888252496719360e-02
7.232367992401123047e-03
3.048378229141235352e-02
2.593420445919036865e-03
4.104298353195190430e-02
1.057296991348266602e-02
5.706660449504852295e-02
3.575527667999267578e-02
6.709164381027221680e-02
1.466650515794754028e-02
1.311185956001281738e-02
5.711019039154052734e-03
1.718344809487462044e-01
4.057836532592773438e-02
1.237025856971740723e-01
2.662363648414611816e-02
2.099710702896118164e-02
1.672857999801635742e-02
4.630550742149353027e-02
7.619276642799377441e-03
2.260780334472656250e-02
6.514430046081542969e-03
2.910293638706207275e-02
5.858063697814941406e-03
1.232308149337768555e-02
4.886389151215553284e-02
2.052700519561767578e-02
2.737426757812500000e-02
2.711661159992218018e-02
1.637035608291625977e-02
2.029860019683837891e-02
6.681006401777267456e-03
3.554970026016235352e-02
1.286685466766357422e-03
2.216504514217376709e-02
4.484945535659790039e-02
1.537883281707763672e-02
9.316489100456237793e-03
2.133688330650329590e-02
5.298781394958496094e-02
1.143802702426910400e-02
2.989745140075683594e-02
5.690914392471313477e-02
5.306839942932128906e-02
1.408341526985168457e-02
2.718502283096313477e-02
2.867695689201354980e-02
5.502186715602874756e-03
3.268849849700927734e-02
5.868196487426757812e-03
7.314607501029968262e-04
9.914636611938476562e-04
2.488267421722412109e-02
1.751168072223663330e-02
1.456826925277709961e-02
4.297208786010742188e-02
1.525056362152099609e-02
3.728073835372924805e-02
1.385408639907836914e-02
1.523721963167190552e-02
6.210768222808837891e-02
1.989722251892089844e-02
4.450283944606781006e-02
1.099944114685058594e-03
3.446096181869506836e-02
3.435692191123962402e-02
6.649881601333618164e-03
2.875959873199462891e-02
6.115049123764038086e-03
1.506115496158599854e-02
1.196157932281494141e-02
2.117633819580078125e-03
3.868527710437774658e-03
2.177631855010986328e-02
4.296129941940307617e-02
1.187473535537719727e-03
1.053005456924438477e-02
1.384752988815307617e-02
1.945802196860313416e-02
5.050718784332275391e-03
1.518636941909790039e-02
2.545981109142303467e-02
3.905107975006103516e-01
1.143628358840942383e-02
1.639202982187271118e-02
2.508503198623657227e-02
9.774506092071533203e-03
6.144285202026367188e-03
6.538370251655578613e-02
3.053343296051025391e-02
2.472780644893646240e-02
6.422370672225952148e-02
9.626090526580810547e-03
1.279288530349731445e-02
4.866898059844970703e-03
2.510958909988403320e-02
9.100437164306640625e-03
3.926299512386322021e-02
1.721692085266113281e-02
5.289435386657714844e-03
3.100074827671051025e-02
1.979339122772216797e-02
2.972304821014404297e-03
1.437524706125259399e-02
2.228081226348876953e-02
4.953247308731079102e-02
3.092858940362930298e-02
1.284670829772949219e-02
1.104688644409179688e-02
3.419069200754165649e-02
1.110374927520751953e-02
5.927914381027221680e-02
4.195567965507507324e-02
5.572277307510375977e-02
2.434301376342773438e-02
7.975816726684570312e-03
5.224609375000000000e-02
8.873939514160156250e-03
7.629537582397460938e-02
2.736376225948333740e-02
3.573477268218994141e-02
2.722057700157165527e-02
1.830279827117919922e-02
1.297815442085266113e-01
1.683878898620605469e-02
4.544483870267868042e-02
5.094277858734130859e-02
3.266710042953491211e-02
4.636682569980621338e-04
1.708447933197021484e-03
2.613168954849243164e-02
1.119244843721389771e-02
1.392865180969238281e-02
2.237695455551147461e-02
2.102773636579513550e-02
4.611301422119140625e-02
1.649404764175415039e-01
3.417697548866271973e-02
3.424075245857238770e-02
1.342712640762329102e-01
3.833711147308349609e-03
2.583533525466918945e-02
1.696348190307617188e-04
3.667002916336059570e-02
3.617163002490997314e-02
1.115483045578002930e-02
4.332552673295140266e-01
5.601120740175247192e-02
2.278715372085571289e-02
1.959013938903808594e-02
1.499068737030029297e-02
8.471852540969848633e-02
2.011454105377197266e-02
1.387506513856351376e-02
3.952395915985107422e-02
2.452683448791503906e-02
1.221876591444015503e-02
5.412650108337402344e-02
6.036663055419921875e-02
6.886482238769531250e-03
2.356714010238647461e-02
3.340214490890502930e-02
8.505478501319885254e-03
6.195154786109924316e-02
4.105401039123535156e-02
3.296206891536712646e-02
8.187055587768554688e-02
2.977138757705688477e-02
5.048552155494689941e-02
8.486896753311157227e-03
4.261612892150878906e-02
7.088515162467956543e-02
4.297301173210144043e-03
7.302343845367431641e-03
4.999095201492309570e-02
7.312521338462829590e-04
3.623861074447631836e-02
6.971538066864013672e-03
2.236383408308029175e-02
4.700088500976562500e-02
4.918771982192993164e-02
2.506978437304496765e-02
3.007376194000244141e-02
9.174585342407226562e-03
4.301522672176361084e-02
1.502031087875366211e-02
4.356169700622558594e-02
1.813586056232452393e-02
3.276526927947998047e-03
2.459931373596191406e-02
9.077116847038269043e-03
1.699292659759521484e-02
3.952246904373168945e-02
1.859322190284729004e-02
1.926658572629094124e-01
6.734132766723632812e-03
2.584835886955261230e-02
5.248799920082092285e-03
1.855313777923583984e-03
2.643626928329467773e-02
5.052635446190834045e-02
3.811079263687133789e-02
1.981341838836669922e-02
1.164687424898147583e-02
4.014486074447631836e-02
1.694601774215698242e-02
1.202622801065444946e-02
6.150573492050170898e-02
3.091692924499511719e-03
1.441244781017303467e-02
2.887663245201110840e-02
4.285830259323120117e-02
1.743003251031041145e-01
3.433710336685180664e-02
3.911644220352172852e-02
2.670724689960479736e-02
4.460689425468444824e-02
5.228757858276367188e-03
6.200790405273437500e-03
1.368018984794616699e-02
1.510822772979736328e-02
8.381110429763793945e-02
3.681743144989013672e-02
3.325337171554565430e-02
4.233783483505249023e-02
1.461392641067504883e-02
1.320350170135498047e-02
9.532690048217773438e-03
3.961208462715148926e-02
6.203830242156982422e-03
5.674874782562255859e-02
5.486775189638137817e-03
4.146820306777954102e-02
2.868700027465820312e-02
2.175844460725784302e-02
6.963229179382324219e-02
2.878725528717041016e-03
7.926993072032928467e-02
2.475497126579284668e-02
3.203558921813964844e-02
1.240140199661254883e-02
3.035217523574829102e-03
1.304185390472412109e-02
2.658191323280334473e-02
6.003183126449584961e-02
4.104632139205932617e-02
1.236081123352050781e-03
1.508027315139770508e-03
1.318501234054565430e-01
2.069389820098876953e-02
6.307993084192276001e-03
3.886163234710693359e-02
1.328885555267333984e-03
2.935753017663955688e-02
1.316905021667480469e-02
9.614825248718261719e-04
6.681002676486968994e-03
3.013992309570312500e-02
1.455694437026977539e-02
2.783109992742538452e-02
5.576205253601074219e-02
3.816664218902587891e-03
6.442800164222717285e-03
3.111627697944641113e-02
2.706277370452880859e-02
2.266435325145721436e-02
3.734976053237915039e-02
2.443790435791015625e-03
1.540502905845642090e-02
3.338888287544250488e-03
4.967010021209716797e-02
4.213660955429077148e-03
4.797772318124771118e-02
2.627027034759521484e-02
5.795240402221679688e-03
5.693744868040084839e-03
3.266239166259765625e-02
1.178884506225585938e-02
3.608600795269012451e-02
2.630001306533813477e-02
1.371651887893676758e-02
8.940264582633972168e-03
2.995789051055908203e-03
3.719329833984375000e-04
3.824416548013687134e-02
3.106117248535156250e-02
3.097361326217651367e-02
2.102988213300704956e-02
7.964253425598144531e-03
6.062030792236328125e-03
1.239074766635894775e-02
8.474737405776977539e-02
2.651453018188476562e-02
4.165065288543701172e-02
2.095766365528106689e-02
3.615677356719970703e-02
1.497733592987060547e-02
6.114549189805984497e-02
1.664996147155761719e-03
4.336065053939819336e-02
5.432272329926490784e-03
9.070515632629394531e-03
6.873667240142822266e-03
1.658209785819053650e-02
2.424329519271850586e-02
6.057786941528320312e-02
1.816324889659881592e-03
3.111940622329711914e-02
4.137235879898071289e-02
1.027613878250122070e-02
5.169257642701268196e-01
1.364141702651977539e-02
2.081098379567265511e-01
2.442184090614318848e-02
1.299488544464111328e-02
2.587715508416295052e-01
7.049739360809326172e-03
2.508515119552612305e-02
3.319689631462097168e-02
2.999161183834075928e-02
3.572267293930053711e-02
1.898056268692016602e-02
2.724848687648773193e-02
3.461563587188720703e-02
3.346669673919677734e-02
4.978687316179275513e-02
7.419407367706298828e-03
8.746325969696044922e-03
3.842464461922645569e-02
3.725183010101318359e-02
2.199855446815490723e-01
1.750460863113403320e-01
1.800620555877685547e-02
1.850283145904541016e-02
8.516781032085418701e-03
1.016360521316528320e-02
1.577389240264892578e-02
1.182571053504943848e-03
6.941229104995727539e-03
2.153599262237548828e-02
4.721963405609130859e-02
8.761882781982421875e-06
3.905236721038818359e-03
1.923671364784240723e-02
1.273879408836364746e-02
1.385962963104248047e-02
6.224066019058227539e-03
3.258799016475677490e-02
3.133118152618408203e-03
2.300977706909179688e-03
4.075933247804641724e-02
2.347326278686523438e-02
2.162134647369384766e-02
2.082355581223964691e-01
2.760213613510131836e-02
2.594590187072753906e-03
5.098466575145721436e-02
2.060353755950927734e-03
6.104052066802978516e-02
1.879241168498992920e-01
4.018855094909667969e-02
7.080358266830444336e-02
1.969903707504272461e-03
4.363897442817687988e-02
5.241566896438598633e-02
3.996223211288452148e-03
3.194497525691986084e-02
3.805100917816162109e-03
3.336760401725769043e-02
4.450099170207977295e-02
3.461432456970214844e-02
6.308585405349731445e-03
2.486073970794677734e-02
2.695620059967041016e-03
2.337753772735595703e-03
3.134285658597946167e-02
3.048467636108398438e-02
7.317423820495605469e-03
2.498606592416763306e-02
1.687645912170410156e-03
2.184188365936279297e-02
3.939643129706382751e-02
4.032689332962036133e-02
1.374465227127075195e-02
3.269029408693313599e-02
2.751448750495910645e-02
4.558742046356201172e-03
1.900734007358551025e-02
1.852038502693176270e-02
4.612278938293457031e-02
2.508142590522766113e-02
4.176874458789825439e-02
2.234023809432983398e-02
5.193591117858886719e-03
1.894393563270568848e-02
2.324503660202026367e-02
2.401477098464965820e-02
7.885590195655822754e-03
9.767651557922363281e-03
2.224785089492797852e-02
1.682531461119651794e-02
1.108109951019287109e-02
3.446358442306518555e-02
2.685184776782989502e-02
3.727257251739501953e-02
8.612871170043945312e-04
1.578349620103836060e-02
7.595056295394897461e-02
2.341639995574951172e-02
1.981667056679725647e-02
6.760475039482116699e-02
1.368629932403564453e-02
1.318440269678831100e-01
4.121768474578857422e-02
7.766491174697875977e-02
3.758969902992248535e-02
2.274125814437866211e-02
2.433788776397705078e-02
4.874557256698608398e-03
8.181239664554595947e-02
1.534223556518554688e-02
1.562723517417907715e-02
3.421476483345031738e-02
1.936715841293334961e-02
5.026429891586303711e-02
2.891412377357482910e-02
2.173016071319580078e-01
1.129156351089477539e-02
7.116623222827911377e-03
1.748698949813842773e-02
2.686119079589843750e-02
2.694101631641387939e-02
2.511620521545410156e-03
3.062075376510620117e-02
2.718485891819000244e-02
2.308630943298339844e-02
9.647786617279052734e-03
4.463180899620056152e-03
5.163419246673583984e-02
1.168096065521240234e-02
2.065616669133305550e-01
9.634345769882202148e-03
8.668065071105957031e-02
5.925059318542480469e-03
1.406900584697723389e-02
4.504269361495971680e-02
7.330831885337829590e-02
4.665431380271911621e-02
4.839718341827392578e-03
1.268464326858520508e-02
2.603791654109954834e-03
3.738182783126831055e-02
4.524248838424682617e-02
6.601549685001373291e-03
6.885945796966552734e-03
7.095694541931152344e-03
1.234244555234909058e-02
9.226679801940917969e-03
3.894877433776855469e-02
5.673688650131225586e-02
3.164425492286682129e-02
1.633262634277343750e-02
4.386624693870544434e-02
4.418275775387883186e-01
1.859647035598754883e-02
4.905724525451660156e-02
3.438627719879150391e-02
2.618974447250366211e-02
1.971271634101867676e-02
4.212893545627593994e-02
5.179738998413085938e-02
4.628638746216893196e-01
4.744048416614532471e-02
3.697884082794189453e-02
1.283288002014160156e-02
6.061743944883346558e-03
2.148729562759399414e-02
1.388967037200927734e-03
5.941659212112426758e-02
3.483891487121582031e-03
2.774077653884887695e-02
5.586821585893630981e-03
2.039164304733276367e-02
1.282775402069091797e-02
4.235751926898956299e-03
2.316761016845703125e-02
2.104836702346801758e-02
5.710736662149429321e-02
2.554136514663696289e-02
5.063474178314208984e-03
2.722537517547607422e-02
2.949863672256469727e-02
1.397430896759033203e-03
5.422085523605346680e-03
4.606178402900695801e-02
6.142258644104003906e-03
6.860405206680297852e-02
3.357529640197753906e-03
8.824300765991210938e-02
1.680558919906616211e-02
6.099648866802453995e-02
5.513745546340942383e-02
3.002583980560302734e-03
2.854725345969200134e-02
5.232751369476318359e-03
3.360289335250854492e-02
7.110338658094406128e-03
8.074462413787841797e-03
6.293660402297973633e-02
1.117020398378372192e-01
5.030512809753417969e-03
1.639723777770996094e-04
8.335486054420471191e-03
2.960628271102905273e-02
7.933974266052246094e-04
2.696390450000762939e-02
1.193889975547790527e-02
2.246958017349243164e-02
6.872504949569702148e-03
4.442173242568969727e-02
1.871198415756225586e-02
4.323256015777587891e-02
1.358465850353240967e-02
1.843357086181640625e-02
1.147687435150146484e-02
1.173437386751174927e-02
1.632091999053955078e-01
1.595348119735717773e-02
4.060605913400650024e-02
6.757009029388427734e-02
3.807103633880615234e-02
1.494053378701210022e-02
1.641345024108886719e-02
1.641231775283813477e-02
2.490684390068054199e-03
5.297547578811645508e-02
1.133215427398681641e-02
2.261562645435333252e-02
3.764565708115696907e-01
7.767319679260253906e-03
3.531605005264282227e-03
2.250075340270996094e-03
3.289639949798583984e-03
3.729277849197387695e-02
1.897640051320195198e-01
7.755756378173828125e-03
5.068233609199523926e-02
1.572643220424652100e-02
2.829074859619140625e-02
2.826952934265136719e-02
3.334820270538330078e-02
7.121372222900390625e-02
5.492675304412841797e-02
2.954376116394996643e-02
4.361444711685180664e-02
2.149254083633422852e-02
1.988118886947631836e-02
1.015526056289672852e-02
1.794409751892089844e-02
3.988296538591384888e-02
2.837055921554565430e-02
1.051366329193115234e-03
1.200294494628906250e-02
4.071199893951416016e-02
7.036459445953369141e-02
8.319169282913208008e-03
6.961362063884735107e-02
1.091969013214111328e-02
2.185374498367309570e-03
3.854602575302124023e-03
5.667090415954589844e-03
6.759920716285705566e-02
1.912117004394531250e-04
6.434208154678344727e-02
1.748543977737426758e-02
2.080104500055313110e-02
1.767200231552124023e-02
3.431911468505859375e-01
4.318625107407569885e-02
6.888687610626220703e-03
1.372134685516357422e-02
6.128638982772827148e-03
3.481924533843994141e-03
7.340371608734130859e-03
3.299698233604431152e-03
4.879158735275268555e-02
5.340021848678588867e-02
1.171219348907470703e-02
4.442369937896728516e-02
4.675555229187011719e-02
2.622135700657963753e-01
1.675060391426086426e-02
4.499179124832153320e-02
3.869917988777160645e-02
1.471447767689824104e-01
4.722476005554199219e-02
2.026417851448059082e-02
4.007071256637573242e-02
2.691215276718139648e-02
4.539442062377929688e-02
1.095221191644668579e-02
2.730965614318847656e-02
1.854538917541503906e-03
1.427658498287200928e-01
2.906621694564819336e-01
4.754585027694702148e-02
2.938954532146453857e-02
1.442116498947143555e-02
4.397296905517578125e-02
3.052282333374023438e-02
5.096197128295898438e-05
4.621243476867675781e-02
3.785876929759979248e-02
3.679886460304260254e-02
5.216038227081298828e-02
2.207884015515446663e-01
9.161788225173950195e-02
1.904767751693725586e-02
1.316934823989868164e-03
3.532728552818298340e-02
3.469288349151611328e-02
1.159814000129699707e-02
5.291087925434112549e-02
2.328485250473022461e-02
2.617400884628295898e-02
6.713178008794784546e-03
2.474141120910644531e-02
2.261865139007568359e-02
3.138773888349533081e-02
3.393578529357910156e-02
3.691726922988891602e-02
2.630792558193206787e-03
6.660103797912597656e-03
1.731914281845092773e-02
1.181088853627443314e-01
8.129686117172241211e-03
3.287637233734130859e-02
2.113115787506103516e-02
1.241850852966308594e-02
1.841408014297485352e-02
3.288823366165161133e-02
4.482597112655639648e-02
2.215522527694702148e-02
3.162566544488072395e-01
3.722169995307922363e-02
1.020381450653076172e-01
3.810822963714599609e-04
1.509080827236175537e-02
7.393705844879150391e-02
2.240413427352905273e-02
4.492162913084030151e-02
1.942598819732666016e-02
4.124790430068969727e-02
3.619767725467681885e-03
2.581691741943359375e-02
4.003226757049560547e-02
3.740594536066055298e-02
2.832823991775512695e-02
2.284651994705200195e-02
1.908487081527709961e-02
1.392954587936401367e-02
5.820643901824951172e-02
1.118123531341552734e-03
3.975152969360351562e-03
1.093149185180664062e-02
7.122799754142761230e-02
5.888634920120239258e-02
2.475440502166748047e-03
2.529659867286682129e-02
4.081049561500549316e-02
3.332668542861938477e-02
4.769679903984069824e-02
1.733903586864471436e-02
8.019709587097167969e-02
1.745688915252685547e-02
2.632343769073486328e-02
5.267053842544555664e-02
4.795908927917480469e-02
6.653871387243270874e-02
2.631309032440185547e-01
2.848815917968750000e-02
7.230095565319061279e-03
2.505689859390258789e-02
1.277405619621276855e-01
2.033593505620956421e-02
2.307897806167602539e-02
1.547694206237792969e-02
1.280885934829711914e-02
8.019030094146728516e-03
3.630274534225463867e-02
1.521596312522888184e-02
9.651243686676025391e-03
2.273947000503540039e-02
3.307700157165527344e-02
5.412846803665161133e-03
2.838593721389770508e-02
2.471217513084411621e-02
1.830647857859730721e-01
2.477878332138061523e-02
7.907032966613769531e-02
6.304599344730377197e-03
2.416121959686279297e-02
3.406643867492675781e-02
4.387604445219039917e-02
7.578682899475097656e-02
1.627022027969360352e-02
7.155320793390274048e-02
1.214396953582763672e-02
3.572398424148559570e-02
2.133473753929138184e-03
1.227021217346191406e-02
1.899194717407226562e-02
5.241717398166656494e-02
3.159984946250915527e-02
7.492303848266601562e-05
1.861399412155151367e-02
4.024291038513183594e-02
4.488909244537353516e-02
8.827090263366699219e-03
1.675078272819519043e-02
2.479445934295654297e-02
1.894074678421020508e-02
9.642034769058227539e-03
1.009458303451538086e-02
5.453318357467651367e-02
7.047126442193984985e-02
2.252900600433349609e-02
2.399599552154541016e-02
1.980268210172653198e-02
1.379311084747314453e-03
2.434319257736206055e-02
8.471284061670303345e-03
6.042557954788208008e-02
2.889055013656616211e-02
5.314888805150985718e-02
5.256776930764317513e-01
5.538237094879150391e-02
1.166909933090209961e-03
1.117157936096191406e-02
2.784317731857299805e-02
8.015304803848266602e-03
5.644577741622924805e-02
6.028354167938232422e-03
9.315073490142822266e-03
1.728278398513793945e-02
2.478671073913574219e-02
7.228818535804748535e-02
3.718118369579315186e-02
2.200967073440551758e-02
1.600712537765502930e-02
1.540965586900711060e-02
3.905892372131347656e-02
4.513740539550781250e-03
2.537736296653747559e-02
3.031134605407714844e-03
3.692662715911865234e-02
4.195365402847528458e-02
4.877805709838867188e-02
4.846334457397460938e-03
6.381042301654815674e-03
3.966066241264343262e-02
5.119979381561279297e-03
6.561139225959777832e-02
1.248806715011596680e-02
3.769475221633911133e-02
2.613930404186248779e-02
2.245864272117614746e-02
2.836817502975463867e-02
3.159812092781066895e-02
2.137227356433868408e-02
2.989870309829711914e-02
1.671254634857177734e-03
1.545985788106918335e-02
1.050341129302978516e-02
4.633647203445434570e-02
4.407658427953720093e-02
6.524765491485595703e-02
3.357124328613281250e-02
2.863918989896774292e-02
3.646284341812133789e-02
4.819613695144653320e-02
8.745117206126451492e-02
2.234965562820434570e-02
2.530634403228759766e-03
1.403361558914184570e-02
2.602279186248779297e-02
1.481670141220092773e-02
2.044969797134399414e-02
2.235177159309387207e-02
1.236265897750854492e-02
2.557027339935302734e-02
1.642054319381713867e-02
3.407955169677734375e-03
3.232571482658386230e-02
1.588970422744750977e-03
1.801097393035888672e-02
1.838466525077819824e-02
3.730586916208267212e-02
1.381908655166625977e-01
2.001243829727172852e-02
2.069294452667236328e-03
1.385170221328735352e-02
2.767860889434814453e-02
3.198824822902679443e-02
3.063648939132690430e-02
2.190107107162475586e-02
1.281182467937469482e-02
1.093900203704833984e-02
1.393055915832519531e-02
1.696310937404632568e-02
7.315725088119506836e-03
5.024194717407226562e-03
3.894329071044921875e-03
2.082863450050354004e-02
1.368780136108398438e-01
3.440108895301818848e-02
2.679216861724853516e-02
2.618056535720825195e-02
2.341812849044799805e-02
2.961029112339019775e-02
6.040394306182861328e-03
1.433447003364562988e-02
1.298738270998001099e-02
1.597779989242553711e-02
5.451852083206176758e-02
7.124889642000198364e-02
3.576767444610595703e-02
4.952555894851684570e-02
2.804678678512573242e-02
1.403856277465820312e-02
2.382320165634155273e-02
5.618137121200561523e-02
2.297264337539672852e-02
3.113037347793579102e-02
1.068554818630218506e-02
5.724549293518066406e-03
4.426300525665283203e-03
5.457466840744018555e-02
3.691646456718444824e-02
2.401888370513916016e-03
2.377761900424957275e-02
7.538437843322753906e-03
6.400287151336669922e-03
3.414922952651977539e-02
4.964885115623474121e-02
1.550424098968505859e-02
2.888217568397521973e-02
1.908873021602630615e-02
6.374776363372802734e-03
2.861499786376953125e-03
8.052363991737365723e-03
4.140466451644897461e-02
1.815789937973022461e-02
3.993207588791847229e-02
5.698204040527343750e-04
6.699144840240478516e-03
1.328997313976287842e-03
2.299904823303222656e-02
1.377537250518798828e-01
3.034090995788574219e-02
2.543681859970092773e-02
2.422749996185302734e-02
9.057939052581787109e-03
4.740506410598754883e-02
6.054735183715820312e-02
4.977986216545104980e-02
1.947268843650817871e-02
1.965731382369995117e-02
6.633818149566650391e-03
1.821959018707275391e-02
3.422605991363525391e-02
8.452981710433959961e-03
4.921673238277435303e-02
2.499729394912719727e-02
4.845970869064331055e-02
2.735348790884017944e-02
2.231371402740478516e-02
5.668938159942626953e-03
9.063225239515304565e-03
8.362150192260742188e-02
1.839047670364379883e-02
2.609416469931602478e-02
1.414328813552856445e-02
4.075467586517333984e-03
1.633025705814361572e-02
2.099612355232238770e-02
4.142415523529052734e-02
1.685640336945652962e-01
6.602311134338378906e-02
2.311217784881591797e-02
5.151122808456420898e-03
5.397826433181762695e-03
3.075718879699707031e-03
2.792990207672119141e-02
9.747177362442016602e-03
3.412216901779174805e-02
1.077747344970703125e-02
1.580750942230224609e-02
1.270943880081176758e-01
2.012181282043457031e-02
6.299475207924842834e-02
2.053356170654296875e-02
1.364415884017944336e-02
5.791192501783370972e-02
1.408272981643676758e-02
3.420710563659667969e-03
1.833197847008705139e-02
4.448926448822021484e-02
1.144731044769287109e-02
5.893479287624359131e-02
1.367965340614318848e-02
1.143947839736938477e-01
4.131495952606201172e-04
3.369948267936706543e-02
4.545044898986816406e-02
4.042834043502807617e-03
3.882196545600891113e-02
9.081542491912841797e-03
2.398750185966491699e-02
1.283034682273864746e-03
1.816368103027343750e-02
4.513218998908996582e-02
1.308595389127731323e-02
2.934241294860839844e-02
2.063333988189697266e-03
4.681073129177093506e-03
5.459547042846679688e-03
2.223491668701171875e-03
1.857681572437286377e-02
1.846975088119506836e-02
1.021522283554077148e-02
8.361556008458137512e-02
3.516590595245361328e-02
6.130993366241455078e-03
5.280293524265289307e-03
5.793634057044982910e-02
2.392673492431640625e-02
8.785963058471679688e-03
1.384514570236206055e-02
5.250293016433715820e-02
1.323676109313964844e-02
1.070261001586914062e-03
1.081496477127075195e-02
1.324710249900817871e-02
5.152748525142669678e-02
1.523250341415405273e-02
1.352795958518981934e-02
1.348379254341125488e-02
1.076978445053100586e-02
2.179932594299316406e-02
6.723247468471527100e-02
1.005977392196655273e-02
4.461205005645751953e-02
1.021661981940269470e-02
8.063375949859619141e-03
3.324651718139648438e-02
4.693267121911048889e-02
2.082490921020507812e-02
2.514308691024780273e-02
7.159411907196044922e-04
8.871912956237792969e-03
3.710806369781494141e-03
9.828135371208190918e-03
6.849098205566406250e-02
1.086628437042236328e-02
1.068904995918273926e-03
7.191717624664306641e-03
2.028650045394897461e-02
2.446088194847106934e-02
1.855149865150451660e-03
4.389166831970214844e-02
2.211698889732360840e-02
3.919293731451034546e-02
2.210670709609985352e-02
6.949126720428466797e-03
3.129020333290100098e-04
1.273876428604125977e-02
6.589150428771972656e-02
1.099520549178123474e-02
5.591905117034912109e-02
4.311203956604003906e-04
1.381773948669433594e-01
2.088004350662231445e-02
5.425393581390380859e-03
3.912615031003952026e-02
3.275433182716369629e-02
3.192830085754394531e-02
4.948347806930541992e-03
2.197396755218505859e-02
2.018284797668457031e-02
3.757743537425994873e-02
4.367479681968688965e-02
1.047891378402709961e-02
3.556355834007263184e-02
1.634281873703002930e-02
4.599994421005249023e-02
1.907926797866821289e-02
1.923806220293045044e-02
2.894264459609985352e-02
3.413718938827514648e-02
7.378542423248291016e-02
1.374483108520507812e-04
4.071867465972900391e-02
7.163725793361663818e-03
4.190027713775634766e-03
7.072567939758300781e-03
9.810365736484527588e-04
3.209125995635986328e-02
2.439886331558227539e-02
5.933909863233566284e-02
2.829372882843017578e-02
1.144293546676635742e-01
1.041376590728759766e-02
3.873050212860107422e-03
4.613965749740600586e-02
2.409702362492680550e-01
4.336512088775634766e-02
3.488534688949584961e-02
2.318263053894042969e-03
3.024585545063018799e-02
3.038775920867919922e-02
4.600685834884643555e-02
6.845362484455108643e-03
2.513110637664794922e-03
1.515501737594604492e-02
1.072600856423377991e-02
5.039983987808227539e-02
2.439796924591064453e-03
6.481633335351943970e-02
5.661189556121826172e-03
5.888998508453369141e-03
1.135364174842834473e-03
1.292550563812255859e-02
5.080288648605346680e-02
2.192940562963485718e-02
2.785256505012512207e-02
2.299052476882934570e-02
9.440049529075622559e-03
1.983788609504699707e-02
1.588231325149536133e-02
1.499100029468536377e-02
1.662480831146240234e-02
2.687758207321166992e-02
3.085848689079284668e-02
9.191676974296569824e-03
1.147073507308959961e-02
9.407401084899902344e-04
2.238595485687255859e-02
1.878142356872558594e-02
4.621356725692749023e-02
3.974574431777000427e-02
1.696360707283020020e-01
1.481550931930541992e-02
1.862822771072387695e-01
7.267504930496215820e-02
3.487581014633178711e-02
3.762407973408699036e-02
3.295135498046875000e-02
3.263068199157714844e-02
1.155512779951095581e-02
2.979454398155212402e-02
6.270170211791992188e-02
8.366093039512634277e-03
8.132755756378173828e-04
1.697504520416259766e-02
2.527922391891479492e-03
8.219420909881591797e-03
1.035326719284057617e-02
6.079316139221191406e-03
1.730924844741821289e-02
1.675313711166381836e-02
2.781689167022705078e-03
4.581213742494583130e-02
3.618776798248291016e-03
1.643157005310058594e-02
1.506221294403076172e-02
3.615182638168334961e-02
1.721549034118652344e-02
8.941244333982467651e-03
7.951879501342773438e-02
1.662892103195190430e-02
4.103977233171463013e-03
2.476704120635986328e-02
2.793210744857788086e-02
2.612754702568054199e-02
6.119966506958007812e-03
2.469485998153686523e-02
6.319373846054077148e-03
4.300659894943237305e-02
2.555370330810546875e-02
2.424880862236022949e-03
4.204565286636352539e-02
5.210566520690917969e-02
1.208606362342834473e-02
3.974011540412902832e-02
2.490180730819702148e-02
3.956940770149230957e-02
6.244204938411712646e-03
2.975398302078247070e-02
2.553582191467285156e-03
2.707141265273094177e-02
1.419538259506225586e-02
1.160234212875366211e-02
3.907611966133117676e-02
9.010374546051025391e-03
2.280735969543457031e-02
1.791867054998874664e-02
3.576272726058959961e-02
3.059113025665283203e-02
3.954117000102996826e-02
3.195118904113769531e-02
9.459614753723144531e-03
3.296843171119689941e-02
4.342591762542724609e-02
7.511562108993530273e-02
2.107465267181396484e-02
1.609387993812561035e-02
6.592005491256713867e-02
9.361028671264648438e-03
2.610878646373748779e-02
2.450442314147949219e-02
1.834127306938171387e-02
1.219517709687352180e-01
3.874886035919189453e-02
2.121812105178833008e-02
4.185776412487030029e-02
2.780145406723022461e-02
1.266801357269287109e-02
1.880045235157012939e-02
1.280117034912109375e-02
2.392190694808959961e-02
4.204411059617996216e-02
4.642903804779052734e-02
2.366226911544799805e-02
1.029757410287857056e-02
2.380651235580444336e-02
6.440877914428710938e-03
4.350543022155761719e-03
3.400278091430664062e-02
7.080674171447753906e-03
2.333864569664001465e-03
2.155874669551849365e-02
2.303916215896606445e-02
1.247209310531616211e-02
1.978258760645985603e-01
5.973845720291137695e-02
1.779827475547790527e-02
7.037103176116943359e-02
4.042816162109375000e-02
5.196833610534667969e-02
1.926069855690002441e-01
1.882135868072509766e-02
5.314427614212036133e-02
5.448182672262191772e-02
6.622868776321411133e-02
3.156930208206176758e-02
3.441902995109558105e-02
3.925429582595825195e-01
2.639001607894897461e-02
8.818212151527404785e-02
5.443155765533447266e-03
3.640466928482055664e-02
1.046334207057952881e-02
3.273680806159973145e-02
2.979367971420288086e-02
9.525217115879058838e-02
1.929867267608642578e-02
3.777742385864257812e-04
4.089531302452087402e-02
2.433046698570251465e-03
2.874493598937988281e-02
9.949505329132080078e-03
2.844880521297454834e-02
3.804576396942138672e-02
1.432329416275024414e-02
7.671100646257400513e-02
1.559448242187500000e-02
4.683607816696166992e-02
5.719606298953294754e-02
1.456815004348754883e-02
3.952246904373168945e-02
3.240361623466014862e-02
5.595070123672485352e-02
2.487885951995849609e-02
8.979000151157379150e-03
9.237766265869140625e-03
7.535696029663085938e-03
4.528452455997467041e-02
1.690840721130371094e-02
4.309535026550292969e-03
5.070583522319793701e-02
2.999153733253479004e-02
3.138834238052368164e-02
1.089647412300109863e-02
2.582009136676788330e-02
1.936423778533935547e-02
3.145039081573486328e-02
1.783412694931030273e-02
4.284244775772094727e-02
2.780193090438842773e-02
1.737249642610549927e-02
5.390512943267822266e-02
5.006581544876098633e-02
8.949252218008041382e-02
5.147242546081542969e-02
1.674687862396240234e-02
2.112057805061340332e-02
2.160382270812988281e-02
5.938744544982910156e-02
5.893223360180854797e-02
5.265084803104400635e-01
1.238811016082763672e-02
5.329743027687072754e-03
4.057383658364415169e-01
4.085987806320190430e-02
1.760068535804748535e-02
2.613657712936401367e-02
2.210623025894165039e-02
1.425555348396301270e-02
2.419309318065643311e-02
1.432520151138305664e-01
2.223163843154907227e-02
6.861919164657592773e-02
8.399128913879394531e-03
2.246731519699096680e-02
2.001053839921951294e-02
2.018612623214721680e-02
1.921546459197998047e-02
2.003129478543996811e-02
3.260356187820434570e-02
8.748769760131835938e-04
4.015779495239257812e-02
2.450984716415405273e-02
1.659172773361206055e-02
4.660286009311676025e-03
6.313800811767578125e-03
7.734072208404541016e-02
1.468303799629211426e-02
2.994072437286376953e-02
2.654665708541870117e-02
7.628053426742553711e-03
3.023708285763859749e-01
1.992601156234741211e-02
5.324265360832214355e-02
1.473233103752136230e-03
2.512156963348388672e-02
3.024718165397644043e-02
3.285408020019531250e-03
2.533471584320068359e-02
6.261408329010009766e-03
1.654761284589767456e-02
3.112077713012695312e-03
1.074367761611938477e-02
7.116504013538360596e-02
1.016533374786376953e-02
2.494895458221435547e-02
1.845420524477958679e-02
6.420212984085083008e-02
2.465850114822387695e-02
6.280718743801116943e-02
8.523046970367431641e-03
1.153856515884399414e-02
2.683064341545104980e-02
2.981299161911010742e-02
3.195196390151977539e-02
1.630157232284545898e-03
6.138628721237182617e-02
1.025419831275939941e-01
1.520299911499023438e-02
1.141354441642761230e-03
4.238051176071166992e-02
2.062720060348510742e-02
1.978041976690292358e-02
1.732641458511352539e-02
4.865908622741699219e-02
1.606317609548568726e-02
1.129126548767089844e-02
3.435015678405761719e-04
7.743157446384429932e-03
2.947245836257934570e-01
3.769785165786743164e-02
2.820894122123718262e-03
6.419074535369873047e-02
1.512368917465209961e-01
4.580125212669372559e-02
3.294456005096435547e-02
8.817732334136962891e-03
5.370868742465972900e-02
1.741945743560791016e-02
4.410898685455322266e-02
3.715470433235168457e-02
5.910336971282958984e-02
1.067501306533813477e-02
1.471513509750366211e-02
9.064421057701110840e-02
6.732338666915893555e-02
1.326677203178405762e-02
3.326360881328582764e-02
1.900684833526611328e-02
1.345950365066528320e-02
3.462866693735122681e-02
4.203534126281738281e-02
2.779000997543334961e-02
6.099559366703033447e-03
4.833477735519409180e-02
1.823806762695312500e-02
3.945928439497947693e-02
1.345038414001464844e-03
1.176369190216064453e-02
1.435359567403793335e-02
2.651500701904296875e-02
1.196199655532836914e-02
3.050908446311950684e-03
4.205510020256042480e-02
4.612982273101806641e-02
4.009126126766204834e-02
2.840973855927586555e-01
3.209894895553588867e-02
5.088210105895996094e-03
2.004723818972706795e-01
4.449170827865600586e-02
8.901596069335937500e-03
9.052759408950805664e-02
1.284235715866088867e-01
4.623425006866455078e-02
2.511435747146606445e-02
2.535456418991088867e-02
1.764851808547973633e-02
2.927882969379425049e-02
4.258155822753906250e-03
1.721709966659545898e-02
1.801919192075729370e-03
1.272523403167724609e-02
2.692544460296630859e-02
3.523828834295272827e-02
3.032496571540832520e-02
6.069183349609375000e-02
1.504603028297424316e-02
3.131836652755737305e-03
2.229809761047363281e-04
2.391542494297027588e-02
1.078078150749206543e-02
2.506262063980102539e-02
2.765876054763793945e-02
1.392036676406860352e-02
1.129084825515747070e-02
2.953967452049255371e-02
1.733206212520599365e-03
6.177365779876708984e-02
2.244782447814941406e-02
6.560410559177398682e-02
4.319012165069580078e-03
3.257205486297607422e-01
1.323815435171127319e-02
1.167356967926025391e-02
4.441273212432861328e-02
2.607190608978271484e-02
4.690730571746826172e-02
1.334452629089355469e-02
2.419956028461456299e-03
1.874819397926330566e-02
2.376633882522583008e-02
5.244329571723937988e-03
1.546266674995422363e-02
2.484774589538574219e-02
6.929948925971984863e-03
5.405694246292114258e-03
1.168680191040039062e-02
4.160267114639282227e-02
5.419702827930450439e-02
4.541516304016113281e-02
7.947564125061035156e-03
4.120233654975891113e-02
5.737608671188354492e-02
2.545046806335449219e-02
8.912332355976104736e-03
2.520161867141723633e-02
2.798199653625488281e-02
3.007764369249343872e-02
1.817584037780761719e-02
1.110047101974487305e-02
1.819081604480743408e-03
8.524775505065917969e-03
9.174144268035888672e-02
2.239460498094558716e-02
8.542639017105102539e-02
8.714973926544189453e-03
3.655825555324554443e-02
1.881799101829528809e-02
9.458065032958984375e-03
5.611105263233184814e-02
2.521771192550659180e-02
3.055423498153686523e-02
1.780772209167480469e-02
1.270106434822082520e-02
2.052134275436401367e-02
8.781045675277709961e-03
8.441704511642456055e-02
1.135665178298950195e-02
9.722113609313964844e-04
2.809835970401763916e-02
3.631234169006347656e-02
2.381515502929687500e-02
1.640766486525535583e-02
2.187269926071166992e-02
4.740226268768310547e-02
1.663874834775924683e-02
3.057640790939331055e-02
2.067995071411132812e-02
1.413939148187637329e-02
1.902335882186889648e-02
1.601272821426391602e-02
3.632858395576477051e-03
2.562373876571655273e-03
2.094620466232299805e-02
3.623129427433013916e-02
5.363431572914123535e-02
3.962713479995727539e-02
4.672834277153015137e-02
2.790896594524383545e-02
3.622835874557495117e-02
3.786754608154296875e-02
3.453373908996582031e-03
1.633107662200927734e-03
3.870069980621337891e-03
2.744268625974655151e-02
4.047751426696777344e-04
2.571618556976318359e-02
2.059389650821685791e-02
2.671808004379272461e-02
1.042419672012329102e-02
2.301040664315223694e-02
1.181411743164062500e-02
1.665018200874328613e-01
2.876034751534461975e-02
