# {'window': 134, 'n_steps': 1, 'q': 0.03600882870881889, 'contam': 0.9701734367697303, 'thres': 0.0991199908395996}
1.287311315536499023e-02
7.344305515289306641e-03
3.142599761486053467e-02
1.854348182678222656e-02
2.647542953491210938e-02
9.882450103759765625e-04
2.176582813262939453e-03
4.319386184215545654e-01
2.872216701507568359e-02
6.714880466461181641e-03
2.454665899276733398e-01
1.583456993103027344e-03
1.242557168006896973e-02
3.355485200881958008e-02
1.159822940826416016e-02
1.748619973659515381e-02
6.931364536285400391e-03
1.109749078750610352e-02
4.308592062443494797e-02
2.316236495971679688e-03
8.212745189666748047e-03
1.483249664306640625e-02
2.789556980133056641e-03
3.169649839401245117e-02
5.763120949268341064e-03
5.966842174530029297e-03
3.797984123229980469e-02
5.024294555187225342e-02
1.151722669601440430e-02
7.542967796325683594e-03
5.472302436828613281e-04
9.458214044570922852e-03
3.684186935424804688e-02
3.920531272888183594e-02
2.577432990074157715e-02
7.908165454864501953e-02
7.631897926330566406e-03
3.939837217330932617e-03
3.488183021545410156e-02
1.102983951568603516e-02
6.623268127441406250e-03
5.879265069961547852e-02
2.099829912185668945e-02
7.783457636833190918e-03
4.941284656524658203e-03
3.273320198059082031e-02
3.905500099062919617e-02
2.390897274017333984e-02
2.651786804199218750e-02
9.055994451045989990e-03
3.314888477325439453e-02
3.135645389556884766e-02
1.257926225662231445e-02
2.378270030021667480e-02
6.690073013305664062e-02
1.667616367340087891e-01
9.896062314510345459e-02
6.536841392517089844e-04
1.251384615898132324e-02
2.692127227783203125e-02
2.254819869995117188e-02
3.486934304237365723e-02
4.678540676832199097e-02
3.262555599212646484e-02
9.749889373779296875e-03
2.216818183660507202e-02
1.340049505233764648e-02
1.600092649459838867e-02
4.210802074521780014e-02
2.885621786117553711e-02
4.827618598937988281e-03
9.712100028991699219e-03
2.557694911956787109e-03
2.001951932907104492e-01
1.325370371341705322e-02
9.802758693695068359e-03
3.154212236404418945e-02
1.583737134933471680e-02
8.113563060760498047e-03
5.693316459655761719e-03
4.815813899040222168e-02
1.817080378532409668e-02
3.478753566741943359e-02
1.173877716064453125e-02
1.560978591442108154e-02
2.848678827285766602e-02
5.108895897865295410e-02
8.742973208427429199e-03
5.656480789184570312e-04
1.317602396011352539e-02
3.685950785875320435e-01
6.621479988098144531e-03
4.256957769393920898e-02
6.974816322326660156e-03
3.644943237304687500e-03
3.351807594299316406e-03
4.083760082721710205e-03
3.251373767852783203e-03
6.555736064910888672e-03
2.258277833461761475e-01
2.786019444465637207e-02
2.590221166610717773e-02
3.291275352239608765e-02
3.715574741363525391e-03
4.376780986785888672e-02
1.315854266285896301e-01
1.359584927558898926e-02
1.216769218444824219e-02
2.364620566368103027e-02
8.240431547164916992e-03
5.557954311370849609e-03
1.546689867973327637e-02
3.018709272146224976e-02
7.267653942108154297e-03
3.189349174499511719e-02
3.539397940039634705e-02
4.345315694808959961e-02
8.031785488128662109e-03
1.118205487728118896e-03
3.127074241638183594e-02
2.015405893325805664e-02
3.436379134654998779e-02
1.381283998489379883e-02
1.363448500633239746e-01
2.888636291027069092e-02
4.197880625724792480e-02
5.951774120330810547e-02
3.281558603048324585e-01
4.389849305152893066e-02
1.032590866088867188e-03
2.623766660690307617e-02
2.545237541198730469e-02
2.296829223632812500e-02
1.962044835090637207e-02
4.270160198211669922e-02
1.681005954742431641e-02
2.076876163482666016e-02
3.078302741050720215e-02
1.559585332870483398e-02
2.805888652801513672e-03
4.752650856971740723e-03
3.070694208145141602e-02
4.645931720733642578e-02
3.670779615640640259e-02
1.574784517288208008e-02
2.883034944534301758e-02
2.507669478654861450e-02
2.334594726562500000e-02
3.530895709991455078e-02
9.167268872261047363e-04
4.387825727462768555e-02
2.099859714508056641e-02
3.259058296680450439e-02
4.858562350273132324e-02
2.400565147399902344e-02
2.767965197563171387e-03
4.095181822776794434e-02
1.720160841941833496e-01
1.206934452056884766e-03
3.251418471336364746e-02
4.029589891433715820e-02
7.202237844467163086e-03
2.927839756011962891e-03
7.411956787109375000e-03
1.259082555770874023e-02
4.056777060031890869e-02
1.943671703338623047e-02
8.541345596313476562e-03
3.128841519355773926e-03
3.784745931625366211e-02
7.353186607360839844e-03
3.564437851309776306e-02
5.798339843750000000e-03
2.222359180450439453e-02
2.181909233331680298e-02
4.256597161293029785e-02
2.366858720779418945e-02
2.659474313259124756e-02
1.847553253173828125e-02
2.457541227340698242e-02
1.305373013019561768e-02
1.740407943725585938e-02
1.712667942047119141e-02
1.472544670104980469e-02
2.357071638107299805e-02
6.578266620635986328e-03
5.799055099487304688e-03
2.769155800342559814e-02
4.770779609680175781e-02
1.029193401336669922e-03
2.243921160697937012e-02
3.469163179397583008e-02
1.085453033447265625e-01
4.391413740813732147e-02
1.645517349243164062e-02
2.171355485916137695e-02
3.811223432421684265e-02
2.454459667205810547e-03
2.815276384353637695e-02
2.646747231483459473e-02
2.168878912925720215e-02
4.112285375595092773e-02
5.764067173004150391e-04
6.234320998191833496e-02
1.723217964172363281e-02
5.974547564983367920e-02
4.528267681598663330e-02
2.953553199768066406e-02
1.882481575012207031e-02
1.663428544998168945e-02
1.891934871673583984e-02
3.587049245834350586e-02
2.433641254901885986e-02
4.521840810775756836e-02
1.327991485595703125e-04
8.816838264465332031e-03
1.880246400833129883e-02
1.188248395919799805e-02
1.452179625630378723e-02
3.799062967300415039e-02
1.305520534515380859e-03
2.384379506111145020e-03
1.838350296020507812e-02
3.626638650894165039e-02
2.666763961315155029e-03
2.595576643943786621e-02
3.969007730484008789e-02
3.692953288555145264e-02
2.175322175025939941e-02
5.944907665252685547e-03
1.305818557739257812e-02
8.873164653778076172e-03
3.234127163887023926e-01
1.117849349975585938e-02
1.533971726894378662e-02
4.524552822113037109e-02
1.506519317626953125e-02
5.095158517360687256e-02
8.849859237670898438e-03
9.225249290466308594e-03
2.198769897222518921e-02
3.235471248626708984e-02
1.901531219482421875e-02
1.438784599304199219e-02
2.339667081832885742e-02
4.031717777252197266e-03
1.008505374193191528e-02
3.952920436859130859e-03
3.327298164367675781e-02
8.293077349662780762e-03
7.600843906402587891e-03
3.125756978988647461e-02
5.311667919158935547e-03
2.951458096504211426e-02
2.079933881759643555e-02
9.284764528274536133e-03
3.091448545455932617e-02
2.460700273513793945e-02
1.472356915473937988e-02
2.188667654991149902e-03
3.894746303558349609e-03
1.521170139312744141e-02
5.237122625112533569e-02
2.253198623657226562e-02
3.446137905120849609e-02
2.443775162100791931e-02
8.086025714874267578e-03
1.667577028274536133e-02
2.184282988309860229e-02
1.504161357879638672e-01
1.183378696441650391e-02
9.079724550247192383e-03
2.886080741882324219e-02
9.934365749359130859e-03
1.665718853473663330e-02
2.135938405990600586e-02
2.828758955001831055e-02
6.521776318550109863e-03
1.162603497505187988e-02
4.545521736145019531e-02
3.116875886917114258e-04
2.077698707580566406e-03
1.651495695114135742e-02
4.972335696220397949e-02
6.067141890525817871e-03
1.233816146850585938e-05
2.305418252944946289e-02
3.647550940513610840e-02
1.966148614883422852e-02
5.737781524658203125e-03
1.906097307801246643e-02
9.009540081024169922e-03
1.455456018447875977e-02
2.498364448547363281e-02
3.627884387969970703e-02
1.002013683319091797e-02
2.963967621326446533e-02
9.758412837982177734e-03
1.160120964050292969e-02
1.624418050050735474e-02
2.256184816360473633e-03
7.053434848785400391e-03
1.583203673362731934e-02
1.356220245361328125e-02
1.175147294998168945e-02
1.978416740894317627e-02
1.082620024681091309e-02
6.170630455017089844e-03
1.405312567949295044e-01
2.506986260414123535e-03
2.173537015914916992e-02
3.349781036376953125e-05
1.255089044570922852e-02
1.030021905899047852e-02
1.280921697616577148e-02
2.650478854775428772e-02
2.710217237472534180e-02
2.361744642257690430e-02
2.271149493753910065e-02
8.783698081970214844e-03
1.263511180877685547e-02
1.747583970427513123e-02
2.835834026336669922e-02
1.413387060165405273e-02
2.427160739898681641e-03
6.038457155227661133e-02
5.902898311614990234e-02
1.545561850070953369e-02
3.843012452125549316e-02
3.721415996551513672e-03
4.565536975860595703e-02
2.780345082283020020e-02
1.088935136795043945e-02
5.152279138565063477e-02
2.129648625850677490e-02
2.508997917175292969e-02
7.553309202194213867e-03
1.396928727626800537e-02
8.468031883239746094e-04
8.982300758361816406e-03
6.583847105503082275e-03
2.498209476470947266e-03
2.333748340606689453e-02
4.469800740480422974e-02
3.197002410888671875e-02
3.360772132873535156e-02
4.638835787773132324e-03
3.160721063613891602e-02
1.356327533721923828e-02
2.300670742988586426e-02
1.023986935615539551e-02
1.661360263824462891e-03
6.401085853576660156e-02
4.155278205871582031e-03
1.274585723876953125e-03
4.107058048248291016e-04
1.408192515373229980e-02
9.933489561080932617e-02
2.781528234481811523e-02
4.457435011863708496e-02
3.764033317565917969e-04
1.388996839523315430e-03
3.475615382194519043e-02
9.377658367156982422e-03
4.106879234313964844e-03
4.850849509239196777e-03
2.441644668579101562e-03
5.004346370697021484e-03
5.823820829391479492e-03
2.215206623077392578e-03
2.082240581512451172e-02
1.116523146629333496e-02
4.305660724639892578e-03
2.252686023712158203e-02
6.736993789672851562e-03
1.039552688598632812e-02
2.310985326766967773e-02
9.826272726058959961e-04
1.007438898086547852e-01
2.232486009597778320e-02
2.285914123058319092e-02
3.549015522003173828e-02
5.375206470489501953e-03
1.994073390960693359e-03
2.618047595024108887e-02
1.162308454513549805e-02
3.985822200775146484e-03
2.817864716053009033e-02
2.510648965835571289e-02
1.230889558792114258e-02
4.572190903127193451e-02
2.940219640731811523e-02
3.082567453384399414e-02
1.948557235300540924e-02
6.229758262634277344e-03
3.749132156372070312e-03
3.771466016769409180e-02
1.045167446136474609e-02
8.925974369049072266e-03
5.271017551422119141e-03
1.872494816780090332e-02
8.278787136077880859e-03
1.570467650890350342e-02
1.082941889762878418e-02
4.289984703063964844e-03
1.528965905308723450e-01
7.431507110595703125e-04
1.618504524230957031e-03
4.996663331985473633e-02
3.310634195804595947e-02
4.283666610717773438e-03
3.471076488494873047e-03
8.678708598017692566e-02
3.257590532302856445e-02
3.256565332412719727e-02
1.177603751420974731e-02
1.320087909698486328e-02
2.081638574600219727e-02
1.228489726781845093e-02
7.454335689544677734e-03
5.744636058807373047e-03
1.145751029253005981e-02
1.044899225234985352e-02
1.960986852645874023e-02
1.478061825037002563e-02
2.845031023025512695e-02
8.672416210174560547e-03
2.297282218933105469e-03
5.791229009628295898e-02
4.027044177055358887e-01
1.074373722076416016e-04
5.537003278732299805e-02
3.223407268524169922e-02
1.364049315452575684e-02
2.778391540050506592e-02
7.734298706054687500e-03
3.452748060226440430e-02
1.751697063446044922e-02
6.678819656372070312e-03
1.506781578063964844e-02
1.868051290512084961e-02
1.522517204284667969e-02
1.411665081977844238e-01
8.700624108314514160e-03
1.104605197906494141e-02
2.185678482055664062e-02
7.838837802410125732e-03
2.150207757949829102e-02
1.751745343208312988e-01
4.510131850838661194e-02
3.364202380180358887e-02
3.707170486450195312e-02
1.681299507617950439e-02
3.674110770225524902e-02
2.434718608856201172e-02
4.113316535949707031e-03
2.451163530349731445e-02
2.097272872924804688e-02
2.559170126914978027e-02
7.348984479904174805e-03
7.859528064727783203e-03
4.760065674781799316e-02
4.449737817049026489e-02
4.043775796890258789e-02
4.028379917144775391e-03
1.702586561441421509e-02
1.603257656097412109e-02
5.679965019226074219e-03
2.336502075195312500e-04
1.778191328048706055e-02
1.345735788345336914e-02
4.739180207252502441e-03
1.409912109375000000e-02
1.753032207489013672e-03
5.252964794635772705e-03
9.850859642028808594e-03
1.981276273727416992e-02
1.652429997920989990e-02
1.614689826965332031e-03
1.455336809158325195e-02
6.377264857292175293e-03
1.189675927162170410e-02
3.019291162490844727e-02
5.358219146728515625e-03
1.571054756641387939e-02
6.124377250671386719e-04
1.616579294204711914e-02
3.265283256769180298e-02
3.849697113037109375e-02
2.908414602279663086e-02
2.309177815914154053e-02
1.511895656585693359e-02
1.741826534271240234e-02
2.570075355470180511e-02
1.553585529327392578e-01
7.768869400024414062e-03
3.185823187232017517e-02
2.468830347061157227e-02
1.324778795242309570e-02
2.712383866310119629e-04
1.869139075279235840e-02
1.657247543334960938e-03
9.591683745384216309e-03
9.496510028839111328e-04
2.472585439682006836e-02
1.249946653842926025e-02
1.077395677566528320e-02
1.097148656845092773e-02
2.823010087013244629e-02
2.884298563003540039e-02
1.378184556961059570e-02
9.389936923980712891e-03
9.721271693706512451e-03
2.087871432304382324e-01
3.477650880813598633e-02
2.742469906806945801e-01
6.444275379180908203e-03
3.698325157165527344e-02
1.316838711500167847e-02
1.303994655609130859e-02
5.810236930847167969e-02
2.225080132484436035e-02
2.020537853240966797e-03
1.305782794952392578e-02
7.901556789875030518e-03
4.112601280212402344e-03
1.560235023498535156e-02
3.302639722824096680e-02
2.115926146507263184e-02
4.143285751342773438e-02
1.984305679798126221e-02
7.405281066894531250e-03
1.874303817749023438e-02
4.304075241088867188e-02
2.151918411254882812e-02
5.451667308807373047e-02
1.226991415023803711e-02
9.475253522396087646e-03
1.998978853225708008e-02
4.705011844635009766e-03
3.098837286233901978e-02
3.391355276107788086e-02
3.101491928100585938e-02
1.366086304187774658e-02
1.879662275314331055e-02
1.308280229568481445e-02
1.418466493487358093e-02
1.269578933715820312e-03
1.734042167663574219e-02
1.707457005977630615e-03
5.726337432861328125e-03
5.851542949676513672e-02
1.572564244270324707e-02
1.550409197807312012e-02
7.304251194000244141e-03
2.185952663421630859e-02
1.418966054916381836e-02
1.016640663146972656e-02
8.850574493408203125e-03
5.635084211826324463e-02
2.369620203971862793e-01
1.885604858398437500e-02
2.035823464393615723e-02
2.457104921340942383e-01
1.359236240386962891e-02
3.594727069139480591e-02
2.020829916000366211e-02
2.014034986495971680e-02
2.395796775817871094e-02
2.956867218017578125e-03
1.180320978164672852e-02
2.376072481274604797e-02
3.542727231979370117e-02
2.556443214416503906e-02
1.319892704486846924e-02
1.400113105773925781e-02
1.686775684356689453e-02
2.228446304798126221e-02
2.884894609451293945e-03
2.863377332687377930e-02
9.779632091522216797e-04
3.574639558792114258e-03
5.084538459777832031e-02
2.916100621223449707e-02
3.501053154468536377e-02
1.738131046295166016e-03
1.181548833847045898e-02
3.232297301292419434e-02
1.657515764236450195e-02
1.601314544677734375e-02
1.531057059764862061e-02
6.482779979705810547e-03
3.679394721984863281e-02
2.521314620971679688e-01
2.692580223083496094e-03
1.111578941345214844e-02
3.613069653511047363e-03
2.188569307327270508e-02
5.857723951339721680e-02
9.650714695453643799e-03
2.163842320442199707e-02
6.965816020965576172e-03
3.127905726432800293e-02
3.453582525253295898e-03
2.427393198013305664e-02
2.179853618144989014e-02
2.218595147132873535e-02
3.537946939468383789e-02
1.232877373695373535e-02
7.601827383041381836e-03
5.353987216949462891e-03
1.397067308425903320e-02
4.735499620437622070e-03
2.117151021957397461e-02
1.862275600433349609e-02
2.631797268986701965e-02
6.254577636718750000e-02
4.731184244155883789e-02
3.986044414341449738e-02
4.190206527709960938e-05
1.023101806640625000e-02
1.186415553092956543e-03
5.382746458053588867e-02
7.451850175857543945e-02
2.965329587459564209e-02
1.525440812110900879e-02
2.272021770477294922e-02
2.300475537776947021e-02
4.391703009605407715e-02
2.094650268554687500e-02
9.962826967239379883e-03
2.050977945327758789e-02
3.822678327560424805e-02
3.287842869758605957e-02
1.726418733596801758e-03
3.615570068359375000e-02
1.472714543342590332e-02
1.170042157173156738e-02
2.557444572448730469e-02
1.102626323699951172e-03
2.007369697093963623e-02
3.613829612731933594e-03
2.122855186462402344e-02
3.301506489515304565e-02
1.235061287879943848e-01
1.570123434066772461e-02
1.815572753548622131e-02
7.520914077758789062e-04
1.614016294479370117e-02
4.662534594535827637e-02
3.410917520523071289e-02
4.256892204284667969e-02
9.638860821723937988e-03
1.628488302230834961e-02
2.143996953964233398e-02
1.734390854835510254e-03
1.154053211212158203e-02
1.346784830093383789e-02
2.099156379699707031e-02
7.248163223266601562e-03
8.212029933929443359e-03
1.661175489425659180e-02
2.583707123994827271e-02
4.620432853698730469e-03
3.018355369567871094e-02
5.263144336640834808e-02
8.675992488861083984e-03
1.704746484756469727e-02
2.174761891365051270e-02
2.426922321319580078e-03
2.246975898742675781e-03
4.908288083970546722e-02
3.453701734542846680e-02
2.831294536590576172e-01
1.062414050102233887e-02
5.605474114418029785e-02
2.677488327026367188e-02
1.743593811988830566e-02
2.315130829811096191e-02
1.421308517456054688e-02
2.768543362617492676e-02
8.225321769714355469e-03
2.282619476318359375e-02
1.804754137992858887e-02
2.915690839290618896e-02
2.082091569900512695e-02
2.250090241432189941e-02
4.763203114271163940e-02
5.044889450073242188e-02
1.433783769607543945e-02
1.085380464792251587e-02
5.166947841644287109e-03
6.851196289062500000e-03
2.358648180961608887e-01
6.414413452148437500e-03
1.090168952941894531e-04
1.697599887847900391e-03
1.620769500732421875e-02
1.929336786270141602e-02
1.955806016921997070e-01
2.315580844879150391e-03
4.750502109527587891e-02
1.436170935630798340e-02
2.719551324844360352e-02
6.701725721359252930e-02
3.582932054996490479e-02
3.823480010032653809e-02
1.241594552993774414e-02
2.165657281875610352e-02
8.882433176040649414e-04
1.220262050628662109e-02
4.870682954788208008e-03
2.254023402929306030e-02
3.542327880859375000e-02
2.067607641220092773e-02
9.081982076168060303e-03
1.250392198562622070e-02
2.744269371032714844e-02
1.909209415316581726e-02
1.871889829635620117e-02
3.630030155181884766e-02
1.660697162151336670e-03
1.038563251495361328e-02
3.952068090438842773e-02
3.956168889999389648e-03
5.074679851531982422e-03
1.912516355514526367e-02
1.493543386459350586e-03
1.510855555534362793e-02
2.009570598602294922e-03
1.537530124187469482e-02
1.447707414627075195e-03
6.026798486709594727e-02
2.567350864410400391e-03
7.871910929679870605e-03
2.651602029800415039e-02
3.840318322181701660e-02
2.932541072368621826e-03
1.065826416015625000e-02
2.528548240661621094e-02
7.881872355937957764e-03
2.055686712265014648e-02
1.761776208877563477e-02
3.102232329547405243e-02
2.351212501525878906e-02
2.917271852493286133e-02
1.805780827999114990e-02
2.849018573760986328e-02
1.958781480789184570e-02
1.944903284311294556e-02
2.301836013793945312e-02
2.536183595657348633e-02
9.839281439781188965e-03
4.171460866928100586e-03
7.181107997894287109e-03
1.203463971614837646e-02
1.453644037246704102e-02
2.271062135696411133e-02
2.958616614341735840e-02
1.669067144393920898e-02
2.359902858734130859e-02
1.896980404853820801e-02
1.895472407341003418e-03
1.301610469818115234e-02
3.027027845382690430e-02
2.087140455842018127e-02
7.062518596649169922e-02
8.114516735076904297e-03
2.980759739875793457e-02
7.667124271392822266e-03
1.002281904220581055e-02
2.961602061986923218e-02
1.485413312911987305e-02
4.858446121215820312e-02
2.059438824653625488e-02
1.738476753234863281e-02
2.477991580963134766e-02
2.735918760299682617e-02
3.301766514778137207e-02
4.177403450012207031e-02
3.536687791347503662e-02
4.135698080062866211e-03
3.113746643066406250e-03
1.295942068099975586e-02
4.512944817543029785e-02
3.396302461624145508e-02
2.781656384468078613e-02
8.068531751632690430e-04
7.349193096160888672e-03
2.323925495147705078e-03
4.752904176712036133e-03
3.308027982711791992e-02
1.539391279220581055e-02
2.810928598046302795e-02
4.819393157958984375e-03
5.352139472961425781e-02
1.776631549000740051e-02
2.290207147598266602e-02
1.223343610763549805e-02
1.478357613086700439e-02
2.142727375030517578e-03
1.008182764053344727e-02
2.389283478260040283e-02
8.809000253677368164e-03
2.941244840621948242e-02
2.678871154785156250e-02
1.318663358688354492e-03
6.873309612274169922e-03
1.743519306182861328e-02
4.210859537124633789e-03
2.276164293289184570e-02
3.798544406890869141e-03
3.117322921752929688e-02
6.920099258422851562e-05
1.511138677597045898e-02
3.490334004163742065e-02
4.393672943115234375e-02
1.550853252410888672e-02
1.891750097274780273e-02
6.269776821136474609e-02
1.720786094665527344e-03
3.900291025638580322e-02
1.411634683609008789e-02
1.116681098937988281e-02
6.162665784358978271e-03
1.306644082069396973e-02
1.082813739776611328e-02
1.009777188301086426e-03
4.772841930389404297e-04
5.414807796478271484e-02
2.255448698997497559e-02
1.182579994201660156e-02
2.409189939498901367e-02
2.608188986778259277e-02
2.200536429882049561e-02
4.048150777816772461e-02
2.073374390602111816e-02
3.743596374988555908e-02
1.262670755386352539e-02
3.080224990844726562e-02
4.709829390048980713e-02
1.885813474655151367e-02
4.716932773590087891e-02
3.994401544332504272e-03
8.745789527893066406e-03
1.211661100387573242e-02
1.392279192805290222e-02
3.852248191833496094e-04
8.394360542297363281e-03
2.670559287071228027e-02
3.106909990310668945e-02
1.068818569183349609e-02
2.520731091499328613e-02
3.082841634750366211e-03
1.764187812805175781e-01
2.022045850753784180e-02
6.201505661010742188e-03
2.736985683441162109e-03
1.711359620094299316e-02
1.343972980976104736e-02
8.357524871826171875e-03
7.570683956146240234e-04
8.309982717037200928e-03
3.619205951690673828e-02
3.123462200164794922e-03
9.828731417655944824e-03
1.745790243148803711e-02
7.498979568481445312e-03
2.620215713977813721e-02
3.742992877960205078e-02
1.045584678649902344e-03
3.923736512660980225e-02
3.891438245773315430e-02
9.186208248138427734e-03
3.828614950180053711e-03
8.310359716415405273e-02
2.863228321075439453e-03
2.113212645053863525e-02
2.422571182250976562e-02
1.384711265563964844e-02
1.997752487659454346e-02
5.912192165851593018e-02
6.226301193237304688e-04
2.963304519653320312e-03
3.248564898967742920e-02
9.115695953369140625e-03
1.754042506217956543e-02
2.058686316013336182e-02
1.811516284942626953e-02
1.662343740463256836e-02
2.147636562585830688e-02
9.281218051910400391e-03
6.216007471084594727e-02
1.939095929265022278e-02
1.819455623626708984e-02
1.870942115783691406e-02
2.008824795484542847e-01
3.615498542785644531e-02
1.583606004714965820e-02
1.052675396203994751e-02
1.060235500335693359e-02
3.692489862442016602e-02
1.332758367061614990e-02
1.114261150360107422e-02
2.094626426696777344e-03
1.570452749729156494e-02
1.463153958320617676e-02
1.639449596405029297e-02
1.507273316383361816e-02
1.384198665618896484e-03
1.848936080932617188e-04
4.655331373214721680e-03
4.176394641399383545e-02
1.624804735183715820e-02
2.046543359756469727e-02
2.798870205879211426e-02
2.514058351516723633e-02
1.242220401763916016e-02
9.255737066268920898e-03
5.222916603088378906e-03
2.124446630477905273e-02
2.357412874698638916e-02
2.230852842330932617e-02
3.280937671661376953e-03
8.700206875801086426e-03
5.639094114303588867e-02
1.595914363861083984e-03
9.306311607360839844e-03
1.802879571914672852e-02
2.127605676651000977e-02
2.140740109607577324e-01
1.386496424674987793e-02
1.079809665679931641e-02
1.466777920722961426e-02
7.238864898681640625e-03
1.966834068298339844e-02
8.368074893951416016e-03
1.193121820688247681e-02
7.290601730346679688e-03
2.906101942062377930e-02
3.038330003619194031e-02
1.346683502197265625e-02
1.732176542282104492e-02
2.627889961004257202e-01
5.826354026794433594e-04
8.258163928985595703e-03
3.242671489715576172e-03
2.360653877258300781e-02
3.879231214523315430e-02
7.956959307193756104e-03
3.478321433067321777e-02
1.468062400817871094e-02
1.420970261096954346e-02
3.742986917495727539e-02
2.043962478637695312e-02
2.082702517509460449e-02
5.884417891502380371e-02
4.378676414489746094e-03
2.745363116264343262e-02
4.464620351791381836e-02
1.139479875564575195e-02
1.121896505355834961e-02
1.279028505086898804e-02
1.457673311233520508e-02
9.215176105499267578e-03
1.589706540107727051e-02
9.996533393859863281e-03
1.442682743072509766e-02
1.730075851082801819e-02
2.665048837661743164e-02
1.899433135986328125e-02
2.856383845210075378e-02
2.760612964630126953e-02
2.993720769882202148e-02
2.080029249191284180e-02
1.188695430755615234e-02
5.247116088867187500e-03
3.374874591827392578e-03
1.212540268898010254e-02
1.171255111694335938e-02
1.113602519035339355e-02
3.019237518310546875e-02
3.065085411071777344e-02
2.142193913459777832e-02
3.283545374870300293e-02
8.711755275726318359e-03
7.243335247039794922e-03
2.351999282836914062e-03
2.893573045730590820e-02
9.966671466827392578e-03
3.335140645503997803e-03
1.499956846237182617e-02
5.093628168106079102e-02
7.546283304691314697e-03
1.407688856124877930e-02
1.636987924575805664e-02
8.978612720966339111e-03
1.068538427352905273e-02
2.895772457122802734e-03
1.634518057107925415e-02
1.132827997207641602e-02
1.783865690231323242e-02
2.382263541221618652e-02
4.303246736526489258e-02
5.640089511871337891e-03
2.783155441284179688e-02
1.711434125900268555e-02
2.105557918548583984e-02
8.406460285186767578e-03
1.373323798179626465e-02
2.412319183349609375e-03
3.782910108566284180e-02
3.634427338838577271e-01
3.413867950439453125e-02
4.249572753906250000e-03
4.442842304706573486e-02
1.398700475692749023e-02
5.734729766845703125e-02
1.920714974403381348e-03
2.942579984664916992e-02
5.999505519866943359e-03
8.100718259811401367e-04
1.195311546325683594e-03
1.551705598831176758e-02
1.009328663349151611e-02
5.793273448944091797e-04
1.443195343017578125e-02
6.129946559667587280e-02
4.422068595886230469e-03
8.344709873199462891e-03
8.588626980781555176e-03
7.676362991333007812e-03
1.192659139633178711e-02
1.095771789550781250e-02
2.838413417339324951e-02
3.193706274032592773e-02
3.928619623184204102e-02
7.523879408836364746e-03
5.051177740097045898e-02
9.443163871765136719e-04
3.531539440155029297e-02
8.195638656616210938e-04
2.099537849426269531e-02
3.838200680911540985e-02
1.487284898757934570e-02
5.596816539764404297e-03
7.285892963409423828e-03
1.097553968429565430e-02
1.173043251037597656e-02
1.316476613283157349e-02
2.836656570434570312e-02
5.183857679367065430e-02
4.472729563713073730e-02
1.440703868865966797e-02
4.308211803436279297e-02
2.647742629051208496e-02
3.200286626815795898e-02
2.130204439163208008e-02
1.811522245407104492e-02
2.549231052398681641e-02
4.274260997772216797e-02
2.413299679756164551e-02
1.018399000167846680e-02
1.392239332199096680e-02
7.418155670166015625e-03
2.114441990852355957e-02
3.940403461456298828e-03
2.493464946746826172e-02
1.039531081914901733e-02
3.075015544891357422e-02
3.492355346679687500e-03
3.958727046847343445e-02
9.413957595825195312e-04
6.609535217285156250e-02
5.911163985729217529e-03
5.934447050094604492e-03
9.979367256164550781e-03
3.728032112121582031e-03
9.505987167358398438e-03
2.488476037979125977e-02
8.244112133979797363e-03
1.275396347045898438e-02
1.290357112884521484e-02
6.185787916183471680e-02
9.327828884124755859e-03
1.461368799209594727e-02
3.372177481651306152e-02
1.037304103374481201e-02
4.587411880493164062e-03
1.127064228057861328e-03
1.636303961277008057e-02
3.280264139175415039e-02
1.630908250808715820e-02
3.963734768331050873e-02
1.765602827072143555e-02
9.186327457427978516e-03
4.418203048408031464e-02
2.827197313308715820e-02
2.555966377258300781e-03
1.699640601873397827e-02
3.654432296752929688e-02
2.804768085479736328e-02
2.396558225154876709e-02
9.234964847564697266e-03
4.155516624450683594e-03
8.805990219116210938e-04
3.940492868423461914e-02
3.461521863937377930e-02
6.660926342010498047e-02
2.350202202796936035e-02
3.156501054763793945e-02
4.004174470901489258e-02
6.938461586833000183e-02
8.160293102264404297e-03
1.183301210403442383e-02
2.013844251632690430e-02
2.467024326324462891e-02
1.221621036529541016e-02
1.571981236338615417e-02
2.093565464019775391e-02
1.021689176559448242e-02
4.763849265873432159e-02
5.404293537139892578e-03
1.197814941406250000e-02
2.912593632936477661e-02
2.479481697082519531e-02
1.457881927490234375e-02
2.635434269905090332e-03
3.055953979492187500e-02
2.375921010971069336e-01
4.374378919601440430e-02
1.272448897361755371e-02
4.319214820861816406e-02
3.056338429450988770e-02
1.714636385440826416e-02
3.861486911773681641e-03
4.381594061851501465e-02
2.707019448280334473e-03
2.647459506988525391e-02
1.613193750381469727e-02
8.310377597808837891e-05
3.001600503921508789e-02
1.728171110153198242e-02
3.244568407535552979e-02
7.166981697082519531e-03
1.619648933410644531e-02
1.776748150587081909e-02
3.644746541976928711e-02
1.431745290756225586e-02
2.336008846759796143e-02
1.661074161529541016e-02
2.677586674690246582e-01
2.225612103939056396e-02
1.894700527191162109e-02
4.403495788574218750e-02
5.101472139358520508e-03
2.974167466163635254e-02
1.843094825744628906e-02
3.012171387672424316e-02
1.968057453632354736e-02
1.927649974822998047e-02
1.360654830932617188e-03
4.932341724634170532e-02
4.355907440185546875e-03
1.270776987075805664e-02
1.423607394099235535e-02
5.546748638153076172e-03
1.582127809524536133e-02
4.218225479125976562e-01
3.137326240539550781e-02
2.197903394699096680e-02
4.597589373588562012e-03
7.214188575744628906e-03
6.605863571166992188e-03
1.124122738838195801e-02
1.055061817169189453e-03
1.511776447296142578e-02
4.212200641632080078e-02
8.128106594085693359e-03
2.903503179550170898e-02
1.831996440887451172e-02
3.805968165397644043e-02
1.775598526000976562e-02
1.141223311424255371e-02
3.674241900444030762e-02
2.043068408966064453e-02
4.303187131881713867e-03
1.209862530231475830e-02
5.333089828491210938e-02
8.396148681640625000e-03
4.696910828351974487e-02
2.821826934814453125e-02
6.262362003326416016e-03
3.713827580213546753e-03
5.082780122756958008e-02
5.146765708923339844e-02
1.915527135133743286e-02
4.878580570220947266e-03
1.662665605545043945e-02
1.964677125215530396e-02
2.603787183761596680e-02
5.527377128601074219e-03
6.151288747787475586e-03
1.142341196537017822e-01
1.469677686691284180e-02
3.822654485702514648e-03
4.380038380622863770e-02
3.754585981369018555e-02
5.650281906127929688e-03
1.121367514133453369e-02
1.681447029113769531e-03
5.543351173400878906e-03
1.865094900131225586e-02
1.729071140289306641e-02
4.034972190856933594e-02
2.447853237390518188e-02
2.959966659545898438e-03
1.371496915817260742e-02
3.405302762985229492e-03
5.164295434951782227e-02
4.763841629028320312e-03
2.692732959985733032e-02
3.673028945922851562e-02
1.724201440811157227e-02
3.360600918531417847e-01
5.459377169609069824e-02
2.157628536224365234e-03
1.628205180168151855e-03
1.492270827293395996e-02
2.693015336990356445e-02
7.766470313072204590e-03
8.895277976989746094e-03
4.500335454940795898e-02
3.323560953140258789e-02
7.007226347923278809e-03
2.277499437332153320e-02
4.599589109420776367e-02
2.107003331184387207e-02
2.110660076141357422e-03
3.767043352127075195e-02
7.197521626949310303e-03
2.935427427291870117e-02
1.311945915222167969e-02
8.928451687097549438e-03
6.817042827606201172e-03
1.808536052703857422e-02
1.157261431217193604e-03
2.450108528137207031e-03
3.397744894027709961e-02
8.401088416576385498e-03
3.164252638816833496e-02
1.659667491912841797e-02
1.700836420059204102e-02
7.783353328704833984e-03
3.445643186569213867e-02
3.642192482948303223e-02
1.269200444221496582e-02
3.919708728790283203e-02
2.244746685028076172e-02
2.372628450393676758e-02
1.028048992156982422e-02
2.657410502433776855e-02
3.325077891349792480e-02
2.127259969711303711e-02
8.359014987945556641e-03
1.930268853902816772e-02
2.238923311233520508e-02
2.233028411865234375e-02
1.746590435504913330e-02
2.067638635635375977e-01
3.666818141937255859e-02
7.642764598131179810e-03
8.400022983551025391e-03
4.484248161315917969e-02
1.330249756574630737e-02
2.859559655189514160e-02
3.028059005737304688e-02
5.409018695354461670e-02
2.247121930122375488e-02
1.927691698074340820e-02
1.929025352001190186e-02
3.734588623046875000e-02
8.027195930480957031e-03
6.094041466712951660e-02
3.469182550907135010e-02
2.811908721923828125e-03
3.821468353271484375e-02
1.249710470438003540e-02
1.217466592788696289e-02
4.009008407592773438e-03
1.021386682987213135e-02
2.565449476242065430e-02
9.504556655883789062e-04
5.875125527381896973e-03
2.095276117324829102e-02
1.449072360992431641e-02
9.524598717689514160e-04
2.879112958908081055e-02
1.571595668792724609e-03
1.743309199810028076e-03
2.119421958923339844e-02
2.692687511444091797e-02
5.092829465866088867e-03
5.928963422775268555e-03
1.798212528228759766e-02
3.385195136070251465e-02
1.559445261955261230e-02
1.435208320617675781e-02
2.165001630783081055e-02
2.578203380107879639e-02
3.022074699401855469e-03
3.360694646835327148e-02
5.604423582553863525e-03
2.832651138305664062e-03
2.515703439712524414e-02
5.337566137313842773e-03
4.155361652374267578e-02
3.731197118759155273e-02
4.515434801578521729e-02
7.851427793502807617e-02
1.841801404953002930e-01
1.661980152130126953e-01
1.055359840393066406e-03
3.176093101501464844e-03
1.495013386011123657e-02
2.274885773658752441e-02
5.929660797119140625e-02
2.283456921577453613e-02
1.228737831115722656e-02
1.497781276702880859e-02
1.754145324230194092e-02
3.375530242919921875e-03
8.939445018768310547e-03
3.117710351943969727e-03
4.735152423381805420e-02
1.229840517044067383e-02
7.932931184768676758e-03
3.495648503303527832e-03
1.251196861267089844e-02
2.871346473693847656e-02
2.126139029860496521e-02
1.032131910324096680e-02
2.993315458297729492e-02
2.115115523338317871e-03
5.843102931976318359e-03
1.678532361984252930e-02
1.499705016613006592e-02
1.779287457466125488e-01
1.189482212066650391e-02
9.548217058181762695e-04
2.944016456604003906e-02
2.309906482696533203e-02
1.410603523254394531e-03
2.759286761283874512e-02
1.457154750823974609e-02
8.966013789176940918e-03
2.405405044555664062e-03
5.916416645050048828e-03
3.579357266426086426e-02
4.530653357505798340e-03
2.398192882537841797e-02
3.879040479660034180e-03
7.614567875862121582e-03
1.418298482894897461e-02
2.862340211868286133e-02
4.351058602333068848e-02
1.025617122650146484e-02
3.576338291168212891e-03
2.435811609029769897e-02
3.495401144027709961e-02
1.288658380508422852e-02
1.763253659009933472e-02
5.050343275070190430e-02
1.209717988967895508e-02
1.168692857027053833e-02
1.773622632026672363e-02
1.384097337722778320e-02
4.879765212535858154e-02
1.810938119888305664e-02
3.709852695465087891e-02
1.701626181602478027e-02
4.264430701732635498e-02
6.633877754211425781e-03
1.830059289932250977e-02
7.378098368644714355e-02
1.093649864196777344e-02
3.151616454124450684e-02
2.489417791366577148e-03
1.474058628082275391e-02
3.860694169998168945e-02
1.360598206520080566e-02
1.794278621673583984e-03
4.540127515792846680e-02
1.441979780793190002e-02
3.365856409072875977e-02
2.814084291458129883e-02
1.274295896291732788e-02
1.856797933578491211e-02
2.489209175109863281e-03
1.240516453981399536e-02
5.883455276489257812e-03
6.524682044982910156e-03
7.118493318557739258e-03
1.804479956626892090e-02
2.610921859741210938e-02
9.010627865791320801e-03
4.240146279335021973e-02
2.342462539672851562e-05
2.402254939079284668e-02
1.374006271362304688e-03
3.208243846893310547e-02
7.136076688766479492e-03
4.013185203075408936e-02
9.803950786590576172e-03
1.643466949462890625e-02
4.362445324659347534e-02
2.908831834793090820e-02
1.800948381423950195e-02
5.160313099622726440e-03
2.152454853057861328e-02
2.506792545318603516e-03
2.369154617190361023e-02
9.437322616577148438e-03
2.649526596069335938e-01
2.767565846443176270e-02
1.433819532394409180e-03
1.942247152328491211e-02
1.006752252578735352e-02
1.848042011260986328e-03
1.396477222442626953e-02
1.423706114292144775e-02
1.013168692588806152e-02
2.364599704742431641e-02
3.488215804100036621e-02
2.745358645915985107e-02
1.450866460800170898e-02
4.006880521774291992e-02
1.922452449798583984e-02
2.612596750259399414e-02
7.249176502227783203e-03
2.028973400592803955e-02
2.531552314758300781e-02
2.224624156951904297e-03
2.109092101454734802e-02
6.255447864532470703e-03
2.954202890396118164e-02
1.832805573940277100e-02
1.976436376571655273e-02
2.322447299957275391e-02
4.269324243068695068e-03
1.307460665702819824e-02
7.418990135192871094e-04
4.793792963027954102e-03
1.868247985839843750e-02
2.222311496734619141e-02
1.761583983898162842e-02
4.661530256271362305e-03
9.123027324676513672e-03
1.758366823196411133e-02
3.867205977439880371e-02
2.074730396270751953e-02
1.266521215438842773e-02
1.527190208435058594e-02
3.365397453308105469e-02
3.542006015777587891e-03
4.023629575967788696e-01
2.436798810958862305e-02
1.093572378158569336e-02
1.017130538821220398e-02
1.876425743103027344e-02
3.034698963165283203e-02
2.317953482270240784e-02
2.172255516052246094e-02
8.836567401885986328e-03
2.438060939311981201e-03
6.001740694046020508e-03
6.817519664764404297e-03
2.245815098285675049e-02
7.875412702560424805e-03
3.969704508781433105e-01
2.942962944507598877e-02
4.334253072738647461e-02
7.138609886169433594e-02
7.901549339294433594e-03
2.016453174874186516e-01
3.699177503585815430e-02
4.392251372337341309e-02
3.121202439069747925e-02
8.406758308410644531e-03
1.339185237884521484e-02
4.877462983131408691e-03
3.013551235198974609e-02
5.648136138916015625e-04
9.700361639261245728e-03
4.627728462219238281e-02
2.821981906890869141e-03
1.698375865817070007e-02
2.217924594879150391e-02
3.474813699722290039e-02
1.104293018579483032e-02
3.373593091964721680e-02
2.443045377731323242e-02
4.975542426109313965e-03
1.945844292640686035e-02
5.100572109222412109e-02
1.071782410144805908e-02
3.905507922172546387e-02
5.763649940490722656e-03
7.466882467269897461e-03
1.402966678142547607e-02
1.070618629455566406e-03
1.140540838241577148e-02
7.487446069717407227e-03
8.594095706939697266e-03
2.463239431381225586e-02
2.076775580644607544e-02
5.217409133911132812e-02
2.643197774887084961e-02
5.960941314697265625e-03
3.265607357025146484e-02
3.012955188751220703e-03
3.109851107001304626e-02
1.051664352416992188e-02
3.057539463043212891e-02
3.053642809391021729e-02
4.929089546203613281e-02
3.739061057567596436e-01
2.164179086685180664e-02
5.708205699920654297e-02
4.728579521179199219e-02
8.175551891326904297e-03
1.751756668090820312e-02
1.212728023529052734e-02
5.073416233062744141e-02
3.689998388290405273e-02
3.897625207901000977e-02
3.742924332618713379e-02
9.008213877677917480e-03
2.763158082962036133e-02
2.542316913604736328e-03
1.548677682876586914e-04
3.251445293426513672e-02
2.697086334228515625e-02
3.848896175622940063e-02
2.521556615829467773e-02
3.243511915206909180e-02
5.842311307787895203e-02
1.556891202926635742e-02
2.625423669815063477e-02
1.399904489517211914e-03
2.214968204498291016e-02
5.563062429428100586e-02
2.532988786697387695e-03
2.591848373413085938e-03
3.480744361877441406e-02
2.262550592422485352e-02
1.299679279327392578e-04
5.030268430709838867e-02
1.114767789840698242e-02
2.880896627902984619e-02
2.393698692321777344e-02
3.877639770507812500e-03
3.735007345676422119e-02
5.364573001861572266e-02
4.953247308731079102e-02
3.030699118971824646e-02
4.980224370956420898e-02
3.340971469879150391e-02
1.569694280624389648e-02
3.756862878799438477e-02
1.326376199722290039e-02
5.900010466575622559e-03
3.380280733108520508e-02
4.689759016036987305e-02
7.767170667648315430e-03
5.599856376647949219e-03
1.813989877700805664e-02
3.399242460727691650e-02
3.255090117454528809e-02
3.329914808273315430e-02
1.061323285102844238e-02
1.352082341909408569e-01
2.802908420562744141e-03
1.489549875259399414e-03
4.047453403472900391e-02
3.476107120513916016e-02
2.069702744483947754e-02
1.262456178665161133e-02
2.817237377166748047e-02
7.307398319244384766e-02
3.756637498736381531e-02
1.912385225296020508e-02
5.580782890319824219e-04
8.590474724769592285e-03
2.691745758056640625e-02
2.231198549270629883e-02
7.676742970943450928e-03
9.016215801239013672e-03
9.277343750000000000e-03
2.719934284687042236e-02
7.960200309753417969e-05
1.911988258361816406e-01
1.071301102638244629e-02
1.412966847419738770e-02
1.139795780181884766e-02
1.898846030235290527e-02
7.468727231025695801e-02
4.075682163238525391e-02
3.591266274452209473e-02
2.227659523487091064e-02
4.046243429183959961e-02
5.085644125938415527e-02
8.155435323715209961e-03
2.602070569992065430e-02
3.488659858703613281e-04
2.966359257698059082e-02
1.806247234344482422e-02
4.151153564453125000e-02
2.743545919656753540e-03
3.407180309295654297e-03
2.585357427597045898e-02
8.196756243705749512e-03
1.927316188812255859e-03
6.293070316314697266e-02
3.676888346672058105e-02
1.347991824150085449e-02
4.225969314575195312e-04
3.391586244106292725e-02
6.202965974807739258e-02
1.931029558181762695e-02
1.995708048343658447e-02
2.804684638977050781e-02
9.600281715393066406e-03
1.741930842399597168e-02
2.881045639514923096e-02
4.729819297790527344e-02
3.976041078567504883e-02
4.685164988040924072e-02
1.176142692565917969e-02
2.947914600372314453e-02
2.630335092544555664e-02
2.202963829040527344e-02
4.449665546417236328e-02
4.687778651714324951e-03
7.222771644592285156e-03
4.307138919830322266e-02
2.018472179770469666e-02
1.685386896133422852e-02
4.918116331100463867e-02
2.118047326803207397e-02
3.589388728141784668e-02
2.168643474578857422e-02
1.108454167842864990e-02
1.080092787742614746e-02
4.404962062835693359e-02
1.343605741858482361e-01
1.062273979187011719e-02
1.389998197555541992e-02
2.112478017807006836e-02
6.418228149414062500e-04
1.407474279403686523e-02
4.316201806068420410e-02
1.440842449665069580e-02
3.073662519454956055e-02
1.390874385833740234e-02
2.661705017089843750e-03
1.601397991180419922e-02
2.028286457061767578e-03
1.157779246568679810e-03
1.405626535415649414e-02
2.140879631042480469e-03
1.408703625202178955e-02
3.241777420043945312e-03
7.393538951873779297e-03
4.067384079098701477e-02
2.578583359718322754e-02
3.216743469238281250e-03
1.287680864334106445e-02
1.154541969299316406e-04
4.238349199295043945e-02
1.237210631370544434e-02
1.190972328186035156e-02
9.988665580749511719e-03
2.906832098960876465e-02
4.313300549983978271e-02
1.539206504821777344e-02
2.089646458625793457e-02
3.369746357202529907e-02
2.479386329650878906e-02
1.013646125793457031e-01
3.495047986507415771e-02
1.695753335952758789e-01
9.632945060729980469e-03
3.040265291929244995e-03
3.075969219207763672e-02
8.537828922271728516e-03
1.636864989995956421e-02
2.895390987396240234e-02
9.348809719085693359e-03
6.893835961818695068e-03
3.716826438903808594e-03
2.437841892242431641e-02
1.623314619064331055e-02
4.465228319168090820e-02
2.578967809677124023e-02
3.500364720821380615e-02
1.319149136543273926e-02
9.941637516021728516e-03
2.831459045410156250e-02
5.567267537117004395e-03
2.265024185180664062e-02
2.814441919326782227e-03
7.976293563842773438e-04
7.746756076812744141e-03
3.452348709106445312e-02
3.900184482336044312e-02
1.592504978179931641e-02
1.613163948059082031e-02
3.933764807879924774e-02
5.453348159790039062e-03
1.462209224700927734e-02
1.299673318862915039e-02
5.461186170578002930e-02
1.164889335632324219e-02
5.480304360389709473e-03
6.254494190216064453e-03
3.931236267089843750e-02
1.722553372383117676e-02
4.899829626083374023e-03
1.287066936492919922e-02
1.762588322162628174e-02
2.821624279022216797e-03
1.880699396133422852e-02
1.542407274246215820e-02
1.291742920875549316e-02
2.043956518173217773e-02
1.094067096710205078e-02
1.592641621828079224e-01
1.680672168731689453e-03
2.513211965560913086e-02
2.292582392692565918e-02
4.429221153259277344e-03
1.232069730758666992e-02
2.708219736814498901e-02
4.312992095947265625e-04
4.025816917419433594e-03
1.546292006969451904e-02
1.705265045166015625e-02
2.182781696319580078e-03
5.494058132171630859e-04
6.597936153411865234e-03
8.161842823028564453e-03
3.221172094345092773e-02
3.555160760879516602e-02
1.014018058776855469e-02
1.252426207065582275e-02
1.667642593383789062e-02
3.370225429534912109e-03
3.529399633407592773e-03
3.180499374866485596e-02
6.395339965820312500e-03
2.345940470695495605e-02
1.061399281024932861e-02
2.414333820343017578e-02
5.057674646377563477e-02
1.308360695838928223e-02
7.021605968475341797e-03
4.035532474517822266e-03
3.993023093789815903e-02
3.669261932373046875e-03
1.566767692565917969e-02
1.083940267562866211e-02
5.892115831375122070e-02
1.452571153640747070e-01
4.542879760265350342e-03
2.284482121467590332e-02
2.078598737716674805e-02
3.239105641841888428e-02
4.571676254272460938e-03
7.445394992828369141e-03
2.579334378242492676e-02
3.885924816131591797e-04
3.548085689544677734e-02
2.650776505470275879e-02
5.154788494110107422e-02
2.014058828353881836e-02
4.344129562377929688e-02
1.233171671628952026e-02
2.696120738983154297e-02
4.465162754058837891e-03
4.327103495597839355e-03
3.824460506439208984e-02
1.830321550369262695e-02
1.753320544958114624e-02
3.598314523696899414e-02
6.861805915832519531e-03
1.859183609485626221e-02
4.254162311553955078e-03
1.983469724655151367e-02
2.219951152801513672e-02
4.558634757995605469e-02
1.683652400970458984e-02
9.719580411911010742e-03
9.523570537567138672e-03
3.022551536560058594e-04
4.229609668254852295e-02
3.330275416374206543e-02
3.418922424316406250e-03
4.222482442855834961e-03
3.035402297973632812e-02
1.009988784790039062e-02
3.686755895614624023e-02
1.991568505764007568e-02
1.398676633834838867e-02
2.104413509368896484e-02
1.387711614370346069e-02
3.387582302093505859e-02
3.348958492279052734e-02
4.275800753384828568e-02
6.889224052429199219e-03
3.085660934448242188e-02
1.318000629544258118e-02
5.976557731628417969e-04
1.810574531555175781e-02
1.644752919673919678e-02
1.093345880508422852e-02
3.088837862014770508e-02
6.057813763618469238e-03
1.110047101974487305e-03
3.350418806076049805e-02
1.296624541282653809e-03
1.099139451980590820e-03
2.450335025787353516e-02
6.037053465843200684e-02
2.654337882995605469e-02
5.039274692535400391e-03
2.684465050697326660e-02
2.796788513660430908e-02
2.337116003036499023e-02
1.401007175445556641e-02
3.027680516242980957e-01
3.574430942535400391e-03
1.978874206542968750e-05
9.673390537500381470e-03
2.170288562774658203e-02
2.728199958801269531e-02
3.396362066268920898e-02
2.121883630752563477e-02
4.772663116455078125e-03
1.287359744310379028e-02
1.361429691314697266e-03
1.037496328353881836e-02
3.576923906803131104e-02
3.510329127311706543e-02
1.613897085189819336e-02
1.376539468765258789e-03
1.975327730178833008e-02
1.445364952087402344e-02
4.068791866302490234e-03
6.668388843536376953e-03
1.112473011016845703e-02
2.795824408531188965e-02
8.229464292526245117e-04
3.633791208267211914e-02
2.026420831680297852e-02
2.527649253606796265e-01
9.703159332275390625e-03
9.789884090423583984e-03
3.695860505104064941e-03
3.596365451812744141e-03
2.181190252304077148e-02
1.672516390681266785e-02
3.545755147933959961e-02
2.022463083267211914e-02
8.605591952800750732e-03
5.508363246917724609e-02
6.521940231323242188e-03
6.102561950683593750e-03
2.733516693115234375e-02
3.870320320129394531e-02
5.749233067035675049e-02
1.826527714729309082e-02
3.302407264709472656e-02
1.808151602745056152e-02
9.986907243728637695e-03
3.488659858703613281e-04
2.288272976875305176e-02
6.654530763626098633e-03
2.770704030990600586e-02
2.900189161300659180e-02
3.466954082250595093e-02
1.150172948837280273e-02
5.476588010787963867e-02
1.537319272756576538e-02
1.162117719650268555e-02
1.780709028244018555e-01
7.909197360277175903e-03
5.712389945983886719e-03
7.646262645721435547e-03
2.867443114519119263e-02
2.741181850433349609e-02
2.313041687011718750e-02
3.963172435760498047e-03
9.982109069824218750e-03
2.652162313461303711e-02
3.279797732830047607e-02
1.384505629539489746e-02
1.914769411087036133e-02
1.270455121994018555e-02
2.210901677608489990e-02
1.276749372482299805e-02
7.124692201614379883e-03
1.565141975879669189e-02
9.320676326751708984e-03
1.169335842132568359e-02
2.499685063958168030e-02
9.090781211853027344e-03
3.349721431732177734e-03
1.831297948956489563e-02
3.211307525634765625e-02
5.295509099960327148e-02
1.273743808269500732e-03
1.547318696975708008e-02
9.832680225372314453e-03
1.575357466936111450e-02
2.776035666465759277e-02
3.634452819824218750e-03
1.702404022216796875e-02
2.069193124771118164e-02
2.469545602798461914e-02
1.807875931262969971e-02
5.862802267074584961e-03
3.932297229766845703e-02
2.488777041435241699e-02
4.560023546218872070e-03
2.751946449279785156e-03
3.514987230300903320e-02
3.111170530319213867e-01
1.378881931304931641e-02
1.991015672683715820e-02
7.863836386241018772e-02
1.891314983367919922e-03
1.481628417968750000e-02
1.302991062402725220e-03
7.971405982971191406e-03
2.122288942337036133e-02
7.799290120601654053e-03
7.559359073638916016e-03
9.504437446594238281e-03
1.341542601585388184e-02
1.245602965354919434e-02
1.052755117416381836e-02
1.945605874061584473e-02
3.503161668777465820e-02
8.634567260742187500e-03
2.178582549095153809e-02
2.482533454895019531e-03
3.799921274185180664e-02
7.987973093986511230e-02
5.139547586441040039e-02
1.545608043670654297e-02
9.620487689971923828e-03
4.521157592535018921e-02
2.443248033523559570e-02
4.134070873260498047e-02
1.949465647339820862e-02
5.395746231079101562e-02
2.185410261154174805e-02
4.585225135087966919e-03
1.633083820343017578e-02
3.202897310256958008e-02
1.532020419836044312e-02
7.036566734313964844e-03
1.356124877929687500e-02
1.711446046829223633e-02
1.238194108009338379e-02
2.458065748214721680e-02
1.326577365398406982e-02
1.448303461074829102e-02
3.939151763916015625e-02
5.265326797962188721e-02
2.461928129196166992e-02
2.468293905258178711e-02
2.806633710861206055e-03
1.666113883256912231e-01
1.263910531997680664e-02
7.217615842819213867e-03
2.464471757411956787e-02
2.213919162750244141e-02
2.131843566894531250e-02
9.405627846717834473e-03
2.218866348266601562e-02
1.694679260253906250e-03
3.227023780345916748e-02
2.663683891296386719e-02
1.551157236099243164e-02
2.300561219453811646e-02
1.153093576431274414e-02
1.297342777252197266e-02
3.909671902656555176e-01
