# {'window': 149, 'n_steps': 1, 'q': 0.044507115194612284, 'contam': 0.9407779970252381, 'thres': 0.32590573144688656}
1.175674796104431152e-02
6.657838821411132812e-05
1.659800112247467041e-02
5.725553631782531738e-02
3.239226341247558594e-02
2.153657376766204834e-02
1.116731762886047363e-02
2.686697244644165039e-02
2.955615520477294922e-03
4.535257816314697266e-03
7.306259870529174805e-02
4.311427418142557144e-01
9.929388761520385742e-03
1.119542121887207031e-02
1.029622554779052734e-02
9.243346750736236572e-03
6.624360084533691406e-01
4.742789268493652344e-02
7.059548050165176392e-03
4.340869188308715820e-02
1.975756883621215820e-02
1.556944102048873901e-03
1.974028348922729492e-02
1.013684272766113281e-02
3.258379548788070679e-02
2.905923128128051758e-02
1.997607946395874023e-02
3.320124745368957520e-02
4.241362214088439941e-02
7.286608219146728516e-02
8.764359354972839355e-02
4.837698638439178467e-01
9.353220462799072266e-03
1.185566186904907227e-03
5.443584918975830078e-02
3.357732295989990234e-02
3.569006919860839844e-03
2.671293914318084717e-03
9.135723114013671875e-03
4.998362660408020020e-01
2.707864344120025635e-02
3.747630119323730469e-02
1.205760240554809570e-02
1.010489024221897125e+00
6.228625774383544922e-02
2.424323558807373047e-02
4.634331911802291870e-03
7.360875606536865234e-03
5.440187454223632812e-02
4.036895930767059326e-02
2.456381916999816895e-02
1.696765422821044922e-02
6.232813000679016113e-02
4.434108734130859375e-03
1.555639505386352539e-02
6.587661802768707275e-02
1.733899116516113281e-03
8.714042901992797852e-01
2.866241335868835449e-02
1.183044910430908203e-02
4.086291790008544922e-02
1.640179753303527832e-02
3.976279497146606445e-02
9.027457237243652344e-02
3.586214780807495117e-02
3.194810077548027039e-02
1.009929180145263672e-01
1.100355386734008789e-02
5.985219776630401611e-02
8.525818586349487305e-02
4.411315917968750000e-02
2.256470173597335815e-02
5.195069313049316406e-02
1.954835653305053711e-02
2.685623615980148315e-02
8.747816085815429688e-03
5.465126037597656250e-02
5.291286110877990723e-02
1.279741525650024414e-02
8.172470331192016602e-02
5.786502361297607422e-02
3.277733922004699707e-02
9.470039606094360352e-02
1.571688055992126465e-02
1.080404222011566162e-02
6.056791543960571289e-02
1.028582453727722168e-02
3.204335272312164307e-02
6.177389621734619141e-02
7.271766662597656250e-03
1.458634808659553528e-02
2.996504306793212891e-03
5.567610263824462891e-03
5.585247278213500977e-02
5.191773176193237305e-02
2.635776996612548828e-02
1.289002969861030579e-02
8.172041177749633789e-02
2.339369058609008789e-02
7.191170752048492432e-02
8.018970489501953125e-03
1.837813854217529297e-02
4.484707117080688477e-02
5.826652050018310547e-03
1.885282993316650391e-02
1.553893089294433594e-02
3.624260425567626953e-02
1.734411716461181641e-02
3.275185823440551758e-03
3.460839390754699707e-03
7.604598999023437500e-03
5.477935075759887695e-03
1.285180449485778809e-03
7.783058881759643555e-01
4.317765235900878906e-01
3.030258417129516602e-02
5.442380905151367188e-02
9.211468696594238281e-02
2.905647829174995422e-02
4.931658506393432617e-02
5.833423137664794922e-02
1.666395366191864014e-02
1.245254278182983398e-02
2.747327089309692383e-02
1.649159938097000122e-02
5.422031879425048828e-02
1.074736118316650391e-01
5.290943384170532227e-02
3.891551494598388672e-02
5.184507369995117188e-02
2.779464423656463623e-02
1.814439892768859863e-02
8.880424499511718750e-02
4.814594984054565430e-03
1.860250532627105713e-02
7.508188486099243164e-02
4.721571151167154312e-01
4.400171339511871338e-02
3.721368312835693359e-02
3.544092178344726562e-03
2.234832942485809326e-02
4.711884260177612305e-02
5.568975210189819336e-02
2.044295519590377808e-02
8.609223365783691406e-02
3.147417306900024414e-02
7.866367697715759277e-03
3.386354446411132812e-02
4.837566614151000977e-02
5.038730800151824951e-02
3.985404968261718750e-03
1.860851049423217773e-02
1.528722047805786133e-02
1.887011528015136719e-02
9.739559888839721680e-02
3.128294646739959717e-02
1.550900936126708984e-02
3.040486574172973633e-02
1.062065362930297852e-03
8.844777941703796387e-03
3.285181522369384766e-02
3.495931625366210938e-03
7.716707885265350342e-03
6.150484085083007812e-02
4.060983657836914062e-03
3.392449766397476196e-02
2.037662267684936523e-02
1.331269741058349609e-03
2.277479320764541626e-02
4.419538974761962891e-01
4.908156394958496094e-02
1.467474922537803650e-02
2.269375324249267578e-02
2.804046869277954102e-02
4.863817989826202393e-02
1.961478590965270996e-02
7.713389396667480469e-02
4.934437572956085205e-02
3.363949060440063477e-02
4.155880212783813477e-02
2.818357944488525391e-02
8.194357156753540039e-03
2.045083045959472656e-02
5.794405937194824219e-03
4.965779185295104980e-02
9.709787368774414062e-02
3.003075718879699707e-02
3.434868156909942627e-02
5.026233196258544922e-02
1.478135585784912109e-03
1.166775077581405640e-02
1.026314496994018555e-02
8.976042270660400391e-03
3.238174691796302795e-02
9.014666080474853516e-03
2.562791109085083008e-02
1.090942882001399994e-02
6.736993789672851562e-02
6.298255920410156250e-02
4.888400435447692871e-03
8.188903331756591797e-03
1.418733596801757812e-02
4.497469961643218994e-02
3.004902601242065430e-02
1.790076494216918945e-02
3.179344534873962402e-02
8.348196744918823242e-03
1.179116964340209961e-02
9.212762117385864258e-03
1.549993455410003662e-02
3.310614824295043945e-02
4.591795150190591812e-01
1.818855851888656616e-02
1.930898427963256836e-02
2.386534214019775391e-02
5.664245225489139557e-02
3.347694873809814453e-03
9.240508079528808594e-04
1.974728517234325409e-02
5.010253190994262695e-02
2.324193716049194336e-02
8.802428841590881348e-03
3.551691770553588867e-02
1.054704189300537109e-02
2.698337286710739136e-02
4.879117012023925781e-02
2.346312999725341797e-02
6.035992503166198730e-02
1.150554418563842773e-02
6.185531616210937500e-03
6.131675094366073608e-01
3.022688627243041992e-02
4.883623123168945312e-02
2.587205171585083008e-02
8.878067135810852051e-03
6.197744607925415039e-02
1.799473166465759277e-02
5.942091345787048340e-03
4.417955875396728516e-02
2.070724964141845703e-03
5.788500607013702393e-02
4.073733091354370117e-02
2.342021465301513672e-02
4.974123090505599976e-03
3.698444366455078125e-02
5.134105682373046875e-03
1.040135324001312256e-02
3.973352909088134766e-02
1.081550121307373047e-02
2.136521786451339722e-02
2.704054117202758789e-02
1.026690006256103516e-02
6.178779900074005127e-02
4.151386562734842300e-01
2.530187368392944336e-02
1.754027605056762695e-02
3.517389297485351562e-03
2.363735437393188477e-02
9.150505065917968750e-04
7.200554013252258301e-03
2.989608049392700195e-02
4.162335395812988281e-02
3.937900066375732422e-03
1.247507333755493164e-02
1.544117927551269531e-03
1.098202913999557495e-02
1.009005308151245117e-02
3.221130371093750000e-02
3.661054372787475586e-02
3.338402509689331055e-02
1.480340957641601562e-03
2.248060330748558044e-02
5.650341510772705078e-03
6.394833326339721680e-02
3.033190220594406128e-02
6.935596466064453125e-04
4.744088649749755859e-02
1.543645560741424561e-02
1.729065179824829102e-02
2.362686395645141602e-02
3.331686556339263916e-02
2.378255128860473633e-03
4.629766941070556641e-02
4.519611597061157227e-02
2.254597842693328857e-02
3.607678413391113281e-02
1.381886005401611328e-02
2.525784820318222046e-02
1.550889015197753906e-02
1.547288894653320312e-02
2.132733166217803955e-02
3.395724296569824219e-02
5.010485649108886719e-03
7.502692937850952148e-02
7.070243358612060547e-03
2.765369415283203125e-02
2.809783071279525757e-02
1.501429080963134766e-02
1.964706182479858398e-02
2.410405129194259644e-02
2.012860774993896484e-02
2.953946590423583984e-02
2.428281307220458984e-02
4.930764436721801758e-03
8.536338806152343750e-03
1.876562833786010742e-03
4.409195929765701294e-01
1.351821422576904297e-02
1.992645859718322754e-02
2.085827291011810303e-02
6.974756717681884766e-03
5.025744438171386719e-03
3.446438908576965332e-02
1.181524991989135742e-02
6.022870540618896484e-03
1.711658760905265808e-02
1.252877712249755859e-02
6.573230028152465820e-02
2.177347987890243530e-02
3.059655427932739258e-02
6.005001068115234375e-02
3.401802480220794678e-02
7.893621921539306641e-03
2.921581268310546875e-03
5.531042814254760742e-03
2.608582377433776855e-02
9.139358997344970703e-03
1.873180270195007324e-03
1.507833600044250488e-02
5.321055650711059570e-02
9.162425994873046875e-04
7.295906543731689453e-04
4.201531410217285156e-03
1.079955697059631348e-02
3.137911856174468994e-02
1.367670297622680664e-02
2.507343888282775879e-02
1.671469956636428833e-02
6.676018238067626953e-03
8.100271224975585938e-05
3.443855606019496918e-02
2.511167526245117188e-02
9.081423282623291016e-03
1.226768456399440765e-02
3.234142065048217773e-02
5.862176418304443359e-03
2.206067740917205811e-02
1.675975322723388672e-02
8.065157532691955566e-01
1.259422302246093750e-02
2.371895313262939453e-02
3.945052623748779297e-03
1.024982333183288574e-02
1.982906460762023926e-02
2.129578590393066406e-02
1.741176843643188477e-02
1.805493235588073730e-02
1.174324750900268555e-02
3.753066062927246094e-02
1.236285269260406494e-02
3.548032045364379883e-02
2.772977948188781738e-02
3.182114660739898682e-02
5.517125129699707031e-03
2.066808938980102539e-02
8.757911622524261475e-03
3.649717569351196289e-02
1.136308908462524414e-02
4.623983055353164673e-02
2.639710903167724609e-03
6.271453499794006348e-01
4.977340996265411377e-02
6.635868549346923828e-02
6.439688205718994141e-01
4.173807799816131592e-03
3.544330596923828125e-03
2.878081798553466797e-02
2.106752991676330566e-02
3.729277849197387695e-02
5.234521627426147461e-02
2.360723912715911865e-02
9.363174438476562500e-03
7.453918457031250000e-03
1.563158631324768066e-02
4.732351005077362061e-02
3.997027873992919922e-03
2.537244558334350586e-02
4.019890725612640381e-02
5.485177040100097656e-03
6.489187479019165039e-02
1.047554612159729004e-02
2.616000175476074219e-02
1.019281148910522461e-02
1.266346499323844910e-02
6.423473358154296875e-03
2.860605716705322266e-02
2.542899549007415771e-02
1.285433769226074219e-03
8.135211467742919922e-02
1.510976999998092651e-02
3.056567907333374023e-02
9.334403276443481445e-02
9.380534291267395020e-03
5.121788382530212402e-02
4.376137256622314453e-02
2.052003145217895508e-02
7.618784904479980469e-03
3.476756811141967773e-02
1.714444160461425781e-02
3.029155731201171875e-02
4.893827438354492188e-02
1.906123757362365723e-02
1.291649043560028076e-02
7.232606410980224609e-03
4.114836454391479492e-02
2.544457092881202698e-02
3.005802631378173828e-02
5.416005849838256836e-02
2.576187974773347378e-02
5.294156670570373535e-01
1.127487421035766602e-02
1.037190854549407959e-02
9.793281555175781250e-03
5.086243152618408203e-02
4.714069515466690063e-02
4.438433051109313965e-02
5.294662714004516602e-02
9.921148419380187988e-03
1.022437214851379395e-02
5.569928884506225586e-02
3.099417686462402344e-02
2.402581274509429932e-02
5.045968294143676758e-02
3.651365637779235840e-02
6.195870935916900635e-01
2.329736948013305664e-02
2.624505758285522461e-02
1.892264187335968018e-02
4.141658544540405273e-02
4.695743322372436523e-02
3.080587089061737061e-02
3.563535213470458984e-02
3.045271635055541992e-01
5.544790625572204590e-02
1.044648885726928711e-02
6.595957279205322266e-02
4.079542437102645636e-02
4.360079765319824219e-03
5.772686004638671875e-02
2.898298203945159912e-03
5.180107951164245605e-01
3.827375173568725586e-02
3.396643698215484619e-02
7.943511009216308594e-04
3.675931692123413086e-02
1.234363019466400146e-02
7.760822772979736328e-04
3.552424907684326172e-02
4.724973440170288086e-02
1.364190876483917236e-02
1.008242368698120117e-02
4.601365327835083008e-02
2.089728415012359619e-02
1.117610931396484375e-02
1.943391561508178711e-02
4.871802777051925659e-02
2.893459796905517578e-02
4.343727827072143555e-01
2.258546650409698486e-03
1.399159431457519531e-03
6.386053562164306641e-02
1.564995944499969482e-02
1.867765188217163086e-02
4.388082027435302734e-02
3.223337233066558838e-03
2.719503641128540039e-02
5.693155527114868164e-02
2.549254894256591797e-02
3.862144891172647476e-01
7.163476943969726562e-02
4.364237189292907715e-03
5.204516947269439697e-01
1.267611980438232422e-02
1.368254423141479492e-03
3.188492357730865479e-02
2.082830667495727539e-02
4.582837224006652832e-02
4.993312060832977295e-02
9.166959524154663086e-01
8.387655019760131836e-02
7.953941822052001953e-04
4.445827007293701172e-02
6.945151090621948242e-02
2.791933715343475342e-02
3.573119640350341797e-03
6.629949808120727539e-02
1.075573638081550598e-02
1.936793327331542969e-02
7.115250825881958008e-02
7.085768133401870728e-02
1.606804132461547852e-02
7.146573066711425781e-02
9.468898177146911621e-03
4.852801561355590820e-02
6.365674734115600586e-02
2.196061611175537109e-02
1.853939890861511230e-02
7.741540670394897461e-02
5.190804600715637207e-02
3.689178824424743652e-02
6.184995174407958984e-02
1.881900429725646973e-02
4.606135934591293335e-02
8.678239583969116211e-02
2.818608283996582031e-02
5.005974322557449341e-03
3.397363424301147461e-02
4.908573627471923828e-02
2.720608469098806381e-02
3.377044200897216797e-02
6.188939213752746582e-01
1.921973936259746552e-02
4.708886146545410156e-03
5.881965160369873047e-02
2.647598087787628174e-02
1.336666941642761230e-02
4.196339845657348633e-02
7.327154278755187988e-03
1.892805099487304688e-03
1.025342345237731934e-01
2.115261554718017578e-02
5.997985601425170898e-03
4.879152774810791016e-02
5.917176604270935059e-02
1.025526225566864014e-02
4.861748218536376953e-02
4.378485679626464844e-02
6.679952144622802734e-03
4.700058698654174805e-02
4.486322402954101562e-03
7.074404507875442505e-03
4.041534662246704102e-02
1.270884275436401367e-02
3.446345031261444092e-02
6.105029582977294922e-02
6.716459989547729492e-02
1.068603247404098511e-02
1.129806041717529297e-03
1.184523105621337891e-02
3.175188601016998291e-02
5.145992338657379150e-01
6.449705362319946289e-02
7.119655609130859375e-03
4.030240420252084732e-01
3.970366716384887695e-02
1.693987846374511719e-02
3.633746504783630371e-02
2.889221906661987305e-02
8.123725652694702148e-03
2.704031765460968018e-02
2.473646402359008789e-02
5.956143140792846680e-03
1.077036559581756592e-02
4.308480024337768555e-02
1.338297128677368164e-02
3.195472061634063721e-02
9.160709381103515625e-02
2.809953689575195312e-02
3.482487611472606659e-02
1.000648736953735352e-02
3.086137771606445312e-02
1.432570815086364746e-02
2.093154191970825195e-02
7.135051488876342773e-02
1.827415078878402710e-02
5.653738975524902344e-03
8.484834432601928711e-02
2.167725563049316406e-02
1.683962345123291016e-02
8.175212144851684570e-02
2.793559432029724121e-02
3.045782446861267090e-02
7.117509841918945312e-03
1.659581065177917480e-02
7.236748933792114258e-04
2.087527513504028320e-02
4.087495803833007812e-02
1.047445833683013916e-02
4.178059101104736328e-02
5.678337812423706055e-02
5.091212689876556396e-03
5.001348257064819336e-02
6.273132562637329102e-02
4.753541201353073120e-03
1.460105180740356445e-02
1.588863134384155273e-02
5.003809928894042969e-04
2.407789230346679688e-02
2.916610240936279297e-02
2.804259210824966431e-02
1.181200146675109863e-02
5.327665805816650391e-02
3.661496937274932861e-02
4.049572348594665527e-02
1.543343067169189453e-03
6.149545311927795410e-03
1.979807019233703613e-02
7.366371154785156250e-02
8.075565099716186523e-03
3.160592913627624512e-02
4.043281078338623047e-03
3.658825159072875977e-02
2.994032204151153564e-02
1.199251413345336914e-02
5.168199539184570312e-03
1.860659569501876831e-02
2.465784549713134766e-03
3.504753112792968750e-02
1.097461581230163574e-02
7.477521896362304688e-03
1.470804214477539062e-02
1.532991603016853333e-02
3.101587295532226562e-03
4.490625858306884766e-02
2.136471122503280640e-02
2.728852629661560059e-02
4.226028919219970703e-03
5.528762936592102051e-03
2.110469341278076172e-02
6.163626909255981445e-02
2.967765927314758301e-02
1.855605840682983398e-02
3.819161653518676758e-02
4.503276199102401733e-01
1.923023164272308350e-02
5.045652389526367188e-03
3.314575552940368652e-02
1.005275547504425049e-02
4.259586334228515625e-02
4.124206304550170898e-02
1.336501538753509521e-02
2.921968698501586914e-02
6.516396999359130859e-03
3.373652696609497070e-03
4.791617393493652344e-04
2.866625785827636719e-02
2.642875537276268005e-02
6.711065769195556641e-03
5.153483152389526367e-02
2.205595374107360840e-02
2.337533235549926758e-02
1.366770267486572266e-02
6.434157490730285645e-03
4.164898395538330078e-02
3.064751625061035156e-02
3.904849290847778320e-04
5.304694175720214844e-03
1.193487644195556641e-02
2.416771650314331055e-02
5.259811878204345703e-02
9.491384029388427734e-03
2.713534235954284668e-02
3.242515027523040771e-02
2.802443504333496094e-02
1.502215862274169922e-02
5.760759115219116211e-03
1.722574234008789062e-03
3.935247063636779785e-01
4.402912035584449768e-02
4.441088438034057617e-02
4.115343093872070312e-03
2.015992812812328339e-02
5.450129508972167969e-03
8.463901281356811523e-01
1.639412343502044678e-02
2.376383543014526367e-02
2.593362331390380859e-02
3.242348879575729370e-02
2.766340970993041992e-03
1.792430877685546875e-03
1.883676648139953613e-02
1.650929450988769531e-02
4.228413105010986328e-03
3.399696946144104004e-02
2.378031611442565918e-03
7.085740566253662109e-03
4.386955499649047852e-02
6.919652223587036133e-03
9.276092052459716797e-03
1.127117872238159180e-02
1.164688169956207275e-02
8.548140525817871094e-03
8.284771442413330078e-02
5.019001662731170654e-02
2.071321010589599609e-02
4.000723361968994141e-02
8.085031062364578247e-03
3.476399183273315430e-02
4.224175214767456055e-02
2.474285662174224854e-03
1.411548256874084473e-02
2.676731348037719727e-02
4.187047481536865234e-03
3.894235733896493912e-01
3.230363130569458008e-02
8.766815066337585449e-03
5.157186836004257202e-01
1.303893327713012695e-02
4.162982106208801270e-02
4.558956623077392578e-02
1.155161857604980469e-02
1.825547218322753906e-02
4.034809768199920654e-02
9.372889995574951172e-03
4.702109098434448242e-02
2.645243704319000244e-02
1.451569795608520508e-02
3.772687911987304688e-02
1.188318617641925812e-02
6.815111637115478516e-02
1.365906000137329102e-02
2.409055456519126892e-02
1.339602470397949219e-02
3.106629848480224609e-02
3.734036535024642944e-02
8.533915877342224121e-02
1.530480384826660156e-02
5.083687603473663330e-02
1.995006203651428223e-02
1.573115587234497070e-02
4.565986990928649902e-02
6.677567958831787109e-03
4.780834913253784180e-02
9.878545999526977539e-03
8.422687649726867676e-03
6.417572498321533203e-02
2.144765853881835938e-02
2.475973963737487793e-02
1.954132318496704102e-02
4.449021816253662109e-02
5.789153277873992920e-03
2.025556564331054688e-02
1.745814085006713867e-02
8.677635341882705688e-04
4.621309041976928711e-02
4.745900630950927734e-03
6.126523017883300781e-03
1.054716110229492188e-02
2.013266086578369141e-03
3.949145227670669556e-02
5.390495061874389648e-03
3.021866083145141602e-02
4.005488753318786621e-02
7.635906338691711426e-02
1.936823129653930664e-02
2.993722259998321533e-02
6.286798417568206787e-02
1.844674348831176758e-02
4.575669765472412109e-03
1.361672580242156982e-02
3.383582830429077148e-02
2.019393444061279297e-02
2.721071988344192505e-02
2.887248992919921875e-03
4.948759078979492188e-02
4.297442734241485596e-03
8.351663947105407715e-01
6.100255250930786133e-02
2.782370895147323608e-02
2.450364828109741211e-02
9.544849395751953125e-03
3.372502326965332031e-02
2.674937248229980469e-03
3.846961259841918945e-02
1.902281492948532104e-02
1.439073681831359863e-02
9.096933007240295410e-01
5.871178209781646729e-02
3.438556194305419922e-02
7.701939344406127930e-02
1.886224746704101562e-02
1.886564493179321289e-02
6.551253795623779297e-02
1.984319090843200684e-02
2.319946885108947754e-03
6.997948884963989258e-02
1.922357082366943359e-02
1.105815172195434570e-02
2.074313163757324219e-02
2.898633480072021484e-03
9.806784838438034058e-01
5.355048179626464844e-02
6.132650375366210938e-02
1.983297243714332581e-02
1.379311084747314453e-02
7.680451869964599609e-02
3.926124423742294312e-03
3.780126571655273438e-04
8.668029308319091797e-02
3.020342439413070679e-02
3.702679276466369629e-02
3.427404165267944336e-02
1.315364241600036621e-02
2.403298020362854004e-02
4.920035600662231445e-02
8.031725883483886719e-03
1.098355650901794434e-02
1.028943061828613281e-01
4.294982552528381348e-02
2.208764851093292236e-02
4.140383005142211914e-02
4.671976510435342789e-01
7.677830755710601807e-02
8.868378400802612305e-02
1.329916715621948242e-02
2.640378475189208984e-02
6.639420986175537109e-03
1.809257268905639648e-02
8.466225117444992065e-03
5.150437355041503906e-04
3.617286682128906250e-03
1.686472073197364807e-02
9.717404842376708984e-03
4.536598920822143555e-02
2.598117291927337646e-02
4.054331779479980469e-02
7.420247793197631836e-02
1.023124158382415771e-02
2.074375748634338379e-02
5.225557088851928711e-02
4.926919937133789062e-04
1.373258233070373535e-02
7.402825355529785156e-02
4.215779900550842285e-02
5.685672760009765625e-01
6.579655408859252930e-02
2.002963423728942871e-02
9.370845556259155273e-02
4.588794708251953125e-02
9.688913822174072266e-03
5.046676844358444214e-03
3.016304969787597656e-02
1.504230499267578125e-02
1.007721781730651855e+00
2.404314279556274414e-02
6.711125373840332031e-03
1.846458762884140015e-03
3.770768642425537109e-02
3.605782985687255859e-02
3.346398472785949707e-02
2.017530798912048340e-02
7.342904806137084961e-02
1.664976775646209717e-02
2.017530798912048340e-02
3.253090381622314453e-02
5.744141340255737305e-01
9.901225566864013672e-04
9.551763534545898438e-03
3.922283649444580078e-04
1.721724867820739746e-03
5.225306749343872070e-02
4.516471270471811295e-01
1.377258449792861938e-02
7.466804981231689453e-02
4.718186259269714355e-01
2.088162302970886230e-02
1.533049345016479492e-02
2.330225706100463867e-02
2.347612753510475159e-03
4.201245307922363281e-02
4.904890060424804688e-02
3.941024839878082275e-02
2.693206071853637695e-02
8.656400442123413086e-02
3.136295080184936523e-02
3.213649988174438477e-02
3.219997882843017578e-02
2.019271254539489746e-02
1.890212297439575195e-03
4.583853483200073242e-02
9.897336363792419434e-03
3.260225057601928711e-02
6.374436616897583008e-02
1.402854919433593750e-03
3.473201394081115723e-02
7.731318473815917969e-02
2.367305755615234375e-02
9.424112737178802490e-03
6.307011842727661133e-02
1.302045583724975586e-02
3.412880003452301025e-02
4.984033107757568359e-02
4.384762048721313477e-02
1.248414069414138794e-02
3.616136312484741211e-02
7.194304466247558594e-02
5.108560994267463684e-02
8.409082889556884766e-03
1.812231540679931641e-02
2.990178763866424561e-03
3.546780347824096680e-02
3.719574213027954102e-02
3.213109076023101807e-02
1.660320162773132324e-02
1.750469207763671875e-02
5.908623337745666504e-03
9.579956531524658203e-03
2.013784646987915039e-02
2.189424633979797363e-02
5.652994811534881592e-01
5.081772804260253906e-02
6.195694208145141602e-03
6.856842339038848877e-02
5.691248178482055664e-02
4.606014490127563477e-02
2.611543983221054077e-03
7.160425186157226562e-02
3.468990325927734375e-05
3.266642242670059204e-02
2.658128738403320312e-03
6.001681089401245117e-02
4.472000896930694580e-02
1.460194587707519531e-03
1.239377260208129883e-02
6.089180707931518555e-03
1.724967360496520996e-02
9.071189165115356445e-02
4.016411304473876953e-02
2.749711275100708008e-02
5.409598350524902344e-02
4.805941879749298096e-02
2.618730068206787109e-04
6.526291370391845703e-02
9.138107299804687500e-03
5.728876590728759766e-02
1.173484325408935547e-02
1.053553819656372070e-02
7.212863862514495850e-02
4.033559560775756836e-02
2.255970239639282227e-02
8.712433055043220520e-01
3.705006837844848633e-02
1.340115070343017578e-02
2.286655828356742859e-02
1.028162240982055664e-02
4.792666435241699219e-02
3.975380584597587585e-02
4.692751169204711914e-02
5.366742610931396484e-03
6.025897711515426636e-02
7.147490978240966797e-03
1.027977466583251953e-02
1.977595686912536621e-02
3.824070040136575699e-01
5.374866724014282227e-02
8.652225136756896973e-03
6.806729733943939209e-02
1.288014650344848633e-02
1.210650801658630371e-02
2.803784608840942383e-02
5.070304870605468750e-02
2.746123075485229492e-02
6.099005043506622314e-02
4.145818948745727539e-02
1.716405153274536133e-02
4.451063275337219238e-02
1.030522584915161133e-02
1.259958744049072266e-02
3.195494413375854492e-03
3.029263019561767578e-02
3.945857286453247070e-02
2.864344045519828796e-02
7.286906242370605469e-03
2.066475152969360352e-02
2.564580738544464111e-02
5.878677964210510254e-02
5.177551507949829102e-02
3.912626206874847412e-02
9.219080209732055664e-03
5.834907293319702148e-02
1.522123813629150391e-03
1.673556864261627197e-02
9.204804897308349609e-03
4.407554864883422852e-03
5.768119543790817261e-01
8.377194404602050781e-03
2.861922979354858398e-02
2.064091712236404419e-02
7.722336053848266602e-02
4.625514149665832520e-01
6.170199811458587646e-02
6.884831190109252930e-02
9.514212608337402344e-02
3.460191190242767334e-02
2.746081352233886719e-02
1.481497287750244141e-02
8.352319896221160889e-02
2.397352457046508789e-02
3.016674518585205078e-02
2.695393562316894531e-02
1.572459936141967773e-03
1.110941171646118164e-02
1.449434459209442139e-02
7.060244679450988770e-02
1.609307527542114258e-02
9.871274232864379883e-03
3.480830788612365723e-02
5.494475364685058594e-02
3.946679569780826569e-01
3.493981063365936279e-02
2.029919624328613281e-02
9.833157062530517578e-03
1.786963641643524170e-02
8.466780185699462891e-03
1.772820949554443359e-02
2.863371372222900391e-02
6.507754325866699219e-03
1.333302259445190430e-02
5.182184278964996338e-03
3.432434797286987305e-02
4.215538501739501953e-03
3.070767968893051147e-03
4.196667671203613281e-01
5.983912944793701172e-02
1.268504559993743896e-02
2.829143404960632324e-02
2.197867631912231445e-02
6.604716181755065918e-02
3.423294425010681152e-02
4.572749137878417969e-03
3.306722640991210938e-02
4.006177186965942383e-02
2.448964118957519531e-02
1.033216714859008789e-02
3.098317980766296387e-02
8.227825164794921875e-03
4.642503205686807632e-01
6.727623939514160156e-02
3.777146339416503906e-03
3.642439842224121094e-03
2.748313546180725098e-02
1.069396734237670898e-02
3.881722688674926758e-02
1.744053140282630920e-02
2.371013164520263672e-03
5.849725008010864258e-02
2.828063443303108215e-02
2.341210842132568359e-03
1.546555757522583008e-02
2.150408923625946045e-02
1.965144276618957520e-02
5.187654495239257812e-02
6.264448165893554688e-04
4.066076874732971191e-02
2.214235067367553711e-02
1.100857555866241455e-02
1.664416491985321045e-02
3.846228122711181641e-03
2.137878537178039551e-02
2.539716660976409912e-02
2.518761157989501953e-02
3.208851814270019531e-02
2.902290225028991699e-02
1.930743455886840820e-02
2.698266506195068359e-02
2.007264271378517151e-02
2.055591344833374023e-02
2.765476703643798828e-03
2.823458611965179443e-02
2.024006843566894531e-02
7.241308689117431641e-03
3.766471892595291138e-02
1.079493761062622070e-02
1.743423938751220703e-02
6.086796522140502930e-03
3.257730603218078613e-02
5.119377374649047852e-02
1.883752644062042236e-02
3.144749999046325684e-02
9.215891361236572266e-03
3.210461139678955078e-02
1.762256026268005371e-02
2.840518951416015625e-02
2.187061309814453125e-02
2.317409217357635498e-02
3.539085388183593750e-02
2.351135015487670898e-03
4.163055121898651123e-02
1.442915201187133789e-02
8.468627929687500000e-03
1.237105578184127808e-02
2.305805683135986328e-03
3.508150577545166016e-03
3.293471038341522217e-02
5.294263362884521484e-03
1.126402616500854492e-02
3.039947152137756348e-02
1.185959577560424805e-02
8.148729801177978516e-03
1.472579687833786011e-02
1.449558138847351074e-02
1.440083980560302734e-02
1.259076595306396484e-02
5.437225103378295898e-03
2.127432823181152344e-02
1.480117440223693848e-03
1.522681117057800293e-02
1.772552728652954102e-02
2.711892127990722656e-02
8.718818426132202148e-03
5.807399749755859375e-03
9.788185358047485352e-03
9.461484849452972412e-03
4.233717918395996094e-03
8.882284164428710938e-04
4.045508056879043579e-02
6.886243820190429688e-03
1.444280147552490234e-03
4.978208243846893311e-02
1.484394073486328125e-02
2.674227952957153320e-02
1.195902749896049500e-02
2.932703495025634766e-02
9.563028812408447266e-03
2.358417212963104248e-02
4.584854841232299805e-02
2.888005971908569336e-02
1.841019093990325928e-02
7.015228271484375000e-03
1.469331979751586914e-02
1.554043591022491455e-02
1.140385866165161133e-02
1.142346858978271484e-02
1.653128862380981445e-02
9.410381317138671875e-04
9.215762019157409668e-01
4.513913039118051529e-01
2.596369385719299316e-02
2.138161659240722656e-02
4.474461078643798828e-02
1.195936650037765503e-02
1.089173555374145508e-02
1.393324136734008789e-02
3.899741917848587036e-02
2.968287467956542969e-02
3.477489948272705078e-02
6.223984062671661377e-03
1.118236780166625977e-02
2.757847309112548828e-03
2.675224840641021729e-02
1.259529590606689453e-02
3.622651100158691406e-03
2.212882041931152344e-03
1.965808868408203125e-02
8.206011056900024414e-01
3.882849216461181641e-02
6.669297814369201660e-02
1.473391056060791016e-02
2.383098006248474121e-02
3.230273723602294922e-03
2.322918176651000977e-02
3.235977888107299805e-02
2.494326233863830566e-02
2.862209081649780273e-02
2.537846565246582031e-02
1.194302737712860107e-02
2.638483047485351562e-02
1.440489292144775391e-02
4.182375967502593994e-03
2.587068080902099609e-02
7.771790027618408203e-03
3.845281898975372314e-04
3.269958496093750000e-02
3.048020601272583008e-02
1.586593687534332275e-03
4.610380530357360840e-02
6.545120477676391602e-02
1.857514679431915283e-02
8.701741695404052734e-03
4.566377401351928711e-02
9.566903114318847656e-03
4.074230790138244629e-02
2.942997217178344727e-02
2.201974391937255859e-03
1.932048797607421875e-02
1.339614391326904297e-02
4.330079499632120132e-01
1.559938490390777588e-02
7.865853309631347656e-01
3.199768066406250000e-02
3.158792853355407715e-03
5.326104164123535156e-02
3.560721874237060547e-02
5.410221964120864868e-02
4.118317365646362305e-02
4.304718971252441406e-01
8.374862372875213623e-03
4.449641704559326172e-02
1.516407728195190430e-02
1.785849034786224365e-02
1.014029979705810547e-02
6.719881296157836914e-02
3.724086284637451172e-02
4.447397589683532715e-02
4.281914234161376953e-02
1.789627969264984131e-02
8.089214563369750977e-03
6.779742240905761719e-02
1.146057248115539551e-02
2.642098069190979004e-02
6.212943792343139648e-02
1.521557569503784180e-02
3.738503158092498779e-02
6.920886039733886719e-02
1.162707805633544922e-02
1.973256468772888184e-03
4.175323247909545898e-02
2.113109827041625977e-02
2.424361370503902435e-02
8.290159702301025391e-02
5.204868316650390625e-02
3.350473195314407349e-02
5.650079250335693359e-02
6.405901908874511719e-02
2.056687325239181519e-02
5.219703912734985352e-02
3.358131647109985352e-02
1.542733609676361084e-02
1.338970661163330078e-02
4.263818264007568359e-03
4.616995155811309814e-02
1.707553863525390625e-03
7.543361186981201172e-02
3.531610965728759766e-02
2.731333673000335693e-02
7.729494571685791016e-02
3.731778264045715332e-02
2.121235430240631104e-02
6.626605987548828125e-02
1.994508504867553711e-02
2.741082757711410522e-02
8.301562070846557617e-02
5.411446094512939453e-03
5.243370961397886276e-02
6.937891244888305664e-02
3.303170204162597656e-02
1.402550190687179565e-02
3.421801328659057617e-02
1.485192775726318359e-02
1.008367165923118591e-02
6.296029686927795410e-02
4.387915134429931641e-03
3.780058026313781738e-02
6.016153097152709961e-02
1.394748687744140625e-04
1.564338803291320801e-02
1.378762722015380859e-02
6.710010766983032227e-02
6.619602441787719727e-03
1.729950308799743652e-03
2.913641929626464844e-02
1.588508486747741699e-02
1.091705262660980225e-02
7.123750448226928711e-02
2.075433731079101562e-02
2.513361722230911255e-02
1.084291934967041016e-02
3.408211469650268555e-02
9.239528328180313110e-03
4.152566194534301758e-02
3.627002239227294922e-02
8.986196666955947876e-01
3.298127651214599609e-02
6.453388929367065430e-02
4.341021180152893066e-02
2.754557132720947266e-02
4.621791839599609375e-02
2.956202626228332520e-02
3.720322251319885254e-02
5.196148157119750977e-02
2.100765705108642578e-04
2.469775080680847168e-02
7.065367698669433594e-02
9.633719921112060547e-03
2.279546856880187988e-02
1.119560599327087402e-01
1.590889692306518555e-02
2.068802714347839355e-04
4.202055931091308594e-02
3.084939718246459961e-02
2.304501831531524658e-02
5.866420269012451172e-02
3.313452005386352539e-02
2.878654375672340393e-02
1.720726490020751953e-02
6.757951974868774414e-01
2.054132521152496338e-03
8.305907249450683594e-03
2.995032072067260742e-02
2.024219930171966553e-02
1.058331131935119629e-02
6.300157308578491211e-02
8.925978094339370728e-01
2.738714218139648438e-03
1.010817289352416992e-02
2.520895004272460938e-02
1.239138841629028320e-02
9.364742040634155273e-02
3.976672887802124023e-02
1.453651487827301025e-02
3.075617551803588867e-02
4.017904400825500488e-02
6.397955119609832764e-03
1.775068044662475586e-02
4.528309702873229980e-01
3.723615407943725586e-02
8.295470476150512695e-02
1.311194896697998047e-02
4.506535828113555908e-02
1.166880130767822266e-03
1.008719205856323242e-02
1.561577618122100830e-02
3.813821077346801758e-02
8.913815021514892578e-03
1.812906563282012939e-02
3.897640109062194824e-02
4.336923360824584961e-02
2.744030952453613281e-02
4.357933998107910156e-03
4.489368200302124023e-02
9.436532855033874512e-03
1.611411571502685547e-04
2.125549316406250000e-02
1.572623848915100098e-02
3.712673485279083252e-02
3.746008872985839844e-02
2.674672007560729980e-02
3.171323239803314209e-02
1.040989160537719727e-02
1.613318920135498047e-02
9.154569506645202637e-01
5.522608757019042969e-02
3.935679197311401367e-01
3.596846014261245728e-02
3.809094429016113281e-03
2.066415548324584961e-02
1.828088611364364624e-02
1.816153526306152344e-02
5.104005336761474609e-03
3.836510330438613892e-02
2.507686614990234375e-03
1.200735569000244141e-03
3.204315900802612305e-03
1.584729552268981934e-02
6.857556104660034180e-02
1.657474040985107422e-02
4.463911056518554688e-02
2.963685989379882812e-02
4.989326000213623047e-03
3.588795661926269531e-03
6.456786394119262695e-02
8.651763200759887695e-03
5.129404366016387939e-03
2.065563201904296875e-02
3.929537534713745117e-02
2.902497351169586182e-02
1.640653610229492188e-02
1.138168573379516602e-02
1.723495498299598694e-02
2.201986312866210938e-02
2.745544910430908203e-02
3.956567496061325073e-03
3.983634710311889648e-01
9.196406602859497070e-02
2.060515433549880981e-02
2.533426880836486816e-02
4.990088939666748047e-02
9.542956948280334473e-03
3.577861189842224121e-02
3.966253995895385742e-02
2.391353249549865723e-02
4.047170579433441162e-01
1.758819818496704102e-02
1.759171485900878906e-03
6.514251232147216797e-03
6.647735834121704102e-02
5.204665660858154297e-02
4.988943040370941162e-02
1.597952842712402344e-02
7.496476173400878906e-03
4.501993954181671143e-02
1.519852876663208008e-02
7.822310924530029297e-02
8.775851503014564514e-01
3.581643104553222656e-04
3.574442863464355469e-02
1.993939653038978577e-02
1.802629232406616211e-02
6.651127338409423828e-02
8.737292140722274780e-03
6.832897663116455078e-03
1.111961007118225098e-01
4.133135080337524414e-04
1.466512680053710938e-02
5.813211202621459961e-02
1.443633437156677246e-02
7.574281096458435059e-02
5.425637960433959961e-02
5.887955427169799805e-02
5.245384573936462402e-02
5.157971382141113281e-02
3.565388917922973633e-02
4.912725836038589478e-02
6.005799770355224609e-02
3.633093833923339844e-02
3.291167318820953369e-02
1.677334308624267578e-02
6.852650642395019531e-02
5.967658013105392456e-02
1.213860511779785156e-02
1.868867874145507812e-02
9.643506258726119995e-03
2.993327379226684570e-02
6.116397380828857422e-01
3.108552843332290649e-02
8.975327014923095703e-03
5.993235111236572266e-02
3.136157989501953125e-03
3.031045198440551758e-03
7.965242862701416016e-02
4.976645112037658691e-03
4.280397295951843262e-02
7.177388668060302734e-02
7.866755127906799316e-02
5.490219593048095703e-02
6.844645738601684570e-02
3.275936841964721680e-02
2.750646322965621948e-02
5.252289772033691406e-02
4.385197162628173828e-02
9.420307651162147522e-01
4.642325639724731445e-02
3.735762834548950195e-02
8.086731284856796265e-02
1.312708854675292969e-02
4.208791255950927734e-02
1.047769188880920410e-02
2.735388278961181641e-02
1.241034269332885742e-02
2.777697890996932983e-02
1.440054178237915039e-02
4.478746652603149414e-02
1.954659819602966309e-02
4.782027006149291992e-02
8.905845880508422852e-02
7.083207368850708008e-02
3.635883331298828125e-06
2.977561950683593750e-02
5.896747112274169922e-03
8.315235376358032227e-02
3.821772336959838867e-02
2.159118652343750000e-02
1.875849068164825439e-02
4.387933015823364258e-02
3.665357828140258789e-02
6.115991622209548950e-02
2.509832382202148438e-02
2.229809761047363281e-03
2.297741174697875977e-02
3.195071220397949219e-02
5.070453882217407227e-02
9.645905345678329468e-03
5.503892898559570312e-04
4.110276699066162109e-02
1.641961187124252319e-02
1.660400629043579102e-02
9.582597017288208008e-02
4.413408041000366211e-02
1.115047931671142578e-02
5.345356464385986328e-02
1.254822313785552979e-02
8.035242557525634766e-02
2.812027931213378906e-02
2.426958084106445312e-02
2.984996140003204346e-02
8.881241083145141602e-02
2.117872238159179688e-02
5.484692752361297607e-02
4.921060800552368164e-02
1.795500516891479492e-02
8.848030865192413330e-02
6.605634093284606934e-01
4.740387201309204102e-02
1.356725394725799561e-02
6.746590137481689453e-03
6.632596254348754883e-02
6.428137421607971191e-02
1.840811967849731445e-02
7.113814353942871094e-04
1.913202553987503052e-02
1.326209306716918945e-02
6.028705835342407227e-02
4.191333055496215820e-02
3.045961260795593262e-02
1.007670164108276367e-02
1.263445615768432617e-02
3.588229417800903320e-03
5.668348073959350586e-02
1.099377870559692383e-03
1.378799974918365479e-02
4.025530815124511719e-02
1.072233915328979492e-02
4.458749294281005859e-02
6.300872564315795898e-02
2.440983057022094727e-02
4.753420501947402954e-02
3.297114372253417969e-02
2.593630552291870117e-02
2.440317161381244659e-02
3.281843662261962891e-02
2.007842063903808594e-02
3.072298085317015648e-02
3.901171684265136719e-01
5.858951807022094727e-02
4.033479839563369751e-02
2.409973740577697754e-02
1.521152257919311523e-02
4.452171921730041504e-02
1.887172460556030273e-02
5.587178468704223633e-02
2.756276726722717285e-02
1.932144165039062500e-03
4.696500301361083984e-02
5.495429039001464844e-03
1.363453269004821777e-02
7.907110452651977539e-02
4.440350476652383804e-01
1.383420825004577637e-02
4.970908164978027344e-02
3.092807531356811523e-02
5.835071206092834473e-03
3.192228078842163086e-02
2.052855491638183594e-02
3.167861700057983398e-02
1.501739025115966797e-02
4.980731010437011719e-02
4.581545293331146240e-02
2.800941467285156250e-02
2.678847312927246094e-02
4.382497072219848633e-02
6.351411342620849609e-03
3.973019123077392578e-02
5.780898034572601318e-02
3.158891201019287109e-02
3.227412700653076172e-03
1.219497621059417725e-02
1.337975263595581055e-02
8.371928930282592773e-01
2.531492710113525391e-02
3.707998991012573242e-02
8.917927742004394531e-03
4.253774881362915039e-03
7.605485618114471436e-02
5.450981855392456055e-02
2.930080890655517578e-02
1.280964165925979614e-02
7.041215896606445312e-03
8.156716823577880859e-03
7.691383361816406250e-03
2.381014823913574219e-02
2.096891403198242188e-03
3.176331520080566406e-04
1.683080196380615234e-02
1.532196998596191406e-03
1.067057251930236816e-02
4.007080197334289551e-02
1.363652944564819336e-02
1.623342186212539673e-02
1.271852850914001465e-02
1.933181285858154297e-02
2.677734196186065674e-02
2.058541774749755859e-02
6.168925762176513672e-02
8.742213249206542969e-03
3.309404850006103516e-02
6.817632913589477539e-02
4.931458830833435059e-02
1.296751201152801514e-02
5.183142423629760742e-02
4.038715362548828125e-02
9.061686694622039795e-03
5.007052421569824219e-02
3.220081329345703125e-03
4.728535562753677368e-02
1.642125844955444336e-02
7.331371307373046875e-03
2.498205751180648804e-03
2.280467748641967773e-02
3.251069784164428711e-02
3.451199084520339966e-02
3.514456748962402344e-02
4.814863204956054688e-04
3.642114996910095215e-02
3.543946146965026855e-02
1.496261358261108398e-02
1.747450232505798340e-02
1.329234242439270020e-02
3.102135658264160156e-02
2.880585193634033203e-02
3.003397583961486816e-02
6.269752979278564453e-03
4.273694753646850586e-02
1.953477412462234497e-02
2.606773376464843750e-02
9.484291076660156250e-03
3.906652331352233887e-02
4.153954982757568359e-02
3.404200077056884766e-02
2.095846273005008698e-02
4.695576429367065430e-02
1.404517889022827148e-02
5.596280097961425781e-03
3.165429830551147461e-02
7.170730829238891602e-02
9.592189788818359375e-01
4.852966070175170898e-01
4.407763481140136719e-04
4.178959131240844727e-02
1.370295882225036621e-02
3.870666027069091797e-02
4.951180219650268555e-01
2.918630838394165039e-03
9.336227774620056152e-01
3.503417968750000000e-02
1.112604141235351562e-02
3.825134038925170898e-02
5.901992321014404297e-03
2.774652838706970215e-02
7.126772403717041016e-02
4.795324802398681641e-02
3.506369888782501221e-02
6.400251388549804688e-02
1.489883661270141602e-02
2.277065813541412354e-02
5.540400743484497070e-02
2.562284469604492188e-03
3.932822495698928833e-02
3.718924522399902344e-02
4.379141330718994141e-02
4.818492382764816284e-02
2.910536527633666992e-02
1.758432388305664062e-02
6.584333330392837524e-01
3.565111756324768066e-02
3.337758779525756836e-02
6.955412030220031738e-02
2.402126789093017578e-03
9.297102689743041992e-02
4.377657175064086914e-02
1.814593374729156494e-02
3.708600997924804688e-02
4.328870773315429688e-02
1.821763813495635986e-02
6.845927238464355469e-02
7.234811782836914062e-03
1.911915093660354614e-02
2.186387777328491211e-02
1.744270324707031250e-03
4.238914698362350464e-02
5.514353513717651367e-02
2.629160881042480469e-03
2.238613367080688477e-02
6.625348329544067383e-02
2.683520317077636719e-03
1.205523312091827393e-02
8.563789725303649902e-02
4.774606227874755859e-02
8.000972867012023926e-02
4.275015238672494888e-01
8.274469375610351562e-01
5.015367269515991211e-02
7.343009114265441895e-02
3.448355197906494141e-02
5.839014053344726562e-02
9.778439998626708984e-04
5.227422714233398438e-02
1.079493761062622070e-02
2.030650526285171509e-02
4.283607006072998047e-02
4.443376660346984863e-01
5.396487563848495483e-02
2.668112516403198242e-02
3.667855262756347656e-02
4.084511101245880127e-02
6.893646717071533203e-02
4.639136791229248047e-02
9.489420801401138306e-03
5.399769544601440430e-02
6.532591581344604492e-02
3.389371186494827271e-02
4.265502095222473145e-02
1.180641055107116699e-01
4.650875926017761230e-02
4.700386524200439453e-02
3.397482633590698242e-02
9.778201580047607422e-03
1.414853334426879883e-02
7.747364044189453125e-02
2.765178680419921875e-03
3.983154892921447754e-03
5.833488702774047852e-02
3.050342202186584473e-02
3.207577764987945557e-02
7.061916589736938477e-02
3.823262453079223633e-02
8.625908195972442627e-02
3.088283538818359375e-02
5.413275957107543945e-02
4.761110246181488037e-02
5.375045537948608398e-02
1.960641145706176758e-02
6.858490407466888428e-03
6.124228239059448242e-02
3.243827819824218750e-02
1.250596344470977783e-02
2.095031738281250000e-02
2.325505018234252930e-02
6.474305689334869385e-02
4.632103443145751953e-02
5.325543880462646484e-02
7.130295038223266602e-03
8.971631526947021484e-03
1.869249343872070312e-02
1.095551252365112305e-02
2.622547745704650879e-02
7.751983404159545898e-02
2.820220589637756348e-02
3.968484699726104736e-02
2.989172935485839844e-02
8.737444877624511719e-03
3.616525977849960327e-02
6.519085168838500977e-02
6.292140483856201172e-02
1.800533756613731384e-02
6.424129009246826172e-02
6.460767984390258789e-02
3.338546305894851685e-02
4.597467184066772461e-02
6.340056657791137695e-02
8.884274959564208984e-02
1.362085342407226562e-03
8.396708369255065918e-01
1.262558996677398682e-02
3.023943305015563965e-02
8.576327562332153320e-01
4.932631552219390869e-02
3.927276954054832458e-01
8.692777156829833984e-02
2.947404980659484863e-02
1.697631180286407471e-02
4.061055183410644531e-02
2.267062664031982422e-03
5.606973171234130859e-02
1.002147197723388672e-01
8.959770202636718750e-03
5.520249158143997192e-02
3.752440214157104492e-02
4.286670684814453125e-02
9.767450392246246338e-03
4.605221748352050781e-02
3.086280822753906250e-02
4.653323441743850708e-03
2.368980646133422852e-02
9.836441278457641602e-02
5.382511019706726074e-02
2.572059631347656250e-02
4.690510034561157227e-02
1.998433470726013184e-02
4.811391234397888184e-02
1.072386503219604492e-01
1.798844337463378906e-02
6.360232830047607422e-03
3.811943531036376953e-02
5.135974287986755371e-02
6.668208539485931396e-01
1.918441057205200195e-02
1.541447639465332031e-02
2.846591919660568237e-02
3.573858737945556641e-02
8.290570974349975586e-02
1.454034820199012756e-02
7.114833593368530273e-02
8.611780405044555664e-02
3.115192428231239319e-02
3.756839036941528320e-02
9.079259634017944336e-02
3.485174477100372314e-02
1.085215806961059570e-02
5.354422330856323242e-02
2.372530102729797363e-02
3.429985046386718750e-02
6.408721208572387695e-02
1.034283638000488281e-02
3.522220253944396973e-02
9.348148107528686523e-02
9.845167398452758789e-03
1.828759908676147461e-03
7.351309061050415039e-02
1.986727118492126465e-02
6.914898753166198730e-03
6.042051315307617188e-02
2.746522426605224609e-03
8.042639046907424927e-01
4.094493389129638672e-02
3.729504346847534180e-02
1.082176342606544495e-02
5.547642707824707031e-03
3.926735520362854004e-01
1.679674535989761353e-02
5.506694316864013672e-03
1.121166348457336426e-01
4.146884381771087646e-02
6.153053045272827148e-02
7.979184389114379883e-02
2.167263627052307129e-02
1.847764849662780762e-02
8.422380685806274414e-02
3.480970859527587891e-03
6.214141845703125000e-02
6.491231918334960938e-02
4.374168813228607178e-02
2.500116825103759766e-04
3.286856412887573242e-02
3.781497478485107422e-02
2.219390869140625000e-02
4.040604829788208008e-02
3.926417231559753418e-02
6.660905480384826660e-02
3.666472434997558594e-02
3.735506534576416016e-02
2.740962803363800049e-02
2.158755064010620117e-02
3.562963008880615234e-02
1.405602972954511642e-02
2.648520469665527344e-02
1.154258847236633301e-01
1.857701689004898071e-03
2.528810501098632812e-02
8.364921808242797852e-02
4.352642595767974854e-02
1.024419069290161133e-02
5.743718147277832031e-02
2.089361846446990967e-02
1.494503021240234375e-02
6.986200809478759766e-03
1.423539221286773682e-02
1.967343688011169434e-02
4.676401615142822266e-02
5.649045109748840332e-02
3.335565328598022461e-03
4.961442947387695312e-02
1.597830653190612793e-02
3.902027755975723267e-02
6.922459602355957031e-02
2.293652296066284180e-02
4.287905991077423096e-02
1.596331596374511719e-02
1.193268299102783203e-01
1.936494186520576477e-02
4.232823848724365234e-03
4.904150962829589844e-02
2.227932214736938477e-03
4.000258445739746094e-01
7.040983438491821289e-02
3.814649209380149841e-02
8.284449577331542969e-04
8.295571804046630859e-02
3.718608617782592773e-02
9.536623954772949219e-03
1.702666282653808594e-02
3.392541408538818359e-02
3.496870398521423340e-02
7.527977228164672852e-02
2.889218926429748535e-02
4.443359375000000000e-02
2.918916940689086914e-02
3.139621019363403320e-02
2.158466726541519165e-02
8.921226263046264648e-01
3.509241342544555664e-02
3.384100645780563354e-02
1.799458265304565430e-02
3.502576947212219238e-01
3.985904902219772339e-02
7.138252258300781250e-03
1.007177233695983887e-01
3.401453793048858643e-02
3.277659416198730469e-03
6.357425451278686523e-02
3.063534200191497803e-02
8.104979991912841797e-03
8.350616693496704102e-02
9.941339492797851562e-03
2.181172370910644531e-02
3.335082530975341797e-02
7.167293131351470947e-02
3.866606950759887695e-02
2.280265092849731445e-02
5.409628152847290039e-03
3.928279876708984375e-02
2.030789852142333984e-03
1.903241872787475586e-02
2.696037292480468750e-02
3.573858737945556641e-02
6.126862764358520508e-02
6.568904966115951538e-03
9.929597377777099609e-03
3.712832927703857422e-02
4.443056881427764893e-03
7.128298282623291016e-03
4.770476818084716797e-01
8.146014064550399780e-03
1.034146547317504883e-02
5.979735851287841797e-01
3.333389759063720703e-04
4.172325134277343750e-07
4.559314250946044922e-02
5.479022860527038574e-03
2.341744303703308105e-02
8.962974548339843750e-01
1.110610365867614746e-02
1.237553358078002930e-02
6.864899396896362305e-02
6.157949566841125488e-02
4.810036718845367432e-02
3.705388307571411133e-02
3.514724969863891602e-02
1.663485914468765259e-02
3.353893756866455078e-02
4.685854911804199219e-02
3.488302230834960938e-03
4.845243692398071289e-02
3.510239720344543457e-01
9.085685014724731445e-03
1.034057140350341797e-02
5.862486362457275391e-02
5.163539841305464506e-02
7.792711257934570312e-03
7.704246044158935547e-02
3.840406239032745361e-02
5.182519797235727310e-01
6.867867708206176758e-02
1.661382615566253662e-02
1.402136683464050293e-02
5.904322862625122070e-02
5.107226967811584473e-02
3.514826297760009766e-03
8.391958475112915039e-02
5.081573128700256348e-02
4.360246658325195312e-02
8.481822013854980469e-01
5.571228265762329102e-02
7.174760103225708008e-04
2.976906299591064453e-02
4.400324821472167969e-02
4.272811114788055420e-02
2.689188718795776367e-02
8.385354280471801758e-02
1.628135144710540771e-02
3.657329082489013672e-02
1.245666742324829102e-01
3.006462007761001587e-03
2.878075838088989258e-02
7.972419261932373047e-02
1.221060752868652344e-02
2.148178219795227051e-02
4.407995939254760742e-02
3.779660165309906006e-02
2.724140882492065430e-02
1.099266409873962402e-01
2.419978380203247070e-03
4.507285356521606445e-02
1.493248939514160156e-01
3.797620534896850586e-02
1.537583768367767334e-02
7.078987360000610352e-02
6.354993581771850586e-02
3.129997849464416504e-02
4.379326105117797852e-02
7.601308822631835938e-02
3.735177963972091675e-02
7.620894908905029297e-02
3.955131769180297852e-02
1.075215950608253479e+00
2.627623081207275391e-02
5.246543884277343750e-02
1.365851238369941711e-02
2.703887224197387695e-02
9.909886121749877930e-02
9.543463587760925293e-03
