# {'window': 89, 'contam': 0.9874500072299859, 'q': 2.397570178941188e-05, 'thres': 3.6976656912441097}
7.065557266288492733e-02
1.409189667296111725e+00
1.250101715106517686e+00
3.874152152436836638e-01
1.536918715036007077e+00
7.677056436179221510e-01
6.146272346025020150e-01
1.512827735097102888e+00
6.326140964830853086e-01
1.068079579164141535e+00
1.465187638650100821e+00
2.142797084943080244e-01
1.392090418303721266e+00
1.152110543970354950e+00
2.078239161218399245e-01
1.437597437574873904e+00
9.946321350221993818e-01
5.507268806854701548e-01
1.501972960932187684e+00
7.653585738785707582e-01
9.359703822238220061e-01
1.526407315446852042e+00
4.440090464887077593e-01
1.221694537885233967e+00
1.369663158624803589e+00
1.177846370225936051e-01
1.277197831257807836e+00
1.146710424199018918e+00
2.776095206387904635e-01
1.475103361806007651e+00
9.632146812032896799e-01
7.675529824550896274e-01
1.471510000478584379e+00
5.916846021684218915e-01
1.077985748296914181e+00
1.510940964789199592e+00
7.570396646125701623e-02
1.394203127850239365e+00
1.286396951876829675e+00
2.744439622089676067e-01
1.377905017331649162e+00
9.557411755698644873e-01
5.863658322029333680e-01
1.482987291041820921e+00
7.198539929108532798e-01
8.603812934340515639e-01
1.506354580898054518e+00
2.678407503878331153e-01
1.216503972184217464e+00
1.522813874744947782e+00
1.625890195947206629e-01
1.451714910588602692e+00
1.157011869708389318e+00
2.554333057942297369e-01
1.540828132805069695e+00
9.096051797990236665e-01
7.797247572349050859e-01
1.516969099764111428e+00
4.097410128144067798e-01
1.009765628740926680e+00
1.367881415331351214e+00
2.406323344342935211e-01
1.312575557122865000e+00
1.349455059235915133e+00
2.094601220800549890e-01
1.487562638666308334e+00
1.047534161666854091e+00
6.399263577307184869e-01
1.581067635757703371e+00
7.280076658445999715e-01
8.219513921884301633e-01
1.435349781683962211e+00
4.706392791734227976e-01
1.192988978949374390e+00
1.407977207377531403e+00
8.134279340922352664e-02
1.317130701516206370e+00
1.154026538016884151e+00
3.737082074458569769e-01
1.554166624690751286e+00
7.815291723476843755e-01
7.108283240182000640e-01
1.538093726126882332e+00
5.824933912341820896e-01
1.065459906488490205e+00
1.377365497491378488e+00
2.135889733022721670e-01
1.244519254944629116e+00
1.304030377384416628e+00
1.084329830505174064e-01
1.488545555332392745e+00
1.128531265770069014e+00
5.512147412828186654e-01
1.495102329642668648e+00
8.093673700672598947e-01
8.754849559758195454e-01
1.527852474148107431e+00
2.028868531242388751e-01
1.172722590592550906e+00
1.416994815407436992e+00
5.243281252319716146e-02
1.147480148502046049e+00
1.064955943035699182e+00
3.193178377978456717e-01
1.595265180449493059e+00
9.889941933568680010e-01
7.819887371151282851e-01
1.563724326914044838e+00
4.801596627327819333e-01
9.371004726840327370e-01
1.419268522867461080e+00
1.139124697124007518e-01
1.220213479923733635e+00
1.323155432230083584e+00
2.199999358209488998e-01
1.385972768298083579e+00
1.050703198954986206e+00
4.775056430134764218e-01
1.464724886243408131e+00
8.662655373818584081e-01
8.525399087299221357e-01
1.504946268327157943e+00
5.497191510370098566e-01
1.120085107481251452e+00
1.385503428442228069e+00
4.554145861591526318e-02
1.434560571520666628e+00
1.135315516603355945e+00
2.973975774508771930e-01
1.383123367228363154e+00
9.201377711050972019e-01
7.582352567123666898e-01
1.604704009920350671e+00
5.184499575450586262e-01
9.752583738456944706e-01
1.513861895624310838e+00
2.076950688032963288e-01
1.294804851194754303e+00
1.273891669390599057e+00
1.576359787850118710e-01
1.512614824201679697e+00
1.114098776385693323e+00
5.511508029450991053e-01
1.495434951650236099e+00
7.645982580607614265e-01
8.335425768327489049e-01
1.600294931993636371e+00
3.551206801876068964e-01
1.106871352423861588e+00
1.452242355510152905e+00
1.307984543546705791e-01
1.444695982897659103e+00
1.194076942366106175e+00
3.909626300447612834e-01
1.530828283660139011e+00
9.125039997088129073e-01
7.616724003471926352e-01
1.428133956847053243e+00
6.108403592969301465e-01
1.047547286331846017e+00
1.596318941072046860e+00
2.276846165897476182e-01
1.224491227704456620e+00
1.171067908858200557e+00
7.243092140625233266e-02
1.528855076283583303e+00
9.892844545961848590e-01
6.111497675244097483e-01
1.527236025046671886e+00
6.566996694609168461e-01
8.480798421984792057e-01
1.470533231590843926e+00
1.944927628896971905e-01
1.118089540336678178e+00
1.315368631169409941e+00
2.908795843407470730e-02
1.319224942400769152e+00
1.177259353304283884e+00
4.209727042598500057e-01
1.519902528199005731e+00
8.820923054294458332e-01
7.021978086049878165e-01
1.531557137393808610e+00
6.474967277633939533e-01
9.301010834048929476e-01
1.494223784793105692e+00
3.029459075776771981e-01
1.302004313358343657e+00
1.206017474122712985e+00
1.177595159777260203e-01
1.322328620917832653e+00
9.553932517265780744e-01
6.149354512936626715e-01
1.534214693211015446e+00
6.350120850262456207e-01
8.687648578862320337e-01
1.404097425042918124e+00
5.553970481545077442e-01
1.241015985647227149e+00
1.429775929246074107e+00
5.423200068831801612e-02
1.356255257807496006e+00
1.151788998532451203e+00
4.735934398291456460e-01
1.509940860130216667e+00
9.083965321049325414e-01
7.669453300181968691e-01
1.422266558991170049e+00
6.912567160537571587e-01
9.726506883182333141e-01
1.461582206718674115e+00
9.274660401074598381e-02
1.412214440003214611e+00
1.246529792745552534e+00
2.027197912199911745e-01
1.386698500376360110e+00
1.023075042886012920e+00
5.486061222515258295e-01
1.525443732021232401e+00
8.477791057859122015e-01
7.531560953098004330e-01
1.462937504467876737e+00
4.547837940612390883e-01
1.206000046631371614e+00
1.322844280828733066e+00
3.624204674672786702e-02
1.329755758905605711e+00
1.142493542586921151e+00
3.103102666397346554e-01
1.489410870263463194e+00
8.182933804285817958e-01
6.158094409004795100e-01
1.346076774214576721e+00
5.823626477343025742e-01
9.678575027913032258e-01
1.539814030606531325e+00
2.228910069972178942e-01
1.305386675501142069e+00
1.243495433907664038e+00
1.210739703358256064e-01
1.429874039540340203e+00
8.682089355551281251e-01
6.250171525586942778e-01
1.526137665348662464e+00
8.306474165979624846e-01
8.376498999073083152e-01
1.349326269547681534e+00
4.442736475192830548e-01
1.173287820254525826e+00
1.434283408906965374e+00
6.690043835959906537e-02
1.406939901262043602e+00
1.078671526946821446e+00
4.143215012447089562e-01
1.440370218554766435e+00
9.355096329966182678e-01
6.758924314419854085e-01
1.490409541175410357e+00
5.762186455089799431e-01
9.941904257699841763e-01
1.493230032721715617e+00
1.397413268146608378e-01
1.199338702637301468e+00
1.263011953643789598e+00
1.687342027360448360e-01
1.543560946522960275e+00
1.156904236183603940e+00
4.273261956328248123e-01
1.597217708107013356e+00
7.024553298772318044e-01
7.985136441209326197e-01
1.423669301525948061e+00
2.985414104103981114e-01
1.139118468275996721e+00
1.408939105917020429e+00
1.066429501260019730e-01
1.334740339464138836e+00
1.145938317474481050e+00
3.853903362933245313e-01
1.401074862021414180e+00
8.328998485140044483e-01
6.920398989333477191e-01
1.516800381124779440e+00
5.291511878113829281e-01
9.614094494737713825e-01
1.428381710421657846e+00
2.489085920484488679e-01
1.283132487058397553e+00
1.295968551164903948e+00
2.200370638931692102e-01
1.482328874440313804e+00
1.167191161906621755e+00
4.826920173512936896e-01
1.581105743390677665e+00
7.844275079469348322e-01
1.017392407003796517e+00
1.467356328629294770e+00
4.219668510347767687e-01
1.112773400475047580e+00
1.440122277144418650e+00
7.118643833498503048e-02
1.377611260087276968e+00
1.080996186878081744e+00
5.166355989862371212e-01
1.323031727110248079e+00
7.634953033334171968e-01
7.684883528239367934e-01
1.446773183126528917e+00
6.360205883181877518e-01
1.050414969872871751e+00
1.372975312679280968e+00
1.867534093356455205e-01
1.297620664039182525e+00
1.421345234925213363e+00
3.247628538964927869e-01
1.458338379533899998e+00
9.132541226151060787e-01
4.006925165467112859e-01
1.554141175686380549e+00
7.153105573922714511e-01
8.716429636663790559e-01
1.493501891999525988e+00
5.357077310566665806e-01
1.108605616380612391e+00
1.366072372790661626e+00
3.527633768771912953e-02
1.394516291928776797e+00
1.212902638349671713e+00
3.393498208410093420e-01
1.509212518664063030e+00
9.030779207684166421e-01
5.984278026868500300e-01
1.389977275291121250e+00
3.724253242769363648e-01
9.175102187623929151e-01
1.558838192450343607e+00
2.074816343176979494e-01
1.323932513924919840e+00
1.419453389732365567e+00
1.393483673458077998e-01
1.505178417508548083e+00
1.125369492937839722e+00
6.099672038917632877e-01
1.555880294524835117e+00
6.949545006645426737e-01
8.975348200930743925e-01
1.355775583446659160e+00
4.488256685918640132e-01
1.275462163992270526e+00
1.371197006781214700e+00
5.891744860249438498e-02
1.285381984968750890e+00
1.144954290166520394e+00
3.909271199504545935e-01
1.519520796462665579e+00
9.491124185827519710e-01
5.434616251603279213e-01
1.511752379409407432e+00
5.790383345572100993e-01
1.037022016545996461e+00
1.356751563205446098e+00
2.464895875198092057e-01
1.251857439778744752e+00
1.248642875795578755e+00
2.491517540134705055e-01
1.479336698888129131e+00
1.030235422982237914e+00
5.674112540376859970e-01
1.655382713886721202e+00
7.206743268687169079e-01
8.390900793391126156e-01
1.520988933252636066e+00
3.602277958375884603e-01
1.221190639375364428e+00
1.401664055820983856e+00
2.558054008222871573e-02
1.491081987240803874e+00
1.280429007792149632e+00
6.236660047485481639e-01
1.517580258916152003e+00
9.307371906363304248e-01
7.664019385184072108e-01
1.463563399633399875e+00
5.772359353987985831e-01
9.249340874876136320e-01
1.600138539363400225e+00
2.949520126412077392e-01
1.268231871152426304e+00
1.254584436305387518e+00
1.151422490443645003e-01
1.227364007087430320e+00
9.641322661479808653e-01
6.670870979893158692e-01
1.417934043199506222e+00
6.497644843528206371e-01
8.805706905561537789e-01
1.484657444164296347e+00
3.638480081611678574e-01
1.196892232581336701e+00
1.413407182913117621e+00
7.195772633319373612e-02
1.411596743747294047e+00
1.153331024608039712e+00
3.380771699741689229e-01
1.507978432644234257e+00
9.288801095980099287e-01
6.463934766883434602e-01
1.530477779176729225e+00
5.784940307117502067e-01
1.089941777806694878e+00
1.561782662890676354e+00
1.047224072792957567e-01
1.250705938674100404e+00
1.263050132747367105e+00
2.652111360206962920e-01
1.430063922373165708e+00
1.141528346340288547e+00
3.343439110066426245e-01
1.306910254089113765e+00
9.464550480796273257e-01
8.972343542477986267e-01
1.463676162503700917e+00
4.406896229071960991e-01
1.260142724354477606e+00
1.452207565104161713e+00
8.288670970180386788e-02
1.356097408585887898e+00
1.000419572758840303e+00
3.921087719678649774e-01
1.461667990142477391e+00
9.754624272190344225e-01
9.031553372275017422e-01
1.491250435894198922e+00
5.416780307287103469e-01
1.077815196936979358e+00
1.536354877690529364e+00
1.566747572381091691e-01
1.179518384819237431e+00
1.270959275021748658e+00
2.235272625599278237e-02
1.437769821232119050e+00
1.081152846765573550e+00
4.918931777501988067e-01
1.638492613976896939e+00
8.337804142846686473e-01
9.086576736474337723e-01
1.542404811964200428e+00
4.348996733573566309e-01
1.137895016070908483e+00
1.438424762338539775e+00
5.817314620123412855e-02
1.304713688140077377e+00
1.201840190571073608e+00
3.037827183077552728e-01
1.420835728633227157e+00
9.876209669844367989e-01
6.024368790311116495e-01
1.494907200638692757e+00
5.772096717615582406e-01
1.064452274728797443e+00
1.449144594233209737e+00
9.303129593021929045e-02
1.141172560086976651e+00
1.221760944504422186e+00
1.986104723373282033e-01
1.297086767966731724e+00
1.085914382524296284e+00
5.991470968243015616e-01
1.629748820799922449e+00
6.863514803990278246e-01
8.363487335081404295e-01
1.431949148278456985e+00
4.593803103946354494e-01
1.149942188207960347e+00
1.251647917197558302e+00
1.299387469182078370e-01
1.458230997533276785e+00
1.216734331547317360e+00
3.725600778016043835e-01
1.465617111957407293e+00
8.720020376965189612e-01
7.664010216601766512e-01
1.577007008389837761e+00
5.721813586726942624e-01
9.957908142387833506e-01
1.424476389517135066e+00
1.955626456461611595e-01
1.187238604805836761e+00
1.216664809653645207e+00
1.994947424814116077e-01
1.464302180345713689e+00
9.315182173864380299e-01
4.703185584414547593e-01
1.481294395922338802e+00
8.056426065763699906e-01
8.505175633030666038e-01
1.496679176361964236e+00
3.759491571431678447e-01
1.065228124787197084e+00
1.234733794512739902e+00
3.643667495712152316e-02
1.328276109824548135e+00
1.244110771656548042e+00
5.302826664588651262e-01
1.566142153455847952e+00
9.057029780371409489e-01
7.379838123687622042e-01
1.450749398595858386e+00
4.643209446437328025e-01
9.547509066625983198e-01
1.420937616175174556e+00
2.617869721620053602e-01
1.322714720464022164e+00
1.291345878385917301e+00
1.785019397084223469e-01
1.388936188145863282e+00
1.039918608272000444e+00
6.531122030735747597e-01
1.537203217256881915e+00
7.923379707294969654e-01
9.815817245851212736e-01
1.542977627161260745e+00
2.395104946828659209e-01
1.093200829528467866e+00
1.373612265539684296e+00
1.142550128756226607e-01
1.507546068797797956e+00
1.190309707490119662e+00
4.455857743336259502e-01
1.573130914191809504e+00
8.297514079904333428e-01
8.303756361237329964e-01
1.454141308075949768e+00
4.731053496257323632e-01
9.925146200651657757e-01
1.385759340166869746e+00
1.685095953564552107e-01
1.337698074825319328e+00
1.299158103963615751e+00
1.305824125840134575e-01
1.422952511217082217e+00
1.095305313926620672e+00
5.756932733301869387e-01
1.594496784559542801e+00
7.279038008275650062e-01
8.320516313968984168e-01
1.413258776399469951e+00
1.450924502576923514e-01
1.124585836354353274e+00
1.420738065696890207e+00
1.442666449919776106e-01
1.462944450658474560e+00
1.246190871233210817e+00
4.526193622298009811e-01
1.492748737663157188e+00
9.279177096598353325e-01
6.680368414698152346e-01
1.486454623881481529e+00
5.160582903176155201e-01
1.053478078413900398e+00
1.475139728199642342e+00
9.808499723804357806e-02
1.351851773684520364e+00
1.242083010696864553e+00
2.223817645719472769e-01
1.459893644082959741e+00
1.082707708655171963e+00
6.850829804927851541e-01
1.490995594516185685e+00
8.770434645399121099e-01
8.617113870613768434e-01
1.534338457278577650e+00
3.932124972103417382e-01
1.104743447289213032e+00
1.285375485411369256e+00
2.946038283322333431e-02
1.258835976635720888e+00
1.207369303831742569e+00
3.136558846488334829e-01
1.362087723735355471e+00
8.946281859798668190e-01
7.326038468060903641e-01
1.421223247512120480e+00
5.660576634056935230e-01
9.304398444651778011e-01
1.489552456965112182e+00
3.095865203824415546e-01
1.297296617460037771e+00
1.291005129155734066e+00
2.013809360840115026e-01
1.485498621695987786e+00
1.118592323107052033e+00
5.040857164820515823e-01
1.593527699386065866e+00
8.134855415765750442e-01
9.960503340893814839e-01
1.530397090764072709e+00
5.122602598934267171e-01
1.157949839051062080e+00
1.395142387093767811e+00
2.201339211928118877e-02
1.253792832368621823e+00
1.122334589153138884e+00
3.134453983554716938e-01
1.365648596187838848e+00
8.060226222802302498e-01
6.154421956857023535e-01
1.638159215042695793e+00
6.644140049014743976e-01
9.429759939215019982e-01
1.447053280336582537e+00
3.852957379400572258e-01
1.261422556718823529e+00
1.209967717164673440e+00
1.937340624851589810e-01
1.466257321823566384e+00
9.945121112908026362e-01
6.695109596053567813e-01
1.568027259090703840e+00
8.306287954502915571e-01
8.705213004112150044e-01
1.505812289978885277e+00
3.701565235116552333e-01
1.203333788490494438e+00
1.286079029198489154e+00
5.539816986765823403e-02
1.266955583980553524e+00
1.223306139308245832e+00
4.294360641883431806e-01
1.457796146177718022e+00
8.021666789931501951e-01
8.123108696908557524e-01
1.435494996181682748e+00
5.356423826935606813e-01
1.118415548019738415e+00
1.423471045803993418e+00
1.584794474300522671e-01
1.274272482448647548e+00
1.439497829659595274e+00
1.882972811743072461e-01
1.486326900697135134e+00
7.828575398617264591e-01
5.315496832757390377e-01
1.488271040969254777e+00
5.773773262100155845e-01
9.187360282439439585e-01
1.558327632328370349e+00
3.668775707390274921e-01
1.157631685667797061e+00
1.169858347980299973e+00
8.015833532413307871e-02
1.231107419842498274e+00
1.136171255512496092e+00
2.855355990667268751e-01
1.546967213377915984e+00
8.132044659703983047e-01
7.366369802558235813e-01
1.584401027706763276e+00
5.617011132046603183e-01
9.792050567648069581e-01
1.550792041735938875e+00
2.794623352550135165e-01
1.240358810589462957e+00
1.232684534929115783e+00
1.948568637583187602e-01
1.488889855225279391e+00
9.919222701740754156e-01
5.327372605553477580e-01
1.428557933618268105e+00
8.629445985523418461e-01
9.056892239078344620e-01
1.396214874549268181e+00
3.346654112829529626e-01
1.063878549788449090e+00
1.351982398453156486e+00
4.278572145309549740e-02
1.397522474899568046e+00
1.209623039194084759e+00
4.655229863820224412e-01
1.469656631054299556e+00
9.566361492270868405e-01
6.833499515465694119e-01
1.527095060998973519e+00
5.601132956859090628e-01
1.125954129515482016e+00
1.404918168773503284e+00
1.205589615582742247e-01
1.281376208291886698e+00
1.284648208545956294e+00
2.570339637819794021e-01
1.441452823550567031e+00
1.017862579021894698e+00
5.607428461145237408e-01
1.559604469129979076e+00
7.352608382829929345e-01
9.644642194198643770e-01
1.408067933791737669e+00
2.863867197866499237e-01
1.222785510156160438e+00
1.397891077552873451e+00
1.224330209696881111e-01
1.359731781818122487e+00
1.135260247494156216e+00
3.665636125718070848e-01
1.371389023292381548e+00
1.008158880238542165e+00
7.901127089366952738e-01
1.600582886445758746e+00
5.709485673649866699e-01
9.944311054796624028e-01
1.409756113404068145e+00
2.590795779210414151e-01
1.252467833717091139e+00
1.373346633908568259e+00
1.865515537403863444e-01
1.350246376019553773e+00
1.072263984945483806e+00
4.845590546133799470e-01
1.436568501674623022e+00
7.558712293666759452e-01
9.771904330386554927e-01
1.409687687115521948e+00
4.223758175885613531e-01
1.233763427846910066e+00
1.413816356662537466e+00
1.106222989273737828e-01
1.304877177042751857e+00
1.155960790782716963e+00
3.680676631549601452e-01
1.428949380060933860e+00
9.733329116472125841e-01
6.724550756869984713e-01
1.343859957996703658e+00
4.810665262864249891e-01
8.790659784455701065e-01
1.453653210806641782e+00
1.635477906458280839e-01
1.333488223409985407e+00
1.211672510559730132e+00
2.917798803170732619e-02
1.313464831019111267e+00
1.141263355188050221e+00
5.869425829647471060e-01
1.623915834513322443e+00
6.284974311201821928e-01
9.246207160485715448e-01
1.571434048909120307e+00
3.159007191148064941e-01
1.204690926756680103e+00
1.461609272551990912e+00
7.553553828098107104e-02
1.353248447628876194e+00
1.211090713073273983e+00
5.314320071180295146e-01
1.492887554539605866e+00
7.772986186347164983e-01
9.117273449394494023e-01
1.477422248613692535e+00
5.959369702634359500e-01
9.803985592190260778e-01
1.499076902715818171e+00
3.211816310585525747e-01
1.393212601042773668e+00
1.370501305494822741e+00
1.322477330001766704e-01
1.408155168232498644e+00
1.121141227805590335e+00
6.138693109384095736e-01
1.584275480227686383e+00
8.373087620182089186e-01
9.504894626030991889e-01
1.613623002023073294e+00
3.416629663087698554e-01
1.276405134403635788e+00
1.460865054820432718e+00
1.407500219378539363e-01
1.247595639954139912e+00
1.255057287265292754e+00
3.326882288091260742e-01
1.460363145778769134e+00
8.384968241754987561e-01
6.724808215054983718e-01
1.468737537877379706e+00
6.135801154256036449e-01
1.001431676572109408e+00
1.531594374937637282e+00
1.010083434308901157e-01
1.223359243948221708e+00
1.174459144442550063e+00
1.678436986715559631e-01
1.482739888057639233e+00
1.127301837345970670e+00
5.838082575450077583e-01
1.537677765542582398e+00
5.932504136878207213e-01
1.032416803296073216e+00
1.584614379412834451e+00
1.829088144177733466e-01
1.170420539463908671e+00
1.353731677227203223e+00
1.553132703304140882e-01
1.400242680651696769e+00
1.227165789387509642e+00
2.010556221205864469e-01
1.504732849774086167e+00
8.237874386420970252e-01
6.932496524235590707e-01
1.548116982661498442e+00
5.310152923904808420e-01
1.072151198201078959e+00
1.356863846202065460e+00
6.894093868968501071e-02
1.283439309008795215e+00
1.321825826109421564e+00
1.404957529623896972e-01
1.505269022192810002e+00
1.042233726493513091e+00
5.508820102954103959e-01
1.569004674488057027e+00
7.862085176704155520e-01
9.685692365498017598e-01
1.578698523572250600e+00
4.419835048338977002e-01
1.170037321787897211e+00
1.453367162752042585e+00
5.182223288092008273e-04
1.281263823045668993e+00
1.188705791865624750e+00
4.795450158515355832e-01
1.352083675599310197e+00
9.082463082224404571e-01
8.163297604447841138e-01
1.478827792768321103e+00
5.856337054816306287e-01
1.102495135043162877e+00
1.348012957552170876e+00
1.179351891610773417e-01
1.286017057624985194e+00
1.313343812001497968e+00
1.212635590878470282e-01
1.507670542349011766e+00
9.195020203021794236e-01
6.030664700897928610e-01
1.549474735130513592e+00
5.798269567167317895e-01
8.679957472860614365e-01
1.488098077505418448e+00
4.864261813750899166e-01
1.095290949859489382e+00
1.364864340341112925e+00
1.964543388424829645e-03
1.323238040123681403e+00
1.157143984432271733e+00
3.087026865538774478e-01
1.596884474826246958e+00
9.871094374727994447e-01
6.582429603184818401e-01
1.439038177698731324e+00
5.191063486162100782e-01
1.026730198426959006e+00
1.512154570118573682e+00
1.350946168531622638e-01
1.119495243006434437e+00
1.362770143563380998e+00
2.420633807617392774e-01
1.416512123489181540e+00
1.146774681131764728e+00
5.546036091590218486e-01
1.597968859487160831e+00
6.959853810751749359e-01
8.500162194563002371e-01
1.599412588597394214e+00
4.015649447914147463e-01
1.280774647942423794e+00
1.439157020985050162e+00
8.608620507092320379e-03
1.406078297316781578e+00
1.135956411652756959e+00
3.389808699081962029e-01
1.484652347727797750e+00
1.000909428633084186e+00
7.139110547462859113e-01
1.541783007252782056e+00
7.131076533724965971e-01
9.672486533295490130e-01
1.517994990106228403e+00
1.917919539249866578e-01
1.125753719019163546e+00
1.320978725067819770e+00
3.042467695873026234e-01
1.712950288978917435e+00
9.633176109707862755e-01
4.493019068505643143e-01
1.483136558086201040e+00
5.919037237454151112e-01
8.238439233439543985e-01
1.471546120493597121e+00
4.511957663676764430e-01
1.175122176345165137e+00
1.423020507860270012e+00
7.626063122140205874e-02
1.321197222471840238e+00
1.138287450755849139e+00
3.512549812481898792e-01
1.495901460186986442e+00
9.409902284449916943e-01
7.645912707690767363e-01
1.557013441911010654e+00
5.184352064246623426e-01
8.980006099246007345e-01
1.552452107364059586e+00
2.511358993532064043e-01
1.118855869282031623e+00
1.305059672706371909e+00
1.320130624594506585e-01
1.373576996224808111e+00
9.992989171544747196e-01
4.458375923350139658e-01
1.499375441750318227e+00
7.677565139413548012e-01
8.754531904144459142e-01
1.399104507261509367e+00
4.413486066825234588e-01
1.105999726291112539e+00
1.449252575800795695e+00
8.737250552134853687e-02
1.345980016393160339e+00
1.297593218893966283e+00
2.673693293897227985e-01
1.481317223508458847e+00
7.822474800714698251e-01
7.253172974319035404e-01
1.424630173204517902e+00
4.750257852724652508e-01
9.642569995624281631e-01
1.495112604279074997e+00
7.775410742935626174e-02
1.168548714361537844e+00
1.207828750936003059e+00
1.613159266110001377e-01
1.502146003333230562e+00
8.888581131445737471e-01
5.685528361800838981e-01
1.413772309686844864e+00
9.139513052298154916e-01
1.035497227193395764e+00
1.489351954662426758e+00
2.797374764921361501e-01
1.009327962299777948e+00
1.321614478633739154e+00
3.824338155805087625e-03
1.542172610584008785e+00
1.221200200116570489e+00
4.154892908944136654e-01
1.502820232215647867e+00
9.147310533976100722e-01
7.312157440491797722e-01
1.478580485750243811e+00
5.767727248426105513e-01
1.005776485927368569e+00
1.578756706859879122e+00
2.481944097260266047e-01
1.324785309667888544e+00
1.344960778456350869e+00
4.267694595672661406e-01
1.355548541752575886e+00
9.872776210861645696e-01
4.665211800429185374e-01
1.383296691417467361e+00
7.700485775926060317e-01
9.011847201083420522e-01
1.477549263260576451e+00
4.538574011190532609e-01
1.068223704904570193e+00
1.281674751227925846e+00
8.029143260611602481e-03
1.387924236803898870e+00
1.185147751310056785e+00
2.706936837327207357e-01
1.450547599365982210e+00
8.886444262220516421e-01
7.635593875728593494e-01
1.366812198414693036e+00
5.787663847990066612e-01
9.227470935421753229e-01
1.355493825370443606e+00
3.194164008082995276e-01
1.325185233486649627e+00
1.096344401484936171e+00
1.115537625504625652e-01
1.551810992613478657e+00
9.910490829602318641e-01
5.357098596232814369e-01
1.397114893395873025e+00
8.117769533245516866e-01
8.662452817215112733e-01
1.465044881744599348e+00
4.701616666900920172e-01
1.198607106593650773e+00
1.517591741580030407e+00
1.615472207070743974e-02
1.290214356301297105e+00
1.161319233737385881e+00
3.758985008794371585e-01
1.577717433509412626e+00
8.934523133262493033e-01
6.688522587298240119e-01
1.461522317357029088e+00
4.493866846165638362e-01
1.050050040136820018e+00
1.394375701275361035e+00
2.342844452922121512e-01
1.358806131919270355e+00
1.311441194523593534e+00
3.471337810206207714e-02
1.424652948935724250e+00
9.588910106096677488e-01
5.297423465477905102e-01
1.456659868502160782e+00
8.562034520815913208e-01
9.505421729276629650e-01
1.567945998393933893e+00
4.493915915123558591e-01
1.127369222306271013e+00
1.385894917420709360e+00
1.991154378991434257e-02
1.378599819937333715e+00
1.129892318147855512e+00
3.915831756721405710e-01
1.487665197801976147e+00
8.735425177539014596e-01
6.470206129749844770e-01
1.492098185484806327e+00
6.579474462654264499e-01
9.210428350371939743e-01
1.418107318163913000e+00
1.628171966395983439e-01
1.257249749947061401e+00
1.219751460814811450e+00
1.319500743364283857e-01
1.467606736902874909e+00
1.002307069258870920e+00
4.997673428314213795e-01
1.603817962092461746e+00
7.813071921683978349e-01
8.515707213103721474e-01
1.564193386405259512e+00
3.432459320133358083e-01
1.149430203550176666e+00
1.351732218041113320e+00
9.688226158611729089e-02
1.319483716086311320e+00
1.166118546678825751e+00
4.295436485284663819e-01
1.461706399237073795e+00
9.774890783808279915e-01
7.018695617626313776e-01
1.467306631690794783e+00
6.097380831396210787e-01
1.074057386615318466e+00
1.461863005107979951e+00
2.590126622468061912e-01
1.273165269097469299e+00
1.251094354017537880e+00
1.798335313087320586e-01
1.412754765271578616e+00
1.118166648791377726e+00
6.224297219148107185e-01
1.525954410325694122e+00
7.849655313686496605e-01
8.698499353269996126e-01
1.439339382141796131e+00
2.411314806733360627e-01
1.180924236806846217e+00
1.388349641356423136e+00
5.499408001804209634e-02
1.233225471958903974e+00
1.095068750788978251e+00
4.754649134297913582e-01
1.536426487865751422e+00
9.057611958509989014e-01
8.455408628347906852e-01
1.618168743254195352e+00
5.356274501114259845e-01
8.297868569997545185e-01
1.529561352403103314e+00
1.777521420091579818e-01
1.238303668244599143e+00
1.292925713686427391e+00
1.807744406224162659e-01
1.404469826299163726e+00
1.037560344870463114e+00
5.336456281394390544e-01
1.482233411650785371e+00
8.244403601711075558e-01
9.005183721381717632e-01
1.503142701990490604e+00
4.409092549287943474e-01
1.119375734272430645e+00
1.361323600000541090e+00
7.647342307269355821e-02
1.515036779077271412e+00
1.242565922009844837e+00
3.209342458436317824e-01
1.469642328581582724e+00
8.192481878511241877e-01
6.730633923206176261e-01
1.538440656682164676e+00
6.364790979896909340e-01
1.030154376052791587e+00
1.421629724425913288e+00
1.450308300549093821e-01
1.320191751869191910e+00
1.360118912706273164e+00
1.950315941455421920e-01
1.421369770548160494e+00
1.098755944627737957e+00
4.576025642523637860e-01
1.451309250128706152e+00
6.080349553471328106e-01
9.066321740421094955e-01
1.472742956273662918e+00
4.152150967923524671e-01
1.192337755131908095e+00
1.421049181646145909e+00
8.056514926103650054e-02
1.390270069794563135e+00
1.168978958337218321e+00
2.686956066803932730e-01
1.548867829260562434e+00
7.826457152498792480e-01
7.795495960546078296e-01
1.463008077608722202e+00
5.526341546411975836e-01
8.250814865068831772e-01
1.460336079385954999e+00
2.115244541410332968e-01
1.357310632062502576e+00
1.365780325440815179e+00
1.852488370619525537e-01
1.430845851401455482e+00
1.103237074066417467e+00
6.171453561456433645e-01
1.574043206640048265e+00
8.817381118386162786e-01
8.228354754816399330e-01
1.465240523375089365e+00
3.161493826046777866e-01
1.224161163735861590e+00
1.379952045321170884e+00
1.473978765698082671e-01
1.285614544380107471e+00
1.134082723541167237e+00
3.223922002512425444e-01
1.476006355520914193e+00
7.691684847102123745e-01
7.592068981593922405e-01
1.557907419151663531e+00
5.726372264366316189e-01
9.599806253987857030e-01
1.447240931297694155e+00
2.725041393063293849e-01
1.239434681424169016e+00
1.312946951104624338e+00
1.965008646190521610e-02
1.515914115385500471e+00
1.085389964838981092e+00
5.786553545941821586e-01
1.576316657853751080e+00
7.045790209108356850e-01
8.720792579247431675e-01
1.512110617166262605e+00
3.978750037283980134e-01
1.128278593802048535e+00
1.379665054422009485e+00
1.453918279484763681e-02
1.393334516692556591e+00
1.238948997295264753e+00
2.541152271166895460e-01
1.486984882732381719e+00
8.539881888050658842e-01
8.517685382350485002e-01
1.485384526065204991e+00
6.226807388189572467e-01
1.047134033738156500e+00
1.428352125088673930e+00
3.977678561508085631e-01
1.357108386813311807e+00
1.182237394769112937e+00
1.713350037624555011e-01
1.514879704701037832e+00
1.048511049079607238e+00
4.832720466402905535e-01
1.503645250959683155e+00
7.002392395941207104e-01
8.025446105406517372e-01
1.450289647283198979e+00
3.529470192903974013e-01
1.175272123452209883e+00
1.413999231776733367e+00
1.997753684969604815e-01
1.380568558133049573e+00
1.160326229518096053e+00
2.223489571694080291e-01
1.398620161993777478e+00
8.960840664113420839e-01
7.871161196208554811e-01
1.437679887104582388e+00
5.458152785350623981e-01
1.053754316284567505e+00
1.447466791639250960e+00
2.904779423863257937e-01
1.390096360023922006e+00
1.229371409416047056e+00
1.660330821315965377e-01
1.550041282630558515e+00
9.864684181911960170e-01
5.718196691453254488e-01
1.523659125298373773e+00
6.603226138224044250e-01
8.690929505917424081e-01
1.406663134824163386e+00
3.114602487540283904e-01
1.217751485296648450e+00
1.308031481970824084e+00
1.085823352264854089e-02
1.338434148344417984e+00
1.175157543885814615e+00
3.165411199014477317e-01
1.467699695229776946e+00
8.943896428095677864e-01
8.413858506501170620e-01
1.566969777356633786e+00
5.827481268350487298e-01
1.112369602916295497e+00
1.423790155573074978e+00
1.344379447191317023e-01
1.186572336051542553e+00
1.395834437587695653e+00
7.981298658035203275e-02
1.437455147991687721e+00
1.096766204053884364e+00
4.576315847181042229e-01
1.437456773006344335e+00
8.818713605239061337e-01
8.782264564533472928e-01
1.364791434997928876e+00
3.915367906885523497e-01
1.234965821576077261e+00
1.277548831279707864e+00
9.704171628501435942e-02
1.443996119108016618e+00
1.204817744091493781e+00
3.856863455206664404e-01
1.385849125397287551e+00
8.021159749672402972e-01
6.226126301124983442e-01
1.513313956662839299e+00
4.661614135379077428e-01
1.163582946543377350e+00
1.404647313275023457e+00
8.345558699928652679e-02
1.176500828563199930e+00
1.216051791605804233e+00
1.223946826422640105e-01
1.445150281907728651e+00
1.025799217654539852e+00
5.622154654738253932e-01
1.429109557633537309e+00
7.730053522008252243e-01
9.725921900341798487e-01
1.484735382984416541e+00
3.680381709828592918e-01
1.123846575082925403e+00
1.296358067982052331e+00
5.399806596880080134e-02
1.383699906513799149e+00
1.192573850704458538e+00
2.913085916391528474e-01
1.469692162436659677e+00
9.620255373410806499e-01
7.870186809976118525e-01
1.520419283910060537e+00
6.235292795919362696e-01
1.053155151270479983e+00
1.472944894287109507e+00
1.788589690574336200e-01
1.179530417232081962e+00
1.312214190845759187e+00
1.025341436851750221e-01
1.554103067842801833e+00
1.071080308496113354e+00
5.412927100004372161e-01
1.519028216556194577e+00
7.380150921421655408e-01
8.032446548229433825e-01
1.405107232354114499e+00
3.583301260637036245e-01
1.160242671935020287e+00
1.271619746941244244e+00
7.151640212966499377e-02
1.357809312993923490e+00
1.139172618236382606e+00
3.749261760950872713e-01
1.547369486915178394e+00
9.239203978065827494e-01
4.772692166911516876e-01
1.480240284677138307e+00
6.366612836523987129e-01
9.974930024630016545e-01
1.414829506420771876e+00
2.147485707134456079e-01
1.167511241489934681e+00
1.345615523203095076e+00
1.251796673233998292e-01
1.425487152612322062e+00
1.036892486586441287e+00
4.814474785941166846e-01
1.408378556217495081e+00
6.368496460192991648e-01
8.344514835595123747e-01
1.462618020223180437e+00
3.475568766101624352e-01
1.207251853962516552e+00
1.524600201478501171e+00
6.772951015055855839e-02
1.324207690857798880e+00
1.149934326957332553e+00
3.862100732965612626e-01
1.536965179754663735e+00
9.130401745468580410e-01
6.920284257405191486e-01
1.555717454359391017e+00
6.247670678278458567e-01
9.866074381995996179e-01
1.330005244586515367e+00
1.744185718643873895e-01
1.210921063247458518e+00
1.328217511803502893e+00
1.125951281465130543e-01
1.435879997299985167e+00
9.454429239922085282e-01
3.841641369143992124e-01
1.358903449485821424e+00
6.354407330275305688e-01
8.756213226220247448e-01
1.488867244357264807e+00
4.168037844577242579e-01
1.191323935174977144e+00
1.245763543209401858e+00
7.245833010654990913e-02
1.385123230718459109e+00
1.099228642023346803e+00
3.269489084212953700e-01
1.473657828696409933e+00
8.190391396141407654e-01
7.674815925776128367e-01
1.538722165502303563e+00
5.553044381580108935e-01
1.097569265993834753e+00
1.576814246638225114e+00
1.187521771783984770e-01
1.353685114394014066e+00
1.218986387167984242e+00
1.598713391972855224e-01
1.472338409145355298e+00
1.017469286610812151e+00
5.793435017897068384e-01
1.446615302857080065e+00
8.109672807057637378e-01
8.457554706561418723e-01
1.463747409325582449e+00
4.416428207420422525e-01
1.242941268684716771e+00
1.593403253568880906e+00
8.634207740270715900e-03
1.318642072921557329e+00
1.159871965622680356e+00
2.752940325160424528e-01
1.511125021758853215e+00
9.851055805323909453e-01
6.444339586620465576e-01
1.386250157420692242e+00
6.793777105441067832e-01
9.489556724209465832e-01
1.422139716371097151e+00
2.596397429038325710e-01
1.211881273993148600e+00
1.138142790704668839e+00
1.228985985061853414e-01
1.445808462589524890e+00
9.842458009691739118e-01
5.420645828565568980e-01
1.394894933579766017e+00
7.293670846457808166e-01
8.547296104858231880e-01
1.488408801083171529e+00
4.446896899031467787e-01
1.178846258198815722e+00
1.474782882763493896e+00
1.227798289848638369e-01
1.366599109395950640e+00
1.203578096773614492e+00
4.407201575786565129e-01
1.488138823136404554e+00
8.931176682223006535e-01
6.640329207192189331e-01
1.499939448039459888e+00
5.780488991068334359e-01
1.131969283702982221e+00
1.414562690233119424e+00
2.257142113590611121e-01
1.258752680423005588e+00
1.129904523176384457e+00
8.540740552317152567e-02
1.462374423028589110e+00
9.708007401742688725e-01
5.547621231974856348e-01
1.606579628163379736e+00
7.998134522805409041e-01
9.647779840381645045e-01
1.434278333449172660e+00
4.291463147394949385e-01
1.222566930867738044e+00
1.261613087151277401e+00
8.421708241705484765e-02
1.299512402645666809e+00
1.246265910206017402e+00
2.900946155324972131e-01
1.590764304977015930e+00
7.087128037858909657e-01
7.333808625491927691e-01
1.541915476895082904e+00
4.186792937552512583e-01
9.835991808017090499e-01
1.457267068311756120e+00
1.703952254258835897e-01
1.192424391397674199e+00
1.261356106584347714e+00
8.596283765128591436e-02
1.484213868772355838e+00
1.116672821614028255e+00
5.846017688680663626e-01
1.537632899183265067e+00
7.571193405277213406e-01
1.063276271042347121e+00
1.516812938392247512e+00
5.017626804191124279e-01
1.019455878881891264e+00
1.383317742556811503e+00
3.910235224793137676e-02
1.314536514460879602e+00
1.189556777663604237e+00
3.468343315241914082e-01
1.415355333721442843e+00
1.055166139801511305e+00
7.792897619796207431e-01
1.398563753971112877e+00
5.939123211728946083e-01
9.914785723577297372e-01
1.344791435410087832e+00
2.043621829383544808e-01
1.242870082834145462e+00
1.358549411158078701e+00
1.085479000736359750e-01
1.287965731827524607e+00
1.163605634603573469e+00
5.502616322161969498e-01
1.577360704068500485e+00
8.160818463474417417e-01
8.772470184281422334e-01
1.490204424573439379e+00
4.609160851985169560e-01
1.252165900651689201e+00
1.474250891903877925e+00
4.070953194894096072e-02
1.264125005956836079e+00
1.133041080428325520e+00
2.447462325719108323e-01
1.528383188757295841e+00
8.343160181821068777e-01
6.680681688822480702e-01
1.422397155216473141e+00
6.196070117341462291e-01
1.002770845574582737e+00
1.380915576483421336e+00
2.113500428895815908e-01
1.247686533434219314e+00
1.285602774921307478e+00
8.262375323960505225e-02
1.243594580469141064e+00
8.809007094624295986e-01
6.041250493546138634e-01
1.587454767957947599e+00
6.897660352453366395e-01
8.182894862254116441e-01
1.426634486262614132e+00
3.926553618748857555e-01
1.183737683579130007e+00
1.388701865096585664e+00
5.729959283228057421e-02
1.471873896293657946e+00
1.241335145158444009e+00
3.655513471853470975e-01
1.483756114850702579e+00
7.804139620759519280e-01
6.106225534953021450e-01
1.457752010490632522e+00
5.673419755592282732e-01
9.803030514367809811e-01
1.495171888530884452e+00
3.199823920763745777e-01
1.304580199355378500e+00
1.396550910436126669e+00
2.394480305851628132e-01
1.316917296503517631e+00
1.057514531731648777e+00
5.716512567585304572e-01
1.505614545346240396e+00
8.235788840755632334e-01
8.341221529264443157e-01
1.458996998890402574e+00
3.366856627224054654e-01
1.131063981160350229e+00
1.440999575096004737e+00
1.040549409171169504e-01
1.486410325090458784e+00
1.186214558803770025e+00
4.463527516556759500e-01
1.613281662298385211e+00
8.893830960927949780e-01
7.756669373497305786e-01
1.652050801272570979e+00
6.419170496382913260e-01
1.002757740240634465e+00
1.424780695789230389e+00
3.947732934998668952e-01
1.226640475895226512e+00
1.458029429241859187e+00
9.502509680783033374e-02
1.406102078957672585e+00
1.028257258620039138e+00
6.478830432854729704e-01
1.337125472329427245e+00
6.988595473352031684e-01
9.713050769735545042e-01
1.561151006752219406e+00
3.703946113157818854e-01
1.213925840703773629e+00
1.454073000260209358e+00
8.330337962099607085e-02
1.432407126518066454e+00
1.141892811522733364e+00
2.839910307588701666e-01
1.406174927808164110e+00
8.996969578477752583e-01
6.452071371052936488e-01
1.616069480837992511e+00
6.558240448956748070e-01
9.303523523177655852e-01
1.494137174802915746e+00
2.723986381928584777e-01
1.274833191647783082e+00
1.246118228655707760e+00
2.517844295571564639e-01
1.527143197182769363e+00
1.057236989458181675e+00
5.022144818456858451e-01
1.513883165338439918e+00
7.997860272311455576e-01
7.721261657994654692e-01
1.470973215984090032e+00
3.765672946235216756e-01
1.171286301809135066e+00
1.268500398117530459e+00
4.643700108897931556e-02
1.467139834479174620e+00
1.279764114797780072e+00
3.448110243325098745e-01
1.467098047860449839e+00
9.458411163518987141e-01
7.406405372115522079e-01
1.595404488730712611e+00
6.439375767338568757e-01
1.054315294059036789e+00
1.371602542592490481e+00
2.971263722610802960e-01
1.265560634473291701e+00
1.244247368391801389e+00
1.718616098905662026e-01
1.456735152911083686e+00
1.030853225277189367e+00
5.276139861409350207e-01
1.603514289061627629e+00
7.008280333330175749e-01
7.762929682256314301e-01
1.609982121242095943e+00
3.552484417140900352e-01
1.071183092434216055e+00
1.447183347676453291e+00
1.170558156518045206e-01
1.437590044873555239e+00
1.251113895981905033e+00
3.682007982478522901e-01
1.409817142842695770e+00
9.325299035899243805e-01
7.168366222767323936e-01
1.553210581236968979e+00
6.197172713254081033e-01
9.697510618267444205e-01
1.477148318066368038e+00
2.743729675901864784e-01
1.164954630238731248e+00
1.273625361517342514e+00
1.184401228386168375e-01
1.377123255495800613e+00
1.056987954505558935e+00
5.175035391456198619e-01
1.341921125288054517e+00
7.789066205557139133e-01
9.424730917380035322e-01
1.670328563420529822e+00
3.076536301691099040e-01
1.172473732135634883e+00
1.383916581949341085e+00
1.056134851799358787e-01
1.390851197317921173e+00
1.222129214179057621e+00
2.503999703637810881e-01
1.551390991511852890e+00
9.166119434584640846e-01
8.902505119790007360e-01
1.361338553242407157e+00
6.013999493380995931e-01
9.728905475810026848e-01
1.305163036874745552e+00
2.739152707316185320e-01
1.205191923492670902e+00
1.214396976123809369e+00
2.872691827799334074e-02
1.429755946472244243e+00
9.788095524075851595e-01
5.231553516899463130e-01
1.491148894093712762e+00
6.648509310512333847e-01
9.116173691425765169e-01
1.475678770933646744e+00
3.885624076334630028e-01
1.159827870946886552e+00
1.389255057120794667e+00
6.382661573145417822e-02
1.439490934372850139e+00
1.219411781983807730e+00
2.903601487939082570e-01
1.585655344773147624e+00
8.129573563238786660e-01
7.240586698265384369e-01
1.555771930686636662e+00
5.142306020270837053e-01
1.049423115103733206e+00
1.474045138237616293e+00
2.841829068943263481e-01
1.226443237766866146e+00
1.273459128413393815e+00
2.028932749719856432e-01
1.303963518015074596e+00
1.161376622636058009e+00
6.777913390544870742e-01
1.523110492787798087e+00
7.270573942807447843e-01
7.817756382866588583e-01
1.530760999420722301e+00
4.553738966392564813e-01
1.147497086558417090e+00
1.371775571258341042e+00
8.885769314055283474e-02
1.391976553939301864e+00
1.163708656615241033e+00
3.040614353277053539e-01
1.370495563188845800e+00
9.902300258562066748e-01
7.150114145164048196e-01
1.588005764577218315e+00
5.632355467166824114e-01
1.037125874350785182e+00
1.596840815223134147e+00
2.982642480221114889e-01
1.264805548753843212e+00
1.272981620408191850e+00
1.813660612262866234e-01
1.289827192883428619e+00
1.101841157041186126e+00
5.373140829131993756e-01
1.555197564336903149e+00
7.244974058175561726e-01
8.788108520435539139e-01
1.535879326492050501e+00
4.663975991710689883e-01
1.066616310924124900e+00
1.321053582296015438e+00
1.383374132326742612e-01
1.433249586898505124e+00
1.073692427395813276e+00
3.667353406173459174e-01
1.520082584983728946e+00
8.221462497743129427e-01
6.224090581611001483e-01
1.622000580768833355e+00
5.456225659305858899e-01
9.696176482666620799e-01
1.399049597439922410e+00
9.124560092255661059e-02
1.320324797982975751e+00
1.322933084365660594e+00
2.103459142473324550e-01
1.592986384868336325e+00
1.055862981439788628e+00
5.009064150455312392e-01
1.466155471444311686e+00
6.955665548610127091e-01
8.284148835530800170e-01
1.550545504080090176e+00
4.133169589881402484e-01
1.357248510250505635e+00
1.317153329335394973e+00
4.622627627315870763e-02
1.441755907487280997e+00
1.182288391796606941e+00
4.089997228817833230e-01
1.506305181817002792e+00
8.671834809662927190e-01
7.499796005344472327e-01
1.444715680207320663e+00
6.774692597053634247e-01
9.784549046102530845e-01
1.508036858089251364e+00
2.728267815206553148e-01
1.284168416146703073e+00
1.272774479957041516e+00
3.121866022829621751e-02
1.439885338648613011e+00
1.190595200321869607e+00
4.791004995656320542e-01
1.543468708767843589e+00
6.555761669493249677e-01
8.731590040628084415e-01
1.545907763066628915e+00
3.569467270435583428e-01
1.220314207337912737e+00
1.388145206629129103e+00
5.299710654508850427e-02
1.276174665542811892e+00
1.141888796453720545e+00
5.522363296784654763e-01
1.489880766721404459e+00
8.309234806444451005e-01
6.504323299451081342e-01
1.551201010468068464e+00
7.390271707784035193e-01
8.668341379342684450e-01
1.246489287908956411e+00
3.091563600647491139e-01
1.300129813000164392e+00
1.235591223007515893e+00
1.146625898759903867e-01
1.348641181971364400e+00
1.085532022557389897e+00
5.395538019952866859e-01
1.431326731379563677e+00
8.194431880194872342e-01
9.560265823743359093e-01
1.542092106559965536e+00
3.717292025756110396e-01
1.123752629477758225e+00
1.360841764566611101e+00
1.252439538814209274e-01
1.151064251897800483e+00
1.292748965701277175e+00
3.799175202719245470e-01
1.556600066861306253e+00
9.688216536927534150e-01
7.326731080586491585e-01
1.553984771492005201e+00
5.742961824293251194e-01
1.109996770810753430e+00
1.397351759760134593e+00
2.791384842584133108e-01
1.141345268860435525e+00
1.290389104482293492e+00
1.102429704093139604e-02
1.476798440617615338e+00
9.780383393617823051e-01
6.034972162073855007e-01
1.493076919038805128e+00
8.285882723059088129e-01
7.686579847077836813e-01
1.546558137702056301e+00
3.864389513854630254e-01
1.108985617910980936e+00
1.490186028206154534e+00
6.204359866705108639e-02
1.353194805224355646e+00
1.113139496015004060e+00
3.146914418383020551e-01
1.495339556716647200e+00
9.084752996022997795e-01
6.897650389533438453e-01
1.550529215874096867e+00
6.160749468769392001e-01
1.001934549859565315e+00
1.536023801468123562e+00
2.446657932058665663e-01
1.216956102118012639e+00
1.356503109532779749e+00
2.376204257779246376e-01
1.407719635005326042e+00
8.534368697401338855e-01
4.940800732875204604e-01
1.607974084569789852e+00
7.969881508139340376e-01
8.968571412815625754e-01
1.534367184851337829e+00
4.005599399831275553e-01
1.193054578401383736e+00
1.436459721861445660e+00
5.738208874608170806e-02
1.603466189091715899e+00
1.149826005760066439e+00
2.759443986366864610e-01
1.428950540673254332e+00
1.031243959507166075e+00
7.491659693119738783e-01
1.554995977308195609e+00
4.551745045590803174e-01
1.023834243882343564e+00
1.471179357521660958e+00
2.586944526043146730e-01
1.259920388056198437e+00
1.292045035634218131e+00
1.831728246541863281e-01
1.406788468621545274e+00
1.090104239284708898e+00
5.806287514082817403e-01
1.456952560094060045e+00
6.679050634467813552e-01
8.437886063392540104e-01
1.457240744342552796e+00
3.569490088214587464e-01
1.057276950771786961e+00
1.519066883033607152e+00
1.268890192036622663e-02
1.380484891761913468e+00
1.103400199831646722e+00
3.963892762310602946e-01
1.483097231309144393e+00
8.148246734719165607e-01
5.900769829919100262e-01
1.612702475013230163e+00
4.611166712658810174e-01
1.131439681897750793e+00
1.385155409905377777e+00
2.211539837316488510e-01
1.326063526142827076e+00
1.246576757335601027e+00
2.067386844826838710e-01
1.439872667284646912e+00
1.168906898013222895e+00
5.782966064000278905e-01
1.504962032091214930e+00
7.110747608266509978e-01
7.894824136531446435e-01
1.477108626142188630e+00
4.889543466977746000e-01
9.451759529428014339e-01
1.324882077342141473e+00
7.903642682337806702e-03
1.422197520499409951e+00
1.263359422768706386e+00
3.653985532080764043e-01
1.469443644963148721e+00
9.160176067957231938e-01
6.199068505273348517e-01
1.476755601566356546e+00
4.935084939162124318e-01
9.770643475053027993e-01
1.484229418826065627e+00
3.289093474752907698e-01
1.323046514169737620e+00
1.172655515929073911e+00
1.433430015107447775e-01
1.397870113316817209e+00
1.106995948070581770e+00
5.568669286543260766e-01
1.371021372679210204e+00
7.802264608643690869e-01
7.646875578855708566e-01
1.495746062636586826e+00
4.253322159188933083e-01
1.175640826900914648e+00
1.372736937337052820e+00
1.731342608942181838e-01
1.265014865155382973e+00
1.124351740386457355e+00
4.202450075450872569e-01
1.508510018145741594e+00
8.584317430031841445e-01
7.950355272469530332e-01
1.548671449168338876e+00
5.246629082562604962e-01
1.059674400341333422e+00
1.501691583574126021e+00
2.058938196507827945e-01
1.166243294617102855e+00
1.433808663891129820e+00
2.179398714500881407e-01
1.527568858623385317e+00
1.162465133788631144e+00
5.489298517206080419e-01
1.377769740017472433e+00
7.159632334584580260e-01
1.030898359709558232e+00
1.438285290828885898e+00
4.507825932133482372e-01
1.131235522519317360e+00
1.354050840934448274e+00
9.908547961497229939e-02
1.388915597083033360e+00
1.179521206324145144e+00
3.842307898901943242e-01
1.458758283094961916e+00
7.863447332620961960e-01
7.995124925730936472e-01
1.487379006497558054e+00
4.381887579688199530e-01
1.100867946250407847e+00
1.470494025265820959e+00
1.592050833070235705e-01
1.268416026342547243e+00
1.204064925955665277e+00
5.548083477214157955e-02
1.420849015459751064e+00
1.146241940188317043e+00
6.372051054100776879e-01
1.481179808135329345e+00
6.593740147652517036e-01
8.388705643690435032e-01
1.387335529297930359e+00
3.475000760650385767e-01
1.077322082537969461e+00
1.257643828364458649e+00
1.275162659465637997e-02
1.311530382789376059e+00
1.272228743247695082e+00
3.327361575676521244e-01
1.472913777962944426e+00
9.903000138231848881e-01
7.838054650179934191e-01
1.458119005441913085e+00
4.757614938755004852e-01
1.144985261982234936e+00
1.358696442115217895e+00
1.683984799234084784e-01
1.150118200353804188e+00
1.256845238880569315e+00
3.324941161905310971e-01
1.471606517633480937e+00
8.447703923513065760e-01
5.036837236269263718e-01
1.455967003430449713e+00
7.479608060906888234e-01
9.313373280740075977e-01
1.560148641174319506e+00
3.755593299847120314e-01
1.183483049942004373e+00
1.350671490548942977e+00
6.152990259167028658e-02
1.325965934482902897e+00
1.057988131946950849e+00
3.752165034075081729e-01
1.548549974759932502e+00
8.200489545333683461e-01
6.959113592676873239e-01
1.561168083814207019e+00
5.966801453903292085e-01
1.050771531279205195e+00
1.440478758815908478e+00
9.750622418613813513e-02
1.242430174865522652e+00
1.296195049342727890e+00
1.603447190576535730e-01
1.477934139326634311e+00
1.085267614873546282e+00
5.070972286857440281e-01
1.513981527516219172e+00
5.913363628317352960e-01
9.060770837703665537e-01
1.375988950184559023e+00
2.909143625701540725e-01
1.166421045276076818e+00
1.433498657635945861e+00
