-2.004617249823115871e-02
1.328829863912010412e+00
-1.260957839341849018e+00
-4.272989064377746282e-01
1.627552894065116496e+00
-9.920024230001376342e-01
-7.176295302364864570e-01
1.550476497533037179e+00
-4.991158015846757223e-01
-1.106854628532246920e+00
1.539017704684075394e+00
-1.628818946248486721e-01
-1.280594707964672452e+00
1.396253683517681310e+00
3.164710540491564306e-01
-1.406217971526383392e+00
1.066951850157270343e+00
5.109798150804170103e-01
-1.646931821305639643e+00
8.357834953826068780e-01
8.789131429938008555e-01
-1.432931887832444851e+00
2.819157093778303924e-01
9.965764618677002140e-01
-1.422693308995331307e+00
6.132616367329921103e-02
1.218548893076853767e+00
-1.100951131850687492e+00
-3.230288471208203060e-01
1.456169041782183093e+00
-8.940712809796778071e-01
-6.170279851494633316e-01
1.535807360972690550e+00
-5.832984985880452777e-01
-9.829420837151034984e-01
1.414419090380663935e+00
-1.697115983890874757e-01
-1.185409390947611108e+00
1.284509850463636305e+00
1.575645699225809715e-01
-1.452723011625163263e+00
9.402491484653009435e-01
5.302271992989654459e-01
-1.500107648360549550e+00
7.202846258883094377e-01
8.968521280997848732e-01
-1.611256813701287705e+00
3.250539915141698044e-01
1.221169447688807974e+00
-1.254760038273476930e+00
5.838402881685741952e-02
1.309110825826358182e+00
-1.159040515455029619e+00
-4.265265217913569717e-01
1.486043627170179127e+00
-7.946233667363865605e-01
-7.273690912600422331e-01
1.521913277847562362e+00
-5.788977914841888506e-01
-1.017657319771634095e+00
1.413604918289310231e+00
-1.535669636499573665e-01
-1.316084536440170982e+00
1.435638303739936728e+00
1.873447359167015880e-01
-1.373914211183400180e+00
9.097251785230868748e-01
5.338253347845363095e-01
-1.342550126029260049e+00
5.852715261025642768e-01
8.633676481112859680e-01
-1.511156522399618840e+00
4.020129128218536407e-01
1.190022881501346941e+00
-1.325194087224096151e+00
-1.955674427673547572e-02
1.337187002125741486e+00
-1.040718099662522045e+00
-4.409444091436999780e-01
1.407778237837655544e+00
-8.996831217317755591e-01
-7.468713965056006376e-01
1.390707367227659530e+00
-6.658815276644292069e-01
-9.978753331851456521e-01
1.389080745988785726e+00
-2.224081481347301714e-01
-1.256970934695274211e+00
1.309736661649016254e+00
2.403841972507974600e-01
-1.390164160774751467e+00
9.647518866495249368e-01
5.303909662534901370e-01
-1.470089100661525316e+00
7.528678294203172694e-01
9.178906600082499256e-01
-1.402325594118838836e+00
3.266911454366277501e-01
1.195098401120752385e+00
-1.291222895348303146e+00
-5.703159948195397899e-02
1.359343715108678019e+00
-1.139801490534526174e+00
-3.519889075984765636e-01
1.410344903339455724e+00
-9.353574002988584990e-01
-7.500115861525145089e-01
1.420438454999227496e+00
-4.999681623000014064e-01
-1.195438914901493010e+00
1.368932329290247774e+00
-1.640859831916255951e-01
-1.208802719694090477e+00
1.230242688753361069e+00
1.398124761607202338e-01
-1.378036514991053618e+00
1.081895291531334458e+00
5.374110528512172635e-01
-1.543039784290190841e+00
7.476769609756297452e-01
8.844219705297269307e-01
-1.548673314881039875e+00
4.616715505484345616e-01
1.110869254775690207e+00
-1.315204303347263570e+00
6.871226078381285213e-03
1.287067204595499614e+00
-1.188354798607566432e+00
-3.341053849536622655e-01
1.551582671058487906e+00
-9.675170442353488998e-01
-7.211068194245396912e-01
1.542291764314038138e+00
-5.876445121752947864e-01
-1.067710577009635342e+00
1.480320633265561403e+00
-1.096788718950264252e-01
-1.298741685616471297e+00
1.319408292529691273e+00
2.988441140876380020e-01
-1.380321234559069188e+00
1.060733765387225969e+00
5.935256480972854742e-01
-1.496552932237838807e+00
5.610544886578556767e-01
7.938185010613851844e-01
-1.387945836926602228e+00
2.998606840490808390e-01
1.194783172091154810e+00
-1.499876248476894158e+00
5.243622778603457268e-02
1.277960955253671038e+00
-1.288504507144490274e+00
-3.541505254261399505e-01
1.489795652080466493e+00
-9.979920612269699287e-01
-6.642809179016246901e-01
1.412663118746403601e+00
-6.112727923964520471e-01
-9.096057318018472282e-01
1.385485172674453924e+00
-1.733271546475475544e-01
-1.242969668508396408e+00
1.281702672323078884e+00
1.549744492695167564e-01
-1.364784538484158594e+00
1.042829072209932262e+00
5.535986852927404778e-01
-1.565933965452219301e+00
7.727750946101510365e-01
8.347897418196305042e-01
-1.527601408119656945e+00
4.137625834437479444e-01
1.281879767811968662e+00
-1.571454068600946608e+00
-3.331851346621031613e-03
1.314120281079501185e+00
-1.058569432214436112e+00
-3.304472338878144955e-01
1.591159904759514188e+00
-8.914488783049996368e-01
-8.177468690288115516e-01
1.412860041296157831e+00
-6.552857361520338930e-01
-1.118768578455433982e+00
1.435641171478166722e+00
-1.868209902555376944e-01
-1.310379918355263573e+00
1.220264857289435012e+00
2.409270972720204407e-01
-1.306908186744583311e+00
1.023506216335410945e+00
4.839127063755215841e-01
-1.533338105261954132e+00
6.483454136612811780e-01
9.448155001763702820e-01
-1.497005142145775070e+00
4.335722906446394243e-01
1.199095389185921512e+00
-1.333811581971995341e+00
3.434323517842705759e-02
1.384739641119859588e+00
-1.086452554853708952e+00
-3.313406407489875027e-01
1.738532285323814097e+00
-8.068232457166197857e-01
-6.363365689081863508e-01
1.622781787456865743e+00
-4.537940174256503978e-01
-8.888545527488432851e-01
1.462512315044069755e+00
-2.249171301331362449e-01
-1.201423362740006606e+00
1.324345255039445224e+00
5.879748658010382906e-02
-1.441248900987665449e+00
9.890622777652056108e-01
4.068904815862348645e-01
-1.583542723118961604e+00
5.435823836854164481e-01
8.257462279032194985e-01
-1.470738744731312941e+00
3.210755141548635172e-01
1.018770923185224220e+00
-1.292395696875195288e+00
-4.336789357788950472e-02
1.385018606730854307e+00
-1.309576184613468586e+00
-4.237667334992439860e-01
1.534334479105975646e+00
-9.395409744762180937e-01
-5.955170881365013935e-01
1.465892470425865790e+00
-5.985497232129481926e-01
-1.145094228076763088e+00
1.391425394864547416e+00
-3.624734284797821449e-01
-1.269825301015341745e+00
1.513614013934800884e+00
2.878469693805290608e-01
-1.353422730463962775e+00
9.906973152756783918e-01
5.865390044540865766e-01
-1.546749312221252115e+00
7.948440518212094297e-01
8.118236666862083117e-01
-1.659797273717803279e+00
3.161842151089084840e-01
1.099416039755213070e+00
-1.418751831409484687e+00
9.562882512823361880e-03
1.434265470378356611e+00
-1.070142212658468539e+00
-3.403979833593520632e-01
1.504669694804753988e+00
-8.286314587628604844e-01
-7.468200100244455353e-01
1.591621755088354906e+00
-5.812820253412633864e-01
-9.336011945941929957e-01
1.499410649417783459e+00
-1.841298118397576011e-01
-1.287611402389539084e+00
1.209355359932854146e+00
2.383982738305019666e-01
-1.354773007755122327e+00
9.781884838398984261e-01
5.506884184143714389e-01
-1.544263649328652566e+00
6.049398087432217297e-01
8.917964435037277759e-01
-1.463222300107141827e+00
2.994707873040456381e-01
1.139504529644309816e+00
-1.287394113250695860e+00
7.398847188879947856e-02
1.306987953234486133e+00
-1.147883734271088585e+00
-3.842138442452267544e-01
1.433456844608474778e+00
-1.031187951025065219e+00
-7.267850998519560513e-01
1.495967919927045475e+00
-5.366720184605806576e-01
-1.045469041680248790e+00
1.417343935052130632e+00
-1.550019123044500402e-01
-1.202357574246750493e+00
1.386508077506469760e+00
2.805453713743893962e-01
-1.406102837124275418e+00
1.106306503248836171e+00
6.307282706870805944e-01
-1.498752449794648722e+00
6.383261450997641528e-01
7.728978742258798551e-01
-1.403804800102965267e+00
3.408554529280680701e-01
1.185942206213838057e+00
-1.363602128902149824e+00
-1.510776535055886327e-01
1.343546141486483103e+00
-1.036250043649233010e+00
-4.377394204839830105e-01
1.470771094165803206e+00
-8.915562830192087507e-01
-8.138189463618760167e-01
1.507269816302755583e+00
-5.295159892972476356e-01
-9.320134261893879835e-01
1.480399924352257424e+00
-1.844699351502395446e-01
-1.167955459858717404e+00
1.318204979039836022e+00
1.505785418275084886e-01
-1.378324006779388267e+00
1.005800977319749379e+00
5.803069143265596752e-01
-1.607193190171124719e+00
7.090402953522877416e-01
9.622630202646510478e-01
-1.385139942512049416e+00
3.532490626078769180e-01
1.176275685692479422e+00
-1.434412469485617070e+00
-2.437018751846706244e-01
1.266529007947953200e+00
-1.108537689644175650e+00
-3.746829353290569431e-01
1.493725796587473731e+00
-9.602999704731414177e-01
-6.516097466324017873e-01
1.534818977621111191e+00
-5.780985607346187383e-01
-1.017778466761711131e+00
1.333135298885772979e+00
-2.049454194349182301e-01
-1.360971440849258141e+00
1.254571675291392019e+00
1.250949169525905624e-01
-1.540782793151232788e+00
1.097961876058074715e+00
5.596651616340643232e-01
-1.451573438041764863e+00
6.846702053576518843e-01
9.011249405699610637e-01
-1.383105630293541610e+00
1.874883524030959703e-01
1.061586591839610572e+00
-1.274267504287824870e+00
-9.076850825312887672e-02
1.319712486863504397e+00
-1.214737798229465371e+00
-3.909976485173328742e-01
1.501653822573272068e+00
-8.784214573149187189e-01
-6.005174981086121022e-01
1.535104346451392487e+00
-5.478527714997081244e-01
-1.048643395871019068e+00
1.513306664646156152e+00
-5.855286574894388169e-02
-1.133165565616090387e+00
1.165273332889205538e+00
9.583085145444253383e-02
-1.419415075244026214e+00
9.231646809195435122e-01
5.179928817284729092e-01
-1.345871990752143699e+00
6.733442987630200438e-01
8.353088249632314444e-01
-1.447249040950557397e+00
3.134781301185901592e-01
1.249533383098905936e+00
-1.265984696025906686e+00
-5.969384204138447787e-04
1.325215755040609622e+00
-1.192368882431288801e+00
-2.871170575313191642e-01
1.456459146691579720e+00
-7.187166062009389123e-01
-6.371488540391396782e-01
1.532830299644875716e+00
-5.655748077946289865e-01
-1.086982900936999119e+00
1.419868020417021315e+00
-2.469673473858399193e-01
-1.319453210972574952e+00
1.197236310516474500e+00
-3.552886692131507207e-02
-1.341214195105940643e+00
1.081276385929428763e+00
5.703058880425494470e-01
-1.388885285695154570e+00
6.131940070418786526e-01
8.243386096696490029e-01
-1.506797040465510440e+00
2.253358403329226434e-01
1.252826015940321724e+00
-1.236645163783743673e+00
4.434435776400552816e-03
1.365280487696491019e+00
-1.023818749859650268e+00
-4.415178749729170571e-01
1.529057031244233977e+00
-7.899962860594356151e-01
-6.562010441033663266e-01
1.373760919215484710e+00
-5.517216150606227831e-01
-1.042422883383303356e+00
1.434068744730032652e+00
-2.583658832706910435e-01
-1.314830917295709778e+00
1.379453127770063015e+00
8.024972870078239673e-02
-1.444566408572074412e+00
1.022123273550684885e+00
6.247107340137499909e-01
-1.648736923313713021e+00
7.508659844115149751e-01
7.958534248127326904e-01
-1.476621802915140336e+00
4.117609683923000308e-01
9.845445250553851446e-01
-1.324275441433079736e+00
-9.003937873505186984e-02
1.250636661346158807e+00
-1.047210232991318213e+00
-3.786508705796448049e-01
1.420209777708438148e+00
-8.668249345381362492e-01
-6.461560379452706560e-01
1.718257293072440017e+00
-6.219450048674215470e-01
-1.004328491479815400e+00
1.472594676713568251e+00
-4.106792132647842097e-02
-1.301291773252938322e+00
1.184240806117708322e+00
1.963952672516998399e-02
-1.420711641836655437e+00
1.119480881226303293e+00
5.447962638919312539e-01
-1.472013640577023441e+00
6.791894816714751926e-01
7.737097273212665272e-01
-1.469235942048789711e+00
4.140400132894236918e-01
9.977071607067220516e-01
-1.434084999348423706e+00
-5.564712700342178825e-02
1.473171438846904824e+00
-1.252925486144228273e+00
-3.234543791749125430e-01
1.541297611576716076e+00
-9.345979199317431263e-01
-6.639300908884642194e-01
1.537034427039138063e+00
-7.016394739252582724e-01
-9.833966206103138541e-01
1.519850533928441827e+00
-1.492793986743565227e-01
-1.284636618681915365e+00
1.354996327149620372e+00
3.051781601559878654e-01
-1.490788190196076446e+00
1.088190334984153518e+00
5.437869731918765215e-01
-1.491965432368876243e+00
7.626168416812164619e-01
9.195659370083248962e-01
-1.417547176866192471e+00
4.156815094639207397e-01
1.139777835375793691e+00
-1.330337276257524515e+00
5.614561600611836512e-02
1.283661655937702317e+00
-1.103875309929936543e+00
-3.289521603771696778e-01
1.531862600026486998e+00
-9.168256483368213416e-01
-6.810613268292569078e-01
1.368057810660476603e+00
-5.026671094613277546e-01
-1.023332930324682977e+00
1.482097044175296752e+00
-1.854106654018012057e-01
-1.209635888063131937e+00
1.329759438459119369e+00
6.221783347097971373e-02
-1.361111543679303315e+00
9.620339954666004001e-01
6.138015583580780365e-01
-1.425781722335571100e+00
6.838802381111196427e-01
9.249411699511322915e-01
-1.487018746429058513e+00
4.501757708574082306e-01
1.213939001595837563e+00
-1.394911256197620908e+00
6.562301080034325940e-02
1.324279414752902451e+00
-1.076089158604766283e+00
-2.622890864246244513e-01
1.520377606024728934e+00
-1.011140216959732330e+00
-7.964237609121955774e-01
1.544172488974658641e+00
-6.658911376216685163e-01
-9.083110327805360429e-01
1.494515621202409328e+00
-2.104000764390286660e-01
-1.333781019977096971e+00
1.389328821639988831e+00
2.193731918871836828e-01
-1.335373056215526155e+00
1.174012018825232317e+00
5.399492675868265978e-01
-1.501775911982092149e+00
6.700096377951889615e-01
9.537049947039191178e-01
-1.432123869440491415e+00
2.445553040645092324e-01
1.132223247957568457e+00
-1.360302144956379689e+00
8.391807477036403173e-02
1.558922686600405783e+00
-1.179518907341480238e+00
-3.601801991849414852e-01
1.558280736245365894e+00
-9.403601498949991644e-01
-8.366728797588682820e-01
1.445573605069977008e+00
-5.124082008829067281e-01
-1.094375921012256558e+00
1.276671710629025291e+00
-1.709077686943483443e-01
-1.228934130079243348e+00
1.210935822080708490e+00
1.553939336452612452e-01
-1.328434599160288165e+00
1.094658313878316358e+00
6.936991501308601427e-01
-1.531147739147164621e+00
6.998022186510343134e-01
1.063048590630020440e+00
-1.509767140631161020e+00
4.127947829470746122e-01
1.142565038554554269e+00
-1.324905154259079954e+00
-5.637310369195716077e-03
1.252172199109048645e+00
-1.081113300548008027e+00
-3.542028178229171820e-01
1.510549271881129751e+00
-9.784238734306447416e-01
-7.885096960866097016e-01
1.567978458831111865e+00
-6.406620880450606403e-01
-9.021396627911351107e-01
1.470976755838712347e+00
-1.659872551667503360e-01
-1.244729254476815150e+00
1.283200515952770404e+00
1.433582245819480516e-01
-1.424830849441378833e+00
1.094220324911397979e+00
4.351998853676717349e-01
-1.421686696419349305e+00
6.400570756349479584e-01
8.582264932760970133e-01
-1.359104019615020142e+00
3.028523988267666778e-01
1.262894522849404400e+00
-1.271066676840003185e+00
3.551680746058477611e-02
1.324388266041361728e+00
-1.272468298934608111e+00
-3.781285781516742217e-01
1.448624721969019813e+00
-9.583683953253465670e-01
-7.786031166710651874e-01
1.519883821583422279e+00
-6.112360401910572616e-01
-1.045165224260445669e+00
1.299006436623903138e+00
-2.568371270227444159e-01
-1.476011289918299108e+00
1.212460452191043592e+00
1.417658461905475786e-01
-1.482661509590321502e+00
1.070905102746284143e+00
4.324918078766976093e-01
-1.534667380547853011e+00
6.601124370842388345e-01
7.992666093725113718e-01
-1.527385438533624962e+00
3.925448526079503009e-01
1.229528147463221810e+00
-1.344421782178606195e+00
6.731275812081145837e-02
1.338226407146743124e+00
-1.053574843656811311e+00
-4.327862714721186221e-01
1.497601803473070037e+00
-7.470929827962247138e-01
-8.123009587100640250e-01
1.540675915896554837e+00
-5.878616680782655646e-01
-9.967934162273355270e-01
1.270643191185248932e+00
-1.825621257323108426e-01
-1.474787297218537852e+00
1.365958047783674134e+00
3.050413392697898241e-01
-1.357635778845820873e+00
1.008752016447268751e+00
6.047002793242839402e-01
-1.499171967982430687e+00
7.242980960160270154e-01
9.592812995971544687e-01
-1.545849097629975688e+00
3.462469679186543914e-01
1.194645243260694878e+00
-1.349741380133421043e+00
-8.034281375304640205e-02
1.262665805949315656e+00
-1.186278699342935949e+00
-3.262514264529544072e-01
1.556263181528878548e+00
-8.688248135724383481e-01
-6.341867961553083743e-01
1.343174607947280164e+00
-5.634845304426197021e-01
-9.650020369720390123e-01
1.558172050621769333e+00
-2.034660995729987709e-01
-1.258442756439662302e+00
1.272836277290401608e+00
3.488353856550384657e-01
-1.444432287825724082e+00
1.067356687002550819e+00
6.049279249095498301e-01
-1.413907050342473104e+00
6.406627433638617530e-01
8.131096701408417893e-01
-1.543597347950943277e+00
3.580319061853485807e-01
1.196600801441328077e+00
-1.379508148282832192e+00
4.832033438483985394e-02
1.470561145223130639e+00
-1.097368903606098733e+00
-4.430355647951919051e-01
1.328343004345014844e+00
-8.677440203635125027e-01
-7.603860546766776363e-01
1.592394237870910612e+00
-4.720143379915698323e-01
-1.047213468659251800e+00
1.251482099737825315e+00
-1.661727485028676454e-01
-1.230096621413016011e+00
1.430801303901761301e+00
1.986520537700918188e-01
-1.539095009862295971e+00
1.039812935730705767e+00
5.957787341179479057e-01
-1.466020947070102887e+00
6.940867179216830829e-01
9.457034426617436651e-01
-1.413954595006195358e+00
3.544481597514606563e-01
1.196295263267797004e+00
-1.390204485276143043e+00
-1.265606448960543938e-02
1.306649881773096711e+00
-1.219060900297123329e+00
-2.446786303931381967e-01
1.405316373188568502e+00
-1.030713145446111145e+00
-7.260903734550004929e-01
1.390926905299056937e+00
-4.016624867477263106e-01
-9.999162889153594413e-01
1.377664445212092970e+00
-1.947942510284869366e-01
-1.294886505809888622e+00
1.186982592852189766e+00
1.922948775514680686e-01
-1.350982762621578015e+00
9.415325313314039102e-01
5.767032768768552975e-01
-1.410734519363933570e+00
6.399101093844465904e-01
9.069911813014196467e-01
-1.543746819981572482e+00
4.994710608331246471e-01
1.238410983626545780e+00
-1.346426367241697619e+00
5.106016745181661542e-02
1.355551999524849505e+00
-1.193411518177010633e+00
-4.156845012837574460e-01
1.548148704753968596e+00
-9.510366982718725382e-01
-6.585170372156509133e-01
1.476395879449822424e+00
-5.796409668840455387e-01
-1.003855083735269993e+00
1.452244250061839548e+00
-4.499764824194409790e-02
-1.367197788303757822e+00
1.237122835587804115e+00
1.289306429558495504e-01
-1.384631643157000047e+00
1.074837856571226435e+00
6.713196252522279917e-01
-1.510541172915393471e+00
7.301861640701954315e-01
8.938443544224067283e-01
-1.458054777452515216e+00
3.856363812881379305e-01
1.199534670460359997e+00
-1.349643055233521460e+00
1.072028563226766068e-01
1.395520351952099558e+00
-1.027231105691233548e+00
-5.276530166991840742e-01
1.415812611799997400e+00
-7.789238378877534341e-01
-6.386046871865302954e-01
1.564568693881972283e+00
-6.048031229454178259e-01
-9.790672736984836755e-01
1.371644370412327563e+00
-3.316266655337152258e-01
-1.216900161210487274e+00
1.250630791393810393e+00
2.471655166159079930e-01
-1.521593098924055587e+00
1.116211059215378665e+00
6.050580502775617653e-01
-1.551075591286282584e+00
7.960923172558036498e-01
8.176167075723728139e-01
-1.433776196672034375e+00
3.169760043748278688e-01
1.280344938434938129e+00
-1.347490924506580035e+00
-5.154829640863591023e-02
1.324012548826027258e+00
-1.072362599638631897e+00
-3.002902462478258538e-01
1.440070102532196028e+00
-8.127289479058021904e-01
-7.129988289951055824e-01
1.495301531454155786e+00
-6.577504063071978324e-01
-9.700061091270399949e-01
1.432477825123159576e+00
-1.312004282058441551e-01
-1.295021509241523150e+00
1.160500225408552133e+00
2.000862823434640114e-01
-1.387223822054839406e+00
9.595753757018299357e-01
5.291129777089038644e-01
-1.481517697605830186e+00
6.801204080823639586e-01
8.512200800546745327e-01
-1.481564964483546243e+00
3.168170399530791381e-01
1.231597256453499378e+00
-1.350984355209081000e+00
-5.955955306974313607e-02
1.403403361890831480e+00
-1.188339909697607721e+00
-3.730647896433850197e-01
1.388294367063327872e+00
-9.064395488469272344e-01
-8.082774143789468457e-01
1.443098780003527537e+00
-4.630855046074577874e-01
-1.041116232131588104e+00
1.466725360027278047e+00
-4.961709524311214148e-02
-1.309265339540241602e+00
1.128081785970324713e+00
8.721439439820538597e-02
-1.419132597199127099e+00
9.667393826967090043e-01
5.081462133845160434e-01
-1.443914320573911780e+00
6.821480398090661312e-01
8.550047426339062451e-01
-1.402689812105970102e+00
4.818439970388144200e-01
1.063580398883856137e+00
-1.356310350388926889e+00
-1.693713340933604428e-02
1.508778173649464538e+00
-1.064043588625608106e+00
-3.012974972312698618e-01
1.614133405169889679e+00
-8.738644650578931694e-01
-6.912952574333126599e-01
1.421953626419207861e+00
-4.933027363775528418e-01
-1.082823524152146000e+00
1.343236009772960982e+00
-2.000529692507471147e-01
-1.200542561089164462e+00
1.171044566686675115e+00
2.199839879522937358e-01
-1.416831192791459415e+00
1.158621975584628316e+00
5.467097484718496103e-01
-1.440873817756380237e+00
7.769561200475098017e-01
8.323816511451067601e-01
-1.457857874575028578e+00
2.064284996347433010e-01
1.271335403864463753e+00
-1.171450401258272489e+00
6.281057953317410736e-02
1.295112998094460899e+00
-1.135399069958142659e+00
-4.216345883497052416e-01
1.438432733231419514e+00
-7.982696905888480021e-01
-7.077160338996706379e-01
1.508581880876719294e+00
-6.881159705802140092e-01
-1.090877492695005779e+00
1.519628808161491484e+00
-1.774396404526132065e-01
-1.338082741083455041e+00
1.240074778850891457e+00
-1.430924188577967215e-02
-1.445044459718016316e+00
1.021204305208637475e+00
5.343539159420569451e-01
-1.434717151759182130e+00
7.761996160752108187e-01
8.250959029182511895e-01
-1.510922127785981672e+00
4.219317437333825471e-01
1.186755733743557917e+00
-1.490548718543250217e+00
6.509362106461379083e-02
1.428993043846269462e+00
-1.126462317963323745e+00
-4.072501436752975490e-01
1.516832996950301826e+00
-8.989808222496975532e-01
-8.652052692640913589e-01
1.377425375895789283e+00
-5.856481770540730158e-01
-1.135276458071479366e+00
1.436888853349997275e+00
-3.162064754976088299e-01
-1.184127308684421731e+00
1.254029603010057281e+00
-1.980869557264333669e-02
-1.399635926089001003e+00
9.644611726978669086e-01
6.780691822539424152e-01
-1.455014005992737225e+00
7.088859357297024877e-01
8.742996076372149261e-01
-1.376981721630821776e+00
3.822607749183523085e-01
1.224947386088329981e+00
-1.439949511800766579e+00
-1.958376582171474437e-02
1.463851728946143460e+00
-1.226158111833162367e+00
-3.890840403728349495e-01
1.439206193796013888e+00
-1.058086371082321175e+00
-7.296706657478413405e-01
1.588174141027113961e+00
-4.459754222830263903e-01
-9.499633580294895019e-01
1.369060115810220246e+00
-1.964616154760714939e-01
-1.191744993253080809e+00
1.114789787588887471e+00
2.212214273065870596e-01
-1.393710961485696842e+00
1.080799506320453629e+00
4.057748489348403931e-01
-1.397326902266141868e+00
7.350736588431641128e-01
8.979502612623994073e-01
-1.536827560156926564e+00
3.717629536387954126e-01
1.253062383720859874e+00
-1.399993938470036614e+00
-8.682579426574492040e-03
1.335825240929457092e+00
-1.116137303750383225e+00
-4.628978192391737245e-01
1.543992900531847789e+00
-8.190617910128512591e-01
-7.560302289760760797e-01
1.392208004819779132e+00
-5.304485104189534672e-01
-1.073810229972044228e+00
1.400518783978920823e+00
-2.147951027452571771e-01
-1.218842245424291093e+00
1.183476787416111398e+00
2.697446061582634558e-01
-1.409438030699653233e+00
9.418676293958303525e-01
4.265823971864978192e-01
-1.442535347533945966e+00
7.905165348716354234e-01
7.329509826491761304e-01
-1.363623030715009676e+00
3.313003048493212144e-01
1.165726984111892905e+00
-1.391372951715418971e+00
-8.137933670996305713e-02
1.332557852534951737e+00
-1.237254224824334781e+00
-4.347529767489740626e-01
1.449749492931520445e+00
-8.962931688841582201e-01
-5.405732010551997924e-01
1.620460663322119022e+00
-5.100903001011254378e-01
-9.893918385824747030e-01
1.504014763479185834e+00
-1.991454299408213502e-01
-1.184623250040230724e+00
1.244502513087753837e+00
1.463332100349145348e-01
-1.465160209953624726e+00
9.935613383149917155e-01
6.842563978459021978e-01
-1.394780070863661070e+00
7.781404644465932385e-01
9.404275626210900629e-01
-1.438962926104298212e+00
3.300622800003729096e-01
1.164755655984928140e+00
-1.453971062407895865e+00
-6.643228415694540923e-02
1.307049108647677205e+00
-1.163157633454709572e+00
-3.369380440841722724e-01
1.421101243136947634e+00
-1.023798402046241174e+00
-8.549514777496550755e-01
1.406857639836383900e+00
-5.001094604581535208e-01
-9.946771834998695550e-01
1.531827725700519283e+00
-1.723285623617041296e-01
-1.244959243234168511e+00
1.231398163595913475e+00
2.421580618633524251e-01
-1.521796140082150250e+00
9.986844277836278705e-01
5.099578420835905179e-01
-1.507693939958431262e+00
7.371215107029427394e-01
8.778848480053613734e-01
-1.598071478608537710e+00
4.430341980448396777e-01
1.312644674767061481e+00
-1.341538852111973990e+00
-4.768652413322208711e-02
1.343952909151058694e+00
-1.125545649616785937e+00
-4.086395668606238596e-01
1.576455580371946441e+00
-8.703258196147281023e-01
-6.480395149336755090e-01
1.486365562420669972e+00
-4.505988731263869118e-01
-1.015050014839441017e+00
1.363944225417336176e+00
-1.706117691756321719e-01
-1.373881177709322721e+00
1.245419905518967196e+00
2.229664584783161985e-01
-1.538871245682482014e+00
1.102417802355719179e+00
5.537262930373747505e-01
-1.550892347781763325e+00
7.708978761142377678e-01
7.852578405307979459e-01
-1.292194193889734333e+00
3.927427701975977348e-01
1.232009907036060170e+00
-1.475276739169251616e+00
