# {'window': 109, 'n_steps': 3, 'q': 0.04891774102481239, 'contam': 0.9183973864972369, 'thres': 0.16254910522875612}
3.796905279159545898e-02
7.758599519729614258e-02
3.382827341556549072e-02
5.949583649635314941e-02
1.092439889907836914e-01
7.095158100128173828e-03
2.112856507301330566e-02
7.900446653366088867e-02
1.656678318977355957e-02
2.524137496948242188e-03
5.868679285049438477e-02
4.408892989158630371e-02
1.290985941886901855e-02
4.422408342361450195e-02
6.078824400901794434e-02
1.880154758691787720e-02
3.085058927536010742e-02
8.152019977569580078e-02
1.351582258939743042e-02
2.548223733901977539e-02
1.023764610290527344e-01
9.895488619804382324e-03
2.699309587478637695e-02
1.052761673927307129e-01
1.645840704441070557e-02
3.383436799049377441e-02
9.217375516891479492e-02
9.978711605072021484e-04
6.500583887100219727e-02
1.123604774475097656e-01
2.531412243843078613e-02
5.340549349784851074e-02
6.932222843170166016e-02
1.626062393188476562e-02
1.343183219432830811e-02
3.547251224517822266e-02
3.426763415336608887e-02
1.047913730144500732e-02
6.419640779495239258e-02
5.956503748893737793e-02
9.241064265370368958e-02
9.901517629623413086e-02
9.161758422851562500e-02
4.640873521566390991e-03
1.191812753677368164e-02
9.955239295959472656e-02
1.050457954406738281e-01
1.234579086303710938e-02
1.877682209014892578e-01
4.771368950605392456e-02
3.666263818740844727e-02
9.243214130401611328e-02
3.524258732795715332e-03
3.187137842178344727e-02
1.077799201011657715e-01
2.933108806610107422e-02
5.064767599105834961e-02
1.238865256309509277e-01
3.440251946449279785e-02
6.510369479656219482e-02
6.233400106430053711e-02
6.940701603889465332e-02
6.420060992240905762e-03
1.479524374008178711e-02
8.421465754508972168e-02
1.221038401126861572e-03
3.053367137908935547e-02
5.584317445755004883e-02
6.250571459531784058e-03
2.044028043746948242e-02
3.386818766593933105e-01
5.249931663274765015e-02
2.410995960235595703e-02
9.618371725082397461e-02
5.161365121603012085e-02
3.548094630241394043e-02
5.834549665451049805e-02
5.001407861709594727e-02
3.764143586158752441e-02
2.201385498046875000e-01
3.451235592365264893e-02
9.806849062442779541e-02
1.536136865615844727e-01
2.588728070259094238e-02
1.740928664803504944e-01
2.692234516143798828e-02
8.408570289611816406e-02
1.900695264339447021e-03
1.363587379455566406e-02
2.219796180725097656e-02
3.951262682676315308e-03
2.318680286407470703e-02
6.088721752166748047e-02
6.987818703055381775e-02
1.700007915496826172e-02
8.741188049316406250e-02
1.346340030431747437e-02
8.011829853057861328e-02
5.009090900421142578e-02
4.706684499979019165e-02
3.699117898941040039e-02
8.584672212600708008e-02
4.881635308265686035e-03
6.767952442169189453e-02
9.632289409637451172e-02
6.621205806732177734e-02
2.573887780308723450e-01
7.871150970458984375e-02
4.134783148765563965e-02
9.472541511058807373e-03
5.531787872314453125e-02
1.618212461471557617e-02
2.893216907978057861e-03
3.182321786880493164e-02
4.901474714279174805e-01
1.006927341222763062e-02
1.160562038421630859e-02
2.135330438613891602e-02
1.086320728063583374e-02
1.019902825355529785e-01
2.039968967437744141e-02
3.705323487520217896e-02
5.811256170272827148e-02
1.280199289321899414e-01
2.302958071231842041e-02
1.420223414897918701e-01
3.091454505920410156e-02
6.068329513072967529e-02
4.949158430099487305e-02
8.236193656921386719e-02
3.845024108886718750e-02
4.183134436607360840e-02
8.897441625595092773e-02
4.085814952850341797e-02
5.070486664772033691e-02
7.484978437423706055e-02
2.422341704368591309e-02
5.798347294330596924e-03
1.094419360160827637e-01
5.131083726882934570e-01
2.771894540637731552e-02
1.318093538284301758e-01
1.840770244598388672e-02
3.001565672457218170e-02
1.072353720664978027e-01
4.371076822280883789e-02
5.772378854453563690e-02
2.416479587554931641e-02
8.814889192581176758e-02
2.853903174400329590e-02
1.189241707324981689e-01
5.436968803405761719e-02
2.204090356826782227e-02
5.731832981109619141e-02
8.517193794250488281e-02
1.881834864616394043e-02
1.686722040176391602e-02
7.267838716506958008e-02
1.770454645156860352e-02
1.374706625938415527e-03
7.042855024337768555e-02
3.530624508857727051e-02
1.879644393920898438e-02
2.990108728408813477e-02
4.475489258766174316e-02
1.761872321367263794e-03
6.811547279357910156e-02
7.549738883972167969e-02
9.741038084030151367e-03
4.440045356750488281e-02
6.696921586990356445e-02
3.487193956971168518e-02
6.056636571884155273e-02
6.929457187652587891e-02
9.292437136173248291e-02
5.165940523147583008e-02
1.403061747550964355e-01
8.386388421058654785e-03
6.275302171707153320e-02
1.204054951667785645e-01
2.149760723114013672e-03
1.509338617324829102e-02
1.032127141952514648e-01
5.622804164886474609e-03
7.145509123802185059e-03
8.387106657028198242e-02
7.672488689422607422e-03
1.089397072792053223e-02
4.188382625579833984e-02
3.878962993621826172e-02
3.668606281280517578e-02
3.760147094726562500e-02
9.740120172500610352e-02
5.045272037386894226e-02
3.013670444488525391e-03
1.076408624649047852e-01
3.440465405583381653e-02
1.750904321670532227e-02
1.092674732208251953e-01
2.329750359058380127e-02
2.264320850372314453e-03
1.262229681015014648e-01
4.507557302713394165e-02
5.696079134941101074e-02
8.153748512268066406e-02
7.924705743789672852e-03
9.194064140319824219e-02
8.645534515380859375e-02
3.619730472564697266e-02
3.684008121490478516e-02
3.151959180831909180e-02
1.177459955215454102e-03
6.435722112655639648e-03
3.986585140228271484e-02
5.476978421211242676e-02
1.771060749888420105e-02
5.932062864303588867e-02
1.129331588745117188e-01
1.471482962369918823e-02
2.394866943359375000e-02
1.109510660171508789e-01
4.746779054403305054e-02
4.959774017333984375e-02
6.896311044692993164e-02
2.402842044830322266e-02
1.729765534400939941e-02
1.212356090545654297e-01
1.784815564751625061e-01
3.745228126645088196e-01
1.274370551109313965e-01
8.985221385955810547e-03
7.801204919815063477e-02
7.475292682647705078e-02
3.762212395668029785e-02
3.851254284381866455e-02
1.819944381713867188e-01
3.744953870773315430e-02
1.209680363535881042e-01
7.851660251617431641e-03
3.364527225494384766e-02
7.763037830591201782e-02
7.223004102706909180e-02
8.859461545944213867e-02
1.337995380163192749e-02
3.045195341110229492e-02
7.182848453521728516e-02
2.317114546895027161e-02
8.612912893295288086e-02
7.998377084732055664e-02
7.976789399981498718e-02
4.431131482124328613e-02
1.512080430984497070e-01
2.290802448987960815e-02
5.104523897171020508e-02
1.050781607627868652e-01
4.330545663833618164e-02
4.168179631233215332e-02
7.870900630950927734e-02
6.073236465454101562e-03
1.707620397210121155e-01
6.880736351013183594e-02
7.421028614044189453e-02
6.056574732065200806e-02
1.185778975486755371e-01
1.116877794265747070e-02
2.979837357997894287e-02
3.065419197082519531e-02
6.562358140945434570e-02
4.475936293601989746e-04
2.182722091674804688e-03
8.823150396347045898e-02
1.636125147342681885e-02
8.293515443801879883e-02
1.119730472564697266e-01
5.697962269186973572e-02
6.345808506011962891e-02
1.012134552001953125e-01
2.445125579833984375e-02
8.153221011161804199e-02
1.101095080375671387e-01
1.535195112228393555e-02
6.259292364120483398e-03
4.634493589401245117e-02
3.297013044357299805e-02
4.625096917152404785e-03
7.959127426147460938e-02
1.765593886375427246e-02
1.832343637943267822e-02
3.607636690139770508e-02
5.808562040328979492e-02
7.701337337493896484e-03
8.289217948913574219e-03
8.252596855163574219e-02
2.509270049631595612e-02
1.540946960449218750e-02
8.165830373764038086e-02
4.774512164294719696e-02
4.653584957122802734e-02
6.570947170257568359e-02
1.273009181022644043e-02
1.275897026062011719e-03
1.228054165840148926e-01
3.185208141803741455e-02
7.293626666069030762e-02
5.618989467620849609e-02
2.445858716964721680e-02
2.531033977866172791e-01
1.029149889945983887e-01
6.423860788345336914e-03
5.524247139692306519e-02
7.569813728332519531e-02
3.708234429359436035e-02
3.398665785789489746e-02
6.847280263900756836e-02
5.084832310676574707e-01
2.272463403642177582e-02
6.606084108352661133e-02
8.109521865844726562e-02
3.727059438824653625e-02
1.338505148887634277e-01
7.156616449356079102e-02
5.766742862761020660e-02
2.942097187042236328e-02
1.387094855308532715e-01
5.063036829233169556e-02
1.362474560737609863e-01
8.605766296386718750e-02
7.549867033958435059e-03
3.662472963333129883e-02
1.343600749969482422e-01
2.411153987050056458e-01
2.591508701443672180e-01
8.102178573608398438e-02
3.874834552407264709e-01
3.779077529907226562e-02
7.203143835067749023e-02
5.313605070114135742e-02
4.144156724214553833e-02
7.495194673538208008e-02
4.369646310806274414e-02
5.578174814581871033e-02
1.297654509544372559e-01
8.217692375183105469e-04
2.728288993239402771e-02
6.024718284606933594e-03
1.023579239845275879e-01
1.092232018709182739e-02
4.799753427505493164e-02
1.154159903526306152e-01
5.188541859388351440e-02
5.911841988563537598e-02
9.705007076263427734e-02
1.564970612525939941e-02
1.222988963127136230e-02
6.181603670120239258e-02
4.823413491249084473e-02
2.876715138554573059e-01
1.150656938552856445e-01
2.692341804504394531e-02
1.108765155076980591e-01
3.417772054672241211e-02
4.496300593018531799e-01
3.677321970462799072e-02
9.446370601654052734e-02
1.285549700260162354e-01
2.271339669823646545e-02
7.766473293304443359e-02
6.563377380371093750e-02
1.241154968738555908e-03
1.944309473037719727e-02
1.280146837234497070e-01
4.405831545591354370e-02
2.368944883346557617e-02
1.505391597747802734e-01
1.408674791455268860e-01
8.327561616897583008e-02
1.035326123237609863e-01
6.803818792104721069e-02
3.400227427482604980e-02
1.169196963310241699e-01
7.667124271392822266e-02
1.168763637542724609e-02
6.314522027969360352e-02
4.165276885032653809e-02
9.859278798103332520e-03
1.322389245033264160e-01
1.762488484382629395e-02
4.434533417224884033e-03
1.024016141891479492e-01
5.895453691482543945e-02
1.831582747399806976e-02
1.070494651794433594e-01
3.850668668746948242e-02
1.814646646380424500e-02
5.759990215301513672e-02
7.301515340805053711e-02
1.584754884243011475e-02
2.991974353790283203e-03
1.045412421226501465e-01
1.233405619859695435e-02
6.923687458038330078e-02
9.131389856338500977e-02
5.281482636928558350e-02
2.470386028289794922e-02
1.201960444450378418e-01
1.426464319229125977e-02
2.114686369895935059e-02
1.173327565193176270e-01
1.476213335990905762e-02
1.286473870277404785e-02
7.045340538024902344e-02
4.029009416699409485e-01
2.115614712238311768e-02
6.072938442230224609e-02
1.292906701564788818e-01
4.537210613489151001e-02
7.242959737777709961e-02
1.301981210708618164e-01
6.232800707221031189e-02
1.061147451400756836e-02
8.430606126785278320e-02
2.434649690985679626e-02
2.001142501831054688e-02
1.443139314651489258e-01
2.994014322757720947e-02
7.123023271560668945e-02
1.178784370422363281e-01
2.397163957357406616e-02
6.117373704910278320e-03
8.892089128494262695e-02
7.077124714851379395e-02
2.694427967071533203e-03
9.723085165023803711e-02
6.940606236457824707e-02
2.093456164002418518e-01
2.731943130493164062e-02
3.066292405128479004e-02
4.429539293050765991e-02
2.057454586029052734e-01
1.951754093170166016e-02
3.603369370102882385e-02
3.646457195281982422e-02
9.636169672012329102e-02
1.032359898090362549e-02
1.268953084945678711e-02
8.052009344100952148e-02
2.495934162288904190e-02
1.669222116470336914e-02
1.071569323539733887e-01
1.196305900812149048e-01
1.464074850082397461e-02
1.006349921226501465e-01
1.175993680953979492e-02
6.149804592132568359e-02
1.619746088981628418e-01
1.876977086067199707e-02
2.748367190361022949e-02
8.096325397491455078e-02
7.130891084671020508e-03
6.218835711479187012e-03
7.114589214324951172e-02
2.680331468582153320e-02
1.787906140089035034e-02
3.123128414154052734e-02
5.337521433830261230e-02
1.804175041615962982e-02
5.534040927886962891e-02
9.270668029785156250e-02
4.720112564973533154e-02
1.542735099792480469e-02
9.224629402160644531e-02
3.356576338410377502e-02
3.754144906997680664e-02
9.663456678390502930e-02
1.655177026987075806e-02
7.470709085464477539e-02
7.523107528686523438e-02
9.278804063796997070e-04
6.898665428161621094e-02
1.013448238372802734e-01
2.668929100036621094e-02
2.851381897926330566e-03
1.115976572036743164e-01
5.721420049667358398e-03
3.325571119785308838e-02
3.092616796493530273e-02
3.016385436058044434e-02
6.603126227855682373e-02
4.974448680877685547e-02
3.105112910270690918e-02
1.741420477628707886e-02
4.453164339065551758e-02
4.182494878768920898e-01
3.798551857471466064e-02
5.575311183929443359e-02
4.961407184600830078e-02
6.578895170241594315e-02
4.523330926895141602e-02
5.401235818862915039e-02
9.031586907804012299e-02
4.367393255233764648e-02
1.102030873298645020e-01
8.632242679595947266e-05
8.178126811981201172e-02
1.147985458374023438e-01
2.521763816475868225e-01
2.915644645690917969e-02
9.923630952835083008e-02
3.259840607643127441e-02
7.524639368057250977e-03
6.785756349563598633e-02
1.363739371299743652e-02
1.464735791087150574e-01
9.117370843887329102e-02
7.806766033172607422e-02
4.342319816350936890e-02
3.715175390243530273e-02
5.452334880828857422e-02
3.267211467027664185e-02
5.102676153182983398e-02
9.086495637893676758e-02
6.290512531995773315e-02
1.324594020843505859e-02
8.174318075180053711e-02
1.439030840992927551e-02
4.267516732215881348e-02
1.141724586486816406e-01
6.620060652494430542e-02
2.249181270599365234e-04
7.681661844253540039e-02
3.536760807037353516e-03
2.158731222152709961e-03
7.491612434387207031e-02
4.362300038337707520e-02
2.399311959743499756e-02
6.395179033279418945e-02
1.410633325576782227e-03
9.603813290596008301e-03
5.262595415115356445e-02
5.026715993881225586e-02
5.723775178194046021e-02
4.513931274414062500e-02
8.567017316818237305e-02
1.861549913883209229e-02
6.324589252471923828e-03
9.083008766174316406e-02
1.035997271537780762e-02
1.859778165817260742e-02
8.650243282318115234e-02
1.439281851053237915e-01
8.581942319869995117e-02
1.313753128051757812e-01
4.173845052719116211e-03
5.842465162277221680e-02
1.783562898635864258e-01
1.025778055191040039e-02
2.805837988853454590e-02
9.526556730270385742e-02
5.792766809463500977e-02
7.990881800651550293e-03
5.349993705749511719e-02
4.686549305915832520e-02
2.434188872575759888e-02
9.016364812850952148e-02
5.302250385284423828e-02
2.180680632591247559e-03
8.412516117095947266e-02
4.874759912490844727e-02
4.265309358015656471e-02
1.879155635833740234e-02
9.461474418640136719e-02
1.065861433744430542e-02
1.319169998168945312e-03
1.060942411422729492e-01
3.214184939861297607e-02
2.078706026077270508e-02
1.172370910644531250e-01
8.370688557624816895e-02
5.288201570510864258e-02
9.015870094299316406e-02
2.017253637313842773e-02
3.155225515365600586e-02
1.076979041099548340e-01
2.821451425552368164e-02
1.286698877811431885e-02
3.982609510421752930e-02
8.195430040359497070e-03
1.893442124128341675e-02
7.213062047958374023e-02
1.748445630073547363e-02
3.377575241029262543e-02
2.602434158325195312e-02
1.006169319152832031e-01
1.074731349945068359e-02
1.810806989669799805e-02
7.139754295349121094e-02
3.229180723428726196e-02
1.963376998901367188e-02
2.754635214805603027e-01
3.331630676984786987e-02
5.124598741531372070e-03
5.348342657089233398e-02
5.281820893287658691e-03
6.948500871658325195e-02
7.174772024154663086e-02
3.980131447315216064e-02
5.617588758468627930e-03
1.054088473320007324e-01
2.112674713134765625e-02
3.137677907943725586e-02
7.330936193466186523e-02
1.119762659072875977e-03
1.171797513961791992e-03
6.934094429016113281e-02
8.795395493507385254e-02
2.265755832195281982e-02
4.353749752044677734e-02
3.761595487594604492e-02
2.891727909445762634e-02
4.251235723495483398e-02
1.276260018348693848e-01
4.305155389010906219e-02
2.225959300994873047e-02
1.272155046463012695e-01
5.333460494875907898e-02
6.770440936088562012e-02
8.291530609130859375e-02
1.195788383483886719e-03
3.115010261535644531e-02
1.083387136459350586e-01
1.642465591430664062e-02
2.584537863731384277e-02
1.358481645584106445e-01
1.119276881217956543e-02
1.805249080061912537e-01
5.531364679336547852e-02
4.670780897140502930e-02
5.626889318227767944e-02
5.248749256134033203e-02
3.193157911300659180e-02
1.601681485772132874e-02
3.426647186279296875e-02
5.345904827117919922e-02
3.347855992615222931e-02
3.247095346450805664e-01
1.018624305725097656e-01
3.001188114285469055e-02
1.985293626785278320e-02
1.602944731712341309e-01
2.480389177799224854e-02
1.606607437133789062e-02
6.379741430282592773e-02
1.380470395088195801e-02
3.324382975697517395e-01
1.258381009101867676e-01
8.711516857147216797e-03
7.076400518417358398e-02
4.937809705734252930e-02
6.705003976821899414e-02
6.415501236915588379e-03
3.989356756210327148e-02
4.216253757476806641e-02
2.065436542034149170e-02
1.387804746627807617e-02
1.923954486846923828e-02
1.927815657109022141e-02
7.195430994033813477e-02
8.650064468383789062e-03
9.598080068826675415e-03
4.092317819595336914e-02
1.214826107025146484e-01
5.049102008342742920e-03
1.404355168342590332e-01
9.134995937347412109e-02
4.153897613286972046e-02
3.471803665161132812e-02
1.325907111167907715e-01
1.473484933376312256e-02
7.667770981788635254e-02
6.168150901794433594e-02
2.591732144355773926e-02
3.685501217842102051e-02
1.206631660461425781e-01
7.243224978446960449e-02
1.121218502521514893e-02
8.217215538024902344e-02
4.555135965347290039e-02
1.370020955801010132e-02
1.411245465278625488e-01
7.466012239456176758e-02
2.622014284133911133e-02
2.543008327484130859e-02
8.609086275100708008e-02
7.864703983068466187e-02
3.062123060226440430e-02
7.247269153594970703e-02
5.772046558558940887e-02
2.171742916107177734e-02
1.483708620071411133e-01
8.708480745553970337e-02
7.620626688003540039e-02
8.054661750793457031e-02
4.219416528940200806e-02
1.453900337219238281e-02
5.600988864898681641e-02
2.149002254009246826e-02
1.544979214668273926e-02
6.785905361175537109e-02
3.617510199546813965e-02
1.739016175270080566e-02
7.575124502182006836e-02
5.965563654899597168e-02
8.657343685626983643e-03
3.857171535491943359e-02
3.608027100563049316e-02
3.947053104639053345e-03
8.152616024017333984e-02
8.255141973495483398e-02
3.059149719774723053e-02
3.331059217453002930e-02
4.853051900863647461e-02
4.747877828776836395e-02
8.929294347763061523e-02
1.321938633918762207e-01
8.632224425673484802e-02
7.278728485107421875e-02
1.164748072624206543e-01
3.423545509576797485e-02
3.795279636979103088e-01
1.101895570755004883e-01
1.093430817127227783e-02
5.339653789997100830e-02
9.988266229629516602e-02
3.484565019607543945e-02
2.024140208959579468e-02
5.072611570358276367e-02
4.496997594833374023e-02
4.822090268135070801e-03
2.170419692993164062e-02
2.296102046966552734e-02
1.585329137742519379e-02
1.086180806159973145e-01
6.529861688613891602e-02
3.989484161138534546e-03
5.836993455886840820e-02
8.153164386749267578e-02
4.939484782516956329e-02
9.079569578170776367e-02
4.193639755249023438e-02
7.330418378114700317e-02
1.000007987022399902e-02
1.132728457450866699e-01
4.208841919898986816e-02
6.114420294761657715e-02
7.112944126129150391e-02
1.933570206165313721e-02
2.673017904162406921e-01
6.061053276062011719e-02
2.271088957786560059e-02
1.346682012081146240e-02
3.863704204559326172e-02
6.706684827804565430e-03
2.717936038970947266e-02
7.622653245925903320e-02
7.497179508209228516e-02
3.408674150705337524e-03
5.256491899490356445e-02
6.680101156234741211e-02
5.533908016514033079e-02
5.893957614898681641e-02
1.236421465873718262e-01
9.109762310981750488e-02
6.143122911453247070e-02
9.411984682083129883e-02
3.855337947607040405e-02
1.284494698047637939e-01
1.211491227149963379e-01
1.975355818867683411e-01
1.348608732223510742e-02
6.498986482620239258e-02
1.285837590694427490e-02
2.703011035919189453e-03
7.698416709899902344e-02
4.107862710952758789e-03
1.971646025776863098e-01
5.220961570739746094e-02
7.688182592391967773e-02
2.193606644868850708e-02
2.661782503128051758e-02
1.247996091842651367e-02
7.902149111032485962e-03
1.170166730880737305e-01
8.798396587371826172e-02
3.478035889565944672e-02
1.663416624069213867e-02
1.497465372085571289e-02
2.397406660020351410e-02
2.487325668334960938e-02
6.204295158386230469e-02
4.918709397315979004e-03
5.838364362716674805e-03
8.670824766159057617e-02
1.075679063796997070e-02
5.389678478240966797e-02
9.362071752548217773e-02
2.106800675392150879e-02
4.021775722503662109e-02
9.616112709045410156e-02
5.650323629379272461e-02
2.067114412784576416e-02
2.990090847015380859e-02
2.246683835983276367e-02
2.555324137210845947e-02
6.209695339202880859e-02
2.868127822875976562e-02
6.555769592523574829e-03
5.148077011108398438e-02
9.394812583923339844e-02
2.474103868007659912e-02
6.584459543228149414e-02
7.772487401962280273e-02
7.159210741519927979e-03
1.488268375396728516e-03
1.295608878135681152e-01
6.628060340881347656e-02
3.148427605628967285e-02
7.100480794906616211e-02
7.010796666145324707e-02
4.001289606094360352e-02
8.270478248596191406e-02
8.324056863784790039e-03
2.236115932464599609e-02
1.218843460083007812e-01
3.873011469841003418e-02
1.229846477508544922e-02
1.511275768280029297e-02
6.737074255943298340e-02
1.282578036189079285e-01
8.526277542114257812e-02
5.713692307472229004e-02
3.319685533642768860e-02
4.134702682495117188e-02
8.194410800933837891e-02
5.023628473281860352e-04
1.420772075653076172e-02
1.181384921073913574e-01
3.486130386590957642e-02
1.375150680541992188e-02
9.612500667572021484e-02
7.675588130950927734e-03
9.236934781074523926e-02
7.840996980667114258e-02
5.539655685424804688e-03
3.660852387547492981e-01
9.838831424713134766e-02
2.892349660396575928e-02
7.373574376106262207e-02
8.663350343704223633e-02
1.317504048347473145e-02
9.899406135082244873e-02
8.388382196426391602e-02
4.635557532310485840e-02
1.610442623496055603e-02
5.359095335006713867e-02
2.209788560867309570e-02
1.011163368821144104e-01
1.239650845527648926e-01
2.758449316024780273e-02
2.875585108995437622e-03
4.629474878311157227e-02
1.112217307090759277e-01
2.130737155675888062e-02
1.358750462532043457e-01
9.277695417404174805e-02
8.479117229580879211e-02
6.778576970100402832e-02
8.365923166275024414e-02
2.264870703220367432e-02
8.252987265586853027e-02
1.218760013580322266e-01
2.472025975584983826e-01
1.445429027080535889e-02
8.919835090637207031e-02
8.591759204864501953e-02
7.377998530864715576e-02
3.237247467041015625e-02
4.091475084424018860e-01
7.559388875961303711e-03
1.126164793968200684e-01
1.069262027740478516e-01
5.531603470444679260e-02
8.763074874877929688e-03
1.555806994438171387e-01
5.178742483258247375e-02
1.186704635620117188e-02
8.139479160308837891e-02
1.621554419398307800e-02
2.228641510009765625e-02
9.915649890899658203e-02
1.289555430412292480e-02
1.516938209533691406e-03
1.481139063835144043e-01
2.917388081550598145e-02
8.395582437515258789e-03
1.206249594688415527e-01
5.648657679557800293e-02
1.419302821159362793e-02
5.779361724853515625e-02
6.351193785667419434e-02
2.094284370541572571e-01
5.842107534408569336e-02
4.195420816540718079e-01
1.776900887489318848e-02
6.210190057754516602e-02
5.850747227668762207e-02
2.905672416090965271e-02
1.719111204147338867e-02
1.510966420173645020e-01
3.925803676247596741e-02
6.257116794586181641e-03
6.327801942825317383e-02
2.279489487409591675e-02
2.648979425430297852e-02
1.329826712608337402e-01
2.271379530429840088e-02
3.015279769897460938e-03
1.053853631019592285e-01
2.512201666831970215e-02
9.751296043395996094e-02
1.538029909133911133e-01
8.588066697120666504e-02
4.751369357109069824e-02
1.036011576652526855e-01
6.445515155792236328e-02
7.537290453910827637e-03
1.026520729064941406e-01
6.677615642547607422e-02
3.639794886112213135e-03
5.021429061889648438e-02
6.950861215591430664e-02
1.662116125226020813e-02
8.087444305419921875e-02
8.472776412963867188e-02
2.287600189447402954e-03
4.929548501968383789e-02
7.420933246612548828e-02
3.280308097600936890e-03
1.019585132598876953e-02
2.633846998214721680e-01
5.073577165603637695e-02
1.701211929321289062e-02
9.516632556915283203e-02
4.083278030157089233e-02
9.122544527053833008e-02
1.557837724685668945e-01
2.659241855144500732e-02
4.050253331661224365e-02
8.502495288848876953e-02
5.734565854072570801e-02
4.391627013683319092e-02
2.900815010070800781e-02
5.946928262710571289e-02
1.808409392833709717e-02
7.590174674987792969e-02
5.479928851127624512e-02
4.443862591870129108e-02
6.116098165512084961e-02
4.298329353332519531e-03
4.358259495347738266e-02
7.633423805236816406e-02
5.856198072433471680e-02
6.055414676666259766e-02
5.994677543640136719e-02
1.288340687751770020e-01
1.571430265903472900e-02
1.635327935218811035e-02
9.004861116409301758e-02
4.820342361927032471e-02
6.626188755035400391e-03
9.130758047103881836e-02
4.763904213905334473e-02
2.701980248093605042e-01
8.053767681121826172e-02
1.455810666084289551e-02
6.863839924335479736e-02
6.872981786727905273e-02
2.090719342231750488e-02
4.546478390693664551e-02
1.471865177154541016e-02
4.744017124176025391e-02
1.661461219191551208e-02
4.020649194717407227e-02
2.844166755676269531e-02
2.683294564485549927e-02
8.076006174087524414e-02
9.257519245147705078e-02
9.060822427272796631e-03
2.159851789474487305e-02
9.789526462554931641e-02
5.090526491403579712e-02
1.122750043869018555e-01
1.283661127090454102e-01
7.130862027406692505e-02
3.920003771781921387e-02
7.235980033874511719e-02
6.251871585845947266e-02
3.794136643409729004e-02
1.714028120040893555e-01
4.356226325035095215e-02
2.739027142524719238e-03
6.277805566787719727e-02
6.856721639633178711e-02
1.980012655258178711e-02
6.905245780944824219e-02
6.273189187049865723e-02
1.353526860475540161e-02
3.265452384948730469e-02
7.929819822311401367e-02
1.534810289740562439e-02
1.106476783752441406e-02
2.090626955032348633e-02
1.151236183941364288e-01
2.643960714340209961e-02
1.426948308944702148e-01
1.727300882339477539e-02
4.115420579910278320e-02
8.851468563079833984e-02
3.854309022426605225e-02
4.168501496315002441e-02
9.535151720046997070e-02
1.471334695816040039e-02
9.127825498580932617e-03
2.381449937820434570e-02
1.282832026481628418e-02
1.587852835655212402e-03
1.069673895835876465e-01
4.674267768859863281e-02
2.545849978923797607e-02
4.573488235473632812e-02
1.510962843894958496e-02
1.180343702435493469e-02
2.977097034454345703e-02
8.694136142730712891e-02
5.814940761774778366e-02
2.712094783782958984e-02
3.658115863800048828e-02
2.795446291565895081e-02
4.612571597099304199e-01
1.133837103843688965e-01
3.643236309289932251e-02
1.987671852111816406e-02
2.725323438644409180e-01
1.044268906116485596e-02
6.317463517189025879e-02
9.742665290832519531e-02
7.522106170654296875e-03
3.124074637889862061e-02
1.046692132949829102e-01
2.686699554324150085e-01
3.265792131423950195e-02
4.395329952239990234e-02
1.073540449142456055e-01
1.336729526519775391e-02
3.533560037612915039e-02
1.048730611801147461e-01
3.791552782058715820e-02
1.850825548171997070e-02
4.419855475425720215e-01
1.065682880580425262e-01
5.169004201889038086e-02
1.743119955062866211e-02
4.322405159473419189e-02
5.688917636871337891e-02
9.020274877548217773e-02
2.113353461027145386e-02
8.637070655822753906e-03
8.221018314361572266e-02
3.593683242797851562e-02
3.385722637176513672e-02
9.574407339096069336e-02
6.267726421356201172e-03
2.988468185067176819e-01
5.567920207977294922e-02
3.174992576241493225e-01
4.734332114458084106e-02
8.090418577194213867e-02
1.029497385025024414e-02
1.015033423900604248e-01
5.496418476104736328e-02
6.020361185073852539e-02
9.685508906841278076e-03
5.874943733215332031e-02
2.638888359069824219e-02
2.858351916074752808e-03
1.377087831497192383e-02
7.615989446640014648e-02
9.213793650269508362e-02
1.917380094528198242e-02
1.015136241912841797e-01
3.736026585102081299e-02
9.960615634918212891e-02
1.243868470191955566e-01
3.466285020112991333e-02
3.187635540962219238e-02
8.655154705047607422e-02
3.622528910636901855e-02
1.379762589931488037e-02
3.789198398590087891e-02
3.395741954445838928e-01
7.210329174995422363e-03
7.042372226715087891e-02
8.253508806228637695e-02
8.955597877502441406e-05
7.509082555770874023e-02
8.184343576431274414e-02
4.322953522205352783e-03
8.365994691848754883e-02
4.574412107467651367e-02
3.254710137844085693e-02
6.148159503936767578e-02
5.213725566864013672e-02
5.160127207636833191e-02
2.163702249526977539e-02
1.096877455711364746e-01
5.501166731119155884e-02
1.253920793533325195e-02
1.557562351226806641e-01
5.348306894302368164e-02
1.543563604354858398e-02
1.482192873954772949e-01
2.520914375782012939e-02
4.453757405281066895e-02
6.867766380310058594e-02
2.525717020034790039e-02
1.025363802909851074e-03
1.274818181991577148e-01
1.826444268226623535e-02
8.052140474319458008e-03
2.539211511611938477e-02
5.467513799667358398e-01
3.014452755451202393e-03
9.422498941421508789e-02
3.174448013305664062e-02
3.394759818911552429e-02
8.071517944335937500e-02
5.946558713912963867e-02
7.528767641633749008e-02
2.707237005233764648e-02
9.491735696792602539e-02
5.245055630803108215e-02
8.839428424835205078e-02
2.498417496681213379e-01
3.565719723701477051e-02
4.387369751930236816e-02
4.739308357238769531e-02
5.278748273849487305e-02
5.582088232040405273e-02
6.974780559539794922e-02
8.476069569587707520e-02
4.740013182163238525e-02
6.331104040145874023e-02
3.040796518325805664e-02
9.521335363388061523e-03
2.691519260406494141e-02
4.654514789581298828e-02
3.228782117366790771e-02
4.542368650436401367e-02
4.269832372665405273e-02
2.375210076570510864e-02
3.294461965560913086e-01
5.867618322372436523e-02
5.122742243111133575e-02
3.651976585388183594e-04
1.290083527565002441e-01
5.938608199357986450e-02
7.670879364013671875e-03
5.688446760177612305e-02
3.558835387229919434e-02
4.879087209701538086e-03
9.248054027557373047e-02
3.703594207763671875e-02
1.746103167533874512e-02
1.197019219398498535e-01
4.436880350112915039e-03
1.812951266765594482e-02
8.019614219665527344e-02
4.513075947761535645e-02
1.582008600234985352e-02
5.756795406341552734e-03
6.163120269775390625e-02
2.612107992172241211e-02
8.217835426330566406e-02
9.787648916244506836e-02
3.412597998976707458e-02
3.241680860519409180e-01
1.068797111511230469e-01
6.827958859503269196e-02
1.280218362808227539e-02
1.064145565032958984e-01
5.793591961264610291e-02
3.255528211593627930e-02
9.066408872604370117e-02
1.734370663762092590e-01
6.570324301719665527e-02
6.871408224105834961e-02
1.276350021362304688e-02
4.293620586395263672e-03
1.015708446502685547e-01
3.851872682571411133e-02
2.908530831336975098e-02
4.767233133316040039e-02
9.706476330757141113e-02
3.620024025440216064e-02
1.744335889816284180e-02
1.183371245861053467e-01
6.303489208221435547e-04
3.941988945007324219e-02
1.003232002258300781e-01
7.713548839092254639e-04
5.452573299407958984e-03
3.475649952888488770e-01
7.899012416601181030e-03
2.090531587600708008e-02
6.519585847854614258e-02
7.114329189062118530e-02
2.821651101112365723e-02
7.301867008209228516e-02
4.872560501098632812e-02
1.502385735511779785e-02
1.712936758995056152e-01
5.270555615425109863e-03
7.451774179935455322e-02
7.361310720443725586e-02
1.884359121322631836e-02
3.676781058311462402e-02
2.546030282974243164e-02
4.371556639671325684e-02
1.001713424921035767e-02
5.228304862976074219e-02
3.636121749877929688e-03
9.320281445980072021e-03
2.930516004562377930e-02
5.723196268081665039e-02
1.757734827697277069e-02
4.802608489990234375e-02
9.063839912414550781e-02
7.111996319144964218e-02
4.572358131408691406e-01
8.990579843521118164e-02
1.761855930089950562e-02
9.783238172531127930e-03
1.527881622314453125e-01
1.639634370803833008e-03
3.407225012779235840e-02
8.478814363479614258e-02
2.953934669494628906e-02
9.133413434028625488e-03
1.008178591728210449e-01
6.529152393341064453e-02
5.312025547027587891e-03
3.269320726394653320e-02
5.575922131538391113e-02
5.507022142410278320e-03
4.293817281723022461e-02
8.223301172256469727e-02
1.217183098196983337e-02
8.500397205352783203e-03
7.435876131057739258e-02
1.940730772912502289e-02
1.573741436004638672e-02
9.246343374252319336e-02
1.442377269268035889e-02
6.339877843856811523e-02
1.277955770492553711e-01
2.107414603233337402e-02
4.587659239768981934e-02
1.195586323738098145e-01
4.330915957689285278e-02
2.425283193588256836e-03
1.756696701049804688e-01
7.869452238082885742e-03
2.848702669143676758e-02
7.822799682617187500e-02
1.523357629776000977e-02
3.033474087715148926e-02
5.003160238265991211e-02
2.027198672294616699e-02
2.079816162586212158e-02
5.119997262954711914e-02
5.254188179969787598e-01
1.740943640470504761e-02
6.844645738601684570e-02
2.120018005371093750e-02
7.397290319204330444e-03
6.021887063980102539e-02
4.545241594314575195e-02
8.819565176963806152e-03
3.021895885467529297e-03
2.844467759132385254e-01
8.013084530830383301e-03
8.253341913223266602e-02
4.737412929534912109e-02
5.299443751573562622e-02
6.165513396263122559e-02
1.132572293281555176e-01
8.012294769287109375e-03
1.287305355072021484e-02
1.355400085449218750e-01
3.397378325462341309e-02
1.790240406990051270e-02
8.714407682418823242e-02
1.463669538497924805e-02
6.031987071037292480e-02
7.111263275146484375e-02
6.746131181716918945e-02
1.193204894661903381e-02
9.095138311386108398e-02
4.378563165664672852e-02
1.113933324813842773e-02
6.341046094894409180e-02
3.398401141166687012e-01
3.750531002879142761e-02
1.339066028594970703e-02
6.825214624404907227e-02
1.203706339001655579e-01
9.201502799987792969e-02
7.034939527511596680e-02
1.035645082592964172e-01
1.529252529144287109e-02
1.353747248649597168e-01
1.146447658538818359e-02
1.316258311271667480e-02
8.022540807723999023e-02
5.305171012878417969e-03
8.926495909690856934e-03
6.751394271850585938e-02
3.063237667083740234e-02
4.054335504770278931e-02
6.327933073043823242e-02
1.520860195159912109e-02
2.493698894977569580e-02
4.876691102981567383e-02
6.106102466583251953e-02
1.673392765223979950e-02
7.012379169464111328e-02
9.303927421569824219e-02
1.317590475082397461e-02
4.391896724700927734e-02
1.109476089477539062e-01
1.093476265668869019e-02
4.708969593048095703e-02
8.132272958755493164e-02
3.562330454587936401e-02
5.517315864562988281e-02
7.739663124084472656e-02
2.285341918468475342e-02
1.858574151992797852e-02
8.391040563583374023e-02
4.148003458976745605e-02
2.668157219886779785e-02
8.641624450683593750e-02
2.324515581130981445e-02
1.309766620397567749e-02
1.616650819778442383e-02
7.992413640022277832e-02
1.941498368978500366e-03
4.071372747421264648e-02
7.777887582778930664e-02
7.509335875511169434e-03
2.165734767913818359e-02
6.324416399002075195e-02
4.807970114052295685e-02
3.280007839202880859e-02
1.273792982101440430e-01
7.362695038318634033e-02
3.344368934631347656e-02
7.247072458267211914e-02
4.355862736701965332e-03
4.390531778335571289e-02
9.986591339111328125e-02
2.304095029830932617e-02
2.600729465484619141e-02
1.518830060958862305e-01
1.944434642791748047e-02
1.391869783401489258e-02
1.848214864730834961e-02
3.311774134635925293e-02
4.215292632579803467e-02
6.843870878219604492e-02
9.298354387283325195e-02
8.671266213059425354e-02
4.535394906997680664e-02
6.127107143402099609e-02
2.238081209361553192e-02
3.297466039657592773e-01
1.266435980796813965e-01
1.116466373205184937e-01
3.969526290893554688e-02
1.353310346603393555e-01
2.545901387929916382e-02
9.678065776824951172e-03
9.279268980026245117e-02
1.843575760722160339e-01
1.234644651412963867e-02
1.086798906326293945e-01
5.551841855049133301e-02
4.254657030105590820e-02
1.083568930625915527e-01
1.931366324424743652e-02
9.578526020050048828e-03
6.806141138076782227e-02
2.964043617248535156e-02
2.342831343412399292e-02
2.579867839813232422e-03
7.321745157241821289e-02
3.460634499788284302e-02
6.080734729766845703e-02
9.667527675628662109e-02
6.739240977913141251e-02
2.729827165603637695e-02
7.127207517623901367e-02
1.313265413045883179e-02
7.097262144088745117e-02
1.325369477272033691e-01
3.970234096050262451e-02
3.298854827880859375e-02
8.510780334472656250e-02
3.638285398483276367e-02
2.954831719398498535e-02
7.558858394622802734e-02
3.926664590835571289e-03
8.038148283958435059e-03
1.279369592666625977e-01
2.814495563507080078e-02
3.078877925872802734e-03
9.038281440734863281e-02
5.988603830337524414e-02
4.306793212890625000e-02
5.546343326568603516e-02
6.333297491073608398e-02
1.404432579874992371e-02
1.669555902481079102e-02
6.654244661331176758e-02
4.431534465402364731e-02
5.592530965805053711e-02
1.406750679016113281e-01
1.744516193866729736e-02
4.573589563369750977e-02
9.051835536956787109e-02
5.700886249542236328e-04
5.673470795154571533e-01
8.812069892883300781e-02
1.491428911685943604e-02
3.058561682701110840e-02
1.544971466064453125e-01
2.205385044217109680e-01
2.683371305465698242e-02
9.770303964614868164e-02
2.356049418449401855e-02
3.293670713901519775e-02
7.020831108093261719e-02
1.426262259483337402e-01
2.230200916528701782e-02
1.327133178710937500e-02
1.890093088150024414e-02
4.741458594799041748e-02
2.790528535842895508e-02
7.066339254379272461e-02
2.642010152339935303e-02
7.481765747070312500e-02
1.125766634941101074e-01
7.037640269845724106e-02
2.169185876846313477e-02
1.224136948585510254e-01
2.612229436635971069e-02
1.686483621597290039e-02
8.813172578811645508e-02
2.864025533199310303e-02
6.628900766372680664e-03
1.408588290214538574e-01
1.297490298748016357e-02
1.788432896137237549e-02
9.440898895263671875e-02
2.834102511405944824e-02
4.952535033226013184e-03
9.454250335693359375e-03
1.494187116622924805e-02
6.827317178249359131e-03
1.079828143119812012e-01
8.140787482261657715e-02
3.206593915820121765e-02
5.267995595932006836e-02
6.643390655517578125e-02
2.671972662210464478e-02
1.731079816818237305e-02
7.864725589752197266e-02
1.274115070700645447e-01
2.603542804718017578e-02
1.203349232673645020e-01
3.157655149698257446e-02
8.874735236167907715e-02
1.350071430206298828e-01
2.350494265556335449e-03
1.076877117156982422e-03
1.181364059448242188e-01
8.725553750991821289e-03
5.264954268932342529e-02
7.086664438247680664e-02
2.799868583679199219e-03
4.123418033123016357e-02
1.521335244178771973e-01
8.642199635505676270e-02
8.562140166759490967e-03
2.435737848281860352e-02
6.670844554901123047e-02
3.196409344673156738e-02
4.670888185501098633e-02
1.054000258445739746e-01
1.730888709425926208e-02
4.487496614456176758e-02
8.219957351684570312e-02
3.083884716033935547e-02
6.115555763244628906e-02
1.151221990585327148e-01
2.803068608045578003e-02
2.131703495979309082e-02
9.194064140319824219e-02
4.321843385696411133e-03
3.726628422737121582e-02
7.306802272796630859e-02
1.600453257560729980e-02
8.578556776046752930e-02
1.103262305259704590e-01
4.841753840446472168e-02
3.414943814277648926e-02
6.261724233627319336e-02
3.053623437881469727e-02
2.963314950466156006e-02
4.734808206558227539e-02
9.432914853096008301e-02
6.240997463464736938e-03
8.242690563201904297e-02
6.731903553009033203e-02
2.173671871423721313e-02
4.284858703613281250e-02
8.437734842300415039e-02
3.502842038869857788e-02
9.751260280609130859e-03
7.268470525741577148e-02
1.529575884342193604e-02
4.468980431556701660e-02
1.084446907043457031e-01
5.408693104982376099e-02
1.315027475357055664e-03
1.222389936447143555e-01
2.307195737957954407e-01
4.530116915702819824e-02
1.262139081954956055e-01
4.292121529579162598e-02
1.193630695343017578e-02
3.422528505325317383e-02
8.453240990638732910e-02
3.804802894592285156e-03
6.912404298782348633e-02
1.244604587554931641e-02
1.169571653008460999e-02
6.843030452728271484e-03
5.911880731582641602e-02
3.879798948764801025e-02
2.497732639312744141e-03
8.650463819503784180e-02
3.354167565703392029e-02
2.950495481491088867e-02
9.831458330154418945e-02
3.156678378582000732e-02
2.334553003311157227e-02
1.254540085792541504e-01
5.224868655204772949e-03
3.890734910964965820e-02
6.991207599639892578e-02
6.072834134101867676e-03
3.379884362220764160e-02
9.952479600906372070e-02
4.841691255569458008e-02
5.413472652435302734e-03
1.090264320373535156e-01
6.322497129440307617e-02
1.158439218997955322e-01
7.498246431350708008e-02
8.755135536193847656e-02
1.195393130183219910e-02
4.349708557128906250e-02
7.128214836120605469e-02
5.239351652562618256e-02
3.364777565002441406e-02
1.112956404685974121e-01
2.362306416034698486e-02
4.377996921539306641e-02
1.046969890594482422e-01
1.337657794356346130e-01
6.659984588623046875e-03
8.294910192489624023e-02
1.845656335353851318e-02
4.988810420036315918e-02
1.037842631340026855e-01
2.452782765030860901e-01
2.678531408309936523e-02
1.029073596000671387e-01
3.605592250823974609e-02
4.088386893272399902e-03
7.096809148788452148e-02
4.875636100769042969e-02
2.222007513046264648e-02
4.588699340820312500e-02
9.098386764526367188e-02
1.032548397779464722e-02
8.880501985549926758e-02
6.608164310455322266e-02
5.516909062862396240e-03
5.947637557983398438e-02
1.236675381660461426e-01
6.237611174583435059e-03
1.516026258468627930e-02
1.083511114120483398e-01
8.590959012508392334e-03
3.343766927719116211e-02
7.684236764907836914e-02
2.728857100009918213e-02
2.500239014625549316e-02
9.909456968307495117e-02
5.875349044799804688e-03
9.694397449493408203e-04
1.026579141616821289e-01
3.706604242324829102e-03
3.093817830085754395e-02
6.857061386108398438e-02
7.122921943664550781e-02
1.568351686000823975e-02
5.723285675048828125e-02
9.740492701530456543e-02
9.582420811057090759e-03
5.528724193572998047e-02
6.683814525604248047e-02
7.035899907350540161e-03
2.394807338714599609e-02
1.139726042747497559e-01
8.367247879505157471e-03
6.251710653305053711e-02
6.159073114395141602e-02
2.809774875640869141e-02
5.151954293251037598e-02
9.174615144729614258e-02
1.750834286212921143e-02
1.485392451286315918e-02
9.029310941696166992e-02
1.903970539569854736e-02
1.930776238441467285e-02
1.262789368629455566e-01
4.716205596923828125e-02
2.482113242149353027e-02
6.939905881881713867e-02
3.524720668792724609e-03
5.456718802452087402e-02
4.172807931900024414e-02
7.926681637763977051e-02
6.961494684219360352e-03
7.677727937698364258e-02
7.603675127029418945e-02
2.962806262075901031e-02
5.629819631576538086e-02
4.188615083694458008e-02
6.491936743259429932e-02
4.394412040710449219e-02
9.207391738891601562e-02
5.311794579029083252e-02
2.692896127700805664e-02
9.558743238449096680e-02
4.154597222805023193e-02
1.621264219284057617e-02
1.070049405097961426e-01
6.420940160751342773e-03
3.115794062614440918e-02
7.106393575668334961e-02
4.193994402885437012e-02
3.146219253540039062e-02
1.100361347198486328e-01
4.192690625786781311e-01
4.706536978483200073e-02
5.057674646377563477e-02
1.494654119014739990e-01
9.189695119857788086e-04
2.930378913879394531e-02
1.071390509605407715e-01
7.409986294806003571e-02
1.442408561706542969e-02
1.009700298309326172e-01
4.212139733135700226e-02
8.161783218383789062e-03
1.202144026756286621e-01
2.512644976377487183e-02
8.983045816421508789e-03
1.166926026344299316e-01
4.730135947465896606e-02
1.491859555244445801e-02
9.665578603744506836e-02
7.255429029464721680e-02
4.336005449295043945e-02
9.919303655624389648e-02
4.513224959373474121e-02
2.974480390548706055e-02
1.016511321067810059e-01
2.255579829216003418e-02
5.043514072895050049e-03
7.163578271865844727e-02
6.136900186538696289e-02
7.333530485630035400e-02
4.322928190231323242e-02
2.742785215377807617e-02
3.603727556765079498e-02
6.184780597686767578e-02
1.303299069404602051e-01
1.600616797804832458e-02
2.230960130691528320e-02
9.351986646652221680e-02
7.957488298416137695e-03
2.459943294525146484e-03
1.097066998481750488e-01
3.683383762836456299e-02
3.860518336296081543e-02
1.573724746704101562e-01
4.624265432357788086e-02
2.540128305554389954e-01
9.660303592681884766e-02
1.798266172409057617e-02
8.349004387855529785e-02
4.306507110595703125e-02
1.830419898033142090e-02
4.627005755901336670e-02
6.624263525009155273e-02
6.733092665672302246e-02
6.883094087243080139e-02
8.071285486221313477e-02
5.742704868316650391e-02
3.869461454451084137e-02
4.913508892059326172e-02
6.384301185607910156e-02
5.636647110804915428e-02
8.745551109313964844e-03
9.243917465209960938e-02
6.306191161274909973e-02
5.825090408325195312e-02
8.646142482757568359e-02
4.868093878030776978e-02
5.922594666481018066e-02
7.955867052078247070e-02
1.071804761886596680e-02
1.533652842044830322e-02
8.715146780014038086e-02
4.034969210624694824e-02
2.583326399326324463e-02
5.103212594985961914e-02
2.030289173126220703e-02
3.572642058134078979e-02
7.266998291015625000e-02
6.454643607139587402e-02
1.524922624230384827e-02
1.019883155822753906e-01
8.231532573699951172e-02
1.496361196041107178e-02
5.068111419677734375e-02
8.502882719039916992e-02
5.684643611311912537e-02
2.987343072891235352e-02
1.245772242546081543e-01
5.714521929621696472e-02
7.267850637435913086e-02
6.693834066390991211e-02
3.699806332588195801e-02
3.685706928372383118e-01
1.666195988655090332e-01
2.305621579289436340e-01
9.222978353500366211e-02
8.206409215927124023e-02
3.648195341229438782e-01
6.105865538120269775e-02
5.858391523361206055e-02
1.008186638355255127e-01
3.536470234394073486e-02
5.146425962448120117e-02
3.159683942794799805e-02
7.909579668194055557e-02
1.161434054374694824e-01
4.143959283828735352e-02
8.688494563102722168e-05
1.921600103378295898e-02
1.648801565170288086e-01
8.341921074315905571e-02
1.009752154350280762e-01
1.229883432388305664e-01
2.257857471704483032e-02
4.012325406074523926e-02
9.701156616210937500e-02
5.938986688852310181e-02
4.029138758778572083e-01
7.066178321838378906e-02
2.898558974266052246e-03
3.071190416812896729e-02
1.565842628479003906e-01
4.586616158485412598e-02
7.953898608684539795e-02
4.563850164413452148e-02
7.293918728828430176e-02
4.106512665748596191e-02
9.942060708999633789e-02
3.461235761642456055e-02
4.377035796642303467e-02
9.410238265991210938e-02
6.667739152908325195e-02
5.591262876987457275e-02
6.389510631561279297e-02
9.281796216964721680e-02
4.782231152057647705e-02
4.964232444763183594e-02
1.284168958663940430e-01
3.244953602552413940e-02
5.843675136566162109e-01
7.760941982269287109e-02
1.218923926353454590e-02
7.656484842300415039e-03
1.391654014587402344e-01
2.231453359127044678e-02
5.664519965648651123e-02
1.011397838592529297e-01
3.293806090950965881e-01
2.497577667236328125e-02
4.191082715988159180e-02
1.173350811004638672e-01
3.170495480298995972e-02
4.785364866256713867e-02
7.543677091598510742e-02
8.365302532911300659e-02
6.732100248336791992e-02
8.308410644531250000e-02
1.397881656885147095e-03
4.321908950805664062e-02
1.035581231117248535e-01
2.108868211507797241e-02
6.208419799804687500e-04
1.200895309448242188e-01
3.484088182449340820e-02
3.241813182830810547e-02
1.121211647987365723e-01
2.872710675001144409e-02
5.398043990135192871e-02
1.169458031654357910e-01
3.942301869392395020e-02
2.725824713706970215e-02
1.592310070991516113e-01
1.725986599922180176e-02
4.181876778602600098e-03
3.265911340713500977e-02
8.472502231597900391e-03
1.053661108016967773e-04
1.210431456565856934e-01
6.718465685844421387e-02
4.833690822124481201e-03
1.640248298645019531e-02
5.076068639755249023e-02
2.832883968949317932e-02
3.316044807434082031e-03
9.339457750320434570e-02
1.421278715133666992e-01
1.259583234786987305e-02
1.043558716773986816e-01
2.074155956506729126e-02
2.766990661621093750e-02
1.326878070831298828e-01
3.976599872112274170e-02
2.051812410354614258e-02
1.305236816406250000e-01
1.550282537937164307e-02
2.238130569458007812e-02
6.001222133636474609e-02
1.509964466094970703e-02
4.458573460578918457e-02
4.342716932296752930e-02
6.606590747833251953e-02
1.596125960350036621e-02
4.237109422683715820e-02
6.921565532684326172e-02
3.072201460599899292e-02
5.756360292434692383e-02
5.399972200393676758e-02
2.499403804540634155e-02
4.681897163391113281e-02
1.188389658927917480e-01
2.524648234248161316e-02
5.201548337936401367e-02
2.625769376754760742e-01
8.248036727309226990e-02
5.579066276550292969e-02
1.063498258590698242e-01
1.279148459434509277e-02
6.357020139694213867e-02
8.004486560821533203e-02
2.147634327411651611e-02
4.784326255321502686e-02
9.468871355056762695e-02
3.981590270996093750e-03
1.959714293479919434e-02
1.142917871475219727e-01
4.335483908653259277e-02
1.244123354554176331e-01
6.132978200912475586e-02
4.929354786872863770e-02
3.780744969844818115e-03
5.473428964614868164e-02
3.318858146667480469e-02
1.558673754334449768e-02
1.216638088226318359e-02
7.183372974395751953e-02
3.760729357600212097e-02
3.911215066909790039e-02
6.397432088851928711e-02
1.389190927147865295e-01
3.525584936141967773e-03
1.060712933540344238e-01
2.701653540134429932e-02
2.258497476577758789e-02
1.022701263427734375e-01
2.052962779998779297e-03
4.579564929008483887e-02
9.084945917129516602e-02
1.894170045852661133e-02
3.754027187824249268e-02
6.227684020996093750e-02
8.985003829002380371e-02
9.377151727676391602e-04
5.879175662994384766e-02
3.920537233352661133e-02
5.376696388702839613e-02
4.848110675811767578e-02
7.267844676971435547e-02
1.422366872429847717e-02
9.997010231018066406e-03
8.648389577865600586e-02
2.436835691332817078e-02
3.196835517883300781e-02
1.380466222763061523e-01
8.186846971511840820e-04
3.088137507438659668e-02
6.368619203567504883e-02
1.759387552738189697e-02
3.400874137878417969e-02
6.982135772705078125e-02
3.048682212829589844e-02
4.896964132785797119e-02
1.067272424697875977e-01
2.109333872795104980e-02
2.285227179527282715e-02
9.357577562332153320e-02
5.968376994132995605e-02
4.205115139484405518e-03
7.453858852386474609e-02
9.268477559089660645e-02
2.367530018091201782e-03
4.128885269165039062e-02
5.484551191329956055e-02
1.956076174974441528e-02
2.973973751068115234e-02
6.554007530212402344e-02
1.438020393252372742e-01
1.542705297470092773e-02
1.275181174278259277e-01
5.873794481158256531e-02
2.644276618957519531e-02
5.481612682342529297e-02
1.025632023811340332e-02
3.565460443496704102e-03
1.170386672019958496e-01
3.243234753608703613e-02
1.029834151268005371e-03
5.044829845428466797e-02
1.488000154495239258e-02
6.726592779159545898e-03
2.568900585174560547e-02
7.033297419548034668e-02
1.085649430751800537e-02
4.936408996582031250e-02
7.743316888809204102e-02
1.537222415208816528e-03
1.173967123031616211e-01
2.244675159454345703e-02
2.990146726369857788e-02
3.473609685897827148e-02
1.234964132308959961e-01
7.515923120081424713e-02
4.353941679000854492e-01
1.041132211685180664e-01
9.503647685050964355e-03
