# {'window': 136, 'n_steps': 2, 'q': 0.0020418258757563677, 'contam': 0.9907235840429512, 'thres': 0.6537963274470454}
3.353580832481384277e-02
3.946840763092041016e-03
3.483933210372924805e-02
2.693742513656616211e-03
8.141338825225830078e-03
2.177254855632781982e-02
4.303640127182006836e-02
4.557728767395019531e-03
2.156734466552734375e-02
6.852179765701293945e-03
4.287767410278320312e-02
2.274394035339355469e-03
4.946737736463546753e-02
4.564237594604492188e-02
1.406431198120117188e-03
1.988167315721511841e-02
4.736286401748657227e-02
4.208624362945556641e-03
3.053499385714530945e-02
1.861542463302612305e-02
1.618498563766479492e-02
5.431976541876792908e-02
1.035553216934204102e-02
3.799140453338623047e-03
4.953708499670028687e-02
1.276746392250061035e-02
6.734025478363037109e-02
4.151122272014617920e-02
2.902445197105407715e-02
9.567797183990478516e-03
1.959936320781707764e-02
5.356608331203460693e-02
7.237774133682250977e-02
4.490986466407775879e-02
3.681601583957672119e-02
1.694864034652709961e-02
4.633963108062744141e-02
2.657058835029602051e-02
6.820976734161376953e-02
4.250794649124145508e-02
2.689991518855094910e-02
5.368053913116455078e-02
5.722332000732421875e-02
1.455123722553253174e-02
1.138603687286376953e-02
4.216432571411132812e-03
7.232418656349182129e-02
1.944291591644287109e-02
1.589703559875488281e-02
3.678838908672332764e-02
5.478754639625549316e-02
4.977643489837646484e-03
8.287429809570312500e-04
1.807662844657897949e-02
6.166976690292358398e-02
1.471297442913055420e-02
5.145299434661865234e-02
3.491222858428955078e-02
1.017719507217407227e-02
1.811826229095458984e-02
2.185219526290893555e-02
2.547219395637512207e-02
1.460006833076477051e-02
1.144403219223022461e-02
8.082509040832519531e-03
2.920858561992645264e-03
5.056899785995483398e-02
1.046550273895263672e-02
2.033372595906257629e-02
1.228255033493041992e-02
1.229363679885864258e-02
4.119514673948287964e-02
1.170557737350463867e-02
2.320337295532226562e-02
3.126444667577743530e-02
6.612336635589599609e-02
1.892328262329101562e-03
7.609179615974426270e-02
2.326500415802001953e-02
1.671147346496582031e-02
5.116732418537139893e-02
1.457774639129638672e-02
4.843020439147949219e-02
1.399219036102294922e-04
2.569471299648284912e-02
2.975064516067504883e-02
3.547760844230651855e-02
1.754076778888702393e-02
2.072352170944213867e-02
1.904350519180297852e-02
7.209867238998413086e-03
9.564387798309326172e-02
2.289652824401855469e-02
4.716587811708450317e-02
4.058742523193359375e-02
8.170127868652343750e-03
2.555944770574569702e-02
2.243655920028686523e-02
3.623330593109130859e-02
4.281783103942871094e-02
4.876136779785156250e-03
4.524630308151245117e-02
5.569621920585632324e-02
7.749563455581665039e-02
7.464587688446044922e-03
1.362980902194976807e-02
1.522669196128845215e-02
8.590042591094970703e-03
1.001358032226562500e-03
2.006600797176361084e-02
4.101443290710449219e-02
1.910802721977233887e-02
8.909270167350769043e-03
3.242474794387817383e-02
1.190733909606933594e-02
7.527604699134826660e-03
1.589924097061157227e-02
2.954322099685668945e-02
2.946431934833526611e-02
2.009451389312744141e-02
2.687430381774902344e-02
5.579101666808128357e-02
4.713451862335205078e-02
3.992259502410888672e-03
3.998085856437683105e-02
3.665396571159362793e-02
1.649832725524902344e-02
7.636561989784240723e-03
5.603224039077758789e-02
5.590218305587768555e-02
2.815987169742584229e-02
3.923586010932922363e-02
6.170630455017089844e-02
1.148271560668945312e-02
2.598161995410919189e-02
5.516982078552246094e-02
6.434619426727294922e-03
4.882343113422393799e-03
2.278488874435424805e-02
4.618060588836669922e-02
1.800769567489624023e-02
1.976996660232543945e-02
1.394623517990112305e-02
3.338930383324623108e-02
2.978956699371337891e-02
2.736103534698486328e-02
7.348171994090080261e-02
5.250942707061767578e-02
1.288878917694091797e-02
4.020939022302627563e-02
3.122818470001220703e-02
5.665528774261474609e-02
6.331333518028259277e-02
1.132825016975402832e-02
1.097869873046875000e-02
2.042105793952941895e-02
1.697795093059539795e-02
3.257316350936889648e-02
3.456777334213256836e-02
1.109635829925537109e-02
4.500043392181396484e-02
4.314318299293518066e-02
3.244516998529434204e-02
2.977937459945678711e-02
1.745235919952392578e-02
8.174151927232742310e-02
4.987716674804687500e-02
3.594642877578735352e-02
3.192824497818946838e-02
2.059733867645263672e-02
2.137172222137451172e-02
7.917843759059906006e-03
2.662909030914306641e-02
2.452522516250610352e-02
4.639156162738800049e-02
1.966664195060729980e-02
2.610623836517333984e-02
7.103453576564788818e-02
6.761163473129272461e-03
1.106065511703491211e-02
2.356028556823730469e-02
2.637192606925964355e-02
2.681612968444824219e-03
3.795266151428222656e-03
4.155600070953369141e-02
5.186647176742553711e-02
2.966603636741638184e-02
7.440283894538879395e-03
3.751909732818603516e-02
2.971965074539184570e-02
2.217764407396316528e-02
6.053370237350463867e-02
2.097940444946289062e-02
3.676754049956798553e-02
8.317828178405761719e-04
2.969974279403686523e-02
5.365506932139396667e-02
3.271377086639404297e-02
9.304583072662353516e-03
3.900915384292602539e-03
1.309886574745178223e-02
1.846277713775634766e-02
6.898661702871322632e-02
7.178962230682373047e-03
1.208424568176269531e-02
4.522512853145599365e-02
2.592724561691284180e-02
2.794396877288818359e-02
6.227016448974609375e-03
2.309724688529968262e-02
2.487409114837646484e-02
2.815452218055725098e-02
4.253923147916793823e-02
2.823120355606079102e-02
2.258729934692382812e-02
2.661210298538208008e-02
5.827689170837402344e-02
2.351278066635131836e-02
6.801090785302221775e-02
1.367211341857910156e-02
4.377800226211547852e-02
6.829328089952468872e-02
5.405563116073608398e-02
2.329963445663452148e-02
1.094107329845428467e-02
7.516026496887207031e-03
8.130550384521484375e-03
2.433788776397705078e-02
6.190091371536254883e-03
1.787567138671875000e-02
2.430884540081024170e-02
6.361490488052368164e-02
3.716206550598144531e-02
5.589786171913146973e-02
4.518455266952514648e-02
3.563868999481201172e-02
3.369191288948059082e-02
9.897217154502868652e-03
5.669701099395751953e-02
6.932914257049560547e-02
5.908906459808349609e-03
7.937431335449218750e-03
5.783540010452270508e-02
4.109818860888481140e-02
2.117300033569335938e-02
1.673716306686401367e-02
1.035899342969059944e-01
2.388811111450195312e-02
2.798002958297729492e-02
4.546771198511123657e-02
6.950476765632629395e-02
1.617586612701416016e-02
5.132272839546203613e-03
2.877640724182128906e-02
2.916425466537475586e-02
9.323304891586303711e-02
2.845799922943115234e-02
2.313721179962158203e-02
1.731905341148376465e-02
6.550341844558715820e-02
3.670138120651245117e-02
3.529569506645202637e-02
3.930423408746719360e-02
5.007308721542358398e-02
3.028494119644165039e-02
5.345408245921134949e-02
6.652301549911499023e-02
1.790541410446166992e-02
3.741823881864547729e-02
3.912091255187988281e-02
6.581783294677734375e-03
1.959376782178878784e-02
4.029452800750732422e-03
1.158034801483154297e-02
5.409369617700576782e-02
2.400934696197509766e-03
2.842676639556884766e-02
7.735297083854675293e-03
2.844959497451782227e-02
3.021180629730224609e-02
1.354485750198364258e-02
7.447099685668945312e-02
4.493242502212524414e-02
7.441431283950805664e-03
4.375869035720825195e-02
4.826217889785766602e-02
3.492259979248046875e-02
4.204762727022171021e-02
3.347414731979370117e-02
7.542067766189575195e-02
5.475513264536857605e-02
4.024863243103027344e-02
4.964768886566162109e-02
3.791674971580505371e-03
1.728516817092895508e-02
1.818597316741943359e-02
8.305446617305278778e-02
5.197465419769287109e-03
4.021096229553222656e-02
3.392249345779418945e-04
4.763096570968627930e-03
3.598785400390625000e-02
4.142133891582489014e-02
5.941957235336303711e-03
4.466599225997924805e-02
3.832204639911651611e-02
5.053186416625976562e-02
4.915392398834228516e-02
8.795529603958129883e-03
2.334223687648773193e-02
3.498095273971557617e-02
1.231074333190917969e-02
1.292117685079574585e-02
8.882284164428710938e-02
2.147328853607177734e-02
3.696811571717262268e-02
4.509967565536499023e-02
6.918609142303466797e-03
2.275060489773750305e-02
1.119399070739746094e-02
6.021797657012939453e-03
3.051183372735977173e-02
9.884774684906005859e-03
7.206916809082031250e-03
2.314043045043945312e-02
1.326301693916320801e-02
2.996397018432617188e-02
3.837212920188903809e-03
4.537674784660339355e-02
7.305723428726196289e-02
1.315301656723022461e-02
4.805201292037963867e-02
6.427466869354248047e-02
1.454302668571472168e-02
6.427735090255737305e-03
7.763510942459106445e-02
4.861196875572204590e-02
5.358852446079254150e-02
1.986032724380493164e-02
4.492938518524169922e-03
1.619395613670349121e-02
8.239090442657470703e-03
5.213987827301025391e-02
4.292425513267517090e-02
5.720299482345581055e-02
1.261472702026367188e-03
3.049309551715850830e-02
5.583107471466064453e-02
3.613704442977905273e-02
4.659418016672134399e-02
2.535057067871093750e-02
1.556062698364257812e-02
8.546978235244750977e-03
2.292990684509277344e-03
1.276278495788574219e-02
4.739542305469512939e-02
2.300477027893066406e-02
1.330667734146118164e-02
2.513647079467773438e-03
2.880090475082397461e-02
7.678180932998657227e-02
3.351017832756042480e-02
8.027262985706329346e-03
5.020004510879516602e-02
6.119191646575927734e-03
1.504102349281311035e-02
4.349654912948608398e-02
4.215121269226074219e-03
1.869370043277740479e-02
2.922272682189941406e-02
6.046056747436523438e-02
3.625586628913879395e-03
2.619218826293945312e-02
1.742243766784667969e-04
3.135531395673751831e-02
7.394909858703613281e-03
2.648121118545532227e-02
4.742109775543212891e-02
2.443951368331909180e-02
1.452904939651489258e-02
1.319417357444763184e-02
1.437991857528686523e-02
5.252647399902343750e-02
3.565561771392822266e-02
4.308576881885528564e-02
3.645020723342895508e-02
7.431790232658386230e-02
5.507165938615798950e-02
1.197288036346435547e-01
2.104282379150390625e-03
1.723748445510864258e-02
6.399780511856079102e-02
1.573991775512695312e-02
4.387040436267852783e-02
2.667075395584106445e-02
1.072144508361816406e-02
3.214745596051216125e-02
8.009254932403564453e-03
7.029592990875244141e-03
6.635642796754837036e-02
1.683512330055236816e-02
4.083693027496337891e-02
2.205641567707061768e-02
1.679840683937072754e-02
3.880345821380615234e-02
4.792684316635131836e-02
1.214289665222167969e-02
5.679607391357421875e-03
3.832447528839111328e-02
4.449538886547088623e-02
2.288973331451416016e-02
5.513587594032287598e-02
4.289352893829345703e-02
1.302057504653930664e-02
1.795452833175659180e-02
2.052175253629684448e-02
6.966722011566162109e-02
2.856135368347167969e-02
4.187485016882419586e-02
2.465981245040893555e-02
3.834140300750732422e-02
7.909408211708068848e-02
2.894151210784912109e-02
3.078222274780273438e-03
3.897399455308914185e-02
1.279589533805847168e-02
1.311659812927246094e-02
8.265033364295959473e-03
4.273942112922668457e-02
1.302528381347656250e-02
3.070080280303955078e-02
4.358524084091186523e-02
4.877018928527832031e-02
2.918511629104614258e-03
5.819261074066162109e-03
5.268561840057373047e-02
2.296355366706848145e-02
3.155297040939331055e-02
8.382916450500488281e-02
2.349531650543212891e-02
1.719638705253601074e-03
4.397255182266235352e-02
1.608848571777343750e-03
3.346329182386398315e-02
3.308582305908203125e-02
9.084045886993408203e-03
5.056924372911453247e-02
4.335290193557739258e-02
8.127927780151367188e-03
4.213485866785049438e-02
5.443692207336425781e-03
3.815174102783203125e-03
2.065463364124298096e-02
1.251265406608581543e-02
3.530102968215942383e-02
2.635735273361206055e-02
1.426777243614196777e-02
7.177853584289550781e-02
3.708544373512268066e-02
4.892002046108245850e-02
3.443080186843872070e-02
1.481628417968750000e-02
4.380733519792556763e-02
3.704255819320678711e-02
4.473668336868286133e-02
1.826792955398559570e-02
4.363489151000976562e-02
2.024215459823608398e-02
2.118191123008728027e-02
1.200163364410400391e-02
7.062494754791259766e-03
2.846137434244155884e-02
8.342146873474121094e-03
2.483129501342773438e-02
3.769619017839431763e-02
5.038547515869140625e-02
1.643460988998413086e-02
5.865254253149032593e-02
1.723110675811767578e-03
3.463333845138549805e-02
4.014140367507934570e-02
2.152624726295471191e-02
7.575750350952148438e-03
1.560834050178527832e-02
6.948709487915039062e-04
3.994637727737426758e-02
1.252558827400207520e-02
1.856610178947448730e-02
4.100322723388671875e-02
4.205745458602905273e-02
1.747915893793106079e-02
2.589589357376098633e-02
3.286004066467285156e-04
4.356784746050834656e-02
3.359317779541015625e-03
1.910078525543212891e-02
4.822283238172531128e-02
6.219840049743652344e-02
4.484146833419799805e-02
2.670196443796157837e-02
1.838967204093933105e-02
1.661509275436401367e-02
5.889700353145599365e-02
2.088397741317749023e-03
2.057951688766479492e-02
1.057648658752441406e-02
3.832232952117919922e-02
8.649778366088867188e-02
3.878387808799743652e-02
4.439723491668701172e-02
2.062970399856567383e-02
7.874131202697753906e-03
3.940442204475402832e-02
4.873019456863403320e-02
1.938378810882568359e-02
2.473070472478866577e-02
6.412649154663085938e-02
4.321992397308349609e-03
9.474642574787139893e-03
2.666950225830078125e-03
3.075605630874633789e-02
5.121289938688278198e-02
1.854509115219116211e-02
3.414356708526611328e-02
2.622082829475402832e-02
7.063591480255126953e-02
2.906411886215209961e-02
3.507605195045471191e-02
1.764178276062011719e-03
6.052911281585693359e-03
1.279115676879882812e-04
8.882015943527221680e-03
5.135488510131835938e-02
4.105693101882934570e-02
4.129759967327117920e-02
2.065539360046386719e-02
3.944742679595947266e-02
4.201889038085937500e-03
6.382781267166137695e-02
2.186006307601928711e-02
2.393342554569244385e-03
3.032970428466796875e-02
1.510691642761230469e-02
1.485651731491088867e-02
1.051467657089233398e-02
4.589128494262695312e-02
6.111037358641624451e-02
1.514852046966552734e-02
2.308720350265502930e-02
5.780043452978134155e-02
9.197235107421875000e-03
2.300423383712768555e-02
1.516297459602355957e-02
3.450575470924377441e-02
2.659589052200317383e-02
9.974539279937744141e-04
4.108250141143798828e-04
3.176867961883544922e-03
2.952471375465393066e-02
1.567822694778442383e-02
6.128245592117309570e-02
3.034132719039916992e-02
4.248601198196411133e-02
2.566641569137573242e-02
1.762801408767700195e-02
6.072207540273666382e-02
1.137548685073852539e-02
1.446729898452758789e-02
9.643540903925895691e-02
3.861790895462036133e-02
2.689427137374877930e-02
3.770824149250984192e-02
2.900552749633789062e-02
1.790708303451538086e-02
8.038461208343505859e-03
2.250868082046508789e-02
8.661329746246337891e-03
1.052176952362060547e-02
4.026240110397338867e-02
2.280807495117187500e-02
6.964915990829467773e-02
3.522619605064392090e-02
4.258817434310913086e-02
4.862505197525024414e-02
1.677286624908447266e-02
3.680348396301269531e-03
2.523952722549438477e-02
1.402081549167633057e-02
5.229914188385009766e-02
1.792061328887939453e-02
3.977293893694877625e-02
1.515090465545654297e-03
1.646161079406738281e-03
7.183575257658958435e-02
5.640345811843872070e-02
9.515047073364257812e-03
3.987147286534309387e-02
3.846472501754760742e-02
2.557837963104248047e-02
3.581377118825912476e-02
4.358649253845214844e-02
5.101561546325683594e-04
5.696937441825866699e-03
1.945415139198303223e-02
2.139848470687866211e-02
7.552476227283477783e-02
3.102092444896697998e-02
2.781772613525390625e-02
3.163307905197143555e-02
1.680734753608703613e-02
3.195226192474365234e-02
3.499892354011535645e-02
2.606649696826934814e-02
3.005349636077880859e-02
4.262566566467285156e-03
5.364617332816123962e-02
6.934225559234619141e-03
5.127382278442382812e-02
7.504766806960105896e-02
3.987389802932739258e-02
6.437897682189941406e-04
2.389404922723770142e-02
4.767441749572753906e-02
2.576708793640136719e-03
1.248699426651000977e-02
4.599121212959289551e-02
2.711302042007446289e-02
5.930948257446289062e-02
3.688862919807434082e-02
3.337657451629638672e-02
1.585751771926879883e-03
4.712367057800292969e-02
2.490282058715820312e-02
2.458047866821289062e-02
7.213193178176879883e-02
2.664124965667724609e-02
3.657674789428710938e-02
1.225174963474273682e-02
6.859606504440307617e-02
2.401214838027954102e-02
5.672439932823181152e-03
1.860707998275756836e-02
6.391108036041259766e-03
4.053080826997756958e-02
2.218818664550781250e-02
6.479680538177490234e-03
4.337215051054954529e-02
6.409764289855957031e-03
3.481620550155639648e-02
3.374914824962615967e-02
2.310663461685180664e-02
9.171128273010253906e-03
3.047031164169311523e-02
3.533902764320373535e-02
1.325541734695434570e-02
1.598805189132690430e-03
4.291653633117675781e-02
3.727960586547851562e-02
2.180933952331542969e-02
1.576960086822509766e-03
4.569053649902343750e-02
2.548807859420776367e-02
1.049160957336425781e-02
5.734086036682128906e-02
9.610652923583984375e-03
5.244486033916473389e-03
5.473971366882324219e-02
2.789497375488281250e-05
3.488174080848693848e-02
9.994506835937500000e-03
4.623478651046752930e-02
4.531981423497200012e-02
1.668989658355712891e-02
8.323431015014648438e-03
6.864799559116363525e-02
5.040019750595092773e-03
4.420161247253417969e-03
5.232985317707061768e-02
3.817594051361083984e-02
6.913065910339355469e-03
4.966995120048522949e-02
6.830513477325439453e-03
2.614003419876098633e-02
1.058876514434814453e-02
1.689969003200531006e-02
4.379278421401977539e-02
3.582569956779479980e-02
2.885222434997558594e-03
8.348900079727172852e-02
2.028143405914306641e-02
1.639309525489807129e-02
1.461386680603027344e-03
3.423762321472167969e-02
8.682247530668973923e-02
2.935653924942016602e-02
8.348000049591064453e-02
3.369996696710586548e-02
2.478063106536865234e-02
3.757417201995849609e-03
1.946482062339782715e-02
2.669438719749450684e-02
6.100594997406005859e-02
8.881404995918273926e-03
2.667254209518432617e-02
2.810621261596679688e-02
5.209755897521972656e-02
4.818397760391235352e-02
3.910899162292480469e-03
2.552291750907897949e-02
1.023629307746887207e-02
4.210394620895385742e-02
4.858762025833129883e-03
2.375134825706481934e-02
3.329008817672729492e-02
2.362948656082153320e-02
3.983318805694580078e-03
3.255468606948852539e-02
5.164980888366699219e-03
4.627405479550361633e-02
1.000196933746337891e-01
1.120620965957641602e-02
1.919117942452430725e-02
2.480745315551757812e-04
4.359316825866699219e-02
7.313466072082519531e-02
3.174322843551635742e-02
7.104694843292236328e-03
1.113405823707580566e-02
9.164392948150634766e-03
1.340967416763305664e-02
5.967070162296295166e-02
7.125926017761230469e-02
6.605362892150878906e-02
7.733702659606933594e-03
2.755254507064819336e-02
2.224862575531005859e-02
9.588211774826049805e-03
2.506011724472045898e-02
4.094868898391723633e-02
4.879355430603027344e-03
3.114023059606552124e-02
5.812776088714599609e-02
1.697993278503417969e-02
2.830786630511283875e-02
3.059732913970947266e-02
2.590984106063842773e-02
2.179801464080810547e-03
3.820133209228515625e-02
2.261948585510253906e-02
2.971836924552917480e-02
1.715010404586791992e-02
4.165631532669067383e-02
7.517695426940917969e-03
4.711627960205078125e-02
2.464377880096435547e-02
8.762419223785400391e-03
4.173660278320312500e-02
3.252512216567993164e-02
1.415789127349853516e-02
1.762568950653076172e-02
4.839581251144409180e-02
1.852515339851379395e-02
2.294100821018218994e-03
4.326009750366210938e-02
2.717435359954833984e-03
2.784579992294311523e-04
6.680148839950561523e-02
3.633683919906616211e-02
2.487467974424362183e-02
8.852899074554443359e-03
3.232461214065551758e-02
7.364566624164581299e-02
1.921081542968750000e-02
3.393858671188354492e-02
3.798136860132217407e-02
1.670223474502563477e-02
6.542623043060302734e-03
2.315275371074676514e-02
6.455987691879272461e-03
4.518258571624755859e-02
3.251655399799346924e-02
5.640333890914916992e-02
9.968936443328857422e-03
6.562232971191406250e-03
2.374053001403808594e-04
5.310910940170288086e-02
1.925319433212280273e-02
1.842479407787322998e-02
1.539403200149536133e-02
3.360122442245483398e-02
6.170015037059783936e-02
2.569365501403808594e-02
1.488679647445678711e-02
2.143749594688415527e-02
1.417642831802368164e-02
3.207266330718994141e-02
9.110924974083900452e-02
7.803440093994140625e-03
1.388859748840332031e-02
7.924766093492507935e-02
1.195067167282104492e-02
2.238386869430541992e-02
7.079735398292541504e-03
2.487674355506896973e-02
2.802890539169311523e-02
3.910452127456665039e-03
3.308868408203125000e-02
3.249537944793701172e-02
4.347878694534301758e-02
1.623794436454772949e-02
3.378582000732421875e-02
1.652291417121887207e-02
2.709971368312835693e-02
4.198998212814331055e-02
1.608514785766601562e-02
2.883836627006530762e-02
5.126386880874633789e-02
4.350841045379638672e-03
4.562715999782085419e-02
3.500372171401977539e-02
5.191326141357421875e-03
3.531564027070999146e-02
5.359053611755371094e-04
1.489382982254028320e-02
4.072147607803344727e-02
4.853022098541259766e-02
1.054525375366210938e-02
1.099771261215209961e-02
4.798144102096557617e-02
4.678249359130859375e-03
7.438674569129943848e-03
9.974360466003417969e-03
4.503548145294189453e-02
3.669410943984985352e-03
1.844726502895355225e-02
6.901150941848754883e-02
4.283306002616882324e-02
1.389949023723602295e-02
5.802732706069946289e-02
9.272694587707519531e-04
5.567193031311035156e-02
6.925129890441894531e-02
5.425822734832763672e-02
1.860033720731735229e-02
2.141559123992919922e-02
5.055856704711914062e-02
5.190438777208328247e-02
1.477086544036865234e-02
3.190279006958007812e-03
3.676824271678924561e-03
7.995665073394775391e-03
6.088674068450927734e-03
3.284426033496856689e-02
1.534706354141235352e-02
2.398729324340820312e-02
3.419698774814605713e-02
5.421939492225646973e-02
7.672011852264404297e-03
1.695170998573303223e-02
2.625161409378051758e-02
5.669397115707397461e-02
1.568612456321716309e-02
8.134566247463226318e-03
8.131980895996093750e-03
4.742538928985595703e-02
1.166702983900904655e-01
7.865428924560546875e-04
3.531783819198608398e-02
4.238005727529525757e-02
4.266595840454101562e-02
1.329141855239868164e-02
8.911713957786560059e-03
5.406302213668823242e-02
4.384398460388183594e-02
8.874744176864624023e-03
8.261799812316894531e-04
1.316708326339721680e-02
1.882773637771606445e-02
9.197503328323364258e-03
1.897811889648437500e-04
3.467346727848052979e-02
1.771748065948486328e-03
3.350830078125000000e-02
3.632035851478576660e-02
2.609305083751678467e-02
2.916729450225830078e-02
1.481422781944274902e-02
9.401708841323852539e-03
6.561428308486938477e-02
2.188563346862792969e-02
1.748190447688102722e-02
2.688401937484741211e-02
4.674947261810302734e-02
3.129141777753829956e-02
5.594313144683837891e-03
8.600354194641113281e-03
2.554325759410858154e-02
4.104274511337280273e-02
5.366086959838867188e-03
2.768527716398239136e-02
4.215803742408752441e-02
7.106781005859375000e-03
3.927507996559143066e-02
1.489815115928649902e-02
6.776088476181030273e-02
1.251098513603210449e-02
4.566040635108947754e-02
6.516963243484497070e-02
6.988915801048278809e-02
4.019781947135925293e-02
1.305210590362548828e-02
1.108649373054504395e-02
2.347001433372497559e-02
4.410755634307861328e-02
8.729219436645507812e-03
2.669315040111541748e-02
7.022434473037719727e-02
1.012617349624633789e-02
2.848071418702602386e-02
3.476804494857788086e-02
1.008260250091552734e-02
4.988735169172286987e-02
4.282552003860473633e-02
2.168947458267211914e-02
4.430237412452697754e-02
3.721475601196289062e-03
1.140463352203369141e-02
6.970360875129699707e-03
8.711844682693481445e-03
1.839405298233032227e-02
2.507618069648742676e-02
8.788108825683593750e-04
5.542385578155517578e-02
3.284651041030883789e-02
2.924762666225433350e-02
1.036590933799743652e-01
2.408501505851745605e-02
5.908191204071044922e-03
5.528575181961059570e-02
3.762137889862060547e-02
3.094872832298278809e-02
4.763007164001464844e-03
3.507214784622192383e-02
2.816702425479888916e-02
1.168316602706909180e-02
1.021772623062133789e-02
8.184129185974597931e-02
2.309882640838623047e-02
9.365916252136230469e-03
4.543560743331909180e-02
4.686668515205383301e-02
3.508329391479492188e-03
5.249805003404617310e-02
1.731202006340026855e-02
1.360297203063964844e-03
2.053755521774291992e-02
1.167625188827514648e-02
4.368996620178222656e-02
1.487630605697631836e-02
2.282230556011199951e-02
5.575257539749145508e-02
3.507021069526672363e-02
2.923809736967086792e-02
3.003859519958496094e-02
4.002016782760620117e-02
1.437327265739440918e-02
1.329421997070312500e-02
1.593881845474243164e-02
3.939185291528701782e-02
3.217583894729614258e-02
1.101434230804443359e-03
2.260721474885940552e-02
9.186148643493652344e-03
1.536560058593750000e-02
4.796240478754043579e-02
2.328625321388244629e-02
3.091430664062500000e-02
6.160026788711547852e-02
2.122375369071960449e-02
5.739450454711914062e-03
4.640753567218780518e-02
2.543121576309204102e-03
2.693814039230346680e-02
6.145060062408447266e-02
2.703562378883361816e-03
4.112404584884643555e-02
9.252309799194335938e-03
1.546277850866317749e-02
5.445420742034912109e-03
1.236200332641601562e-04
6.202045455574989319e-02
6.836462020874023438e-02
2.357423305511474609e-03
4.192709922790527344e-03
3.247743844985961914e-02
7.604032754898071289e-02
1.109718531370162964e-02
4.245710372924804688e-02
2.916181087493896484e-02
2.012901008129119873e-03
4.532226920127868652e-02
6.948828697204589844e-03
7.272453606128692627e-02
2.173614501953125000e-02
1.698577404022216797e-02
4.615187644958496094e-03
1.661747694015502930e-02
5.785953998565673828e-02
2.325752377510070801e-02
4.371623694896697998e-02
5.430364608764648438e-02
3.849267959594726562e-03
3.205993771553039551e-02
4.512900114059448242e-02
5.251634120941162109e-02
2.898553013801574707e-02
4.939478635787963867e-02
1.258391141891479492e-02
6.618414074182510376e-03
2.482658624649047852e-02
3.501951694488525391e-03
6.590437889099121094e-02
1.404607295989990234e-02
3.776395320892333984e-02
5.296780169010162354e-02
1.905238628387451172e-02
2.189826965332031250e-02
4.281248152256011963e-02
8.115249872207641602e-02
1.321834325790405273e-02
5.067795515060424805e-03
3.143996000289916992e-02
3.554821014404296875e-04
2.488902211189270020e-02
2.292090654373168945e-02
4.617786407470703125e-02
1.510718464851379395e-02
1.841039955615997314e-02
6.541836261749267578e-02
3.840494155883789062e-02
1.136918365955352783e-02
3.428530693054199219e-02
1.078307628631591797e-02
3.396977856755256653e-02
1.239180564880371094e-04
4.268819093704223633e-02
7.277898117899894714e-02
3.360444307327270508e-02
6.804883480072021484e-03
3.250650316476821899e-02
6.271445751190185547e-02
2.660751342773437500e-03
1.565746963024139404e-02
1.075416803359985352e-02
6.977260112762451172e-03
4.280488193035125732e-02
1.274800300598144531e-02
4.625958204269409180e-02
9.588003158569335938e-03
5.639284849166870117e-03
5.487000942230224609e-02
1.655897498130798340e-02
2.426527440547943115e-03
7.924479246139526367e-02
3.342115879058837891e-02
7.475256919860839844e-03
1.870679855346679688e-02
2.557408809661865234e-02
4.791597276926040649e-02
2.079337835311889648e-02
7.617473602294921875e-03
3.331351280212402344e-02
2.105724811553955078e-02
4.874342679977416992e-02
3.806669265031814575e-02
3.443747758865356445e-03
4.981517791748046875e-03
8.173199743032455444e-02
4.138565063476562500e-02
3.793895244598388672e-03
8.145898580551147461e-03
2.262419462203979492e-02
5.542576313018798828e-02
2.642008662223815918e-02
4.508163034915924072e-02
5.115485191345214844e-02
2.761796116828918457e-02
1.415140926837921143e-03
5.441159009933471680e-02
9.078204631805419922e-03
2.275492995977401733e-02
3.542739152908325195e-02
7.311940193176269531e-03
8.994206786155700684e-03
3.225189447402954102e-02
2.038598060607910156e-02
4.361680895090103149e-02
6.762266159057617188e-03
3.309428691864013672e-03
5.757974833250045776e-02
1.385125517845153809e-02
1.990872621536254883e-02
3.483779728412628174e-02
1.401707530021667480e-02
1.314198970794677734e-02
2.364334464073181152e-02
3.682732582092285156e-03
7.800281047821044922e-03
5.826830863952636719e-03
2.368178963661193848e-02
4.929703474044799805e-02
6.668308377265930176e-02
1.235536485910415649e-02
2.752554416656494141e-02
3.893911838531494141e-03
3.017806634306907654e-02
5.986368656158447266e-02
9.353041648864746094e-03
2.856642380356788635e-02
1.961529254913330078e-03
1.638400554656982422e-02
2.938672900199890137e-02
2.506232261657714844e-02
1.602536439895629883e-02
4.293806105852127075e-02
1.026391983032226562e-03
2.907794713973999023e-02
6.093643605709075928e-02
1.647773385047912598e-02
4.684746265411376953e-03
5.273102223873138428e-02
4.989126324653625488e-02
1.439863443374633789e-02
4.709744453430175781e-02
1.068036258220672607e-02
7.257318496704101562e-02
6.823450326919555664e-03
2.685151994228363037e-03
5.467796325683593750e-02
4.408788681030273438e-02
1.474887132644653320e-02
1.870924234390258789e-02
2.814120054244995117e-02
1.990237459540367126e-02
2.050274610519409180e-02
6.034970283508300781e-04
5.996019020676612854e-02
3.154647350311279297e-02
2.806884050369262695e-02
5.829629302024841309e-02
8.300900459289550781e-03
2.644747495651245117e-02
9.330660104751586914e-03
9.440362453460693359e-03
2.334624528884887695e-02
1.765041053295135498e-02
2.652251720428466797e-02
2.875512838363647461e-02
4.264661669731140137e-02
3.310652077198028564e-02
1.410686969757080078e-02
4.938811063766479492e-03
1.821362227201461792e-02
3.202354907989501953e-02
2.206611633300781250e-02
1.377132534980773926e-02
2.613419294357299805e-02
7.752358913421630859e-03
5.092226713895797729e-02
3.528410196304321289e-02
2.692133188247680664e-02
2.861844003200531006e-02
8.723497390747070312e-03
3.393721580505371094e-02
5.835084617137908936e-02
4.403841495513916016e-02
4.252845048904418945e-02
8.519485592842102051e-03
2.283355593681335449e-02
6.610065698623657227e-02
6.817384064197540283e-02
3.122830390930175781e-02
1.094996929168701172e-03
2.565383911132812500e-03
3.282247483730316162e-02
2.369242906570434570e-02
2.450576424598693848e-02
2.449876070022583008e-02
5.129867792129516602e-02
1.852524280548095703e-02
7.958702929317951202e-02
4.407405853271484375e-02
3.392571210861206055e-02
2.896130830049514771e-02
1.043289899826049805e-02
3.180563449859619141e-02
2.444016933441162109e-02
3.628849983215332031e-02
1.707005500793457031e-02
6.481640785932540894e-02
1.863771677017211914e-02
3.006434440612792969e-02
6.621274352073669434e-02
2.296897768974304199e-02
1.828241348266601562e-02
1.390352845191955566e-03
3.062814474105834961e-03
3.436100482940673828e-02
1.375013589859008789e-02
2.269223332405090332e-02
6.747055053710937500e-02
1.980239152908325195e-02
1.452557742595672607e-03
8.946967124938964844e-02
1.166975498199462891e-02
6.203792989253997803e-03
9.458363056182861328e-03
7.436752319335937500e-03
7.782431691884994507e-02
2.963078022003173828e-02
9.523034095764160156e-03
1.790300756692886353e-02
1.561689376831054688e-02
4.604935646057128906e-02
2.782917767763137817e-02
5.186074972152709961e-02
2.425205707550048828e-02
3.068000078201293945e-04
1.295483112335205078e-02
8.674502372741699219e-03
1.484018564224243164e-02
7.678955793380737305e-02
7.820487022399902344e-02
9.602963924407958984e-03
2.129377424716949463e-02
2.147257328033447266e-03
1.541227102279663086e-03
3.953339159488677979e-02
9.294342994689941406e-02
2.250069379806518555e-02
3.141115978360176086e-02
5.373734235763549805e-02
6.042897701263427734e-03
6.306901574134826660e-03
2.172929048538208008e-02
1.864266395568847656e-02
5.858579650521278381e-02
8.065700531005859375e-03
1.956588029861450195e-02
5.854785442352294922e-02
6.211036443710327148e-02
2.102643251419067383e-02
5.806183815002441406e-02
2.724888920783996582e-02
5.744165182113647461e-02
1.243603229522705078e-02
3.348481655120849609e-02
3.056049346923828125e-02
2.006036043167114258e-02
4.142713546752929688e-02
3.112322092056274414e-02
1.840561628341674805e-03
2.461865544319152832e-03
4.489654302597045898e-02
2.011185884475708008e-02
7.813721895217895508e-04
2.989882230758666992e-02
5.162477493286132812e-03
5.872929655015468597e-02
2.892786264419555664e-02
2.331906557083129883e-02
3.581237792968750000e-02
2.222597599029541016e-03
5.762279033660888672e-03
8.010695502161979675e-02
2.671241760253906250e-02
3.114551305770874023e-02
1.644204556941986084e-02
4.448607563972473145e-02
5.022060871124267578e-02
1.247058808803558350e-02
2.318936586380004883e-02
4.084336757659912109e-02
3.181767463684082031e-02
3.242056071758270264e-02
5.688261985778808594e-02
2.619057893753051758e-02
8.770272135734558105e-03
4.302024841308593750e-03
3.124636411666870117e-02
2.579151093959808350e-02
4.516363143920898438e-02
3.070843219757080078e-02
1.605898514389991760e-02
4.525506496429443359e-02
1.362311840057373047e-02
3.809248656034469604e-02
2.886903285980224609e-02
5.952239036560058594e-03
4.742722213268280029e-02
1.333230733871459961e-02
4.511505365371704102e-02
1.258626580238342285e-02
3.258836269378662109e-02
3.226983547210693359e-02
1.578064262866973877e-02
6.121328473091125488e-02
1.128762960433959961e-02
2.228012681007385254e-02
2.773864567279815674e-02
5.568778514862060547e-02
5.279743671417236328e-02
3.395521640777587891e-02
3.179407119750976562e-02
4.535710811614990234e-02
3.530201688408851624e-02
1.045137643814086914e-02
7.685428857803344727e-02
3.917618095874786377e-02
2.978146076202392578e-03
6.758570671081542969e-02
4.914659261703491211e-02
1.089879274368286133e-01
7.057982683181762695e-02
1.271323859691619873e-02
1.543238759040832520e-02
3.578251600265502930e-02
5.362659692764282227e-03
4.244983196258544922e-03
5.175143480300903320e-02
9.193688631057739258e-03
5.682933330535888672e-02
2.470254898071289062e-03
1.319274306297302246e-02
2.264483273029327393e-02
5.119228363037109375e-02
2.266129851341247559e-02
4.433287680149078369e-02
3.749835491180419922e-02
3.766638040542602539e-02
2.690659463405609131e-02
4.255801439285278320e-02
8.375167846679687500e-03
9.609930217266082764e-03
1.132208108901977539e-02
9.342610836029052734e-03
9.027589298784732819e-02
2.224624156951904297e-02
1.031935214996337891e-03
4.384474456310272217e-02
6.508827209472656250e-05
9.518206119537353516e-03
6.127040088176727295e-02
9.899348020553588867e-03
2.973330020904541016e-02
6.523162126541137695e-03
4.452604055404663086e-02
3.301161527633666992e-02
1.963895559310913086e-02
2.781647443771362305e-02
2.104252576828002930e-02
1.740628480911254883e-02
4.876074939966201782e-02
2.169686555862426758e-02
3.202813863754272461e-02
5.943864211440086365e-02
1.319640874862670898e-02
5.283528566360473633e-02
6.576221622526645660e-02
1.108360290527343750e-02
7.156956195831298828e-02
5.443160608410835266e-02
5.343735218048095703e-03
3.973340988159179688e-02
5.395952612161636353e-02
3.316044807434082031e-03
1.710861921310424805e-02
2.301096916198730469e-02
1.738432049751281738e-02
1.734918355941772461e-02
4.166588187217712402e-03
6.405144929885864258e-03
4.456889629364013672e-02
2.923318743705749512e-02
8.933417499065399170e-02
7.488036155700683594e-02
4.621982574462890625e-03
2.562306821346282959e-02
4.343724250793457031e-02
3.908634185791015625e-03
3.825081512331962585e-02
4.068648815155029297e-02
2.411985397338867188e-02
1.518806070089340210e-02
3.348100185394287109e-02
4.687565565109252930e-02
4.902254045009613037e-02
1.037806272506713867e-02
3.835260868072509766e-03
4.842884838581085205e-02
4.976025223731994629e-02
6.024789810180664062e-02
2.379705011844635010e-02
1.130163669586181641e-03
3.183555603027343750e-02
3.587807714939117432e-02
2.658340334892272949e-02
2.698355913162231445e-02
1.527041196823120117e-03
3.758370876312255859e-03
5.724674463272094727e-02
7.632970809936523438e-03
8.955448865890502930e-04
3.372031450271606445e-02
5.122959613800048828e-03
6.169585883617401123e-02
5.593472719192504883e-02
5.522972345352172852e-02
3.285773098468780518e-03
2.321714162826538086e-02
3.917264938354492188e-02
4.965028539299964905e-02
5.257964134216308594e-02
2.257150411605834961e-02
3.831718862056732178e-02
2.839267253875732422e-03
2.284115552902221680e-02
3.361001610755920410e-03
3.190711140632629395e-02
6.572788953781127930e-02
3.289610147476196289e-02
3.139059245586395264e-02
1.392096281051635742e-02
2.213698625564575195e-02
3.469106554985046387e-02
4.081726074218750000e-03
4.444701969623565674e-01
6.214524358510971069e-01
3.606312125921249390e-01
1.676561310887336731e-01
2.665028423070907593e-01
7.873431593179702759e-01
6.140589416027069092e-01
5.380333662033081055e-01
5.980073660612106323e-01
4.563784450292587280e-01
4.962483495473861694e-01
6.112149953842163086e-01
6.100165396928787231e-01
4.706614017486572266e-01
1.628810167312622070e-01
2.159787416458129883e-01
4.674993455410003662e-01
5.770972669124603271e-01
5.152704715728759766e-01
6.618048697710037231e-01
5.467205643653869629e-01
3.059245347976684570e-01
4.802665412425994873e-01
4.989829361438751221e-01
3.238289952278137207e-01
5.771400928497314453e-01
3.472355306148529053e-01
2.300523966550827026e-01
3.380448594689369202e-01
4.593236595392227173e-01
6.875305920839309692e-01
5.851890146732330322e-01
5.918143391609191895e-01
5.619348734617233276e-01
4.317607730627059937e-01
5.532181710004806519e-01
5.436077713966369629e-01
4.886096268892288208e-01
5.049538612365722656e-01
1.402764320373535156e-01
2.034530043601989746e-01
4.222812652587890625e-01
5.826573073863983154e-01
5.404934883117675781e-01
6.452047824859619141e-01
5.549625158309936523e-01
3.156802058219909668e-01
4.494241774082183838e-01
5.072256922721862793e-01
3.190430402755737305e-01
5.026091039180755615e-01
3.166370093822479248e-01
1.802184134721755981e-01
3.568532541394233704e-01
4.626463800668716431e-01
5.970050245523452759e-01
6.161834895610809326e-01
6.005278229713439941e-01
5.032363981008529663e-01
4.218215197324752808e-01
5.572024434804916382e-01
5.021500587463378906e-01
4.950910359621047974e-01
5.072512626647949219e-01
1.252802610397338867e-01
1.883404850959777832e-01
3.767585456371307373e-01
5.461201667785644531e-01
5.753852128982543945e-01
6.468891501426696777e-01
5.702508389949798584e-01
3.663325607776641846e-01
4.376797974109649658e-01
4.894331991672515869e-01
3.927862644195556641e-01
4.961112141609191895e-01
3.277571499347686768e-01
1.366354078054428101e-01
3.589431419968605042e-01
4.652781039476394653e-01
5.912218838930130005e-01
6.238971650600433350e-01
6.331115961074829102e-01
5.055879205465316772e-01
4.218215197324752808e-01
5.617834180593490601e-01
4.990432262420654297e-01
5.077316910028457642e-01
5.220645070075988770e-01
1.360611915588378906e-01
2.009390592575073242e-01
3.642451167106628418e-01
5.684613287448883057e-01
5.915711820125579834e-01
6.458026170730590820e-01
5.681672096252441406e-01
3.688330650329589844e-01
4.330969154834747314e-01
4.743909537792205811e-01
3.911588788032531738e-01
6.995981931686401367e-02
3.604687526822090149e-01
2.423799037933349609e-01
2.090494036674499512e-01
2.292868867516517639e-01
1.669284701347351074e-01
4.738891124725341797e-02
9.088464081287384033e-02
9.673321247100830078e-02
5.181586742401123047e-02
1.043329015374183655e-01
1.226544976234436035e-01
6.222021579742431641e-02
8.383950591087341309e-02
7.133829593658447266e-02
2.250850200653076172e-03
1.155791729688644409e-01
4.498952627182006836e-02
4.977768659591674805e-02
3.436988592147827148e-02
8.357673883438110352e-03
1.357359886169433594e-01
8.004957437515258789e-02
2.315250039100646973e-02
6.412053108215332031e-02
1.409949660301208496e-01
3.219959139823913574e-02
1.336639523506164551e-01
6.378316879272460938e-02
2.807098627090454102e-02
1.342942714691162109e-01
4.792779684066772461e-02
1.028885897248983383e-01
9.989249706268310547e-02
1.053285598754882812e-02
6.908350437879562378e-02
8.652585744857788086e-02
1.050466299057006836e-02
4.333730787038803101e-02
5.621761083602905273e-03
9.385824203491210938e-03
1.038116514682769775e-01
1.247072219848632812e-02
4.222834110260009766e-02
2.646711468696594238e-02
1.388490200042724609e-02
7.776212692260742188e-02
5.364400148391723633e-02
7.239326834678649902e-03
1.026293039321899414e-01
1.717951893806457520e-02
5.675852298736572266e-03
7.964098453521728516e-02
1.794606447219848633e-02
8.737208321690559387e-02
7.622981071472167969e-02
4.270833730697631836e-02
6.140775233507156372e-02
3.234362602233886719e-02
5.359542369842529297e-02
6.615504622459411621e-02
7.029455900192260742e-02
7.369101047515869141e-03
1.188431531190872192e-01
2.007442712783813477e-02
2.706909179687500000e-02
1.582980155944824219e-03
7.338255643844604492e-03
1.970940828323364258e-02
1.277793943881988525e-02
4.679149389266967773e-02
4.439115524291992188e-02
7.788646221160888672e-02
1.442477107048034668e-03
4.302459955215454102e-02
2.915811538696289062e-02
8.225604891777038574e-03
1.038867235183715820e-01
2.785885334014892578e-02
1.138681173324584961e-02
9.779024124145507812e-02
1.701068878173828125e-02
9.875863790512084961e-03
1.141190528869628906e-03
4.271984100341796875e-03
5.386004969477653503e-02
1.441317796707153320e-02
1.065498590469360352e-02
9.746327996253967285e-03
3.186398744583129883e-02
1.662445068359375000e-02
3.930041193962097168e-02
4.922348260879516602e-02
4.055809974670410156e-02
6.069587171077728271e-02
1.922184228897094727e-02
3.337740898132324219e-02
5.207967758178710938e-02
4.005311429500579834e-02
3.806686401367187500e-02
3.558072447776794434e-02
5.823270231485366821e-02
1.982313394546508789e-02
7.431590557098388672e-02
7.967466115951538086e-02
3.067725896835327148e-02
3.169035911560058594e-02
1.670787483453750610e-02
3.388381004333496094e-02
9.477078914642333984e-03
4.838358610868453979e-02
2.396583557128906250e-03
2.274382114410400391e-02
6.838206201791763306e-02
1.265192031860351562e-02
3.927350044250488281e-04
3.672209382057189941e-02
8.873075246810913086e-03
1.536858081817626953e-02
9.373605251312255859e-03
6.133490800857543945e-02
1.016783118247985840e-01
1.138848066329956055e-02
3.027407824993133545e-02
2.127444744110107422e-02
6.259739398956298828e-03
4.504085332155227661e-02
6.168889999389648438e-02
2.014076709747314453e-02
5.429117754101753235e-02
3.324210643768310547e-03
5.514216423034667969e-02
7.000796496868133545e-02
3.264844417572021484e-02
1.578557491302490234e-02
4.644306749105453491e-02
3.496104478836059570e-02
3.987294435501098633e-02
2.532283216714859009e-02
6.640672683715820312e-03
2.453804016113281250e-03
2.466918528079986572e-02
2.654951810836791992e-02
4.761695861816406250e-03
2.903032302856445312e-02
1.545757055282592773e-02
5.207157135009765625e-02
2.395769953727722168e-02
6.215152144432067871e-02
4.761624336242675781e-02
1.281583309173583984e-02
1.001142710447311401e-02
2.495467662811279297e-03
2.149379253387451172e-02
3.320000320672988892e-02
6.787747144699096680e-02
3.292292356491088867e-02
1.560248807072639465e-02
3.912878036499023438e-02
2.031552791595458984e-02
7.437668740749359131e-03
3.204166889190673828e-03
2.261704206466674805e-02
4.745423793792724609e-04
1.661121845245361328e-03
1.571953296661376953e-03
6.025448441505432129e-02
4.413783550262451172e-02
4.068666696548461914e-02
1.043625175952911377e-02
1.882511377334594727e-02
5.891191959381103516e-02
2.559950947761535645e-02
1.387734711170196533e-02
2.512347698211669922e-02
2.597615122795104980e-02
3.487367182970046997e-02
5.686545372009277344e-02
5.210679769515991211e-02
3.451238200068473816e-02
2.679085731506347656e-02
5.444419384002685547e-02
3.515303134918212891e-03
4.835957288742065430e-02
8.779168128967285156e-03
7.167578488588333130e-02
9.183168411254882812e-03
1.976281404495239258e-02
6.613382697105407715e-02
3.142505884170532227e-03
3.649735450744628906e-02
2.290326356887817383e-02
3.905296325683593750e-04
6.787419319152832031e-03
4.962980747222900391e-04
4.709702730178833008e-02
5.273151397705078125e-02
5.782768130302429199e-02
1.729945838451385498e-02
6.610751152038574219e-02
1.538681983947753906e-02
1.018673181533813477e-03
3.356105089187622070e-02
3.330403566360473633e-02
3.091553598642349243e-02
1.993399858474731445e-02
2.787405252456665039e-02
2.303570508956909180e-02
4.230481386184692383e-02
2.128911018371582031e-02
5.128891393542289734e-02
3.796219825744628906e-02
1.241445541381835938e-02
3.328972309827804565e-02
3.514605760574340820e-02
8.074700832366943359e-03
1.050651073455810547e-03
6.001046299934387207e-02
2.347671985626220703e-02
5.152225494384765625e-04
6.587278842926025391e-02
3.872972726821899414e-02
4.491773247718811035e-02
1.430302858352661133e-02
3.815186023712158203e-02
9.847640991210937500e-03
9.630680084228515625e-03
1.790171861648559570e-02
2.162742614746093750e-02
5.001387745141983032e-02
1.555085182189941406e-03
2.918529510498046875e-02
8.536196127533912659e-02
3.166359663009643555e-02
1.180458068847656250e-02
1.932340860366821289e-02
4.763472080230712891e-02
3.835022449493408203e-03
2.484349906444549561e-02
4.996091127395629883e-03
2.395081520080566406e-02
6.009541451930999756e-02
2.611076831817626953e-02
9.809315204620361328e-03
2.276599407196044922e-03
5.133971571922302246e-02
1.955032348632812500e-02
1.571115851402282715e-02
3.953367471694946289e-03
2.570509910583496094e-03
3.798133134841918945e-02
1.834788173437118530e-02
1.291966438293457031e-02
3.915989398956298828e-02
2.306698262691497803e-02
6.091946363449096680e-02
4.286170005798339844e-04
1.196334138512611389e-02
2.409827709197998047e-02
1.236784458160400391e-02
4.318553209304809570e-02
4.940140247344970703e-02
1.716136932373046875e-03
9.436288475990295410e-02
2.612087130546569824e-02
4.476547241210937500e-03
6.001543998718261719e-02
5.217707157135009766e-02
9.746074676513671875e-03
1.731735467910766602e-02
2.971303462982177734e-02
2.268302440643310547e-02
2.480381727218627930e-02
2.367265522480010986e-02
3.520333766937255859e-02
1.337885856628417969e-03
5.107723176479339600e-03
5.806791782379150391e-02
4.159271717071533203e-02
5.545973777770996094e-03
3.963321447372436523e-02
1.821923255920410156e-02
5.173852108418941498e-02
3.467261791229248047e-02
6.634831428527832031e-03
4.031306505203247070e-02
9.720265865325927734e-03
1.874941587448120117e-02
2.246116846799850464e-02
6.505504250526428223e-02
1.452505588531494141e-03
8.333191275596618652e-03
3.557676076889038086e-02
1.009869575500488281e-02
3.839704394340515137e-02
2.011191844940185547e-02
3.645199537277221680e-02
2.776712179183959961e-02
1.505723595619201660e-02
5.405259132385253906e-02
1.892298460006713867e-02
2.748119831085205078e-02
1.548266410827636719e-02
1.407504081726074219e-03
3.122678399085998535e-02
2.737861871719360352e-02
6.057024002075195312e-03
3.168756514787673950e-02
4.627150297164916992e-02
1.534581184387207031e-03
1.254835724830627441e-02
2.967852354049682617e-02
2.313745021820068359e-02
1.786522567272186279e-02
3.222858905792236328e-02
3.039646148681640625e-02
2.511693537235260010e-02
1.478162407875061035e-02
8.652627468109130859e-03
5.269007384777069092e-02
1.055964827537536621e-02
3.076612949371337891e-02
1.676285266876220703e-02
4.782357811927795410e-02
4.867881536483764648e-02
1.715177297592163086e-02
9.518779814243316650e-03
7.442569732666015625e-02
9.903073310852050781e-03
2.914591133594512939e-02
6.405115127563476562e-03
3.622561693191528320e-02
3.810591995716094971e-02
3.083610534667968750e-02
1.510924100875854492e-02
5.522927269339561462e-02
3.465175628662109375e-03
2.069610357284545898e-02
6.889277696609497070e-02
7.866621017456054688e-03
3.363221883773803711e-02
1.503528654575347900e-02
1.112028956413269043e-02
3.397732973098754883e-02
5.048748850822448730e-02
8.647365868091583252e-02
2.097719907760620117e-02
3.572988510131835938e-02
1.434837281703948975e-02
6.940054893493652344e-02
9.014344215393066406e-02
4.112184047698974609e-02
1.489031314849853516e-02
2.338665723800659180e-02
3.748445212841033936e-02
5.556917190551757812e-02
2.075362205505371094e-02
3.552880138158798218e-02
1.498657464981079102e-02
1.563251018524169922e-02
3.050993382930755615e-02
3.954684734344482422e-02
1.281243562698364258e-02
2.245504409074783325e-02
2.501755952835083008e-02
3.650158643722534180e-02
5.304954946041107178e-02
5.620965361595153809e-02
3.145509958267211914e-02
3.107082843780517578e-02
1.033931970596313477e-03
6.597679853439331055e-02
3.887069225311279297e-02
6.787911057472229004e-02
1.113337278366088867e-02
4.596233367919921875e-03
8.613988757133483887e-03
4.059952497482299805e-02
8.378446102142333984e-03
8.343905210494995117e-05
4.872500896453857422e-02
2.863627672195434570e-02
3.880665078759193420e-02
4.993635416030883789e-02
7.697939872741699219e-04
7.589942589402198792e-02
4.337084293365478516e-02
9.219527244567871094e-03
2.952309697866439819e-02
2.346625924110412598e-02
2.751398086547851562e-02
4.369937628507614136e-02
7.112443447113037109e-03
2.849578857421875000e-03
1.893191039562225342e-02
1.006317138671875000e-02
1.219177246093750000e-02
2.638670802116394043e-02
3.857065737247467041e-02
1.767140626907348633e-02
6.665921211242675781e-02
3.848172724246978760e-03
1.152169704437255859e-01
3.573775291442871094e-02
1.611299067735671997e-02
1.642167568206787109e-03
1.603114604949951172e-02
3.267571330070495605e-02
6.681668758392333984e-02
2.215206623077392578e-03
6.147615611553192139e-03
8.571863174438476562e-03
2.923744916915893555e-02
6.250385195016860962e-02
8.355200290679931641e-03
5.810081958770751953e-03
6.357967853546142578e-02
9.466856718063354492e-03
2.619600296020507812e-02
2.759039402008056641e-03
1.879435777664184570e-02
3.296768665313720703e-02
6.294965744018554688e-03
1.277837157249450684e-02
4.895907640457153320e-02
2.696216106414794922e-03
1.515465974807739258e-02
4.428780078887939453e-02
1.956284046173095703e-03
5.671486258506774902e-03
3.620862960815429688e-02
7.963836193084716797e-03
6.720878183841705322e-03
5.809605121612548828e-03
2.109378576278686523e-02
7.663803547620773315e-02
5.276793241500854492e-02
2.259111404418945312e-02
8.119791746139526367e-04
2.692997455596923828e-02
3.615260124206542969e-03
4.685875773429870605e-02
9.894847869873046875e-03
4.646939039230346680e-02
7.056385278701782227e-03
6.300280988216400146e-02
5.967128276824951172e-02
1.019394397735595703e-02
4.990133643150329590e-02
9.877800941467285156e-03
9.061753749847412109e-03
2.082188427448272705e-02
4.122710227966308594e-02
2.017915248870849609e-02
2.979541569948196411e-02
3.120446205139160156e-02
2.274990081787109375e-03
4.388707503676414490e-02
2.362567186355590820e-02
3.384900093078613281e-02
5.223070830106735229e-02
7.013732194900512695e-02
1.659691333770751953e-02
1.208507269620895386e-02
