# {'contam': 0.9542573219527767, 'q': 1.0661286082286448e-05, 'nb_class': 21, 'thres': 1.5819603052718978}
2.760263477490600970e-01
1.135065363238277891e+00
1.463873063940644981e+00
1.347717127814990201e+00
7.908365615599407539e-01
5.424482511699534049e-02
9.798464152866976917e-01
1.356509868649855788e+00
1.526000172828514190e+00
1.291758936095395160e+00
4.266277042295212873e-01
5.027179327506423601e-01
1.228613568367171727e+00
1.541824306243065434e+00
1.415133121874198041e+00
7.194218292372742685e-01
9.770277285657640726e-03
8.683438405742252009e-01
1.410541336691321757e+00
1.380375406296439067e+00
1.193666856391780273e+00
2.677066057071318395e-01
5.732312842530792318e-01
1.127083864596714502e+00
1.354782938365310274e+00
1.428585505459128102e+00
6.597954909599144102e-01
1.017750836752315396e-01
8.527452919969275014e-01
1.425962173771949448e+00
1.343345643479488594e+00
9.650108946064895887e-01
2.245501281836526919e-01
5.874459657134060153e-01
1.241290541395361213e+00
1.443523184433439521e+00
1.344286052252277042e+00
4.983901863832199131e-01
2.949856716100780485e-01
1.013885969485027072e+00
1.396887474334324475e+00
1.529132591221246784e+00
1.045933023078698065e+00
2.111320066893142555e-01
7.711475744340420269e-01
1.303570924887632820e+00
1.422238437309174763e+00
1.297306280291258274e+00
4.631566313336845098e-01
2.822776336479484449e-01
1.097084804442516104e+00
1.558986515823836294e+00
1.432291606146048446e+00
8.496914285871964845e-01
2.644522792840210412e-01
8.902082765418705135e-01
1.221944230342941529e+00
1.520381898530189346e+00
1.299242429706698898e+00
4.438898153804413660e-01
4.338749848962309419e-01
1.013427716158218583e+00
1.425292063670885012e+00
1.671794954358883256e+00
9.366283294597340658e-01
2.640440282750873557e-02
8.628014509649167829e-01
1.313314433423482086e+00
1.405490423794136357e+00
1.154217773471369668e+00
5.332018744391630038e-01
3.469602959967804101e-01
1.161683018028857317e+00
1.562976302970972675e+00
1.412386473835450129e+00
7.997067892889213603e-01
1.120794449448846847e-01
8.829299681574266367e-01
1.233287280461704771e+00
1.508252974259614243e+00
1.056035303694046190e+00
4.719837997471797442e-01
3.524247891899603968e-01
1.251046200751072091e+00
1.590441773749309506e+00
1.284339374596771721e+00
6.646180727717169168e-01
1.266850466613405057e-01
9.846400960513009837e-01
1.428861687403244929e+00
1.388763343535881045e+00
9.245650222106174265e-01
2.276460094731820594e-01
6.848262796468770341e-01
1.146337284837587678e+00
1.504884300791596186e+00
1.204273389453312859e+00
7.640808278788167041e-01
2.063005283079471786e-01
1.062075604632106929e+00
1.594317418975665035e+00
1.327334526088621791e+00
9.670944583587920418e-01
1.965985017341492225e-01
6.982031517522419017e-01
1.392686659897550472e+00
1.423622231207036126e+00
1.104784555580855976e+00
5.910051852646814874e-01
4.291451565628614517e-01
1.040985835991573571e+00
1.554089777616237011e+00
1.390275651526134970e+00
9.308938738274046276e-01
4.868480030568611561e-02
7.182508552899302678e-01
1.291162012940467729e+00
1.534473870220296687e+00
1.227152073009294631e+00
4.172386481423755455e-01
3.131833578211804525e-01
1.053013392602304199e+00
1.544981840218632385e+00
1.446247934591230688e+00
8.877075997435222021e-01
7.691164593627522472e-02
8.718940339163029352e-01
1.261053701563528140e+00
1.647153169404220741e+00
1.136307610862731909e+00
3.582804201256784560e-01
3.787634016809778292e-01
1.211995143071465719e+00
1.491002793052111475e+00
1.380343422250016827e+00
7.175341166941882065e-01
2.148540650043562553e-02
8.844578373989332443e-01
1.418225724380044239e+00
1.489742168711938985e+00
1.148280327542253731e+00
3.083901753328329165e-01
4.862391287719533550e-01
1.288586297998423724e+00
1.672586584720053837e+00
1.444902482079445383e+00
7.003993102569613383e-01
1.614069164090429775e-01
8.152810887643290316e-01
1.510799968895891965e+00
1.429277025576724203e+00
1.023780352376069791e+00
1.810724260670466546e-01
6.492672162729383745e-01
1.212073590763230957e+00
1.540037323620856435e+00
1.394836064047928259e+00
6.959313702356676457e-01
2.093113149716280819e-01
1.017218699432598017e+00
1.444031580692774819e+00
1.506169887908120675e+00
1.046784211298213751e+00
2.075172352343282456e-01
8.322669457287042993e-01
1.309456063511725610e+00
1.616278174770260367e+00
1.235635984787192276e+00
6.588864795804187935e-01
3.124694618036844562e-01
1.257761410264260249e+00
1.544289089220624467e+00
1.438662480820610323e+00
7.264556471741993038e-01
6.755168271762558574e-02
9.088295653533216001e-01
1.490783669808670719e+00
1.644768398867099579e+00
1.255916151649813406e+00
5.152418698778461481e-01
5.219651417137065597e-01
1.100974160095683940e+00
1.561446200784238014e+00
1.420957973547329445e+00
8.268698202252494633e-01
3.952109409684025076e-02
7.749840676133412654e-01
1.510614271629226568e+00
1.387105961246037245e+00
1.147652768206701701e+00
5.725596276456683675e-01
3.443168728361777342e-01
1.332565434546808980e+00
1.517941399950908821e+00
1.306578234223716439e+00
7.911087273797315911e-01
2.616042324388347107e-02
9.019190706700114246e-01
1.498692903588331404e+00
1.494343913786459588e+00
1.071581622098995989e+00
2.284405365167912483e-01
6.415366007499159196e-01
1.192247798758566901e+00
1.545275507145663418e+00
1.338819294671896198e+00
7.322917535644190012e-01
1.835321082345705845e-01
8.810509699338802125e-01
1.486399800905546131e+00
1.410347096694471780e+00
9.597570021859271883e-01
1.853367064278824972e-01
6.657971906018202990e-01
1.274983986466982522e+00
1.598310041670119475e+00
1.111904162641931038e+00
8.905452960923546657e-01
2.772424262571101528e-01
1.179694433246064378e+00
1.536121380523520097e+00
1.508488515263117558e+00
9.651467757047806906e-01
1.737277816082556658e-01
6.720875351867635628e-01
1.380272652232138020e+00
1.525163112911496421e+00
1.133380400314881076e+00
5.703420868693958035e-01
3.090812933493160553e-01
1.157274741326824952e+00
1.466477730366117616e+00
1.423347441561138460e+00
9.709493217142762811e-01
1.090420614353250356e-01
8.264376452652725247e-01
1.416905277229484339e+00
1.316228467130055257e+00
1.285530772418227663e+00
4.087121814886868210e-01
4.107449625981387520e-01
1.145698004752320642e+00
1.488775117880328347e+00
1.481886247059298833e+00
7.365881866595452854e-01
8.893222224434815457e-03
7.218586408334278781e-01
1.350382607032578619e+00
1.399119596765744378e+00
1.157483998959263349e+00
3.737086060498643891e-01
4.934361515439508739e-01
1.195428397515604590e+00
1.480080709351763835e+00
1.305207671060566899e+00
8.542958031346682413e-01
1.482695373100729186e-01
8.745470942385695778e-01
1.378214321556886057e+00
1.636888223192004999e+00
1.158237596800110847e+00
3.086723423028464586e-01
6.063878793443603366e-01
1.130407679594212400e+00
1.598816064824179151e+00
1.393364835604346208e+00
7.062535225645155679e-01
2.319251278808451278e-01
7.609614658831780343e-01
1.495534567263924863e+00
1.594496693461597392e+00
1.030032634786706813e+00
1.836805906806904531e-01
4.859739253208961163e-01
1.299753690342813295e+00
1.536479245830043139e+00
1.360698929836537507e+00
7.882565193454132979e-01
3.102123629947091121e-01
1.001665197939463514e+00
1.445319375424964692e+00
1.368298444656988577e+00
1.059900932356828474e+00
2.930634141261715397e-01
6.523537537221510973e-01
1.345168391657787232e+00
1.456387458400759449e+00
1.317589995444716111e+00
6.226068965769117058e-01
3.161084775346815201e-01
1.026720925478488589e+00
1.546786022439716746e+00
1.319223035276365641e+00
8.483060468275490651e-01
4.185113052265151262e-02
7.602701812452161700e-01
1.458132656271087235e+00
1.485654395172488762e+00
1.178737543999814230e+00
4.719314159718930868e-01
4.536388120369999055e-01
1.077217792593959222e+00
1.536745695240076870e+00
1.268698057592427375e+00
6.885524833893725827e-01
7.976057511785944465e-02
8.247065005587113085e-01
1.451193356898498932e+00
1.455952547731531155e+00
1.140397605534557490e+00
4.129403743259146831e-01
4.896102934941981011e-01
1.237082181576221407e+00
1.593779019250580520e+00
1.364017562721394627e+00
8.837133241940776651e-01
1.084900029329646520e-01
1.005922420263951178e+00
1.443431333264337146e+00
1.606901029755689603e+00
1.043941563710388820e+00
2.506723952520240606e-01
5.892428862343047635e-01
1.252042306536655047e+00
1.597917002569050338e+00
1.402384321237529097e+00
5.876186240103608016e-01
2.441253382036842057e-01
1.126878438523269521e+00
1.448450239315254517e+00
1.420018705037952245e+00
9.706364722911908771e-01
2.006608388945320676e-01
6.675645530748625101e-01
1.370827522045647395e+00
1.609696009414800510e+00
1.383100464375855765e+00
7.312805967323562362e-01
2.968942467768003746e-01
9.825962834061779949e-01
1.629947874398567809e+00
1.490984203439838618e+00
9.975424930962935033e-01
1.863487820350964719e-01
7.412963361099650372e-01
1.352365391354246826e+00
1.316336166127559881e+00
1.251681671629533366e+00
5.485908184508864194e-01
2.887165002821727167e-01
1.171242181003623761e+00
1.446267060180352004e+00
1.431831147925444636e+00
8.975666753665518804e-01
5.824085166485626353e-02
7.223649508459714097e-01
1.273541533535557546e+00
1.404538151384456812e+00
1.192442467119583904e+00
4.138616417609857767e-01
2.768091612211978636e-01
1.219689745572892337e+00
1.704214849417853062e+00
1.451299596264349789e+00
7.296909918017702168e-01
1.118290820563963978e-01
8.168774611896619797e-01
1.458991389520769788e+00
1.615260008844434880e+00
1.092705115744506461e+00
4.596134489077753349e-01
4.767850175944857161e-01
1.138198145887659107e+00
1.493864536293312506e+00
1.358162640358042017e+00
5.617117993423140776e-01
2.299426473392744419e-01
8.834016354944623783e-01
1.440858043792993426e+00
1.457292946490740926e+00
1.032570056679976478e+00
1.724205761704811768e-01
4.855319753802532223e-01
1.237088343418440983e+00
1.399535047957249034e+00
1.332305489576970148e+00
6.899778805589986685e-01
3.478685136993919236e-01
1.097878379481868283e+00
1.574103284741315889e+00
1.521918710356086724e+00
1.035971999374341257e+00
1.921732081076494014e-01
6.538443990817055518e-01
1.351129143918337050e+00
1.539261546557303628e+00
1.364267012252602163e+00
5.800157901567899454e-01
1.696736977779255418e-01
8.755695782255145110e-01
1.497100487065436969e+00
1.425070236734296225e+00
8.565551851201073097e-01
1.777842427054297514e-01
6.510478173547412650e-01
1.277493999511901013e+00
1.402050791029588295e+00
1.109776659711480429e+00
5.324607150483701146e-01
3.052729571972255251e-01
1.229158153781602092e+00
1.606532616340228703e+00
1.378941908804848238e+00
9.783647680718476902e-01
2.160288681248195841e-02
8.976193065839357388e-01
1.487615216955134656e+00
1.460852690291027267e+00
1.175895168455603823e+00
4.102017000507031108e-01
2.699357735104047085e-01
1.083812033196893232e+00
1.554258167651916711e+00
1.297844938683933025e+00
8.683293500275446331e-01
1.462355583093132572e-01
8.383032640497987131e-01
1.400741350530065210e+00
1.512904494026127589e+00
9.736340145521961142e-01
1.919717524107875384e-01
5.312375927873966841e-01
1.194008745333934751e+00
1.440822775936796862e+00
1.342702529704738135e+00
6.594699732249310609e-01
9.094441955428306246e-02
9.617187787899522666e-01
1.381060086590577107e+00
1.627508389899011698e+00
9.680174452908573146e-01
1.092374561403696015e-01
5.713223312940373111e-01
1.172216257208575030e+00
1.592232992526512181e+00
1.440213232346303274e+00
5.791337563512016784e-01
6.344999939644202502e-02
1.050310021154029494e+00
1.469984217338628163e+00
1.455040237507265521e+00
1.109540390116088737e+00
1.608419679692774107e-01
6.515493099035438718e-01
1.303416739714165606e+00
1.531881066640129463e+00
1.256870492532917272e+00
5.372877198559176115e-01
5.500146855548155855e-01
9.979794977085838514e-01
1.535378848187787915e+00
1.384733663572737195e+00
9.031515479729848028e-01
1.378490665011527783e-01
7.491753094373352351e-01
1.305345656840344537e+00
1.509577265887413366e+00
1.269622949424659142e+00
4.705420323456009357e-01
3.402939640302656832e-01
1.140064048058671009e+00
1.592097757284947956e+00
1.529025082360900401e+00
9.913831411403812854e-01
4.076529770070873304e-02
7.080661622801517341e-01
1.389757781328099018e+00
1.603024147268716559e+00
1.283997208118918820e+00
3.665418421632847812e-01
4.541040131743101504e-01
1.202641677873798276e+00
1.531200670432106614e+00
1.441932403114425165e+00
8.915965702020914874e-01
3.836311478784570211e-02
7.101112087012272367e-01
1.347395925879496970e+00
1.499530400120747453e+00
1.206008598979048108e+00
3.012769459520422966e-01
6.630714466486907765e-01
1.312797229171174251e+00
1.479782727492502170e+00
1.355383047582656708e+00
7.561767819937198487e-01
6.305058105718415462e-02
1.021310544014611743e+00
1.468522162827123889e+00
1.421423306246070606e+00
1.073584516268249800e+00
1.951271864685149571e-01
5.677507836149144893e-01
1.233786744581619743e+00
1.510003260620540244e+00
1.222152425764392758e+00
6.595988715090176369e-01
2.166142809148126347e-04
9.499473484640261756e-01
1.512824360334069640e+00
1.368824812635214494e+00
9.845056012874769946e-01
2.467231972362560755e-01
7.028514374448916469e-01
1.330945327371117815e+00
1.661711397223361031e+00
1.180951641106144478e+00
5.474743430861858107e-01
2.138582273165949288e-01
1.125461355432945565e+00
1.485305516975271800e+00
1.342716668335162122e+00
9.230207844798695715e-01
1.550232292668763945e-01
6.408633202954787667e-01
1.302321806396444792e+00
1.549144167871116640e+00
1.391216884564048017e+00
5.191526412626343845e-01
3.341781324858377755e-01
1.012156093394915413e+00
1.369010180946875987e+00
1.380408851994109121e+00
9.258540612550456572e-01
1.615052672275300027e-01
8.757501146813443382e-01
1.462940385795374665e+00
1.504743798811236655e+00
1.179121060014730604e+00
4.213161384327260839e-01
3.050475568973838869e-01
1.155429254965469887e+00
1.538937597144143909e+00
1.522198913161111111e+00
7.217295553690465937e-01
1.235648102206907822e-02
9.048011307989133334e-01
1.574819452571920131e+00
1.674848421103941609e+00
1.111396536443958194e+00
5.328394826619421432e-01
5.947218337077229133e-01
1.226382084197215061e+00
1.554384332324281637e+00
1.328785501132392799e+00
5.629270456871594552e-01
5.404771620824477124e-02
1.028855828855029353e+00
1.447269698011719008e+00
1.488094853980028054e+00
1.149036721855667187e+00
3.086143812666738984e-01
4.970171351565551565e-01
1.188340659746775385e+00
1.518040721563877371e+00
1.321181708222233020e+00
5.330897837350828672e-01
2.886882134427005142e-01
1.023491824495790015e+00
1.556373469784990915e+00
1.517248184737456373e+00
8.480457957833678062e-01
1.086446916139933577e-01
5.767182172663017914e-01
1.324358940286702424e+00
1.574004020046672059e+00
1.215397576647230249e+00
7.254060450076824651e-01
2.179415160145650177e-01
1.094909295219736789e+00
1.521285379614039757e+00
1.329542816186774390e+00
9.904220723724260766e-01
1.029584937086514829e-01
8.386987731125122858e-01
1.347163011734744176e+00
1.614042606136361746e+00
1.296467447148177410e+00
4.607035060337254517e-01
4.735005634759174020e-01
9.767082067955596969e-01
1.588884279524501508e+00
1.228674634977194202e+00
7.214968470121598809e-01
1.955566440385345106e-02
7.930021386643745229e-01
1.367741080900896744e+00
1.545350392946146068e+00
1.076184089935566579e+00
6.026748281973184351e-01
4.570446146359764539e-01
1.198252090402718517e+00
1.391977313181147258e+00
1.378091474717576315e+00
6.942856017036821425e-01
1.899310300628221371e-01
9.203019712449447276e-01
1.337247723077883199e+00
1.542030607534620401e+00
1.165307837145897141e+00
4.486907259105163415e-01
5.314320900963638294e-01
1.151834979739679632e+00
1.541513600956589958e+00
1.408900694923899577e+00
7.542627389953316941e-01
2.056140054797619687e-01
9.245643248276772530e-01
1.411936681778260372e+00
1.497801066022832917e+00
1.073759475561497645e+00
3.370256986423879053e-01
6.746008815430594163e-01
1.439885916285199352e+00
1.476771095597986028e+00
1.364754453824855718e+00
7.316287535317501645e-01
2.353062360937133168e-01
9.102269626143709713e-01
1.509605432525209512e+00
1.587597211108318973e+00
9.834283461814864458e-01
3.040053672445638400e-01
6.679783546518062165e-01
1.363075623220614485e+00
1.485652501171397688e+00
1.372118059699566350e+00
5.181914129999093399e-01
1.279396582881379696e-01
1.085297502958166183e+00
1.468014570149609455e+00
1.497034403560024929e+00
1.004227678547879421e+00
1.776463019658168774e-01
7.384167226326822098e-01
1.162149204223445143e+00
1.554911219974063119e+00
1.317443975711884097e+00
5.289271538180768673e-01
4.348214673607389558e-01
1.083859268884655336e+00
1.537284240156709059e+00
1.371466864068771940e+00
9.283743739056523614e-01
9.686856107997364462e-02
1.023330900152288780e+00
9.604817396585023648e-01
1.140288775152537015e+00
1.232925228430501896e+00
1.344819728901847311e+00
1.375875752363133531e+00
1.458085764628797021e+00
1.419145933733584997e+00
1.323324194824852862e+00
1.535904592958026837e+00
1.520221891002674575e+00
1.500755370387640397e+00
1.430133226769045862e+00
1.485177601246669310e+00
1.566512022969698492e+00
1.538745964762562757e+00
1.617267053174898273e+00
1.388476585662367091e+00
1.258526766734334723e+00
1.395804534085639537e+00
1.360521855749144082e+00
1.369008857158452219e+00
1.269793005807695385e+00
1.280402299148683865e+00
1.188017712490236022e+00
1.097011820646386360e+00
1.124943182670773867e+00
1.067117013310555640e+00
9.448214849204019661e-01
7.489260115274158913e-01
5.690193156508391858e-01
5.342824198835669502e-01
4.866918138956536910e-01
3.529397464159003683e-01
4.016634908651853797e-01
2.830500323364105730e-01
1.429132730647782734e-01
9.116705287830706439e-02
5.134343259912706181e-02
2.865497426786247082e-01
2.833485592091929406e-01
3.912137736268072596e-01
4.315647425808321058e-01
5.982342995618046277e-01
5.449101771016330309e-01
7.197247544362939120e-01
7.690970307057541921e-01
7.915230115965752322e-01
8.635857106330502297e-01
9.726804949676430834e-01
1.239626920349326866e+00
1.176709780960096152e+00
1.199765631924763154e+00
1.330708022323511264e+00
1.476734515345944354e+00
1.371883534202686938e+00
1.384392126953464919e+00
1.423814187381351237e+00
1.389624991068855842e+00
1.614189121868781163e+00
1.458154387728020529e+00
1.557421931814166882e+00
1.573275362705940372e+00
1.600911686564808978e+00
1.512043110689276881e+00
1.417953667502888537e+00
1.485926704353033312e+00
1.419343200119844495e+00
1.305595231270365142e+00
1.330890061643488664e+00
1.256780082864896508e+00
1.279180296579228715e+00
1.274838062145447592e+00
1.018497509780893706e+00
1.082391661665937921e+00
9.168544931305144807e-01
8.897243333510616026e-01
8.850768858636377523e-01
7.115202806202581831e-01
5.175973856251330218e-01
5.354363567329072371e-01
4.080460016588016159e-01
3.245129475077597747e-01
1.261440857461780252e-01
1.248902587032228867e-01
1.793982554592273536e-03
8.198497574673567490e-02
1.593162888464633997e-01
1.748779082608772628e-01
3.728065882188670854e-01
4.465008028873125312e-01
4.658568639023543678e-01
5.274153601484461440e-01
7.429639895368447267e-01
9.752234320790138522e-01
9.983938275206104551e-01
9.219884163312817016e-01
1.156244654746723777e+00
1.148252924518871065e+00
1.193374161187042537e+00
1.099879860794462649e+00
1.336347374219319262e+00
1.314763478805595520e+00
1.357766371548377204e+00
1.523839717985046249e+00
1.537053261464278897e+00
1.482577446806678800e+00
1.566186222511501080e+00
1.438266885705089537e+00
1.541828160132568515e+00
1.398015106765586602e+00
1.428365305999535373e+00
1.515248599009194397e+00
1.478925415566277879e+00
1.583153377530042372e+00
1.476963720053003692e+00
1.429166528358372101e+00
1.344441569017419624e+00
1.392730792246591909e+00
1.231796841297162937e+00
1.165472468145422713e+00
1.145990288261759638e+00
1.130274379119668327e+00
8.913466257931954573e-01
9.063112952909084807e-01
7.336643258520645361e-01
7.597590703410442847e-01
5.511665884213232669e-01
3.295035711987672755e-01
3.798496688791944687e-01
3.289226611126918054e-01
3.042290208274309737e-01
2.141361720281205749e-01
1.113001060616804760e-01
6.415237794101517899e-02
1.027584904999998133e-01
2.527032720024489088e-01
2.716070565320023444e-01
3.370957464133750303e-01
5.489897170017413730e-01
7.186695243868227445e-01
6.625651660218679906e-01
7.467594556611291123e-01
9.058397895427177104e-01
8.961503079471873079e-01
1.078848444103057025e+00
9.839268692470751754e-01
1.259811706692242295e+00
1.138005960353234203e+00
1.363476307122752029e+00
1.354905250945798389e+00
1.434171700719616860e+00
1.401028270128663600e+00
1.510715766832254170e+00
1.387381473783538599e+00
1.465541672966713449e+00
1.644532538429526403e+00
1.700309776880903012e+00
1.595818025776488902e+00
1.455074132774243134e+00
1.504417466752847599e+00
1.373614143654752873e+00
1.549442834713641526e+00
1.275195195204952059e+00
1.478945593570557770e+00
1.317650149002660864e+00
1.340847964235517553e+00
8.830682147652385572e-01
5.300576244077100790e-02
8.488208235283767333e-01
1.314129769602439879e+00
1.430157986250903956e+00
1.187190610724680351e+00
4.541149710727351296e-01
4.354778288339911652e-01
1.162734227720392255e+00
1.670057789705050588e+00
1.285890262679029838e+00
9.461700760064313265e-01
6.829240748934187200e-02
8.059135236398971003e-01
1.367689156367274617e+00
1.420672051661483470e+00
1.159611863574179669e+00
3.724552999902136508e-01
4.575858773534646207e-01
1.168020417617148254e+00
1.431013472216246640e+00
1.411251876089260060e+00
7.078597776171901002e-01
2.021907844369201235e-01
8.683981965779361545e-01
1.305967407994398366e+00
1.467919648630611640e+00
9.837325286863474183e-01
3.304920325129137026e-01
5.448567017495088427e-01
1.216284264238765234e+00
1.554753348997057527e+00
1.332108293641758090e+00
7.860650155757884505e-01
2.508818690770199811e-01
8.805158709544261830e-01
1.322440114970012681e+00
1.274377492181825611e+00
1.011673772053631515e+00
2.394858091394387323e-01
5.250662349310206700e-01
1.409205366221192079e+00
1.498112368466843369e+00
1.248248688316720312e+00
4.911916074643347119e-01
1.415956376692353025e-01
9.296036621559637947e-01
1.482652560088770333e+00
1.500452020107697404e+00
9.368273217509737183e-01
1.172586169904003411e-01
6.219687705356320429e-01
1.316258661860029155e+00
1.514799458864771964e+00
1.204247219551325188e+00
5.282636000088252182e-01
3.566664214130980670e-01
1.247289024125662005e+00
1.454405807640034798e+00
1.511889830897990228e+00
9.345898360387941972e-01
6.029650917648590736e-02
7.131833373807230370e-01
1.288318672321631331e+00
1.534004324198222413e+00
1.141279621061130900e+00
5.209127360926426586e-01
4.565649657548027651e-01
1.073849484951062916e+00
1.466504588647503438e+00
1.376428643979420663e+00
7.717827442945754957e-01
5.066686610487419057e-02
8.433047988381097149e-01
1.472258975038995166e+00
1.590671518925266481e+00
1.267034258472195640e+00
2.827996768816368744e-01
5.228287926552221965e-01
1.173818352544783172e+00
1.498127318831160126e+00
1.436194761559232314e+00
7.548988173071038421e-01
9.372319046467399162e-02
8.777197713977958893e-01
1.414092381298076129e+00
1.639934301901770697e+00
1.036561248551419734e+00
3.603345348199873954e-01
4.808760487445811749e-01
1.253050623389101670e+00
1.490116393395174210e+00
1.365873873906679137e+00
8.048721419176118053e-01
9.387941192333250362e-02
9.445190501497841007e-01
1.350856380750799612e+00
1.411796040663860108e+00
1.196239183984565635e+00
4.236227455139900955e-01
7.504365522865598104e-01
1.229558641962663623e+00
1.536518782366710800e+00
1.164349565959108102e+00
6.512905688128728388e-01
1.644154143614975361e-01
1.053965685241136541e+00
1.420959440125869833e+00
1.435063047429668837e+00
9.632610685056900435e-01
8.833116025174458930e-02
6.680354377786381637e-01
1.435951193682218019e+00
1.423081974147001327e+00
1.277329047113145544e+00
5.932081462977250030e-01
2.518733275985431952e-01
1.197823011130833670e+00
1.535725755153122041e+00
1.552904676435803211e+00
8.266674157973283865e-01
5.235485872319942113e-02
7.813529285850200345e-01
1.449034823569957275e+00
1.425028007273903885e+00
1.256140739019445229e+00
4.261646455060304484e-01
3.875694255398254295e-01
1.141551126174314756e+00
1.537467467188589509e+00
1.388788125758741332e+00
7.810394832282939737e-01
1.123546651764513044e-01
9.158123347021202010e-01
1.344899466819517553e+00
1.561406073695219332e+00
1.043136453161025212e+00
5.308673882822765311e-01
5.153019232022595375e-01
1.376340885269578873e+00
1.453838633353254028e+00
1.307247309432510107e+00
8.272361414608622177e-01
2.151300506835741033e-01
9.473437724762782119e-01
1.312022995347459364e+00
1.483900598016764105e+00
1.022568231413007567e+00
2.920447091173088427e-01
5.191178041534079135e-01
1.238851939840341698e+00
1.546901129005953335e+00
1.381524561514906102e+00
7.398252800987191735e-01
1.166843432974718764e-01
8.539775469885851900e-01
1.420476771179410624e+00
1.532873348025905580e+00
9.909455366684296607e-01
1.892545654361650898e-01
5.376818026958286589e-01
1.169887417493151949e+00
1.516321660144155370e+00
1.308366343836181889e+00
5.121307058262746237e-01
3.292326802301392963e-01
1.072881069794568543e+00
1.412133189258442112e+00
1.397073346423166607e+00
8.891589031843347701e-01
7.968973753469311971e-02
7.526071627481492055e-01
1.353231862264710372e+00
1.636185114512276551e+00
1.076244285576912985e+00
3.551327331094734641e-01
2.325950850535368764e-01
1.018150337282083040e+00
1.545916392372164827e+00
1.317411823969085072e+00
9.454707606162181532e-01
5.820421110802352638e-02
6.786094296285182237e-01
1.430367747907404175e+00
1.601556578857824542e+00
1.183227568978777011e+00
3.508740924248734960e-01
5.262436283113018920e-01
1.052070380160154750e+00
1.438348151233735495e+00
1.465038361684935841e+00
9.265066955110661251e-01
3.054470386249384314e-02
7.265367199747326810e-01
1.351009162919875939e+00
1.705837412651112661e+00
1.173277136744614868e+00
4.392917452636471154e-01
4.462812258522976805e-01
1.247760646209824076e+00
1.468559747463958010e+00
1.300080879262736300e+00
6.022867353932113144e-01
1.432220216027232929e-01
8.506976374140106101e-01
1.523756109615165943e+00
1.551348084005687689e+00
1.061225833354318304e+00
3.317486797081186101e-01
5.603757141181523460e-01
1.287887332949269492e+00
1.486057611541539814e+00
1.220937457447131225e+00
5.670299813854359217e-01
6.783299860011043902e-02
1.030145911443084428e+00
1.480741732528517263e+00
1.617504473828406564e+00
9.791736592845126097e-01
1.703701764402031082e-01
6.484579069484622815e-01
1.348488048734974631e+00
1.605788138568560397e+00
1.299826778324969290e+00
5.970767543164494651e-01
2.746415240380558065e-01
1.217757694124298684e+00
1.406535056113033422e+00
1.556723332507361723e+00
9.963714201199519449e-01
9.224345308973994073e-02
6.145088623970651476e-01
1.483271574867940146e+00
1.480238090965098063e+00
1.216454881003930621e+00
5.403859170281430924e-01
4.492902899063871414e-01
1.037308367533304354e+00
1.461286008454754093e+00
1.349765569790649655e+00
9.625610129777975033e-01
2.527787504433057914e-02
7.118132085897658223e-01
1.349034466075816674e+00
1.388685994275489888e+00
1.040938229032893236e+00
5.103545173154649950e-01
5.637021239057882216e-01
1.213064324006887906e+00
1.587075758380349200e+00
1.256850343298801853e+00
8.423724169625095293e-01
1.061339900953783416e-01
9.569495569940031920e-01
1.389920456757732126e+00
1.481306348134856510e+00
1.247790488566197009e+00
3.339289389743240188e-01
4.360159837457540100e-01
1.155248014938305312e+00
1.392281689292722113e+00
1.354206921612275627e+00
8.280033069287239256e-01
4.649555556369540377e-02
7.908834893593390536e-01
1.456396896962599774e+00
1.405524689716773024e+00
1.206332119079867482e+00
2.407364374028431453e-01
5.345454726253739963e-01
1.233668143808183348e+00
1.630179790666574036e+00
1.446843555759921962e+00
5.720185644358954935e-01
3.255872211832446794e-01
1.040377211314405415e+00
1.419443356448006899e+00
1.502746093987899600e+00
9.396367186852794262e-01
7.003740130536717512e-02
6.756256033428378327e-01
1.201659690386954082e+00
1.486389760512224267e+00
1.379657961121163456e+00
6.057789323843262297e-01
3.890589550521702522e-01
1.035366185124702465e+00
1.524980438281998696e+00
1.506664820821303596e+00
9.379134326264330079e-01
4.992822424342858306e-02
7.738701793363834680e-01
1.488817685283962300e+00
1.439390454087969173e+00
1.129036098180317138e+00
6.217660660899559932e-01
3.477965246732367954e-01
1.038985799254604991e+00
1.474783527456381194e+00
1.432554459238918998e+00
8.214123648948312706e-01
1.560824338005293299e-01
9.114135579634278228e-01
1.302830291008639119e+00
1.504836679841455860e+00
1.218291714930822112e+00
5.800196990062944646e-01
3.981695537772348970e-01
9.809881177191597246e-01
1.379947750538514262e+00
1.334037934363147437e+00
7.785099951747042057e-01
5.067326143341483596e-02
8.938299092136080537e-01
1.298048304630429195e+00
1.533978665598826119e+00
1.028306515539461952e+00
4.329880632911853877e-01
6.524761730234449608e-01
1.105906014471283783e+00
1.504245776972300774e+00
1.351288923509524675e+00
6.648535295435579195e-01
4.008608689172084294e-02
9.281468724065662368e-01
1.395127494312649929e+00
1.502433177625763561e+00
1.023742223670361051e+00
3.473203620067017994e-01
6.957849371632227609e-01
1.217220443890352666e+00
1.490882756717932800e+00
1.289954987379855034e+00
7.251951724307598157e-01
1.966406873858497772e-01
9.524839514229070936e-01
1.472382599635930545e+00
1.574348769957933714e+00
9.696150625370021370e-01
1.945224015055941891e-01
6.108749841988045937e-01
1.213675447549841024e+00
1.585897642543985242e+00
1.409449142891167517e+00
5.966849581627849952e-01
3.180141793198150157e-01
1.046618981126599346e+00
1.676918823341663645e+00
1.427649387300345296e+00
9.353017879000474766e-01
1.853935635560512857e-02
7.387375829320336207e-01
1.359972028941416333e+00
1.433582033825735680e+00
1.200730736280197108e+00
3.644491259961697427e-01
4.682012092809358372e-01
1.205554174866685146e+00
1.521550740994410678e+00
1.482612455245387428e+00
8.243259383197775181e-01
7.361472014049041945e-02
8.405998598293904500e-01
1.379783173055300072e+00
1.526008197922772869e+00
1.290554129565651298e+00
4.083661936668138148e-01
3.631271418934718387e-01
1.091652327246791288e+00
1.509977038239718627e+00
1.359579310363115079e+00
8.102697031170107422e-01
8.709881784181067177e-02
8.447194172961565162e-01
1.440729579168678054e+00
1.422073544556428537e+00
1.173645175686491182e+00
2.144643096607448396e-01
5.144138390876050737e-01
1.195983578901273159e+00
1.540613969035791619e+00
1.308392379359102353e+00
7.208075724616090918e-01
5.843700653709934384e-02
9.077484437341396539e-01
1.489860489970966428e+00
1.496459502266154207e+00
1.011370625752620933e+00
2.351935974905126625e-01
5.209729248105795518e-01
1.337169050872040410e+00
1.455585066606708278e+00
1.372602829695134918e+00
6.321559612425523556e-01
2.262262346215171971e-01
1.011825218461616549e+00
1.373125647878534306e+00
1.476003386212290547e+00
1.032204744984642097e+00
2.129143027850147196e-01
6.369090762221508717e-01
1.415900180739732006e+00
1.699274942434899627e+00
1.209491132126753188e+00
5.177629722794975242e-01
3.024037822838270828e-01
1.101013182475303998e+00
1.581572537944643031e+00
1.498022085704518336e+00
8.413290580069342495e-01
1.807975922612861108e-01
7.132369952727918294e-01
1.307301695817417064e+00
1.544525180518838026e+00
1.274850856073770355e+00
4.684736010053650590e-01
3.447989138009544541e-01
1.053860052726220520e+00
1.461288884291884971e+00
1.446527002070932211e+00
8.434012640990753429e-01
4.350383251512819627e-02
7.865628459744961054e-01
1.499213175160428069e+00
1.476646019183582625e+00
1.115009959040120791e+00
4.305148826850778154e-01
3.986948540286384124e-01
1.246610466587140476e+00
1.563272953172425206e+00
1.315976460810954096e+00
8.516952184584305474e-01
5.212784170632441677e-02
8.201767151264811595e-01
1.401161038951875604e+00
1.426038235538845456e+00
1.048373788412375163e+00
3.139728720671804973e-01
6.434445059323392613e-01
1.138216352088535999e+00
1.558102786630239489e+00
1.315551706129346909e+00
7.758820551486916850e-01
5.147475096376143144e-02
9.418520152046860883e-01
1.419300570426277108e+00
1.466048331607691102e+00
9.351473110316889104e-01
3.153234381522959651e-01
6.308104960172420395e-01
1.180368329758160195e+00
1.466837600920313678e+00
1.120056427563961510e+00
6.617574549923229688e-01
1.921221740578678283e-01
1.124156665969018531e+00
1.354067524741571216e+00
1.416317116891440797e+00
1.082218542426665486e+00
1.362993726161018659e-01
6.924621333015198443e-01
1.274240185205833376e+00
1.524652716302751232e+00
1.291208055625858719e+00
5.631054085475448723e-01
3.227586048378326966e-01
1.107295368860748752e+00
1.319957866301060490e+00
1.396433788330133874e+00
7.295796719823122167e-01
1.443653773954135626e-02
6.816923492725637246e-01
1.327188041865018153e+00
1.425510664288041518e+00
1.177925788402131468e+00
5.436627793863221259e-01
2.953833047108052057e-01
1.151749678421727374e+00
1.436406398696326914e+00
1.493996835430879244e+00
7.459813247848517959e-01
8.152602332208613856e-02
9.126652457718290590e-01
1.540354088125708731e+00
1.491962493004571400e+00
1.293491112243240426e+00
4.257635275815571663e-01
3.251862109455401773e-01
1.112455621488923851e+00
1.478881950223891018e+00
1.326925374535145252e+00
7.965049773640298092e-01
9.069243330404767878e-02
8.455718253859930700e-01
1.404850772455397578e+00
1.523926446727893902e+00
9.445238040780910005e-01
2.804803665452992867e-01
4.189911630091892047e-01
1.233912997416574786e+00
1.515187676915984216e+00
1.297048762107052111e+00
6.364253372915624762e-01
8.104052793435741198e-02
9.023332663946963539e-01
1.411821701666047035e+00
1.454130024084066886e+00
1.083149395363069312e+00
1.694395691357497014e-01
5.976144144744286457e-01
1.357043879788081941e+00
1.522199871171850072e+00
1.218349194294928717e+00
6.405640875834109904e-01
1.379995855552436923e-01
1.086786629363629686e+00
1.463996199564528089e+00
1.464647210701041535e+00
9.642854647983438721e-01
1.402623901018249519e-01
5.778288422189933327e-01
1.276431815120270707e+00
1.440451065009694442e+00
1.101366451562307169e+00
6.431676870732663254e-01
1.637491295328650232e-01
1.167171273232941120e+00
1.445995628715098125e+00
1.478352063673224137e+00
8.710108354360761584e-01
2.365608073421863466e-01
8.371919339248287129e-01
1.419800297267816980e+00
1.469365802153007827e+00
1.198550647901934996e+00
4.141146211167644475e-01
4.310761085824170169e-01
1.134875922849556629e+00
1.526536179081990019e+00
1.322004648060253862e+00
8.833338531331313970e-01
2.964729098004841717e-02
7.324394990764718782e-01
1.307663352422046454e+00
1.545462298763678355e+00
1.161165639394974747e+00
4.736767814669438637e-01
4.300584349125921579e-01
1.226265096544695288e+00
1.539192612394645776e+00
1.422110122532415089e+00
7.316309580245067279e-01
7.685457263818959439e-02
8.161145748610559858e-01
1.482488780834600561e+00
1.510839364005332142e+00
1.134823589872370198e+00
3.412119148294714965e-01
4.767663302564628669e-01
1.236872978401061918e+00
1.589446111037863263e+00
1.239264527979488273e+00
7.608622319394992006e-01
1.636080975885654265e-01
1.066925727467270102e+00
1.302278860755354373e+00
1.487130351931710726e+00
1.121749941996382338e+00
4.153890268099699745e-01
5.314521397986138318e-01
1.336634105600777556e+00
1.583138149823168916e+00
1.295455336365541665e+00
6.858358251163102492e-01
2.694043980208902234e-01
1.059647357687806490e+00
1.537304998987868876e+00
1.332058260034551189e+00
9.949735369672624286e-01
1.204818019958819875e-01
7.053034766116087484e-01
1.380696133137729209e+00
1.418122061117631505e+00
1.287293129879515607e+00
5.711480091120901825e-01
3.584282678853012993e-01
9.697514458647470414e-01
1.478618658754025761e+00
1.364886746428443320e+00
9.152411417294394891e-01
6.606443022174767268e-03
8.661269641490795257e-01
1.458132648849354451e+00
1.489926963443445329e+00
1.119412752936595146e+00
3.838374347194875025e-01
4.012723840712350554e-01
1.092274555404364245e+00
1.456598049213023494e+00
1.544407753783705983e+00
9.395662780550140258e-01
7.775869823092795841e-02
9.096415662107614208e-01
1.483972438480945621e+00
1.525428000754341928e+00
1.158845868211015206e+00
3.564721795438435259e-01
3.750256309553770540e-01
1.097670763723644249e+00
1.492810262264903542e+00
1.180566607918881239e+00
8.705836941462947731e-01
1.013569205879813889e-01
8.216778864303955210e-01
1.411963231980530642e+00
1.488743815244248925e+00
9.071608419291858905e-01
2.530150205609733582e-01
4.777247915099039344e-01
1.178551630477032708e+00
1.491283195260091343e+00
1.487483031704347258e+00
7.616525884577829419e-01
2.037665181585888163e-01
8.908738845401742434e-01
1.325563319020766961e+00
1.537205742714112811e+00
1.049180218277428134e+00
3.404126099157472329e-01
6.178721598941353532e-01
1.150063563534780453e+00
1.424106739959961621e+00
1.220014267984887102e+00
6.274981005229928188e-01
1.003740687196733594e-01
1.088429902751761436e+00
1.511003945093158718e+00
1.482606871164753759e+00
8.297928999371276815e-01
2.194808986647095728e-01
7.071243465469216893e-01
1.335800102214248719e+00
1.671844367809436793e+00
1.257535788065764937e+00
6.123812172081863903e-01
4.008843076786213211e-01
9.915221078776658148e-01
1.490789040475757554e+00
1.496672718550035919e+00
1.035179425437943168e+00
1.035372244455333990e-01
8.130979058398584147e-01
1.394555017987289647e+00
1.622957794802960985e+00
1.229847039693897637e+00
3.476712498044716715e-01
3.869043982768566869e-01
1.084714909581328435e+00
1.504315165784410491e+00
1.331712527188094741e+00
8.185940213577947988e-01
1.213245855374248811e-04
7.164457358971101364e-01
1.377636030044055770e+00
1.515549903348002214e+00
1.297723950472554622e+00
2.555819422727644286e-01
5.174659810932176196e-01
1.165460462482395432e+00
1.373145251144605616e+00
1.364283317528327988e+00
7.546519108109536189e-01
8.089963268913563654e-02
8.811187432620193327e-01
1.298902754668447956e+00
1.495205687925986293e+00
1.091079223921924690e+00
3.721807023601758635e-01
6.675979530972082632e-01
1.284825406085454480e+00
1.501556710969123687e+00
1.310879785878822812e+00
5.705808101025308110e-01
6.698318824429878859e-02
1.053075589345406682e+00
1.407972188129118063e+00
1.496106089828100894e+00
1.009611199850820595e+00
2.774437345528167342e-01
5.964900946831597217e-01
1.257808513695657826e+00
1.553579026433402399e+00
1.286557158608738982e+00
5.324070524070413368e-01
3.360228618448823368e-01
1.130106244946837313e+00
1.311673987698499966e+00
1.492654076803171526e+00
1.070704100068149645e+00
5.783255437249647940e-02
7.404041430483170316e-01
1.298543789202165399e+00
1.607669175693355212e+00
1.137060683837985753e+00
6.353597923018013960e-01
3.548380452059889389e-01
1.217601824525772924e+00
1.428393077831991098e+00
1.407740725208058263e+00
9.290482436609880379e-01
2.118014027295083701e-01
8.298681602001802826e-01
1.384131720133738197e+00
1.476177575704810341e+00
1.199948498974749089e+00
4.473985356246412137e-01
2.821632725341179926e-01
1.223110584313960691e+00
1.476266370123771710e+00
1.406840719992910493e+00
7.330399062728341075e-01
3.466620562339571554e-02
7.876221121456248309e-01
1.338891023467028596e+00
1.662237119580179723e+00
1.196689636457638706e+00
2.929693508933319257e-01
4.624476437961793085e-01
1.182728861919971619e+00
1.544519219884556094e+00
1.334015801995079853e+00
8.097970012543769247e-01
1.826144376909573375e-01
8.853740869371767852e-01
1.398871135194611037e+00
1.604060271445034491e+00
1.166514395621002453e+00
3.052294364977517493e-01
7.137853039686946621e-01
1.113283013726685811e+00
1.661275937846124373e+00
1.323725430924826085e+00
7.185502363296371042e-01
1.067813747082775599e-01
9.283385270798510946e-01
1.429284183586135404e+00
1.542098343775744729e+00
1.083088502853009283e+00
3.302351812988880142e-01
6.805391998136098852e-01
1.305260621877248894e+00
1.417491659141109306e+00
1.468940528867503037e+00
5.906260387991109084e-01
2.965606270595169125e-01
1.090691068876283421e+00
1.467280405982134939e+00
1.546977441482259019e+00
8.670365657924195002e-01
2.509043577361005362e-01
6.833296092533515109e-01
1.308185399439793617e+00
1.364649143341641446e+00
1.336519794963116681e+00
5.208374938416577837e-01
3.178465990644824268e-01
1.195971807060497438e+00
1.572684657475197811e+00
1.301051884992536101e+00
7.973704929205731595e-01
7.114996770256491743e-02
8.332366958525888601e-01
1.390298021911480664e+00
1.599970436869446733e+00
1.166055322896450974e+00
4.956814190443800672e-01
4.813580850992589810e-01
1.146585353451859746e+00
1.642625786221592943e+00
1.279720887933637252e+00
8.725550539647232151e-01
1.225763296614804931e-01
8.414412104001455228e-01
1.280765974582558142e+00
1.477985698847178009e+00
1.127998572342891359e+00
3.576678981062724749e-01
3.949792924212122136e-01
1.143094698279159438e+00
1.465099350279567281e+00
1.353719142828670341e+00
7.485163197038429139e-01
1.745841202587549157e-01
1.059939975265961953e+00
1.378920638567987522e+00
1.559305832938982839e+00
1.084535559411266448e+00
2.891660653010214577e-01
5.426631637723313695e-01
1.379906781880278155e+00
1.409999504585673913e+00
1.354142106495030973e+00
6.244619548625922612e-01
1.634935946205303137e-01
1.082241004327655354e+00
1.383807056673239666e+00
1.518756058705567735e+00
9.435412770089093293e-01
2.496246739686780458e-01
5.303307587674361834e-01
1.188113594693015029e+00
1.549700208512489352e+00
1.250029719597071765e+00
6.563320613216229171e-01
3.235951817401375163e-01
9.800611689731720810e-01
1.526914535520916383e+00
1.380332141751586361e+00
9.240171118149239637e-01
1.150552818092620000e-01
6.164579065748684306e-01
1.254909319171536586e+00
1.503884406288082731e+00
1.274871056778746015e+00
4.005319234385740779e-01
2.866451805782400108e-01
1.142941877243594417e+00
1.292385575362462014e+00
1.411065833943125902e+00
9.678620961386955601e-01
1.295279693198222171e-01
7.776856790140117548e-01
1.361737395877459900e+00
1.433193477898368817e+00
1.091779424866460513e+00
4.260528046236198296e-01
3.779582923727572430e-01
1.125125510299120446e+00
1.518760520812313164e+00
1.428147831806050316e+00
8.022204035392874744e-01
1.205809136855990893e-01
8.283457906955044026e-01
1.425021907509693042e+00
1.602874419581885368e+00
1.175788743484588617e+00
3.933964979611555557e-01
5.190405068212067263e-01
1.174301899354467604e+00
1.667651678505583046e+00
1.385700496731998133e+00
6.775689400486976099e-01
1.329399402723030477e-01
7.371937819546553472e-01
1.342907673506001931e+00
1.534015374254370290e+00
1.139145562043245574e+00
3.281620078568340260e-01
5.673073032186632947e-01
1.290616933289848500e+00
1.553577614034340915e+00
1.162361117523266207e+00
5.646758320263697284e-01
1.270508638786175815e-01
1.089473395687843071e+00
1.485143672473760779e+00
1.448975086684020752e+00
9.236747062010324250e-01
2.055106163747499881e-01
5.779378567481703310e-01
1.282346395330718369e+00
1.538459268343307151e+00
1.247546117717827086e+00
5.811055801570396140e-01
3.324365127243736340e-01
1.072192873673930125e+00
1.418464094994454028e+00
1.407786539975377726e+00
9.836029257413156923e-01
1.448770187210718652e-01
5.431621497926780728e-01
1.395269473163879059e+00
1.443861021586440918e+00
1.177075144780377114e+00
6.254575556379922130e-01
3.017531600930107305e-01
1.157067770935517714e+00
1.498908876902727227e+00
1.514567714868153558e+00
9.158711909723610267e-01
1.195706663263041911e-02
7.855064985424923263e-01
1.471903252894472880e+00
1.422727197120087883e+00
1.280429498935644839e+00
4.935336883346369552e-01
3.409151181808734998e-01
1.212238328775941509e+00
1.629271174836223190e+00
1.436662364654620383e+00
7.373625996963849571e-01
1.621331305092578098e-03
7.749083978526600802e-01
1.396429820943779543e+00
1.427561491326063248e+00
1.097303485797949119e+00
2.834456394821961989e-01
5.348897724006977938e-01
1.239867801389729962e+00
1.351766738865428197e+00
1.359220059305863870e+00
6.777213504029988567e-01
6.611063747971537841e-02
1.002306701519055432e+00
1.381294437477438741e+00
1.564747968787433496e+00
1.151580339761670402e+00
2.036737395074109946e-01
6.504512647806054426e-01
1.334911450267032285e+00
1.430115885427612366e+00
1.218751425274786859e+00
6.489017556723707392e-01
5.384879049033512721e-02
8.210037297515397903e-01
1.447458500994619923e+00
1.507690752468162865e+00
9.374065990018998207e-01
1.932266645840677310e-01
7.135467324455553317e-01
1.279313619802913582e+00
1.507415809543090290e+00
1.256526442075822647e+00
6.481861604799217247e-01
2.968306198027287346e-01
1.133317991149802806e+00
1.329642720288159774e+00
1.455602599904573857e+00
9.611091787235821471e-01
1.829983749385779290e-01
7.058336838556993342e-01
1.211373363256527336e+00
1.556853004194538093e+00
1.164041119499827914e+00
5.976881694884003116e-01
2.562322618767695070e-01
1.059086991821273749e+00
1.567410165671839550e+00
1.520020788381662546e+00
8.040980364150367432e-01
1.277566327564864657e-01
8.018049870886170272e-01
1.464691118272996917e+00
1.465630799272486851e+00
1.180624854197999340e+00
5.501536382807177272e-01
4.668714847081658070e-01
1.082002211054301277e+00
1.559262478006343988e+00
1.247423888467466435e+00
6.716039710627723647e-01
1.384158808693578824e-01
7.427780793824492189e-01
1.341887068678391914e+00
1.551258731436890415e+00
1.165412803722669199e+00
2.864224089256640071e-01
5.511269015147265415e-01
1.233998939942457351e+00
1.698810980240657686e+00
1.369282105156105489e+00
8.126449996718619895e-01
2.106261195217490056e-01
9.918235021041632571e-01
1.444688450445109407e+00
1.360257729358905987e+00
9.734488325504370154e-01
1.875174630316573110e-01
5.378796759386443860e-01
1.271029115600826653e+00
1.541734800227396285e+00
1.260751171772942048e+00
7.632246467363029696e-01
1.914945789843547908e-01
9.890285333589633465e-01
1.479752375916414397e+00
1.340809884437413668e+00
9.835340696336849486e-01
1.938640170201891277e-01
5.293278804418020123e-01
1.286781466555442455e+00
1.529699991599126951e+00
1.317107107932649068e+00
4.660180164260557256e-01
1.692682457612025293e-01
1.063754237188121898e+00
1.438216597845721534e+00
1.375503988783786991e+00
9.351399577943469987e-01
2.567664431334249486e-01
6.112029985412952282e-01
1.275014636541920376e+00
1.558091324448153348e+00
1.217627457331807106e+00
4.675116193005570686e-01
4.330983507528862742e-01
1.160289025658128192e+00
1.559952553344106096e+00
1.392488414760479021e+00
9.924940441000453806e-01
6.127532746095504246e-02
8.348205290101148313e-01
1.472391706719557769e+00
1.515597073722753096e+00
1.117118035107148799e+00
6.362255634887341582e-01
2.601820217525570578e-01
1.202698061434283261e+00
1.567426125392020309e+00
1.337068051129373325e+00
7.806186122139467942e-01
1.348598728353057330e-01
9.365886037730607461e-01
1.503324681581306832e+00
1.393093484176265218e+00
1.078085981561519802e+00
2.748398075065915380e-01
4.807023518522212102e-01
1.427976748129909268e+00
1.298946669595730130e+00
1.334095139566633392e+00
7.360919608563989414e-01
2.764019060705902656e-02
8.557081211008720212e-01
1.555629404216742229e+00
1.475004246083613024e+00
1.070518665682481441e+00
3.057811048476339888e-01
5.460995308420425465e-01
1.223205344251479199e+00
1.522747021473805917e+00
1.442230085552982599e+00
5.859657471087795777e-01
2.167181161016115409e-01
9.536790754587991525e-01
1.346786453140799367e+00
1.556405327489853496e+00
1.025067228587033918e+00
1.644863567172444585e-01
6.781643391890858075e-01
1.414413689221809767e+00
1.566228346946947125e+00
1.170989340268319356e+00
4.726097378743692179e-01
2.474136377282624977e-01
1.158726936779402861e+00
1.469068892991277187e+00
1.342518481388728979e+00
8.733274909396750996e-01
1.318183724248816469e-01
6.090602324755868269e-01
1.262955374795790897e+00
1.653400541717150229e+00
1.294070326086165457e+00
4.296076294767649517e-01
2.910041465891213264e-01
9.671864306254357446e-01
1.516976796159850815e+00
1.382027430078441199e+00
9.388402779173604662e-01
1.092908554995738676e-02
7.124948751749028419e-01
1.378708369864846794e+00
1.458414505861171051e+00
1.062873577911273015e+00
4.081594519306079860e-01
4.217253352345815554e-01
1.183594967905070794e+00
1.443137850380367349e+00
1.328906518971392225e+00
8.251664065637075440e-01
1.277594367444329915e-01
9.420689060938466364e-01
1.526362147525114787e+00
1.435447676692074070e+00
1.084157639812254326e+00
3.001405690963478978e-01
4.283695220067476050e-01
1.219578574428303863e+00
1.584100139726515977e+00
1.356729908902901016e+00
8.285411425758696380e-01
2.554208044872700589e-01
8.407492456903518097e-01
1.262062753479477495e+00
1.562444057173680401e+00
1.250835168422222088e+00
3.716779120662100366e-01
6.250532617544679592e-01
1.285296916157722347e+00
1.413925851316191862e+00
1.328360766555423567e+00
7.835244663626690365e-01
1.274601956274927506e-01
9.017787500317523408e-01
1.503783235317861955e+00
1.320653252119292187e+00
8.077090633974586265e-01
2.008236675049422104e-01
5.685625267511715819e-01
1.491779916574305753e+00
1.460982784205838270e+00
1.258166764275912897e+00
5.478323695133149318e-01
3.311583973666346603e-01
1.024098795650625560e+00
1.538090943067607519e+00
1.459925792539584988e+00
8.328118783117733903e-01
2.064677978395507152e-01
7.369541545223258217e-01
1.407512836363745690e+00
1.661871283491390017e+00
1.215175264530806487e+00
4.317951455620840928e-01
3.137833158896379815e-01
1.179645547280789852e+00
1.478832404615340712e+00
1.401458987524398569e+00
8.832657195105543257e-01
3.756696583920318688e-02
9.259133072958680710e-01
1.451861299588019794e+00
1.457950741985988063e+00
1.102223362956683106e+00
2.833928020874902920e-01
4.347092139860932458e-01
1.144098596943699198e+00
1.571441656665938824e+00
1.315061334911680424e+00
7.693659485260916364e-01
3.006525298061982557e-03
7.918680836569731429e-01
1.415984716185763936e+00
1.402654569202597568e+00
1.051647089673748869e+00
2.695404453382199139e-01
4.962408200209551534e-01
1.273455501439280102e+00
1.545724837755860115e+00
1.354722074852946267e+00
7.330842399957444577e-01
4.312856276244512316e-02
9.360040509698938083e-01
1.559544556412638006e+00
1.587392995823272424e+00
1.102586269047056255e+00
1.153083782445829819e-01
5.866360574619050583e-01
1.367007287287763218e+00
1.505430147459345225e+00
1.229401403574474250e+00
7.534166800432597899e-01
1.835872267730498941e-01
9.144520251898206054e-01
1.408771726064979024e+00
1.471714456537692506e+00
1.122757189973042857e+00
1.585820664892268195e-01
5.566903011582872152e-01
1.229329282966802328e+00
1.467846676459580335e+00
1.345605805484528572e+00
4.729273573361729710e-01
2.487832061302552578e-01
1.020695845950278402e+00
1.546371258666374704e+00
1.272222936787440917e+00
