# {'window': 13, 'level': 0.9668808651893177}
1.803454159376877142e-02
1.281025635286144215e+00
1.218251471987662038e+00
3.056268322221779576e-01
1.512059105508161139e+00
1.027456970232131228e+00
6.141915315840491552e-01
1.641104359009741387e+00
6.874996421030730165e-01
1.035766774110935762e+00
1.583649757916550493e+00
1.119707155302556434e-01
1.163028103336610330e+00
1.281342048461834526e+00
9.185995638594515178e-01
1.507645186272375426e+00
1.060260655522134998e+00
4.463478742509059960e-01
1.654848695836554251e+00
6.951823240788526093e-01
8.347217397821143914e-01
9.858376839845366391e-01
3.001008789479732153e-01
8.468426377407116679e-01
1.572358326858955158e+00
8.064836918698677082e-02
1.203355495973023714e+00
1.404585299535061393e+00
3.178340922370269106e-01
1.310473624221384803e+00
8.998920774609224793e-01
7.155110075122189661e-01
1.340785902370983607e+00
5.993872533142942105e-01
9.804139922694887765e-01
1.429910497505858302e+00
2.996217195442141823e-01
1.140943604738863693e+00
1.375483011579275328e+00
6.114734587708498675e-02
1.433147014937920627e+00
9.667515970391806768e-01
5.306659264381771157e-01
3.520541537857844322e-02
6.512159460102703301e-01
7.756159765533185979e-01
1.479593549784426587e+00
3.426286276101806472e-01
1.106663603727010781e+00
1.445071050766536747e+00
1.610684898454890768e-02
1.098585490214116334e+00
1.289013977116345799e+00
4.664741089647345129e-01
1.339677931927437449e+00
9.939001963291400621e-01
9.180927535085251501e-01
1.510201684264233624e+00
6.178308010068105371e-01
9.962808598490554557e-01
1.495762382673091251e+00
1.180725894264364612e-01
1.153897602810871836e+00
1.131676445471629933e+00
2.005443431536835242e-01
1.430727161593192687e+00
1.202425110545978670e+00
4.406565433104768781e-01
1.486578079298296107e+00
6.337226202119780050e-01
7.142152435810938949e-01
1.540808121795414820e+00
5.829739134323785876e-01
9.822312407644393506e-01
1.361808312725620196e+00
6.774638522193121570e-05
1.331598978331730132e+00
1.244932915369147963e+00
3.292939804131290726e-01
1.365177620391329061e+00
8.887961216051645241e-01
6.706882509797189584e-01
1.643428108836388013e+00
4.701299779099971099e-01
9.784045389554524297e-01
1.337960805644397455e+00
4.578533898230526256e-01
1.234147326425485858e+00
1.255006647812693998e+00
1.961910898634346145e-01
1.264687902441441469e+00
1.025787382017568028e+00
5.382106658669315591e-01
1.487132032786772529e+00
6.351498151981849194e-01
7.406650760220743202e-01
1.434908909949861977e+00
4.299123914179615591e-01
1.176387554090639220e+00
1.160397918724971111e+00
2.205584470105693695e-01
1.292061141138979963e+00
1.005389059183766864e+00
3.401225845539901926e-01
1.398640401268899991e+00
9.888714897232904200e-01
5.784361142436448278e-01
1.350970737130370303e+00
5.902715591203901990e-01
1.090733677183696404e+00
1.532484473739549768e+00
3.070686115461240817e-01
1.208352538025811995e+00
1.179888362102566646e+00
1.204757742048509633e-01
1.310024605750584437e+00
1.097884927880177663e+00
5.432561083983253880e-01
1.508951160760842347e+00
7.185781242320269380e-01
7.769489789947106040e-01
1.610555614570969629e+00
4.804015096297560294e-01
1.046108928632528023e+00
1.300085015790372056e+00
7.172076461765571065e-02
1.360024786226166071e+00
1.169489089872256748e+00
3.615808372364844869e-01
1.529602613370388831e+00
9.492545647556945854e-01
7.281833617833568528e-01
1.559861121499434011e+00
5.470058345452787352e-01
9.234241224827800520e-01
1.428260034015895519e+00
8.937051711329928594e-01
1.240746870216750120e+00
1.416331534977081086e+00
2.933809249043111689e-01
1.429803828442437252e+00
9.624118371099815716e-01
5.070970260893000736e-01
1.458289102968384210e+00
8.408625998098440135e-01
7.662101702824524185e-01
1.478381385017705663e+00
3.630358494181109008e-01
1.183964773089660749e+00
1.282501783465326950e+00
9.565878495531587866e-02
1.156505521898347100e+00
1.226157080100009455e+00
3.349785147920376072e-01
1.425909756373962445e+00
8.628203153040333584e-01
6.099285979219137843e-01
1.489150417261826842e+00
4.926521354685232668e-01
9.585521233665003082e-01
1.540233506837536348e+00
2.113732283858596461e-01
1.096399477347233864e+00
1.355614613008635727e+00
1.243532038787390215e-01
1.303247175143262160e+00
9.361326247609564888e-01
3.427856139368413713e-01
1.407851187088998923e+00
7.594634978750980370e-01
9.271131096815257155e-01
1.523137838464768468e+00
4.023786856715469984e-01
1.121326835453825943e+00
1.427226694233290294e+00
7.104027520216711633e-02
1.395047883740944128e+00
1.333644939108824756e+00
3.214071422072108386e-01
1.202306991718739893e+00
8.478476842644927514e-01
6.744091819266315735e-01
1.604817780758516221e+00
5.402007839335258854e-01
9.917881555852793296e-01
1.357352144466678290e+00
2.013713383211424568e-01
1.260935304165354820e+00
1.401302590531783299e+00
1.134098426681118821e-01
1.339316347250107953e+00
1.096258748619242329e+00
4.891680639969190336e-01
1.450295265340816320e+00
8.149317708423885476e-01
8.634206854736061754e-01
1.334916542167709164e+00
3.186099628072433521e-01
1.038981241473807549e+00
1.375402189995132973e+00
7.047797702470862125e-02
1.363939003002292205e+00
1.279846366606616881e+00
4.315382143283232330e-01
1.530593842961272655e+00
8.665805479307305825e-01
6.844446468326180755e-01
1.502853510715137730e+00
6.959590360907775830e-01
1.029042594454387949e+00
1.639007407236423353e+00
3.022285522786996581e-01
1.184371018692673472e+00
1.327442774033084305e+00
2.055233424399098563e-02
1.426851267691894964e+00
9.950238955651238282e-01
4.398706436072851722e-01
1.471070892514232398e+00
8.009357203520478530e-01
8.387695563580762625e-01
1.464191115332087456e+00
6.019470397712529675e-01
1.179386950325282735e+00
1.463815339841416430e+00
3.897402377059772105e-02
1.343121031639755047e+00
1.238590738086973175e+00
3.058450242179234224e-01
1.535536318574191927e+00
7.879970993764258136e-01
7.632638108742073602e-01
1.361338062319566333e+00
6.749473130070255955e-01
9.652152661025569236e-01
1.492116080822844193e+00
2.002935840157438474e-01
1.203539312811074513e+00
1.407900495346624981e+00
9.857508457124140866e-02
1.452935408426691444e+00
1.088364862591236104e+00
4.232971885707415560e-01
1.486646803721646704e+00
7.306504249801191175e-01
8.467597487083327046e-01
1.439730051239880515e+00
3.180817497428830021e-01
1.010659897273085583e+00
1.286599467049231560e+00
6.513806046809136885e-02
1.236869052604854913e+00
1.106647747406782178e+00
3.059639362998522460e-01
1.592549724486243434e+00
7.835565199185962060e-01
7.813669507196858710e-01
1.449586021260848900e+00
5.998561440487236718e-01
1.020072507254782490e+00
1.499522174661068963e+00
2.602063806827382697e-01
1.183709142235166878e+00
1.273356195868760254e+00
1.045382173835767425e-01
1.455513677190019894e+00
1.653412689311647643e+00
5.063296915323208802e-01
1.621228969672775300e+00
7.243013171607787237e-01
7.957271649233438326e-01
1.569626298043585777e+00
5.215138035959495655e-01
1.015937874514163175e+00
1.433887661565574012e+00
5.935133556850514386e-02
1.247620792093826925e+00
1.144941641350929462e+00
4.396817912723581245e-01
1.372442476349686524e+00
8.621396618570199566e-01
6.010369590198119116e-01
2.409528334074760303e-01
2.857525510095778043e-01
2.305118214969327783e-01
1.482189214970002666e+00
1.396408801249369724e-01
1.288150382192333465e+00
1.297337194737710808e+00
2.121109255323629927e-01
3.011761828734126345e-01
1.036155635864955959e+00
4.818791159798173074e-01
1.541510566803880433e+00
8.176163318945591785e-01
8.314980647317925522e-01
1.541185038425849863e+00
3.811665822327162667e-01
1.057657953274312668e+00
1.460904565248198894e+00
2.773474849846541135e-02
1.267212098299973499e+00
1.212462612461080669e+00
3.378203505155661368e-01
1.390291338113293529e+00
1.083296927571444135e+00
8.116599337009393622e-01
1.387861055617445993e+00
6.484375404313355018e-01
9.211891862730530178e-01
1.586234144779786748e+00
2.899024683286335335e-01
1.287452917052494650e+00
1.176704401874753447e+00
2.012717616632612727e-01
1.309998411390646211e+00
1.131847158817264498e+00
4.383481395933036540e-01
1.417661632482990708e+00
6.902804317486107566e-01
8.157536695370628532e-01
1.509349808517232772e+00
4.688256507486064928e-01
9.959470731963722123e-01
1.470738853351871711e+00
7.489712132066235484e-02
1.366586687125687094e+00
1.146417623064874824e+00
3.703915448002519373e-01
1.423915025413124535e+00
9.347067256239764976e-01
6.721172900465499644e-01
1.653106730081866704e+00
6.276283737787068384e-01
9.066104683810498610e-01
1.371332526960692411e+00
3.703819132343317833e-01
1.213642508759120942e+00
1.372016200241745310e+00
2.176228353930352577e-02
1.361302655644543780e+00
1.041559155913982959e+00
5.318570095497733297e-01
1.372412024728706825e+00
7.912037625894869919e-01
8.424854954111257177e-01
1.343680029309789026e+00
3.544825703733096578e-01
1.023214413031778847e+00
1.369677379008866103e+00
1.107339390027089338e-02
1.401899895493188497e+00
1.324584513761278393e+00
2.576524694095030377e-01
1.456820282698340741e+00
8.321945145176673497e-01
7.411763445809929074e-01
1.492138424029008759e+00
4.994172586723738538e-01
9.390879974053752965e-01
5.936821760614544585e-01
1.831655227251251516e-01
1.240122641738515830e+00
1.379903929916883154e+00
1.062889649340737208e-01
1.202576556875805558e+00
1.096166715234959010e+00
5.411974302037277917e-01
1.464825598816533514e+00
8.511439805128809821e-01
8.121690210688820022e-01
1.634788157492061744e+00
5.469558005380532606e-01
1.113868095078017983e+00
1.263141233946267317e+00
1.434809561806635880e-01
1.315092197447832012e+00
1.149746885226066828e+00
3.010901528222860724e-01
1.286578430791358141e+00
7.936656036277492943e-01
7.052327200351445891e-01
1.562321561625365174e+00
6.656000133750725745e-01
1.109104125424975162e+00
1.388940718541266994e+00
2.540348600887332164e-01
1.346819827911413192e+00
1.207813824976714745e+00
1.531377696596156190e-01
1.256815863162887403e+00
1.195613055283242243e+00
4.381648076759482868e-01
1.495071308679189581e+00
8.609905831052427905e-01
7.894991674086873079e-01
1.356978183399568216e+00
3.661473207956235654e-01
1.105893352869247837e+00
1.413673916481272830e+00
1.088924970622834748e-01
1.297916592042962725e+00
1.214177423673735712e+00
2.584601640960793589e-01
1.471793543782360603e+00
8.664921813468879908e-01
6.906238554264619856e-01
1.471086254264939219e+00
7.251731222236119656e-01
8.793187352551278257e-01
1.444699188926954037e+00
2.224169455556520014e-01
1.341017032055222602e+00
1.087543735452511484e+00
5.038714700358574994e-02
1.428694682464133558e+00
1.102934105015493493e+00
5.921711146370375323e-01
1.475475708388367391e+00
9.961265478444770727e-01
8.694508663147509919e-01
1.463125320523454898e+00
4.733004025746015975e-01
1.102897963084046085e+00
1.353479128149417621e+00
1.766572549091559030e-01
1.194456391717161114e+00
1.179554468081146501e+00
3.617433605277380337e-01
1.413270060805254635e+00
1.049874866531630646e+00
6.528525155692352921e-01
1.464534059935993282e+00
4.767063656644980330e-01
7.349734852714169264e-01
1.465359428101904893e+00
5.836594433771035151e-01
1.195764893563328712e+00
1.349704678777001954e+00
4.838606117513923749e-02
1.370061922863754056e+00
1.154464498047063747e+00
3.298481313582294350e-01
1.501303145459810917e+00
7.508594599162425887e-01
8.121646535553177504e-01
1.514796750025218630e+00
4.105919702718917041e-01
1.085734960588160547e+00
8.112505629079633795e-01
9.203856474886124017e-02
1.427914864749407098e+00
1.109075717139184070e+00
3.803163090159564219e-01
1.434605222557143289e+00
9.500141131425259289e-01
6.506663194956048279e-01
1.489208752595042373e+00
6.235604438971094066e-01
9.421741973900722433e-01
1.288776026094583749e+00
4.405793404164312643e-01
9.163366317282820583e-01
1.115869781087438728e+00
1.501014196094180297e-02
1.602990402192915553e+00
1.119991697481329762e+00
6.065605834108744876e-01
1.648817329241249352e+00
7.651575114186516258e-01
8.309964398896182436e-01
1.408244879471159727e+00
4.793994582097406698e-01
1.159798896150618930e+00
1.490616658723313614e+00
2.055316852124937921e-01
1.313089680347679034e+00
1.229456448930627888e+00
2.134072387876879695e-01
1.410192401712587751e+00
9.852928750242362366e-01
5.699488815961241128e-01
1.406141207001553095e+00
6.115444924434652041e-01
1.014839880111375381e+00
1.503167849938279232e+00
1.921079501781496335e-01
1.194669781419465115e+00
1.251643213569807456e+00
2.847335924365204107e-01
1.400785459401054256e+00
9.109359300349979538e-01
4.620473195284658940e-01
1.474284161443400132e+00
8.278549085639961280e-01
7.314415684065966872e-01
1.503342449904691458e+00
4.668418989625774396e-01
9.646980196635441818e-01
1.313370023905752859e+00
5.597773437685441000e-02
1.393829441520578527e+00
1.226809732200847769e+00
1.675192292596847654e-01
1.542129823814436085e+00
8.647962296910415292e-01
6.740317451712803942e-01
1.442900211024732426e+00
7.126756500105091430e-01
9.256543193535480274e-01
1.427815014459219434e+00
1.923460226605129275e-01
1.139256277840347664e+00
1.258384803788319184e+00
2.482982507906214553e-02
1.346425173241011075e+00
8.810146994453466052e-01
6.001070336599766408e-01
1.374850168755328284e+00
6.759729171719256469e-01
7.780293530471673602e-01
4.136442453209139836e-01
4.549197555927980141e-01
1.005391960052788525e+00
1.526189037157521300e+00
3.614312924396891058e-02
1.197565414743726908e+00
1.259388774084879703e+00
4.448610909428816762e-01
1.350180268221516711e+00
9.804882367422130818e-01
1.172828400315702346e+00
1.535582681467996036e+00
7.797674716902278647e-01
1.017040111435009164e+00
1.533105109788883702e+00
2.911713731279152451e-01
1.228467219045334291e+00
1.372357224844497736e+00
1.118196734719242857e-01
1.344755806002527310e+00
1.089484546991130065e+00
4.284442438878072745e-01
1.530458525506886103e+00
8.271790342500910942e-01
7.885604262780950835e-01
1.424100660814126673e+00
5.167728124983308469e-01
1.202174384827604969e+00
1.329719487898846531e+00
1.289103479603346258e-01
1.208400455994384171e+00
1.157372135808468094e+00
4.082590840820373712e-01
1.091359852262703267e+00
8.964708527656308767e-01
9.177531700540955684e-02
1.522185955153730452e+00
6.791303793658445276e-01
9.345072807960957961e-01
1.381653201581280355e+00
2.907483570535721595e-01
1.262159407858056692e+00
1.378420147215722924e+00
5.454716218230178937e-01
1.461403599921444307e+00
1.003980241253433547e+00
3.524118862516485429e-01
1.557173996257377624e+00
7.728981224162463359e-01
7.662065197258941529e-01
1.519294222081166490e+00
4.898159476543944013e-01
1.122836552520538378e+00
1.327926132938842541e+00
1.228374042247730447e-01
1.419253757789499470e+00
1.193256853150431063e+00
1.977897539955469908e-01
1.510602717090201219e+00
9.933977572703970305e-01
6.734626446011178214e-01
1.467888788806251510e+00
4.641232619987671337e-01
1.009417408061188182e+00
1.341078045120050799e+00
2.992781678855667149e-01
1.164260105514827615e+00
1.480130799079315107e+00
3.856011489859234587e-02
1.461021160919223627e+00
1.023516041330400084e+00
5.143752509586503319e-01
1.620870715841983944e+00
7.554570401281081038e-01
7.961930386037047169e-01
1.488678161789098287e+00
4.395019469246259636e-01
1.086380906807344227e+00
1.318916314776393151e+00
6.236757180868937600e-02
1.343096139075598217e+00
1.213968792673448149e+00
2.691577234030054222e-01
1.450265996888846276e+00
7.731361411110577730e-01
5.433073249349870126e-01
1.580624044844001208e+00
6.720920435534705195e-01
1.358575249304855292e-01
1.240999257002388001e+00
3.096365376696845750e-01
1.276381159510892260e+00
1.130327994776554101e+00
8.898346331750506266e-02
1.586201469919858775e+00
9.862892249655256238e-01
3.236200957604675743e-01
1.523729825649293712e+00
7.135137103395025049e-01
8.422706011404178517e-01
1.616261366412401479e+00
5.220842818329652912e-01
1.056418985441462954e+00
1.344615660373007282e+00
3.151138366463711038e-01
1.440124949595897208e+00
1.258715102912099093e+00
3.005712956771641187e-01
1.494693927048082793e+00
1.034301154553546098e+00
8.537726487179548851e-01
1.572939096553608085e+00
5.740629563092184418e-01
1.096278780122392993e+00
1.409437606424375877e+00
3.467765949180953156e-01
1.242682496028052475e+00
1.355277100827328329e+00
1.377862533336388084e-01
1.364566808800560693e+00
1.055065084928186181e+00
4.690746701133832741e-01
1.578676495271751579e+00
1.029236672863926838e+00
8.515178281668693838e-01
1.487128323426565535e+00
4.327115451873335128e-01
1.106771152188553042e+00
1.368390902560522537e+00
1.965446481902402565e-02
1.272962857428346028e+00
1.286714559512170730e+00
3.233671150586945875e-01
1.523724272439836769e+00
9.224405739680249239e-01
6.157543731109573759e-01
5.137934268067938515e-01
4.384891122518508877e-01
9.669493488189910835e-01
1.550106374572412182e+00
1.390821663504382411e-02
1.121901884104101965e+00
1.451920782957512479e+00
4.890238150485501367e-01
1.385873548847583070e+00
1.167042862156578709e+00
3.412937126151045497e-01
1.507495398700375189e+00
9.732873063716270812e-01
9.287564424987104772e-01
1.470435582145362297e+00
3.706293685945171168e-01
1.106315699994141033e+00
1.463672919682790008e+00
5.027484974870844586e-02
1.333950888547167590e+00
1.216779435056027703e+00
2.368405424750333332e-01
1.500640074300669591e+00
1.104472265776493822e+00
7.659553067987858732e-01
1.564297020195009935e+00
6.190659230558577253e-01
9.353567739982036056e-01
1.470675024835462086e+00
3.609411292030146878e-01
1.367492316466798696e+00
1.322641847718286190e+00
1.537358260581830338e-01
1.393832850052180383e+00
3.425815382364443829e-01
4.891548851927163821e-01
1.389582834618050544e+00
9.648477077880293074e-01
8.963219205754622276e-01
1.338778685083743314e+00
7.068556298696379026e-01
1.109491732643069328e+00
1.316556046901334431e+00
8.451440458399195332e-02
1.343642976313127235e+00
1.170106002945187074e+00
1.626474469666575051e-01
1.435504455578463956e+00
9.881552032017706377e-01
6.912166410329361188e-01
1.603547918335764821e+00
6.020226175467514595e-01
9.594530093117551450e-01
1.438382147158148161e+00
2.720828872634465379e-01
1.257734661525410136e+00
3.985540004750400822e-01
6.255198608169417751e-01
4.854480342259779868e-01
7.651511477414741913e-01
2.734954119694574803e-01
1.561687966432368624e+00
9.237702744901669094e-01
8.077984660334565081e-01
1.581840703550858374e+00
3.059366374371124686e-01
1.122138246661342542e+00
1.458656655914314149e+00
6.738277069984935364e-02
1.213236021160244427e+00
1.344587591854204511e+00
4.090025274304728287e-01
1.615192001658920962e+00
8.525502991769873251e-01
7.040972381512884404e-01
1.414731582514117569e+00
6.029358636230941482e-01
9.957549360015348627e-01
1.463596921393295780e+00
2.029578187763558805e-01
1.149966770919672365e+00
1.247527003141329249e+00
9.363792544197399592e-02
1.298815080179453130e+00
1.084723920144710307e+00
4.641422460224190472e-01
1.275880794058204648e+00
7.556930623909964284e-01
9.053017252177674168e-01
1.403699671841142971e+00
4.788161047499310818e-01
1.053143655920484090e+00
1.419797317966779326e+00
7.020408080889088687e-02
1.327883254253887202e+00
1.179597412654297184e+00
2.479960221876614246e-01
1.385592041503874050e+00
1.055940284134725182e+00
7.256629002608283585e-01
1.587300532260951691e+00
6.445550077033538328e-01
8.991544175551586804e-01
1.473922707971248247e+00
2.592095434963183065e-01
1.227625755381661410e+00
1.467535507705765685e+00
2.375815991955604889e-01
6.112517475457753813e-01
1.033516523757130212e+00
3.738286166025494017e-01
1.570653878656697033e+00
6.289197855075280286e-01
7.065878395874369833e-01
1.649560830499357866e+00
3.873901200408353951e-01
1.116817636390199597e+00
1.418076112808695388e+00
3.726012631971175465e-02
1.362952071795753062e+00
1.137498931643076139e+00
4.828276190771682574e-01
1.455370393262118478e+00
8.595229806993545107e-01
4.830142886151517767e-01
1.531323303629220423e+00
5.496157066828438742e-01
9.653029674218164269e-01
1.590303508256517562e+00
2.295643092198922930e-01
1.318719770943535874e+00
1.288533963011190053e+00
5.126982881645297807e-02
1.437332498788054691e+00
1.022159464846529309e+00
4.500663349546656367e-01
1.596974083339416817e+00
8.092814372369557807e-01
7.615708069445482620e-01
1.577209886116310411e+00
4.613969197606651584e-01
1.103999431657008756e+00
1.541419885389245570e+00
1.233321451429765514e-02
1.381818312283752848e+00
1.187401885755252184e+00
3.003698854824011222e-01
1.442581940473822710e+00
7.871577080157209361e-01
5.769400577842951350e-01
3.680788837241989464e-01
5.501749072134826113e-01
9.564487031474784295e-01
1.472705801105026246e+00
9.016636903512614820e-02
1.214537884986197636e+00
1.326845704634965761e+00
1.780202804349634294e-01
1.300056677817227557e+00
1.135981970787898865e+00
6.088142664219134970e-01
1.358234473517933250e+00
9.200472015470571030e-01
1.007481123151840352e+00
1.463680186806188832e+00
3.457446728821950144e-01
1.000271354672829904e+00
1.383600857090893532e+00
1.037168499115330017e-01
1.416500541925858281e+00
1.218850672970820392e+00
3.389287863429667480e-01
5.510495174212889369e-01
7.149748782052887108e-01
6.582553515309785830e-01
1.415116795214541368e+00
4.825050241211478186e-01
9.333417734525821796e-01
1.565183629181017055e+00
1.328661329530876067e-01
1.226483201469690254e+00
1.341753704323017438e+00
2.792400544835733633e-01
1.215213361281543003e+00
1.073244393820697473e+00
5.149551936175892353e-01
1.525064725877417704e+00
7.009769795469356080e-01
8.355413158092794834e-01
1.431107282315496443e+00
5.014359146223132946e-01
1.050008648339755934e+00
1.319030870160230462e+00
2.061680549196815149e-01
1.265139475247597289e+00
1.269469494967188528e+00
1.278788549072325420e+00
1.434526684624180204e+00
9.867804677230648247e-01
7.440051492677366429e-01
1.542625618765916862e+00
4.463457860755959405e-01
6.900742007184561544e-01
1.492442748251297191e+00
2.171244707536487406e-01
1.190665614264410754e+00
1.421448517589876337e+00
3.787237211343707499e-01
1.175044821335228473e+00
6.169357806949173906e-01
5.093490003835136060e-01
1.326071569914639481e+00
8.720952138654639585e-01
7.795029614959793074e-01
1.490117129366883342e+00
4.907328751121257104e-01
1.174415915170341274e+00
1.504143449529569576e+00
2.970836750198221216e-02
1.448663137932775236e+00
3.263275953100197024e-01
2.704622826402766078e-01
1.444222056540861221e+00
1.007854139873162413e+00
8.249993749358609518e-01
1.409803490332416809e+00
5.815741532523720503e-01
1.082240349228664300e+00
1.298978233263676341e+00
4.929261539371121437e-01
1.318588990748162271e+00
1.307331948481053496e+00
7.906682929134670190e-02
1.551641629954353174e+00
1.037081490333729095e+00
4.928266297757086800e-01
1.409854335132350922e+00
7.636748913288412544e-01
8.865988802151658632e-01
1.444883477073136691e+00
2.760974532252071789e-01
1.157889654948667690e+00
1.338512471438868756e+00
1.099050252926006971e-01
7.794762715282974597e-01
1.169808728657003805e+00
3.339388431860457751e-01
1.448343684602215076e+00
9.660023196114072563e-01
6.684326117339978168e-01
1.490285979351936518e+00
4.992069492996755731e-01
8.418893125209854222e-01
1.633418854029326184e+00
2.349507025754802025e-01
1.162625552184323841e+00
1.340737192114150877e+00
2.581744320854117980e-01
1.540062436686190583e+00
1.027511862718992308e+00
5.569293833912668523e-01
1.523552614388476778e+00
7.369533013257030252e-01
1.307993860304365041e-01
1.439173384522457244e+00
4.664126410552269508e-01
1.246315343563235922e+00
1.239566432823656861e+00
1.505123569713866516e-01
8.366124694049955623e-01
1.064411620262196490e+00
2.921968011171394153e-01
1.441527857713784666e+00
8.704097816533016285e-01
5.679131538338617613e-01
1.642931494714874319e+00
5.061700358088839780e-01
9.498540299293021238e-01
1.536152976895347688e+00
2.113590864207618436e-01
1.191107708895100314e+00
1.320137531509720574e+00
1.765233638303808361e-01
1.495783678794337712e+00
1.228026731234396873e+00
4.890059772541671124e-01
1.454600784123951884e+00
7.793593834718977043e-01
7.966908083777667349e-01
1.624115600811221638e+00
4.931883871124102536e-01
1.172741379800534389e+00
1.286757989814911740e+00
2.207628105855335143e-01
1.397159172021413820e+00
1.166663701885232163e+00
3.847158544961818416e-01
1.422519345891916753e+00
9.905573757482507569e-01
6.381740925830809985e-01
1.583955298759439412e+00
5.600165155818340734e-01
9.402230941241324080e-01
1.339043188216486380e+00
3.216575096844956905e-01
1.172889308037063483e+00
1.353196792516759395e+00
1.378727932037933368e-01
1.300735948092552219e+00
1.236848943877852269e+00
4.175893266083943178e-01
1.655065018063109683e+00
6.880554169314654356e-01
8.636073743612121545e-01
1.493669189499722494e+00
4.926011719628873298e-01
1.156738695285342899e+00
1.394156404684010253e+00
1.564544221114234634e-01
1.258518712257927552e+00
1.284682305111606526e+00
3.190890604181170209e-01
1.485681349217988112e+00
9.090919289425007932e-01
6.034626426401702437e-01
1.576913299885511544e+00
7.636903945625833634e-01
9.266600893545029471e-01
1.374078731925524544e+00
2.418892807738599049e-01
1.072568482348525754e+00
1.424900028170740018e+00
1.358616348127272000e-01
1.466259564478404220e+00
1.154521560569530259e+00
5.141432420838052408e-01
1.401216666519713216e+00
7.046355570173118421e-01
6.789011749909545923e-01
1.348123372961641808e-01
2.398351047943283743e-01
9.280002095640784709e-01
1.670961941890053648e+00
7.643738714850212279e-02
1.167000957273360173e+00
1.337180449104095503e+00
3.752098095476707473e-01
1.404169202321468690e+00
1.069390218129385506e+00
7.052055053948887986e-01
1.028910765076805761e-01
4.834365108529343202e-01
1.037218888773948411e+00
1.616065129912988452e+00
4.266079684959882268e-02
1.226551792281718622e+00
1.363453045970915101e+00
1.598758518492928160e-01
1.283642472976713522e+00
1.348373501132382968e+00
6.350716477754727585e-01
1.383452861180746618e+00
9.285966070195057487e-01
1.045160781140515471e+00
1.544412804314982290e+00
4.176355244765290742e-01
1.068212970502902648e+00
1.390090252622265821e+00
4.561362761841373376e-02
1.321809212607333972e+00
1.308929943569791199e+00
2.999738429333129730e-01
1.458602129079835663e+00
9.448169278932897486e-01
6.400788815493569928e-01
1.436919819016972300e+00
5.060842668038598724e-01
1.091441065298308422e+00
1.483165102561087689e+00
2.431248033633906791e-01
1.158033352376010905e+00
1.238858986077782554e+00
7.506556232493456771e-02
1.467947446051509841e+00
1.147427278976882681e+00
4.803933476575630301e-01
6.014611637099918084e-01
6.992317408507363607e-01
7.489339917787880552e-01
1.540024198320435245e+00
2.991075809998902657e-01
9.721008956194365780e-01
1.438954764621511506e+00
2.469770319053395113e-02
1.235771338800094377e+00
1.189894655674590185e+00
3.113898797863366430e-01
1.419729060084067962e+00
8.278697397753866927e-01
9.010820267207656498e-01
1.578754283708104111e+00
6.058416419437286926e-01
9.873805670259423461e-01
1.474270346531340481e+00
2.310637815657715088e-01
1.145234214430869812e+00
1.331465699833297656e+00
1.638164317436136275e-01
1.468965852882811784e+00
1.203277289318933629e+00
3.681468176202175036e-01
1.466758031661898887e+00
8.025930078774841103e-01
8.216649068784720455e-01
1.456062515661717960e+00
3.059820388643851863e-01
1.028608347609926144e+00
1.470950305855530660e+00
4.611685790045123856e-03
1.221720275571950953e+00
1.193696280966903167e+00
3.097435621160796182e-01
1.477366369706866633e+00
9.420245274903132904e-01
5.587830388632086809e-01
1.436089917306027974e+00
5.279722083758087159e-01
1.019935158124401609e+00
1.451227965417699162e+00
3.242986212087951570e-01
1.205901295989537880e+00
1.338512971865358780e+00
1.241523510178761669e-01
1.238720797630024295e+00
1.037067338411955086e+00
6.135784066237628398e-01
1.378956936063591376e+00
7.613777152018075256e-01
7.980865955848717164e-01
1.485543552036725057e+00
2.547324569936383343e-01
1.056041314750773008e+00
1.439444094742999836e+00
1.354033925584889955e-02
1.299337124279390521e+00
1.316308150608577865e+00
2.033091635382086593e-01
1.533914237819107296e+00
8.752795948053252451e-01
6.842974091310096707e-01
1.477325612856844161e+00
5.574016062867096499e-01
1.008794022788495059e+00
3.212752492747430466e-01
6.432578050583219742e-01
1.187278786805118003e+00
1.450605087798974013e+00
3.065659702599577430e-01
1.365766699802499540e+00
1.158442606741957537e+00
6.255907488359512270e-01
1.358320420691933483e+00
8.124389539876835098e-01
9.589221813086645785e-01
1.477915265642850473e+00
6.142321250593185678e-01
1.261810204326986540e+00
4.967096100907118783e-02
9.396673881159846309e-02
5.038114194398524148e-01
1.243528071898760468e+00
2.519538645033879143e-01
1.476807542834529530e+00
9.557878117795428619e-01
6.531692268912602239e-01
1.451086847910041833e+00
5.966714449657124497e-01
9.780359278483051755e-01
1.312089458725449020e+00
2.612080384493518648e-01
1.234686607494055899e+00
1.388917678968578207e+00
2.119245142676823568e-01
1.500231722490255937e+00
9.185121092871529891e-01
4.578896289985865953e-01
1.457833793864652616e+00
7.280785776387201924e-01
8.694082678270187436e-01
1.510421168696405525e+00
4.748278242265578930e-01
1.240210174750199235e+00
1.484721378214764131e+00
1.008569934229734399e-01
1.337680978967290768e+00
1.119551658520375526e+00
2.667405221714777008e-01
1.546379505578880265e+00
8.479826055801831242e-01
7.066135127743522482e-01
1.555430274590902995e+00
6.406873972900708480e-01
1.048365206821679330e+00
1.409028859330063721e+00
1.638953253801397614e-01
1.301420390770349433e+00
1.248467740254606717e+00
1.317361935490538594e-01
1.478547057534286946e+00
2.302496904597817751e-01
5.795195960272627733e-01
1.333871971924245781e+00
9.439835343671572065e-01
8.325994767751508929e-01
1.439833647515570192e+00
4.469087428367291004e-01
1.345147561991677509e+00
1.332010615484038540e+00
2.282217398822584398e-01
1.262817543580688318e+00
1.219210419472690266e+00
2.766762383002660530e-01
1.424516391632765222e+00
1.024543745912504189e+00
6.100279679621043449e-01
1.437592596737190753e+00
5.818012677671557942e-01
1.050170926231640323e+00
1.417218772655935155e-01
8.585247812587862293e-02
1.122268715144415285e+00
1.345950575544486050e+00
3.328172368384779700e-01
1.330830856746119117e+00
1.138420943601272661e+00
5.959975208731188578e-01
1.275824150517676614e+00
8.443152173811712125e-01
9.848823247815708948e-01
1.352789374113664955e+00
4.440435633848001662e-01
1.234933845484594173e+00
1.490346006298367332e+00
6.970537296055757948e-02
1.303708199466132367e+00
1.235494625265759261e+00
4.136617250443090921e-01
1.477721052003069024e+00
9.427904544264682496e-01
6.240815456495260038e-01
1.700674062193934688e+00
6.377027657678138173e-01
1.103389630083722484e+00
1.554831285994918932e+00
1.432688008615256581e-01
1.325183885389995764e+00
1.434340880678398600e+00
1.404820111749026101e-01
1.394653256007968301e+00
1.093122813339541644e+00
4.445095838058830129e-01
1.489833806898619883e+00
7.481487217869001727e-01
7.598968693968632948e-01
1.409323185916947940e+00
4.539752423171635742e-01
1.176337383423398775e+00
1.519208610624388500e+00
1.755730759239108041e-01
1.252912527101406992e+00
1.138105930014165490e-01
4.074324359445772314e-01
1.311377513329233579e+00
1.037911349188234134e+00
7.115418385322088701e-01
1.505858832430700955e+00
7.074468225808707711e-01
1.263997587313656190e+00
1.399538500241156447e+00
3.810456477331067848e-01
1.261371979012205324e+00
1.308189260067832649e+00
5.509874545146573044e-02
1.595139082614490000e+00
1.154700431966748875e+00
6.178774155488389042e-01
1.537059609424638706e+00
7.368328628355552690e-01
9.733240710927533179e-01
1.528258895054416255e+00
4.200793686142645922e-01
1.036167917629660762e+00
1.483771727082845215e+00
1.577105922114319658e-01
1.265574669786770912e+00
1.083928816364728931e+00
3.711231672829222172e-01
3.663962426451179977e-01
9.703153500546748411e-01
5.604143415491473768e-01
1.574889854024677849e+00
4.508039495472953573e-01
1.041475971441101489e+00
1.538089395986998786e+00
1.488384464581435640e-01
1.225771407870994700e+00
1.296087063734080003e+00
2.008661097258798434e-01
1.176550059386234359e+00
6.475949902909389211e-01
1.211495878855783248e+00
1.399542225342219615e+00
7.892402990940964314e-01
1.090041842760826329e-01
1.387141027537463822e+00
1.513885325938029602e+00
9.658696267250171941e-01
1.440789580892134492e+00
9.173845429673702090e-02
1.346810673076835885e+00
1.364298970833700109e+00
4.299100546711029369e-01
1.318662710026164753e+00
9.939129908710065964e-01
5.575072616612152254e-01
1.440970593749438367e+00
6.819655392849615083e-01
1.051250954171120799e+00
1.365505464467252184e+00
1.799935034298370540e-01
1.139721279426014977e+00
1.217209136403562875e+00
2.133788970399507767e-01
1.430687350862103413e+00
1.102826917492711223e+00
6.410149438680875500e-01
1.684477337260393837e+00
9.741727657061742818e-01
8.594592959956730560e-01
1.523705030611446132e+00
3.900515220242664616e-01
1.051720096629555012e+00
1.307156886541899876e+00
6.777362442221276928e-02
1.297081299339201355e+00
1.158203856684072219e+00
4.014737026849391488e-01
1.556975479480694480e+00
7.741139129478262770e-01
8.402710867550933216e-01
1.508802762910292916e+00
1.427461021728063661e+00
8.409466460881719341e-01
1.372060953915364978e+00
2.413921275793843579e-01
1.076783268542274241e+00
1.263390442323180984e+00
2.255784557023276238e-01
1.329535731167432733e+00
1.106304905168155273e+00
4.822701929308688129e-01
1.420363580070298948e+00
8.166773754001473984e-01
8.306180730972259063e-01
1.396009428387640527e+00
5.016142809201626918e-01
1.183557219476101263e+00
1.395635709972202765e+00
5.687556188033836974e-02
1.345948988450018646e+00
1.160364931432702695e+00
1.598248531290918095e-01
1.502673667634835786e+00
8.198534451243062460e-01
6.166067130594291568e-01
1.379412407571103616e+00
6.078399666824929604e-01
9.465583691716306092e-01
1.473369940370152342e+00
1.904675553705778290e-01
1.218211468258804997e+00
1.273667456547791010e+00
4.349034776733765040e-02
1.385089681389650274e+00
1.059083880343221651e+00
4.315586513536964763e-01
1.376925297404925086e+00
7.121676814141274514e-01
7.582297015894720049e-01
1.495290088356650671e+00
4.524553960252443718e-01
1.067792065580678518e+00
1.362503396740440298e+00
4.084997404554154693e-02
1.275338926148537277e+00
1.154637463940057174e+00
3.322318042251745096e-01
1.428908139792179011e+00
1.027933367278504040e+00
7.931342865567698741e-01
3.454945949073218725e-01
5.214462676087792126e-01
8.510682911380507143e-01
1.388203493826036361e+00
1.207974656984149020e-01
1.232467924179228458e+00
1.400448883603027772e+00
2.140359775152684829e-01
1.273223682937235424e+00
1.291043848063499588e+00
5.177016465004689039e-01
1.356701423101483561e+00
8.048440984002582788e-01
2.226293491479491571e-01
1.371567763511719384e+00
5.111972209087234376e-01
1.282871040442351340e+00
1.402465727042732313e+00
6.488302460447872844e-02
1.429181684737841795e+00
1.080543300301916920e+00
2.240475406070320807e-01
1.555657725699099103e+00
8.169420663076593092e-01
6.046351884307391567e-01
1.410972772272806486e+00
4.401720483049929578e-01
9.591788897332275132e-01
1.439235910435282095e+00
3.174990736202386588e-01
1.051610722015936750e+00
1.442712771980311448e+00
2.654066351138154034e-02
1.393621420166189395e+00
1.030612546795479423e+00
3.352066887224774416e-01
1.528437733900438689e+00
7.293049535394199312e-01
8.836997703010163185e-01
1.575110616392949359e+00
4.630529897938803208e-01
1.069030773838097303e+00
1.361349022719676505e+00
2.891701311715320216e-02
1.298276409574877110e+00
1.243385228831836553e+00
3.055414560594145179e-01
1.527818303110687115e+00
1.071237746972409699e+00
6.707438794758201484e-01
1.482962344122363607e+00
6.415939459099746500e-01
8.887159866510830897e-01
1.534171321064382365e+00
1.785448882176652319e-01
1.282214681170129156e+00
1.409605308264261225e+00
6.373833604499951067e-02
1.507774592108273248e+00
1.083032877065133626e+00
5.145394884909962885e-01
1.506711764578062995e+00
7.423501734119856144e-01
7.929779764522041363e-01
1.394867691296601375e+00
3.917410706405149989e-01
1.184146096876759646e+00
1.343800561332889609e+00
1.304331242008851532e-01
1.380660023115716450e+00
1.022759626796543087e+00
3.446920973794458387e-01
1.514062010169957118e+00
8.327156026626638674e-01
1.068455717098789393e+00
1.477458977982265109e+00
6.774626649900916675e-01
1.030221049213371209e+00
1.350721718736236587e+00
2.686435493846655032e-01
1.157266990843511811e+00
1.315532406157475354e+00
8.532911707005202961e-02
1.302527924397136827e+00
1.131390342667784266e+00
5.740832456499052050e-01
1.312612618635684791e+00
9.639044853424245662e-01
8.842156251987132176e-01
1.612041377150169374e+00
3.321131650505472765e-01
1.018538609825447416e+00
1.414344711731652104e+00
4.956873412945123070e-03
1.188560058317402524e+00
1.253310461975805534e+00
4.362540500299595392e-01
8.492791652330433649e-01
9.258313342944323177e-01
5.542080060739285052e-01
1.613322367760651632e+00
5.665086588956225189e-01
8.158501260971647850e-01
1.452476264520046634e+00
1.949737473196927195e-01
1.022148689553990186e+00
1.312253532777619469e+00
2.482986943928771340e-01
1.413305920878983546e+00
1.057941300877585755e+00
6.961096189326295702e-01
1.473479370647554854e+00
7.622904753172942138e-01
8.190271684247489858e-01
1.525271749201914551e+00
4.796117067662138966e-01
1.186038820102650160e+00
1.369778606455151149e+00
4.955748757806212601e-01
1.397106740023418059e+00
1.073495199669406874e+00
8.427110863710569610e-01
1.427232848186687386e+00
8.623487084195922137e-01
4.803390780453828945e-01
1.616017110795974210e+00
4.769173719306684101e-01
9.694073711946527006e-01
1.391723298201275494e+00
1.802242465064426979e-01
1.268469325449298246e+00
1.458583749591832124e+00
2.223430792113799126e-01
1.388537483127361805e+00
1.178677340309212562e+00
6.681289277388091641e-01
1.508649278990725540e+00
7.467836656031963116e-01
8.936656192636407425e-01
1.525101072012967629e+00
4.314509921646166313e-01
1.273192858129960747e+00
1.322721467624636382e+00
1.468424350800219026e-02
1.247295000460149739e+00
1.351787988576109711e+00
2.197292506928327505e-01
1.495756613155963421e+00
1.046508569057306826e+00
7.013891734156946223e-01
1.531489201611874407e+00
6.687709234541849845e-01
1.026719267389172074e+00
1.504051832058412641e+00
7.604380343807313203e-01
1.257921588617280095e+00
1.159780293855345201e+00
3.972846750058610099e-01
1.338108647160009212e+00
1.077600561311500060e+00
5.746094840302788942e-01
1.516937849224462287e+00
9.121109342498594508e-01
9.195632560671367361e-01
1.401441933370562554e+00
4.457889146145324055e-01
1.197640069092031911e+00
1.377473508258016954e+00
1.056955241179528826e-01
1.231425531630483627e+00
1.246224117750709404e+00
3.686711641444498366e-01
1.351529989654056019e+00
2.891121496497253696e-01
7.616109670649277019e-01
1.411881599259959152e+00
7.057932153372199480e-01
9.983015168408716500e-01
1.437767304713136962e+00
2.291747442420012104e-01
1.424732412986521757e+00
1.937016598161105940e-01
1.777950091998155291e-01
1.323589185848424332e+00
1.077399219013808640e+00
5.227882019797043256e-01
1.477819818409242147e+00
8.892170801526728674e-01
9.656075200095232125e-01
1.460906908244356428e+00
6.941056329457222507e-01
1.244008739117131723e+00
1.424444718576267421e+00
3.826558046466860263e-01
1.322777392144371511e+00
1.129257474880590584e+00
2.659628683109597214e-01
1.442490352309916180e+00
8.659888016675991729e-01
7.649006106694118401e-01
1.425077272178068677e+00
6.361350895354787038e-01
9.051734964720385967e-01
1.476871625195727233e+00
3.211207535668970103e-01
1.353487835455199573e+00
1.212761418643273581e+00
3.544239941776754499e-01
1.451885452288730560e+00
1.066399752097763942e+00
4.099531860487500845e-01
1.435619560746978607e+00
7.400779256798113437e-01
7.310642600307059036e-01
1.550480114647654117e+00
4.179292973446656623e-01
1.142909044527384177e+00
1.242058998641317080e+00
3.386166046639574323e-01
1.263138189462210015e+00
1.199060189746647742e+00
3.152608892762887027e-01
1.489332613901257929e+00
9.219881029404318751e-01
7.623131041106606665e-01
1.534746975624323717e+00
7.040195393914339128e-01
1.103369500013271720e+00
1.499735438768327489e+00
3.198538723211343804e-01
1.133353130094404415e+00
1.263737851420932756e+00
9.077324537227211831e-02
1.482666504775353555e+00
1.035121923500967878e+00
5.660487300620605788e-01
1.485572306677190646e+00
7.555441657908196218e-01
7.905432058989746436e-01
1.409447721907088447e+00
4.590002093673545280e-01
1.136528842087626945e+00
1.295270018703932324e+00
6.628391423208700173e-02
1.249016419747019491e+00
1.106630642819363963e+00
3.333863043959918171e-01
1.410530635305641711e+00
9.540912090886162211e-01
6.757850453417053593e-01
1.452232936004981045e+00
5.624985772673859463e-01
1.069045230841503047e+00
1.419686633140936349e+00
2.603986354657119584e-01
1.192247690864810528e+00
1.397797185218770943e+00
1.075197145977702384e-01
1.333486495831834429e+00
1.021491443700907054e+00
4.521798578979375205e-01
1.426758397384013888e+00
6.890491856126923498e-01
8.278844018001140226e-01
1.398474229447253858e+00
4.793076809765234314e-01
9.918459031012292204e-01
1.474237774677690682e+00
6.075450674689258923e-02
1.310209689735798211e+00
1.259902656257794185e+00
3.106435417902685403e-01
1.402303844841961133e+00
8.357862977667842586e-01
5.801825567570797482e-01
1.533920807947651843e+00
4.142647214661608901e-01
1.048595032004603578e+00
1.333370071903620335e+00
3.357625120057705637e-01
1.161724289634501250e+00
1.147192075700523839e+00
2.410629655724657872e-01
1.390419648008620612e+00
1.052104219855659162e+00
5.041779227130790408e-01
1.539758479363746435e+00
7.290398225963051759e-01
8.897491009582919608e-01
1.425944280945228737e+00
1.129585418239376748e+00
1.065121068521365011e+00
1.573107074029018504e+00
2.274200722146704073e-03
3.807481271148515645e-01
1.238462299651312826e+00
2.467927482868994271e-01
1.624269930246488247e+00
9.832912717975529349e-01
5.832473263498623162e-01
1.516472792543603010e+00
5.120817166493843997e-01
6.528074188787026388e-01
1.589772891622680762e+00
2.598980815332537775e-01
1.251724114995826920e+00
1.273699999291694418e+00
7.617924549436313475e-01
1.531934913569273249e+00
1.049791347364696703e+00
3.610144772149129766e-01
1.503561449247404980e+00
6.355729372746528050e-01
6.571403938187627691e-01
1.532618343793062721e+00
3.588992884361994484e-01
9.521362733440171811e-01
1.421599319469776468e+00
8.200304224359633576e-02
1.262275913749111744e+00
1.278127507529181806e+00
2.767115216952275025e-01
1.378741182120885256e+00
9.007171083002993850e-01
6.128229622306552438e-01
1.545734628609993111e+00
6.574176416383455956e-01
8.837556989848238675e-01
1.546370569414387219e+00
1.502826540743641137e-01
1.273277129311238820e+00
1.212640969708274508e+00
1.068155275567271717e-01
1.357460428323812085e+00
1.090831492924880575e+00
4.535662946098134030e-01
1.430409105480517251e+00
8.409410052658184975e-01
9.247782698361677323e-01
1.486406260951758762e+00
4.028124481385137456e-01
9.892991235271808570e-01
1.469232330056420288e+00
8.867375261778132067e-02
1.432127757557052572e+00
1.213422934248745921e+00
3.858071202422917456e-01
1.503580035645462498e+00
7.998476828014450257e-01
8.027062280106721515e-01
1.467935221154816228e+00
5.989929282689060441e-01
3.191389563062975165e-01
1.269071825308129897e+00
1.588569210865891923e-01
1.197319601355537166e+00
5.523359140697227110e-01
7.783903459277857761e-02
1.336156793169725132e+00
1.092436734007569354e+00
4.568316383792175861e-01
1.605489468673751308e+00
7.591593141414234580e-01
8.141852335316787093e-01
1.582438913084195597e+00
4.103236276572960195e-01
1.296771649956202976e+00
1.376759733607972436e+00
2.376917308054228295e-01
1.403207805264906405e+00
1.274108156152034210e+00
4.203985370286912882e-01
1.468747983327214124e+00
8.426446747999016829e-01
6.973648732586804622e-01
1.537178552601471848e+00
4.736483295214027334e-01
9.380731473332007964e-01
1.546088576875423781e+00
3.742138860800932609e-01
1.373137803902666043e+00
1.240549252659971513e+00
5.418670059317912818e-02
1.376665763255069397e+00
1.144811638759465788e+00
4.843349763396257446e-01
1.432278261492321736e+00
7.710304834794777795e-01
8.388075880597766210e-01
2.480192617150939194e-01
3.992103519123416655e-01
1.050069617968363955e+00
1.504549988531862503e+00
7.922799538800531782e-02
1.263451296466311380e+00
1.266396101741184888e+00
2.816906895563039415e-01
1.404522642374829378e+00
1.174159318413049657e+00
8.407639937309200340e-01
1.571866665982471378e+00
6.325366170873452099e-01
1.018880263696439581e+00
1.470645922760521973e+00
1.566345193075196762e-01
1.326581328501455381e+00
1.359007211230073953e+00
1.321230623299555207e-01
1.421715281999816671e+00
1.046844275494892784e+00
3.745412943258684679e-01
1.501151576689841560e+00
7.233764961944973981e-01
7.301784942890006125e-01
1.526404371944320770e+00
3.363083494890368175e-01
1.108369802209840937e+00
1.395647955175885802e+00
1.056621449605257557e-01
1.261280480287200856e+00
1.182901772750490021e+00
3.469778313888182142e-01
1.412866933252496793e+00
7.569018558774588401e-01
6.737392905742287663e-01
1.572147146161383180e+00
6.170389991295315291e-01
1.015287423187644089e+00
1.563813694494112783e+00
2.753563113743697777e-01
1.138915334631884546e+00
1.268759602332045766e+00
1.938866443039752863e-01
1.404180212850368870e+00
1.071827883025742389e+00
4.545740718976738481e-01
1.549533544002996921e+00
6.816301618996492007e-01
7.343867415877765037e-01
1.495364668743837333e+00
5.098820127697564208e-01
9.731220418736887812e-01
1.424343468928569667e+00
6.541195615399814089e-02
1.389710674178707528e+00
1.206511020029683134e+00
2.728210506509804456e-01
1.555051600832890957e+00
8.792038363772627374e-01
6.700852222167060779e-01
1.491235224880653742e+00
6.029686864939127755e-01
9.019221839825352083e-01
1.391874620537091989e+00
2.265881319581179998e-01
1.128455493904995777e+00
1.288231309356533627e+00
2.572265343427353190e-02
1.505526442190081582e+00
9.202377432832897775e-01
6.173898613374890765e-01
1.401713906819924027e+00
8.377280607723889272e-01
9.212851942829064500e-01
1.557134766036835982e+00
3.542633920417575522e-01
1.067291682395142827e+00
1.512434346614773162e+00
2.247741974242820906e-01
1.329979013788420872e+00
1.219326140204394449e+00
3.513824802962717819e-01
1.358880454112580738e+00
1.115744253326072188e+00
5.226333376892368099e-01
1.699305550877626469e+00
5.683928276632335130e-01
9.536767085795734289e-01
1.414619895810247163e+00
2.881010842251514603e-01
1.214187649737675789e+00
1.229655437622214409e+00
1.680620204486275859e-01
8.124835252771012151e-01
1.179776232890911158e+00
4.674138812121780839e-01
1.471345087845876920e+00
6.577173940014480191e-01
7.970791617220457370e-01
1.576471149385384241e+00
4.703789020357304063e-01
1.057647154162557834e+00
1.604417315032084845e+00
2.358077940750311075e-01
1.340344794826703545e+00
1.428520512602786008e+00
2.958892936182466737e-01
1.473224919850545156e+00
9.875547311727886912e-01
6.471548611385705696e-01
1.522273578977535458e+00
7.012445579307752253e-01
7.216745664566980023e-02
1.501508422890009298e+00
1.904742862910512313e-01
1.215393311391509634e+00
1.175399595480095538e+00
9.428630253823275242e-02
1.378181169287046925e+00
1.168514605877337242e+00
3.241321328871732410e-01
1.497958489550045957e+00
6.333659976164652816e-01
8.683822442098541039e-01
1.611416417586601479e+00
2.918845366465497304e-01
9.976459120911804757e-01
1.537806026296316242e+00
4.927851999829274687e-02
8.438336005661939421e-02
9.744548132748085401e-01
7.218745995481001820e-03
1.551571819759175908e+00
7.887594220789047039e-01
6.579270567954773608e-01
1.564824802717321051e+00
5.367981722080256146e-01
7.859105310453452509e-01
1.491376004256039334e+00
6.383893314108408934e-02
1.203939553087781222e+00
1.423496636891561140e+00
1.458339825191737882e-01
1.492647326626801441e+00
1.051785532631902553e+00
3.798675286474079704e-01
1.596925457359950506e+00
8.550397757946928134e-01
8.327702749460151876e-01
1.309765529300798814e+00
4.475821821339535100e-01
1.046261738419069109e+00
1.493154799036397140e+00
4.027734658399891032e-02
1.353590546058198063e+00
1.270827422767503379e+00
4.504275254416003071e-01
1.573240764670771341e+00
4.376822904681527127e-01
6.744335475757042841e-01
4.249841231627030785e-02
4.117676362257283729e-01
9.395997370613179411e-01
1.460107164388521950e+00
6.141854509454112987e-02
1.180272807095205323e+00
1.398301883863702244e+00
7.894366475803030192e-02
1.320007385880834772e+00
1.206755659053902363e+00
5.474373498865747756e-01
1.504347689652375974e+00
9.019303162681477914e-01
8.365727943982774750e-01
1.396569281033805510e+00
4.869709666019778060e-01
1.015614482728041779e+00
1.262131499339420593e+00
6.045466772856600973e-02
1.287599272454203803e+00
1.126227391663223276e+00
2.703920918431058640e-01
1.206535686552415498e+00
9.840773678242612510e-01
7.038366299163797413e-01
1.386039465473813070e+00
5.605075416930234145e-01
9.432752345940096372e-01
1.409374776173517363e+00
3.293015428050328208e-01
1.047701927248553488e+00
1.216534648941554941e+00
2.006882574561479338e-01
1.368824821991661667e+00
1.174136224013664798e+00
4.515938967982581764e-01
1.477833910426518793e+00
7.660547206013250676e-01
9.584530017890879883e-01
1.454731539853242106e+00
3.661447180122158196e-01
1.074163561651008347e+00
1.360615306453475837e+00
1.157021933885159087e-01
1.465970604690421952e+00
1.188903289062927637e+00
4.682009870414028940e-01
1.479080753930921199e+00
1.048501468255837787e+00
6.637637276124976893e-01
1.436124372140750394e+00
5.043544989325375871e-01
1.022618796101091965e+00
1.563883828303005430e+00
1.574323319958501610e-01
1.063123875112040595e-01
1.359095271053425424e+00
6.290388227409257627e-02
1.246997821757106717e+00
8.793634248619023319e-01
3.818643978056798227e-01
1.497376934991341502e+00
6.508749390106682853e-01
7.971617799317136654e-01
1.669258955368478459e+00
3.584614908857589044e-01
8.881880646767744691e-01
1.463463503311145608e+00
1.651141970826543875e-02
1.399556209986678290e+00
1.320753877853740654e+00
4.026429867559032094e-01
1.325461308628279156e+00
8.957410406813206549e-01
6.179627461004494338e-01
1.545989232558858451e+00
6.971229649212844492e-01
8.530152013607442685e-01
1.457655058588233965e+00
2.133979093739460375e-01
1.251986442570404146e+00
1.327313469981181715e+00
1.013239934671227166e-01
1.227221459161512929e+00
6.366208493268323831e-01
4.481408804310836325e-01
1.528706759523670522e+00
7.009188813059625822e-01
8.616855715289102324e-01
9.957161407086080329e-01
5.222978877708237544e-01
1.100289564606997672e+00
1.379507271024258630e+00
