# {'window': 25, 'contam': 0.9284347566474569, 'q': 0.011869631394741708, 'thres': 1.6169788427640361}
7.791419215677142240e-02
1.390210556916564588e+00
1.052722558618050197e+00
4.264051211923098883e-01
1.545340161029142623e+00
1.091904915214640726e+00
8.471868018232009412e-01
1.462824625049698124e+00
5.070909706933011130e-01
9.830936423361867904e-01
1.372030857005085203e+00
1.288155679515036178e-01
1.369992390934708260e+00
1.257558436433801941e+00
3.608904152901907247e-01
1.439265909769425367e+00
1.014172276724638611e+00
5.074954846555966848e-01
1.454464641655952128e+00
6.838922941766925057e-01
9.247680158080179291e-01
1.406475059438164976e+00
5.555802619344051285e-01
1.274102679861395249e+00
1.282664127672067167e+00
5.256564722231638065e-02
1.281811305281534530e+00
1.081809265109523022e+00
3.502672887297951787e-01
1.464992760664868277e+00
8.906955574091919292e-01
7.451329993685826825e-01
1.476886387626443087e+00
6.707798533453926959e-01
9.427115439694371268e-01
1.362451293777808159e+00
6.619831877620163674e-02
1.295617633705728799e+00
1.042173663781058357e+00
8.895015388688076730e-02
1.303381658177541480e+00
9.263771709126129572e-01
5.096412392125675428e-01
1.337497610608199938e+00
8.190974394099185263e-01
8.950396148609206515e-01
1.593656196191809427e+00
4.459372385836415376e-01
1.176159848155308385e+00
1.417309745936504051e+00
9.992332921895097364e-02
1.350940301598052340e+00
1.109154197241327022e+00
2.064282925549398851e-01
1.412344006694668419e+00
8.359716824148623049e-01
7.755466984067439506e-01
1.598569712124751074e+00
6.209345597043198772e-01
1.051227544823220894e+00
1.351376423403207294e+00
2.338793433828689761e-01
1.200306816011236233e+00
1.343454647655789369e+00
1.809466562017871816e-01
1.567075614000781325e+00
9.752410548522494338e-01
5.222297927233364723e-01
1.497796811502502434e+00
7.253411879337832158e-01
9.779334202125925524e-01
1.313397123650689835e+00
3.667122841161831737e-01
1.064297957791114024e+00
1.430210280923438271e+00
5.589367492904540047e-02
1.330205445172966794e+00
1.044598349914325208e+00
3.559401723836951303e-01
1.508900089354677565e+00
9.661255647109502354e-01
6.028599457233342340e-01
1.480380881389224523e+00
5.854915471725737897e-01
1.132653802086193817e+00
1.537304683444658648e+00
5.839149061041659650e-03
1.302956464224825250e+00
1.331316148608385319e+00
1.286120293012025240e-01
1.385548766976724355e+00
9.626760999727825840e-01
4.584447864892660096e-01
1.591899963015866115e+00
6.750034795675656785e-01
9.769649499741523968e-01
1.610341488242309049e+00
3.194681243904382573e-01
1.177190364279761203e+00
1.226669540560687777e+00
4.076223870374118263e-02
1.364922179608089037e+00
1.237336086252090794e+00
3.168820820629101309e-01
1.606758370446365713e+00
9.154172473056649828e-01
8.579115569572557387e-01
1.474256112728991042e+00
6.438373469760362289e-01
1.079941853927418149e+00
1.353314598527248336e+00
9.528686848380241159e-02
1.165767865443909201e+00
1.258051236381803495e+00
1.593582119866049362e-01
1.442782993754970544e+00
1.002256345646002522e+00
5.915245952639713867e-01
1.501397606316314359e+00
7.457143518742789245e-01
8.927293903568966904e-01
1.427210956707297917e+00
3.833835764859606643e-01
1.072881104314297840e+00
1.391801148367605601e+00
1.054725132483459449e-01
1.268561698288523720e+00
1.221904485073746160e+00
3.713416291010613879e-01
1.379227616627548780e+00
9.535684716225023561e-01
6.054735370254166194e-01
1.394593911708864375e+00
6.144447272188290343e-01
9.754539289417776260e-01
1.428477845136169044e+00
1.379966969603961813e-01
1.162338464987142217e+00
1.220705221333512780e+00
1.480137810321970893e-01
1.405541256410032691e+00
1.024114963592122951e+00
5.541972024325569901e-01
1.409025758797731731e+00
8.450063709598609751e-01
7.298736958114450113e-01
1.451340531450476590e+00
4.181713746603934467e-01
1.111382116304357570e+00
1.364394585086333489e+00
3.323966380891607564e-03
1.578306505421417150e+00
1.180405209082634688e+00
3.490909234630099611e-01
1.536805591991722952e+00
8.163899079718032192e-01
7.445989834891969528e-01
1.549243162434701393e+00
5.986999801256430720e-01
1.045780861237573411e+00
1.376766928952393831e+00
1.617955490158340393e-01
1.180586653774306161e+00
1.307875117002835097e+00
1.571832478284415080e-01
1.450466963878128901e+00
1.079830197103836209e+00
5.068298067551582076e-01
1.504383788134428857e+00
6.024630209307662021e-01
8.900001684293475934e-01
1.549149634912881712e+00
3.965076829690197258e-01
1.163589102779334805e+00
1.279944443065340831e+00
1.568378743363874062e-02
1.270041714536604749e+00
1.095081728976193158e+00
3.971668964457221174e-01
1.553463184011437903e+00
9.845259834086681483e-01
7.533719476813298677e-01
1.398294463612004712e+00
6.447247785663919872e-01
9.027194415412513884e-01
1.451095947213100423e+00
1.810108700922451463e-01
1.284915929337955065e+00
1.306193460262308204e+00
1.105562761058083154e-01
1.460707985417478705e+00
1.011809817402005152e+00
6.453435791495325535e-01
1.494518925192640513e+00
7.265179376907361375e-01
8.232683421175467364e-01
1.473682867734712687e+00
3.574990821998722534e-01
1.199559927131828907e+00
1.460163927664433370e+00
4.642884094146704221e-02
1.417488599439153729e+00
1.128313474784901072e+00
3.871788437022978258e-01
1.568266932680909331e+00
8.726551758538335646e-01
6.968626053358462080e-01
1.514404867949036282e+00
6.537541006040792357e-01
9.874067821305052561e-01
1.513504934180165851e+00
2.022265409760559685e-01
1.360782443858656432e+00
1.346926137965650749e+00
1.752347623293416534e-01
1.452974200825918549e+00
1.090452417259088591e+00
5.897937406056424914e-01
1.463158474210342952e+00
7.418141657687074009e-01
9.124624437315754788e-01
1.452847608370184229e+00
3.559965232328110574e-01
1.131272162013010618e+00
1.421982008969122413e+00
4.959005006117456205e-03
1.359064799218819175e+00
1.203807195900755023e+00
2.650407635524012484e-01
1.307714511918482536e+00
9.068356070416455639e-01
8.164242774665543267e-01
1.532483459074880372e+00
6.466632418908017099e-01
9.582212612266396423e-01
1.376581604327684616e+00
1.519106617032059958e-01
1.268785855171008059e+00
1.343931424885625336e+00
2.245824262292253071e-01
1.362314712527692873e+00
9.909165655014349205e-01
4.951003668912107303e-01
1.526701115479123683e+00
8.366145024438945699e-01
9.041639786066331119e-01
1.475876205625247017e+00
4.376649749780228138e-01
1.195001530298109849e+00
1.248622479499745364e+00
8.388410778138455370e-03
1.334636847740177767e+00
1.366399357130201997e+00
3.105975400588699697e-01
1.421792407026542637e+00
8.912292111231654435e-01
8.364090716459903208e-01
1.414741229643966758e+00
4.448352913767655847e-01
9.378502130251131774e-01
1.479950169206199817e+00
1.755309206504137576e-01
1.298073671094991388e+00
1.189267014725244875e+00
1.234636885265756323e-01
1.490895559123698533e+00
8.951981974980149914e-01
4.765313523025049847e-01
1.624253301184545029e+00
7.197724858132723558e-01
1.124202703584022300e+00
1.432163830687809725e+00
2.728789970315323998e-01
1.194847599851214692e+00
1.219926177920410915e+00
1.228493831080401666e-02
1.323891287979324316e+00
1.175956548954282255e+00
4.410011031331122489e-01
1.410973325212599772e+00
8.064434092935188758e-01
6.715934959467786403e-01
1.599772225188418329e+00
6.515254667230240271e-01
9.359059401220811703e-01
1.335731025989710385e+00
1.093679348454973388e-01
1.238094066366154600e+00
1.358251323216678630e+00
3.543669519209190488e-01
1.633836673907020032e+00
9.847733275478994797e-01
6.918506736194780515e-01
1.563929447762446578e+00
8.118670114639545687e-01
9.343175033159871745e-01
1.582517845882759566e+00
4.246397708762977841e-01
1.143449997016794617e+00
1.242850108028115574e+00
1.548541257738871302e-01
1.303532873619038135e+00
1.229418044578126867e+00
4.149705682931799089e-01
1.427480806870688124e+00
9.249490896618458580e-01
7.199103434688816083e-01
1.385944843795755554e+00
6.352314087630289707e-01
1.057093422117804327e+00
1.473166719801621394e+00
1.379423297377392332e-01
1.218346731776181358e+00
1.274261459251642581e+00
6.984806865978399060e-02
1.405871705102597735e+00
1.051027732459439923e+00
5.715789597082516771e-01
1.697958011232474362e+00
6.972784386623993580e-01
8.137720018054062088e-01
1.412212845651771520e+00
3.650006815367398127e-01
1.015667199100888984e+00
1.330527250163654029e+00
1.915835971457857667e-02
1.549628858189230574e+00
1.127827619422195005e+00
3.361916426772295630e-01
1.500038379260448806e+00
9.295139971966909220e-01
7.231575904350677764e-01
1.460004826496362318e+00
4.326931010485604023e-01
9.577271106186405758e-01
1.393022994858169383e+00
2.753191099731620017e-01
1.279591108826496182e+00
1.216116547155867700e+00
1.253690609380937460e-01
1.343652171563815445e+00
1.060991962377846320e+00
4.859809132296795120e-01
1.482079755685310474e+00
8.882277279742178955e-01
8.724973523951161658e-01
1.424452942695301871e+00
4.060136794168327512e-01
1.047926354984539454e+00
1.318830851664526405e+00
3.769169101033498226e-02
1.388644082691977033e+00
1.057950948135475855e+00
4.504417392618699223e-01
1.429424322853207974e+00
8.948842234212378566e-01
6.588910442679050128e-01
1.511213122137565534e+00
5.267812063431998038e-01
9.918680616099463387e-01
1.436242559262974616e+00
1.854546898748743455e-01
1.217744423186410518e+00
1.317302110681037197e+00
1.705134735644326938e-01
1.483009392438613849e+00
1.112344115242366982e+00
5.842215472683565114e-01
1.446787110665617382e+00
5.644826080064013762e-01
8.003162655710400752e-01
1.530364515132614400e+00
4.003701789762081908e-01
1.160328027090018033e+00
1.363847953693982928e+00
7.719160713549477748e-02
1.387304481265818623e+00
1.098894910350637577e+00
2.820027053195121036e-01
1.557844905002234270e+00
8.421295742221978076e-01
6.767202261437937905e-01
1.632018785731382815e+00
4.782455832959077169e-01
1.056696716878330333e+00
1.395352922648247285e+00
2.832143591062563637e-01
1.247704399670376718e+00
1.317323372897707179e+00
2.322164919359239743e-01
1.423174263200751133e+00
7.897869164526740704e-01
6.372779633003724520e-01
1.501312858505995163e+00
7.167160120662872114e-01
7.100243909314825075e-01
1.478576708584689925e+00
3.891188713756947859e-01
9.742749009480224931e-01
1.254895973371054962e+00
7.807773279752794338e-02
1.324847721842021819e+00
1.144235455117665223e+00
4.161121326665093711e-01
1.453626761847730986e+00
9.668916922313512963e-01
7.858663571517516822e-01
1.458849683170714062e+00
4.360411871495830649e-01
1.058038461459707147e+00
1.407489832704680310e+00
1.510070627628455897e-01
1.394517508379367943e+00
1.247624955975656036e+00
7.309751338684755684e-02
1.375821512749545894e+00
1.095716854524155348e+00
5.078537943827284851e-01
1.410042131758253436e+00
7.154505454135925424e-01
7.865817461772697250e-01
1.557582559128067645e+00
4.699449499848484813e-01
1.010255639661860716e+00
1.295548967753730185e+00
5.963382348811652189e-02
1.447554483581391827e+00
1.056850660570596734e+00
5.669071091976808363e-01
1.498196172483406974e+00
8.752388940404146611e-01
6.432909850558893305e-01
1.468770207539554562e+00
5.971698631241751931e-01
9.959937016585315162e-01
1.413064522225897512e+00
2.560556413638755968e-01
1.200474339519772560e+00
1.247444549984057849e+00
2.964722229211479432e-01
1.422561574858969058e+00
1.025648214982232131e+00
5.951478608831118899e-01
1.484788737111817358e+00
6.691859530558232905e-01
8.863657937997700964e-01
1.459225062770451498e+00
4.361132614076185243e-01
1.209169246282541632e+00
1.382303829163658904e+00
5.332832516007668389e-02
1.424081912694020069e+00
1.192647927875151170e+00
3.585063902642648959e-01
1.528970055978643217e+00
8.993041934746717203e-01
8.042452931052861409e-01
1.430503954628410623e+00
6.596017967632397117e-01
1.216578538234904805e+00
1.465456582308166000e+00
1.253670302651874735e-01
1.270910258033608464e+00
1.412849428553900166e+00
1.670790172918601435e-02
1.368765249207848367e+00
1.006051161768698021e+00
4.658432659145108623e-01
1.498289190679957805e+00
6.728466118968936538e-01
8.984386660229420896e-01
1.488390647365655628e+00
4.061984065528193577e-01
1.219772842354044595e+00
1.320372427964990880e+00
7.752909710000965848e-02
1.468028096817911798e+00
1.122244962354379982e+00
3.399802678801949751e-01
1.405720558481656557e+00
8.516489993238293144e-01
6.313314355379534559e-01
1.378370248529868114e+00
5.063596251733398779e-01
1.070069884233224133e+00
1.391097196800466396e+00
1.553657750552761563e-02
1.145480736962591450e+00
1.304760547371187407e+00
1.385226732410544948e-01
1.496004019429065357e+00
1.027835500362582977e+00
4.715005339129946238e-01
1.524858279679216944e+00
6.348132753709856413e-01
7.728254469816219219e-01
1.544173964926018217e+00
4.383962518632450456e-01
1.187446928329528362e+00
1.397886385192733005e+00
3.296216108467808770e-02
1.427477630988795987e+00
1.208167880675403483e+00
4.368668168971073795e-01
1.437724191129342799e+00
7.606937301850117406e-01
6.875378655535011596e-01
1.423329409927594158e+00
4.991979759890117219e-01
1.025942388145633100e+00
1.578081724104518191e+00
7.911010468003376594e-02
1.173556528403134180e+00
1.475556893162345951e+00
1.755531649972724706e-01
1.367147150838192271e+00
9.906029523745887300e-01
6.128602862588317102e-01
1.432246391595268120e+00
6.172646765458813523e-01
7.514604982807449041e-01
1.528921780828569998e+00
3.160623700926650237e-01
1.134864090898962452e+00
1.501674567752607770e+00
1.503127272576665341e-02
1.354810574334003981e+00
1.110242638523790015e+00
4.936663274225209230e-01
1.492814631591908414e+00
7.778621463676307357e-01
7.578199394464399941e-01
1.520891293328048066e+00
6.538664895794683574e-01
1.088683368513678751e+00
1.428905771814764858e+00
1.090866353757777851e-01
1.309454526650529083e+00
1.175526942548879461e+00
9.389252899639199956e-02
1.444491722112266396e+00
1.092772273452844889e+00
5.616104069586480563e-01
1.421439415736401202e+00
7.415511130421874597e-01
1.012014774422162589e+00
1.428164078623096023e+00
5.401601657472464568e-01
1.085965368288021926e+00
1.387013810700597372e+00
1.150908581536780328e-02
1.313147574185104638e+00
1.125507430569920420e+00
4.371694079077905748e-01
1.375553971136278530e+00
7.792875964432448566e-01
7.047069085302148927e-01
1.450932225426468047e+00
4.756273116827532954e-01
1.144790413832341702e+00
1.307909840305477189e+00
1.647618027293090703e-01
1.344111739566939079e+00
1.184276988819351839e+00
1.831562379052013023e-01
1.445689325858761753e+00
1.068565116741623910e+00
4.278469840844034700e-01
1.486309388231973339e+00
6.466951706855519344e-01
8.571609179291838077e-01
1.492766212821682092e+00
3.473162933369967620e-01
1.143874634311375260e+00
1.247071464546888109e+00
1.039742558983114407e-02
1.409008913910786642e+00
1.122673747625219542e+00
2.630178647262515490e-01
1.480859681542785466e+00
9.507733011039043447e-01
6.803077819493521528e-01
1.455194033944943399e+00
5.162066246358973931e-01
9.001650157223809456e-01
1.500571454459649345e+00
8.622543161245621590e-02
1.374132800257073850e+00
1.214187467830037281e+00
2.846146469193949757e-01
1.537709576969900294e+00
1.064971966376673240e+00
5.480829419510192535e-01
1.512997330877082991e+00
9.200543859825951465e-01
8.418352642575580580e-01
1.453362582016539228e+00
3.278387097978172626e-01
1.196532915853305790e+00
1.338746881897057595e+00
4.739487653309315540e-02
1.324246577303475725e+00
1.091672820288428269e+00
2.773849283305109825e-01
1.578798756239270684e+00
8.174084197824774689e-01
7.617285741268912114e-01
1.545181026976637728e+00
6.159025177053545352e-01
1.088926014526812702e+00
1.290493331539578792e+00
2.440292021924789223e-01
1.251710128110057108e+00
1.279432828238346032e+00
2.201734347784605195e-01
1.348545537890174728e+00
1.056915570666916215e+00
4.259602809460090178e-01
1.558848460565574578e+00
7.001787026024737237e-01
7.531560605760512228e-01
1.353665857268105732e+00
4.270207925355906653e-01
1.085528524480404711e+00
1.353010452048145407e+00
3.984181005104747708e-02
1.290495388625542805e+00
1.072451528611499283e+00
4.347015762347259393e-01
1.530241674876928304e+00
9.646104276828914026e-01
7.707144954021835082e-01
1.461347629951389893e+00
6.431929208083148053e-01
8.440543304084134890e-01
1.498417414419299210e+00
1.801547111720711580e-01
1.219331837207479063e+00
1.291057368148882389e+00
2.215909263477963131e-01
1.461644683603978256e+00
9.788021885258959554e-01
5.340944019262890974e-01
1.378058150535112603e+00
6.940516716207651982e-01
8.915048089596984138e-01
1.481316661687314129e+00
3.757319827326572881e-01
1.133437263887931534e+00
1.343012786493329891e+00
6.721310231905908150e-02
1.368737339556255872e+00
1.120987209925605743e+00
3.763273096986530231e-01
1.486168191174614961e+00
8.711245114484386098e-01
7.574074291253354296e-01
1.431727584268704945e+00
7.497056598801352667e-01
9.594699212604081984e-01
1.480018906162654746e+00
3.255959568885741229e-01
1.252890065257335372e+00
1.206604951189211627e+00
1.484952644105247410e-01
1.424582735392923905e+00
1.066502957021370213e+00
5.306713476508962968e-01
1.445236457963335663e+00
7.108988196004134563e-01
8.525934959833083582e-01
1.485292471273786052e+00
4.055929173584321701e-01
1.292326183660135186e+00
1.264487837887538380e+00
2.187578336987017202e-03
1.402376592013635515e+00
1.258647700685205262e+00
3.692966391046509367e-01
1.472148288603833066e+00
8.138175246822796360e-01
5.798924134960810051e-01
1.407536248613078467e+00
4.537929296693942183e-01
9.349319058302872909e-01
1.457158685809314180e+00
6.237556687124135024e-02
1.304687530138473717e+00
1.218295354962207977e+00
1.992621319063476726e-01
1.477505230709150075e+00
9.454745882873629714e-01
4.465527893908458612e-01
1.551959727159163416e+00
8.653700539222970445e-01
9.710680995876759258e-01
1.557880848044294497e+00
2.562785751217349084e-01
1.059781344526316671e+00
1.451433019288937087e+00
1.363842809688575741e-02
1.297195903834814867e+00
1.097003905653745726e+00
5.394752456170747168e-01
1.513170760649010571e+00
9.604378240927520238e-01
8.003423542894052556e-01
1.656477545734913459e+00
4.736846527626061842e-01
1.139282885649560040e+00
1.390498464239662280e+00
1.955068308170259117e-01
1.112835030882360687e+00
1.252313775587872158e+00
2.371115276177184761e-01
1.293660683076467199e+00
1.034417799597009413e+00
6.902121856541479916e-01
1.663034520236776448e+00
6.034561023779135835e-01
8.615777034310745375e-01
1.472026778655529000e+00
3.172057680973626725e-01
1.157321264227089808e+00
1.247688734609197603e+00
1.332157754875706868e-02
1.347535504585430255e+00
1.167302667061627774e+00
4.666145183047069045e-01
1.553150012312481509e+00
9.357989301250423386e-01
8.140690331762118204e-01
1.571325322362405297e+00
6.155984320739461557e-01
1.104438006226986957e+00
1.518059197112572756e+00
3.433899924467798126e-01
1.292206977222101649e+00
1.414764202701902951e+00
8.328144574958551427e-02
1.332372822645688348e+00
1.198076585507213743e+00
5.828898568248026546e-01
1.434190999775963871e+00
7.354826222814212500e-01
8.389978125304740075e-01
1.482324907627498023e+00
4.720411140043595521e-01
9.993738551442443718e-01
1.318472272295134085e+00
4.129856807733378599e-02
1.357456215534504018e+00
1.076333155020412935e+00
3.620917209820905258e-01
1.400025264651900248e+00
8.890591728676454641e-01
6.534758198456979139e-01
1.476125702753334545e+00
4.789077367132854590e-01
1.039807223397447578e+00
1.385587583990413929e+00
1.068220687690032422e-01
1.446058995792985469e+00
1.230466936199524852e+00
1.553160088571615693e-01
1.488347312906899367e+00
9.643691398807607840e-01
6.285269188733884071e-01
1.410569739454119897e+00
7.570822174553207828e-01
8.557494489481173305e-01
1.412823307184401633e+00
3.698083063143595695e-01
1.236867635736364823e+00
1.277609861416857395e+00
1.911095245493865669e-02
1.338751333657389075e+00
9.290549792334318324e-01
4.357732576073460873e-01
1.476386839922830596e+00
7.744736691637017501e-01
8.675005422012742606e-01
1.411847619414571486e+00
5.116904166143382282e-01
9.891665026880314127e-01
1.415594535416050848e+00
2.538803374193298046e-01
1.178024586396303697e+00
1.389830314762367403e+00
1.020774334008500706e-01
1.379861109400419172e+00
9.662289858227790518e-01
6.659460387908124890e-01
1.570103153644611949e+00
6.737838590787510462e-01
8.467934974037822915e-01
1.597185500467375618e+00
4.917014448303820284e-01
1.175950534170768558e+00
1.454070413130293060e+00
4.336685526863637286e-02
1.421043459025046030e+00
1.172435161879817223e+00
4.061304948162171025e-01
1.457394285375910314e+00
8.007252569579922374e-01
7.710719725231602872e-01
1.420729206637685538e+00
4.698919713067726267e-01
1.048236315224039927e+00
1.402466014014654982e+00
2.421034613063206553e-01
1.359416381506395988e+00
1.203358163163691152e+00
2.035696339418107126e-01
1.471583929870695862e+00
1.150276422305791968e+00
5.264876154612473380e-01
1.470573474392884439e+00
8.512311662788826228e-01
9.218321536601838950e-01
1.446266388281411519e+00
4.816817079924122780e-01
1.190385624166458767e+00
1.344946456477121188e+00
2.249201030433134463e-04
1.315082955616957427e+00
1.186834570134090550e+00
4.079534079822185744e-01
1.441546160715845293e+00
8.186331762325445016e-01
6.803634491808832063e-01
1.485810810353043632e+00
4.907419184186899708e-01
1.085490311448435996e+00
1.446757977043752419e+00
2.060472697871033043e-01
1.337851370778688098e+00
1.164984344747477474e+00
1.521408881241717026e-01
1.517341516020968673e+00
1.132104005868407093e+00
4.759279254028589978e-01
1.571068045070041608e+00
7.484465509957509699e-01
8.807445873538602976e-01
1.409238742755946738e+00
4.629306438332204676e-01
1.123106199887199175e+00
1.352257116960158712e+00
3.482637137811761541e-02
1.403485196789607148e+00
1.071698376089024851e+00
3.056854771685841854e-01
1.468791722810339317e+00
9.352857089265311785e-01
6.878729041800264454e-01
1.605303547503777128e+00
5.779779513539056168e-01
9.814765730277893452e-01
1.593298949697441458e+00
1.678612308063556213e-01
1.273700974766479588e+00
1.397363236172473933e+00
3.323221765118651305e-01
1.243938677872866494e+00
1.021879957106784031e+00
6.546402928888992445e-01
1.382284197718461893e+00
8.081416671468348856e-01
1.120294962731872790e+00
1.220705077325927368e+00
4.545248667645758189e-01
1.362136329653521605e+00
1.255173444156817419e+00
1.545122094967388282e-01
1.429136147304864712e+00
1.015149057577226621e+00
3.263956531488066970e-01
1.506763371954674913e+00
7.116579253054753362e-01
4.505696921545050415e-01
1.593591032550414788e+00
3.872572966835674535e-01
9.019442091659563010e-01
1.551989051643188011e+00
2.245253298694782629e-02
1.049854778906905484e+00
1.356091272001603398e+00
4.225734922771353652e-01
1.213451608836787265e+00
1.180034034673254739e+00
6.149554051731112025e-01
1.362778050444051425e+00
7.804347912925104769e-01
1.010998318072504620e+00
1.473812169637684244e+00
5.224742459729583288e-01
1.322733391117303148e+00
1.258841037141374075e+00
2.974418360269726058e-02
1.549251942329575638e+00
1.158802299361655130e+00
2.530525817603705985e-01
1.548279985265969660e+00
6.556299744896058046e-01
5.441440892634415993e-01
1.726118161300872700e+00
3.628820560625496405e-01
8.711671026860933198e-01
1.584208336804527217e+00
3.302272088918445370e-02
1.219732991061007521e+00
1.413836286292778688e+00
2.341934933648499584e-01
1.328620214375543895e+00
1.106247000176208362e+00
8.667682302731329891e-01
1.376762656804650931e+00
9.058441589263803717e-01
1.100186505777187129e+00
1.314159936441652743e+00
4.920187040219832220e-01
1.288741431872503673e+00
1.207882834861251142e+00
1.066672168658691078e-01
1.560113583316680597e+00
1.137381864660421460e+00
2.381773345461253300e-01
1.642006640475659029e+00
8.818747203085620656e-01
7.090782580017431780e-01
1.620039448898891843e+00
4.602017031682050785e-01
9.204219546044111189e-01
1.590575578188924588e+00
4.078425283992448414e-02
1.149110403470847697e+00
1.472059509134751476e+00
3.015660134666877656e-01
1.231719243030279465e+00
1.120669505872035510e+00
5.939838805323012227e-01
1.410478909142799608e+00
6.720939964883720918e-01
9.447914776355039734e-01
1.188247017838998332e+00
6.600009375589217520e-01
1.245896684901932838e+00
1.214925497377618679e+00
7.762604022075048071e-02
1.482994316641577104e+00
1.189772228801923459e+00
3.089648739949211187e-01
1.544177427970217842e+00
7.512246813859619898e-01
6.052459245384957942e-01
1.519452700607132334e+00
4.950889802742859391e-01
1.051171388063194989e+00
1.364776317987697940e+00
2.810149908849015610e-01
1.334939875853530022e+00
1.383873704063105281e+00
1.687183309297732858e-01
1.341454291144426936e+00
1.026198930384201180e+00
3.664163649009728463e-01
1.342575453215506531e+00
7.518255419601818090e-01
9.007599766459584156e-01
1.373941819502780826e+00
3.468384834664002270e-01
1.101620663409804024e+00
1.371949930029156661e+00
6.464445667990559308e-02
1.444244147499450071e+00
1.188033748484018215e+00
3.800009262486090389e-01
1.532051827971152358e+00
8.419770693902286496e-01
7.773685253014199770e-01
1.569243702907082927e+00
4.525885053025162641e-01
1.136620040421255418e+00
1.416563299367449513e+00
2.262974770013406189e-01
1.345946241702057344e+00
1.297849519824827658e+00
2.023831050611328841e-01
1.433689785113619886e+00
1.155089991734857158e+00
7.231783433662688498e-01
1.461504893293624985e+00
6.297767949522417030e-01
1.002169872334584877e+00
1.513553899207064735e+00
2.942224686210346274e-01
1.112599026848503092e+00
1.389327368897203652e+00
5.634089284707521905e-02
1.385843174417437762e+00
1.210124265943993249e+00
3.363920120950891768e-01
1.409943867709921639e+00
7.931224787054667047e-01
7.407062063640019733e-01
1.574702123977812507e+00
5.001614306558530565e-01
9.985449427900299213e-01
1.380463754845501212e+00
1.956613228081662825e-01
1.407188864833765596e+00
1.314261136146707143e+00
1.696857389249031289e-01
1.404062038353430797e+00
1.026554714628557186e+00
4.365338600971653271e-01
1.537164726017834715e+00
6.427012117465746854e-01
8.450796178957480365e-01
1.493636670129656840e+00
3.001347131790377265e-01
1.114166977721501750e+00
1.238686609331892452e+00
6.238659421952852391e-02
1.366045444276697607e+00
1.206268864618561309e+00
2.808051392704855598e-01
1.552311358604520963e+00
8.480320414775568416e-01
6.371663469308692651e-01
1.422331989253360351e+00
4.035075990760412790e-01
1.130440388745840741e+00
1.517643036997679218e+00
1.209093790019180048e-01
1.186250287193243214e+00
1.271448655783912196e+00
1.147381007997196889e-01
1.304912065684527445e+00
9.627603716979025172e-01
5.528233329343585911e-01
1.508125629146547242e+00
6.774227929982572505e-01
9.825226930048067686e-01
1.586423585871872932e+00
4.213642209137067329e-01
1.118396109967254137e+00
1.485648024826893510e+00
1.890043709380773151e-02
1.279708842500235200e+00
1.240991039139148100e+00
3.314840792901272426e-01
1.481204179806035803e+00
8.289622902200954879e-01
7.927900641174314700e-01
1.467940841464323354e+00
7.155922279481690129e-01
1.010375469757410993e+00
1.360863213947895334e+00
2.258162673019112887e-01
1.228058964821188370e+00
1.281289878152512607e+00
3.125703785509685861e-01
1.286105641902048236e+00
1.157502284522212710e+00
5.711081688600447848e-01
1.517843154250070103e+00
7.759247358774357117e-01
7.805653624572885807e-01
1.454009637467487348e+00
4.046931484741140839e-01
1.113764435275165665e+00
1.408734665919430862e+00
2.993735234629357755e-02
1.387111573598726721e+00
1.147484452631846175e+00
5.302827748951697284e-01
1.530854624787186147e+00
8.751723722528723659e-01
7.623491152497510193e-01
1.453451828149622926e+00
4.359571892829987583e-01
1.024999879451350404e+00
1.368185368792896650e+00
1.017767669725233581e-01
1.161831150837347781e+00
1.276755947978273964e+00
1.377567873020240086e-01
1.287190374017608052e+00
1.168501489274209826e+00
6.748868459810395404e-01
1.470907512651426607e+00
7.585767008036023995e-01
9.355584807427073102e-01
1.547947712542831811e+00
3.533370603108856312e-01
1.273746514485844417e+00
1.479965312743732220e+00
8.948408553319153746e-02
1.359002068921119522e+00
1.164480992631127032e+00
4.571676063188256922e-01
1.445078844254953809e+00
8.567429323400992391e-01
7.837739523924396323e-01
1.511486243450569589e+00
6.017139349809572657e-01
1.093739456743222815e+00
1.375192546740434674e+00
1.754363388490223219e-01
1.257270728595556886e+00
1.191322661307187891e+00
1.756381857131963375e-01
1.487201271305899963e+00
1.088358505520023112e+00
6.140451389776480084e-01
1.502220769648220378e+00
6.795831178672064876e-01
7.948739306128886906e-01
1.390236507011341605e+00
4.477446952921468881e-01
1.178747967395046503e+00
1.344260898493217615e+00
4.138411082617676762e-02
1.302675246670841780e+00
1.275963118203559121e+00
4.890420234182835113e-01
1.420379448529445421e+00
9.042577543078005320e-01
8.242402037606340048e-01
1.481543563223082449e+00
5.285582796670666994e-01
8.440337335883556502e-01
1.464809334227597848e+00
5.972660523623773976e-02
1.075169327799598840e+00
1.164623776684199807e+00
2.131170722344815083e-01
1.417830439200932657e+00
9.884678577904648655e-01
5.079489038412090540e-01
1.443013234330348116e+00
7.669294290252595125e-01
9.138347824422574650e-01
1.408608731126643088e+00
3.429051836062557701e-01
1.139844493258144187e+00
1.187426445810528586e+00
4.641630431470367135e-02
1.442363101153955274e+00
1.256652661422480666e+00
4.722870199496795873e-01
1.448845224451733138e+00
8.703868726032737424e-01
7.347594745583148068e-01
1.476966407936163961e+00
6.289220933067443120e-01
1.062129117008985491e+00
1.238667717651090516e+00
1.250043465731938142e-01
1.233582481400693931e+00
1.231670944980766569e+00
1.634789480586082977e-01
1.337563068217398454e+00
9.533586101103597166e-01
5.864724780407051252e-01
1.548116684381358743e+00
8.338051013402150158e-01
8.497810419023941186e-01
1.469734144552193422e+00
4.389834782202215457e-01
1.215003553547497450e+00
1.414497078036188071e+00
4.186665933985933563e-02
1.308903620164358683e+00
1.070291460702452735e+00
4.869364871939014794e-01
1.471930388203467333e+00
8.611730519942004669e-01
7.914697386731126549e-01
1.496723070610238793e+00
5.496956105462522668e-01
1.055016616565366938e+00
1.422790038173530780e+00
3.059372994763491782e-01
1.269644531701323187e+00
1.280218732766572387e+00
2.087900061278249453e-01
1.363448756608937051e+00
1.078744880445041909e+00
5.546856061081115730e-01
1.411394229364735464e+00
6.034703998678767611e-01
9.477588854739376067e-01
1.388776082461612882e+00
4.212529858851310482e-01
1.285424229883537883e+00
1.354098971473545410e+00
1.154790833492944646e-01
1.446612437204898072e+00
1.151744284158188858e+00
3.136691770668034174e-01
1.496432984329604032e+00
1.065641023507401863e+00
8.433979149943495734e-01
1.393327429437337006e+00
4.349507204735254540e-01
1.002143901423031114e+00
1.364553680381827228e+00
7.184829690607674735e-02
1.225166174718505419e+00
1.309139005821078339e+00
1.654000252601004473e-01
1.553439044803602620e+00
1.014212234442489535e+00
6.462211598563436521e-01
1.561248011860843166e+00
6.197733722742240214e-01
8.483468958398101556e-01
1.520681335118841737e+00
3.769995096967313497e-01
1.083040241679125826e+00
1.345705357103146316e+00
2.934043093452864959e-02
1.420344481169753870e+00
1.102247080050653416e+00
4.051518972841674504e-01
1.430626991549123872e+00
7.623778056482626297e-01
7.390903915632334176e-01
1.450733938643342658e+00
6.360570157032285898e-01
1.058511798825546135e+00
1.391279984071664755e+00
1.265831480446435453e-01
1.310993214718321642e+00
1.310406914853611937e+00
2.116557662054425748e-01
1.402676401032337150e+00
1.003673389845406883e+00
5.869352745964497853e-01
1.419627677127632603e+00
7.536817764703802602e-01
9.307606201907014931e-01
1.388551797631458085e+00
4.528191263571441638e-01
1.076807053540308701e+00
1.355456924602689295e+00
6.956016518753482814e-02
1.311728601170770947e+00
1.155233190096798035e+00
5.377309144027888621e-01
1.510294501406129752e+00
8.873181676632200254e-01
8.019396182879798829e-01
1.455620547294144140e+00
5.902995314315446773e-01
1.092447169557961395e+00
1.335895605669817243e+00
2.246871435536799133e-01
1.237542667313423106e+00
1.356454992453648423e+00
2.487235160599725603e-01
1.443468519089007751e+00
1.008616951379143867e+00
5.716711336390345455e-01
1.390184490626510172e+00
7.339887662552737613e-01
7.033519495745832462e-01
1.313466189297399334e+00
4.057303507488096983e-01
1.179187877027965348e+00
1.424003740308704469e+00
8.265439287832987425e-02
1.234891880048420765e+00
1.221784546017935291e+00
3.491066496130368346e-01
1.503721544638923158e+00
7.726867467483096164e-01
6.644947493117596693e-01
1.496842312362221206e+00
5.802843843821126057e-01
9.511300504490216579e-01
1.475782307612546029e+00
3.039354548419295199e-01
1.231828880345280597e+00
1.373346104483421426e+00
8.197285741960080863e-02
1.271880976603942281e+00
9.763101571703367565e-01
5.822067429713755349e-01
1.549335538527158551e+00
7.917912756723011203e-01
9.582824352852845617e-01
1.547259239079246118e+00
5.843262475945698586e-01
1.188367254845575260e+00
1.300271271832533104e+00
1.100582794948288257e-01
1.243156375769511435e+00
1.139432408515403283e+00
4.032346051743529447e-01
1.528786850051566004e+00
8.814608441190738830e-01
7.100661003566981488e-01
1.524802629417803868e+00
5.686125861912849633e-01
1.072518975012303866e+00
1.487473788456096235e+00
1.864415373292140909e-01
1.243855436197623510e+00
1.319827069755812765e+00
1.672395528765946437e-02
1.311958078203240285e+00
1.040042425093789191e+00
6.444993348028167368e-01
1.455545166984892003e+00
7.620272783639214786e-01
8.448323414292726596e-01
1.531511515219326380e+00
3.025999987823260184e-01
1.049342076916985445e+00
1.234171164806279197e+00
5.095285762317747214e-02
1.384394522230160796e+00
1.381637501190595252e+00
2.905023714068062368e-01
1.316883575129411676e+00
8.481178529436317337e-01
6.621693159336123902e-01
1.590801314442709558e+00
4.587990462765565436e-01
1.082957436519439653e+00
1.578923275136094873e+00
1.150372526317533506e-01
1.369305177374734450e+00
1.273706066775766255e+00
1.782502525337308352e-01
1.393942857559836046e+00
1.044877965053733204e+00
4.515646510381472467e-01
1.669341137235781813e+00
6.410480810166869770e-01
8.499270199960009542e-01
1.440150207485678457e+00
2.864167754574289404e-01
1.183030159627365796e+00
1.377862298268233143e+00
4.990501150172299560e-02
1.299568750216362201e+00
1.256807514329323583e+00
3.143979979326634311e-01
1.328998350002687401e+00
8.454988902096025605e-01
7.014856116885144210e-01
1.573166107493851218e+00
3.995163895916056251e-01
1.025749396725104123e+00
1.491025232811803214e+00
2.154253237054128967e-01
1.270088119980208319e+00
1.378291224559420325e+00
2.751259585849541445e-02
1.362044844805852639e+00
9.577403886649584752e-01
5.968644264801723498e-01
1.590759106882277951e+00
6.831398446771985711e-01
8.917830457743607386e-01
1.385572550672407255e+00
3.622772663028033246e-01
1.034317416157227276e+00
1.352644525717116242e+00
3.464681124626367570e-02
1.398399604366747040e+00
1.233338164286775562e+00
4.087275822215250543e-01
1.591719990830802844e+00
7.665556890182128047e-01
6.843360731695435906e-01
1.504126752733756733e+00
5.552301932883521030e-01
1.027920581530569422e+00
1.398326477495590581e+00
1.982802194421922071e-01
1.329199433301271771e+00
1.423430613495072272e+00
2.616627975567260567e-01
1.428492290432707534e+00
9.398537500776578124e-01
7.784630608726896828e-01
1.677689119824148145e+00
7.608012215499644348e-01
8.474747628540744149e-01
1.450635044472801560e+00
4.064840597053596127e-01
1.295043336228712594e+00
1.293757859936695453e+00
2.286979026356750211e-02
1.296595480741528750e+00
1.170890270092760588e+00
5.315290646262009755e-01
1.474057083950293556e+00
8.713608683601727911e-01
7.157320192636038581e-01
1.502231494342476603e+00
4.427588172188348103e-01
1.079509291355296163e+00
1.354369154563669797e+00
3.838521742039078255e-01
1.190802310377112594e+00
1.287335327587352696e+00
2.838060068976482331e-01
1.377560600637119270e+00
8.929324539208221001e-01
5.786651337758874636e-01
1.508341222309111940e+00
7.944303135855654840e-01
8.307781743530935348e-01
1.504739932510252842e+00
3.487585388494862659e-01
1.129574603126272558e+00
1.293567808074816083e+00
7.432176320623606891e-02
1.466639347427663997e+00
1.230401071074949559e+00
2.366877388244854608e-01
1.470176709250463620e+00
9.394716793125867937e-01
7.194883765532780195e-01
1.453737400367952848e+00
4.843706060693808713e-01
9.994018790081649062e-01
1.369375907955456828e+00
2.360475884582664552e-01
1.324141320242155029e+00
1.270577151936725935e+00
1.386760030241915853e-01
1.451900151350160151e+00
1.020804314870011664e+00
5.247121093663584812e-01
1.440578230090798995e+00
6.970620370118152387e-01
8.293705111383549156e-01
1.453847925614825343e+00
4.640106706422444383e-01
1.075046741563469688e+00
1.370618235166691790e+00
6.100039673462687162e-02
1.360710972880226466e+00
1.092621392308922745e+00
3.478828626642254118e-01
1.488923372849232152e+00
7.049425762951493368e-01
6.882502389899554096e-01
1.479552630847268846e+00
5.923956288531713188e-01
1.044806614288513513e+00
1.410925514597574537e+00
4.893896925148610855e-02
1.342676382862691087e+00
1.270250990411588177e+00
1.591447150767684171e-01
1.375595424920564191e+00
1.053036630484918801e+00
4.648414916717806822e-01
1.492007378798085204e+00
9.372339914873637490e-01
1.014597781510095942e+00
1.413170065644660855e+00
4.142586638356846596e-01
9.364930929097012857e-01
1.331142037226157315e+00
2.090488412061386470e-03
1.310813903468744046e+00
1.157535780467164654e+00
4.460568492873486779e-01
1.440809393174677266e+00
8.887241493408506443e-01
6.719617880071246940e-01
1.465665109229430385e+00
4.885542701739482574e-01
1.024852523343131816e+00
1.309625560268765643e+00
3.102742697318996434e-01
1.301957754174615678e+00
1.202208867537849502e+00
1.661308868468640565e-01
1.474206158603589056e+00
1.040270522602077863e+00
5.978471191481391500e-01
1.372800593666564151e+00
7.156068480478765537e-01
8.258700112290970896e-01
1.470366281219843696e+00
3.632008737352678818e-01
1.147180916589284561e+00
1.313455700696061657e+00
3.109100566686695544e-02
1.319925183179105010e+00
1.123526855916325395e+00
3.583242944439624100e-01
1.443993589366782793e+00
9.201105964634248569e-01
6.244498430594536131e-01
1.608049220018014314e+00
6.198611154026472114e-01
1.001637321031772609e+00
1.546576581109802895e+00
1.609689487222167870e-01
1.219172062081859575e+00
1.248484542543089049e+00
1.640721172435584130e-01
1.511962119245626290e+00
9.857862449450640607e-01
5.179851703460693901e-01
1.531770667406747277e+00
7.678235614247046481e-01
1.032509487700532524e+00
1.555895199984435262e+00
3.510487393825996172e-01
1.185177586186955123e+00
1.307478876407625057e+00
1.434537234761856794e-02
1.278914183846767028e+00
1.167737870475651141e+00
4.044591356378379743e-01
1.581896676746924690e+00
9.735865262866256753e-01
6.655224671823074534e-01
1.559308150156797357e+00
5.646814550729957194e-01
1.081253614604055446e+00
1.457762155980164342e+00
2.464709086536351901e-01
1.179770886222214044e+00
1.284767066718152329e+00
1.586435101988992180e-01
1.474308540571354076e+00
1.001697404479583220e+00
4.347667164861948041e-01
1.581157588489623178e+00
7.160128270637171610e-01
9.665190648212436120e-01
1.509499467457853017e+00
4.210149684390305236e-01
1.135172636468380292e+00
1.261271692537016431e+00
1.810733410349165684e-01
1.400552503559628015e+00
1.284308770464549943e+00
4.715609106544476070e-01
1.443512984160904233e+00
7.980244651844359272e-01
7.412080425808911244e-01
1.444931702476051072e+00
4.840982260027550943e-01
9.622024878439627837e-01
1.610825734913482687e+00
7.034376061928648838e-02
1.387199415000988534e+00
1.363047775710096499e+00
1.330459139242450295e-01
1.467012462017327268e+00
1.078808925750234460e+00
6.462639289645986107e-01
1.504928113617771235e+00
7.842064447450383113e-01
8.352370588486490721e-01
1.434293350723383043e+00
3.383120484839174935e-01
1.092245430824397845e+00
1.273328407722437605e+00
8.357564428067143503e-02
1.268229099055252052e+00
1.224403379364211508e+00
4.597319471430003635e-01
1.492422185563447634e+00
8.404367759160782381e-01
7.484615391321971511e-01
1.597439263940881871e+00
6.668913172985302396e-01
1.051151565779561370e+00
1.538204837599613350e+00
1.265057735255927795e-01
1.294259189583115033e+00
1.368313782305425663e+00
1.840584749439846401e-01
1.364629885671180709e+00
1.017505405763449389e+00
5.462453306287990973e-01
1.503575574599820941e+00
6.642057523921458539e-01
9.797387555574805784e-01
1.537909018766331570e+00
3.198025058449613933e-01
1.168814416599013972e+00
1.418512583572316910e+00
4.444923251660792829e-04
1.415341865452180325e+00
1.177729544253624638e+00
3.567662496268240169e-01
1.572162491530296302e+00
9.651979910739321156e-01
6.588436453538806248e-01
1.533946370601981357e+00
3.902781605053597946e-01
1.053211438770284003e+00
1.432657903879090533e+00
1.363415579805777877e-01
1.440526418016125687e+00
1.278697685119729366e+00
1.458733886242540301e-01
1.427184683177812108e+00
9.158517497728844159e-01
6.123561836489392896e-01
1.463685981247246914e+00
6.534061703198912330e-01
7.693855469128247915e-01
1.405051481368843502e+00
3.327923523339475498e-01
1.017532891912400483e+00
1.361159561877386626e+00
4.765999201970272381e-02
1.425540891918913422e+00
1.271605033665721640e+00
2.738906984260496280e-01
1.438894437673861049e+00
8.890560177627708782e-01
6.767396083906711546e-01
1.633008072443981495e+00
5.569631313298017972e-01
1.118380048267770821e+00
1.246589247437136061e+00
1.989885371650907953e-01
1.313199331760385835e+00
1.388705310502936330e+00
2.143810637340197722e-01
1.387143976197256601e+00
1.099433810044058601e+00
4.881286413168095528e-01
1.507328104834909643e+00
7.369994239411636894e-01
9.437834426396101151e-01
1.538770962421414978e+00
4.240309313385575152e-01
9.778795952548524628e-01
1.259637574636193857e+00
1.493870125390395209e-02
1.379571280197010363e+00
1.051330771163123678e+00
4.515716998299281748e-01
1.483161975142822442e+00
9.013886833591313597e-01
8.546794628400624649e-01
1.556327062097574876e+00
6.195391285382312319e-01
1.042000501876839014e+00
1.538966899420749490e+00
2.950718818393860410e-02
1.211953024237633736e+00
1.161209810514593821e+00
2.806424320428460017e-01
1.436123556637741050e+00
1.098196596835821603e+00
6.731372372129476034e-01
1.542594177817343315e+00
7.621441914349473823e-01
7.811999124050870158e-01
1.396380843205908162e+00
4.959006413032713834e-01
1.140163752024540234e+00
1.345711639786389746e+00
3.119020632804803128e-02
1.362567831182082578e+00
1.243010682418043134e+00
4.454836551221634799e-01
1.455957605679932376e+00
9.370668333456413368e-01
8.114392881657870316e-01
1.523739454489786427e+00
4.797853814525234739e-01
9.509555719845810273e-01
1.341385700171574769e+00
6.836800588131142220e-02
1.189953944620882664e+00
1.271290652814643929e+00
1.607445739888717640e-01
1.523310979762329209e+00
1.066725868333323168e+00
6.003675452300449855e-01
1.630978667574950913e+00
7.735980983881809436e-01
7.827413614754243909e-01
1.519369141267504109e+00
4.793348739215790300e-01
1.079086584985686104e+00
1.331344569486725637e+00
4.758274663420825057e-02
1.335569516625456643e+00
1.263788760286510326e+00
4.820090036710069636e-01
1.486397376180006225e+00
8.312295161335798710e-01
7.612720378925583731e-01
1.482281004811934144e+00
5.214889587372140145e-01
1.075489716915803751e+00
1.379523840121216649e+00
1.941523004537744068e-01
1.184845580797685427e+00
1.224437776109827958e+00
1.538298918037552809e-01
1.378290643769148671e+00
1.034935510008017978e+00
5.677975516273299217e-01
1.479013389392984656e+00
7.392811759142468020e-01
8.059089619726977904e-01
1.497718806141139058e+00
4.400361158916004101e-01
1.150734913940223425e+00
1.398647985561373375e+00
4.025656866426374769e-02
1.467828603225068029e+00
1.063784113400625841e+00
5.057505853882759972e-01
1.546674246085034454e+00
8.474975453695814398e-01
6.378060015088780066e-01
1.453382861750616595e+00
5.785804572427373227e-01
1.066357578714669074e+00
1.491580502511847151e+00
1.946036831326183325e-01
1.261255003841819100e+00
1.361861611519607163e+00
1.028248150416373186e-01
1.462030771302851084e+00
1.098798023220196374e+00
5.163976637539613446e-01
1.515390331682746172e+00
6.198091419499365262e-01
8.663513071896551399e-01
1.472971844406481878e+00
3.650506910579027764e-01
1.065898399904506411e+00
1.365877431475326587e+00
7.733542931229520079e-03
1.383994429095543044e+00
1.227442554269495112e+00
4.039593481140160147e-01
1.435500135211212891e+00
9.230345757210105528e-01
6.531231958461460874e-01
1.510047319879827654e+00
4.271726559237716270e-01
1.157894243562465730e+00
1.389791001152416383e+00
1.061210927895501754e-01
1.278537916095682903e+00
1.322186197113552453e+00
1.960923625142585447e-01
1.381907901915205850e+00
1.072377991930892227e+00
6.763028294797432949e-01
1.448374393932160276e+00
8.860380297860581678e-01
8.123010123898983803e-01
1.381277804349234195e+00
3.632207198907084766e-01
1.158590254965385258e+00
1.361410594191532653e+00
9.245594499859954851e-03
1.298868140866415333e+00
1.237586224568720139e+00
3.692221525328698295e-01
1.520821665975362835e+00
8.319242045800816499e-01
5.789051311933157695e-01
1.596663535883133145e+00
4.898207332888144805e-01
1.086012807646938638e+00
1.491569765378592205e+00
2.795608824045134888e-01
1.313876661798634826e+00
1.347960916905522666e+00
1.915765349139495477e-01
1.453536231927348377e+00
8.312877160771758867e-01
4.494685366804218596e-01
1.570661393697139641e+00
7.113540544232703766e-01
8.426494756034670353e-01
1.335955958810008504e+00
3.264454909258160953e-01
1.085342415409625394e+00
1.416889667725291790e+00
1.765876746690802079e-01
1.299973460026646821e+00
1.265763862518467286e+00
2.815538250072238124e-01
1.356749451994830657e+00
9.330828854161214991e-01
8.595477662264678909e-01
1.372850596817767332e+00
4.816933849564155601e-01
1.144724989340522914e+00
1.436624678994186999e+00
3.089974336712810743e-01
1.238804037082199994e+00
1.221908630403007789e+00
1.852747575342763575e-01
1.366501197806384793e+00
1.115903909926045268e+00
7.366410400304477246e-01
1.654459138615900882e+00
6.019138376800579060e-01
8.736354638634233893e-01
1.530386114470878578e+00
4.483550535709706075e-01
1.180063154375956547e+00
1.411101813382829695e+00
1.234665559516099353e-01
1.407717768739252806e+00
1.095985149909149081e+00
3.575701464351939141e-01
1.608761047208340678e+00
8.059842995758248474e-01
6.448634153606567221e-01
1.595579219408942429e+00
4.565600768762259065e-01
1.127501788696439800e+00
1.317549657299924126e+00
1.160445717333611348e-01
1.308137814667703180e+00
1.312477835068353693e+00
3.331336410584040397e-01
1.623464050812522208e+00
1.066339451086172119e+00
6.325601933278095501e-01
1.415703782673818356e+00
5.860392025927885218e-01
9.223163054172549558e-01
1.479922537487889711e+00
3.930851829091392968e-01
1.106501424763171926e+00
1.316593668171785803e+00
8.094817971298517989e-02
1.362228407178832867e+00
9.922450828471811590e-01
2.817839434222375594e-01
1.551096944596972449e+00
9.735205226151015800e-01
8.609532348810315927e-01
1.485396645735094667e+00
5.004423577022323322e-01
1.007997879903349769e+00
1.359459789740025348e+00
1.144288731694147465e-01
1.345595305399207575e+00
1.325784582025057778e+00
2.082610491219740734e-01
1.404350502578574078e+00
9.990083750447253941e-01
5.833363589778683966e-01
1.751075961732290853e+00
7.089032058050770413e-01
8.735669192781536641e-01
1.487349676067622584e+00
4.988395941315393323e-01
1.153011648529052247e+00
1.209475095379988208e+00
7.297119168227017560e-02
1.409477168422233362e+00
1.300242153334703943e+00
3.508928784129465850e-01
1.439267101717754738e+00
9.055528200046127907e-01
7.547522527074956855e-01
1.580835750149849339e+00
6.351216131215065008e-01
1.068417302014981418e+00
1.553798556110183027e+00
3.833746389020298295e-01
1.214157212399350705e+00
1.158427799155615556e+00
2.214982456514398290e-01
1.307627825847508252e+00
1.189221757275552349e+00
4.400110821356963964e-01
1.618589856992111109e+00
7.716341445660845899e-01
7.298435789498132209e-01
1.580638150974776224e+00
4.138916565617249965e-01
1.112348322072451046e+00
1.283582865713648102e+00
6.388310992843426739e-02
1.389859571106822456e+00
1.265831613094427377e+00
4.702523875293953548e-01
1.521911954861582927e+00
9.487587511185757716e-01
6.878045942717940786e-01
1.415395779693274125e+00
5.729158302594568042e-01
9.870139394175398984e-01
1.396249350468308004e+00
9.852770175720304557e-02
1.158240416065220435e+00
1.341848947716968610e+00
4.491592694167589883e-02
1.479227601151869242e+00
1.101911694250282903e+00
5.229054620021287292e-01
1.441673649913245203e+00
8.027854215263277027e-01
9.933058509303751560e-01
1.440141603095428380e+00
2.823353290144781091e-01
1.075669123855016007e+00
1.328206270181548909e+00
5.848175752738948852e-02
1.316416396814841461e+00
1.017741334026614153e+00
4.190857124586131466e-01
1.462030317661759726e+00
9.182814897726307990e-01
7.330644951206610749e-01
1.552110099583485781e+00
5.390740258832520393e-01
1.082241668774718946e+00
1.486903827809701095e+00
3.137701581391103556e-01
1.230694546505829434e+00
1.267857676459847260e+00
7.356732330379034401e-02
1.545905032957322289e+00
1.106834945340589460e+00
5.792904346865401788e-01
1.531559288114876738e+00
6.716064920954800677e-01
8.341491700980274704e-01
1.361491496746257690e+00
4.181975201500283124e-01
1.008319171718144114e+00
1.386382550841143591e+00
4.090538298052526223e-02
1.537853525179487812e+00
1.177159746482895564e+00
2.415346119599375285e-01
1.588427887607824385e+00
7.270137184121590046e-01
6.425742895165773572e-01
1.495713221643204527e+00
5.566312461565772196e-01
1.125220055096938454e+00
1.509200347881198390e+00
1.257902247037523402e-01
1.195507894033910556e+00
1.232356326988753192e+00
1.081913083049210744e-01
1.385045360666062431e+00
9.557354590406887951e-01
6.517358857329642596e-01
1.567536773887565849e+00
7.800942672807700262e-01
7.943646699908730735e-01
1.590330043731635223e+00
3.047570116660305306e-01
1.026816059104739054e+00
1.390234187489352458e+00
1.448671951856230766e-01
1.381538736110032195e+00
1.262365172465480523e+00
3.544133256560435541e-01
1.500293974325983104e+00
8.272973585790339701e-01
7.374235347356965509e-01
1.355463719055070682e+00
6.383034177494046890e-01
9.384479054997598713e-01
1.482171521130951186e+00
2.375870643732225229e-01
1.351388717335271217e+00
1.225264123803903704e+00
1.776997821514085807e-01
1.361992928616657217e+00
1.061497642393160357e+00
6.174250558401424005e-01
1.328015614761336005e+00
6.777234045284254993e-01
9.277336230302619668e-01
1.583278445462690032e+00
3.924213263647451377e-01
1.189062465449968853e+00
1.327698869894241573e+00
