# {'window': 143, 'contam': 0.9302168590490222, 'q': 0.08635933423946068, 'thres': 1.5080995427182944}
2.247052575009924821e-02
1.365191699065553488e+00
1.028412542415995112e+00
3.114713572864906688e-01
1.366825290155817330e+00
8.927777541742552003e-01
7.028446656035753914e-01
9.444965880067374489e-03
4.684469063425337754e-01
9.609920847073812888e-01
5.671497229838148302e-01
1.837751746125672325e-01
1.271472873972935735e+00
1.336154940048494888e+00
2.222610838230585917e-01
1.429229562287051891e+00
1.003733349851986700e+00
5.977053627387187706e-01
1.603126189267509716e+00
6.668236995840840509e-01
8.460660896812783882e-01
1.388584657202938111e+00
3.594508360795433677e-01
1.248529552465947656e+00
1.297444500179402604e+00
1.449473933092906841e-02
1.447609635989148824e+00
1.293795949736234574e+00
3.959823867443615919e-01
1.407425247926732181e+00
8.747606025200327373e-01
7.213854847286050864e-01
1.597679789945189111e+00
4.257663896567071560e-01
8.882232174646452760e-01
1.671531167624052738e+00
2.110810726697244788e-01
1.225956762577192105e+00
1.365819866404187399e+00
2.080287727674859088e-01
1.365556950898281663e+00
1.192196896292509134e+00
5.992677840543241263e-01
1.434421027223285794e+00
6.482746218889285927e-01
9.687046132586306646e-01
1.566397881748374132e+00
4.050027040498683784e-01
1.223325695047082995e+00
1.284379322055410722e+00
7.758161024135508399e-02
1.436505810098343217e+00
1.094348778273431799e+00
4.541230718098001606e-01
1.675686767078084394e+00
1.459801199109875158e+00
1.026274892603828093e+00
1.475336876911385930e+00
6.115472383803639556e-01
1.077299705333607527e+00
1.495103198840571856e+00
6.007918116079877247e-02
1.401430675184348384e+00
1.379844360800121628e+00
1.452454638603342951e-01
1.470974242410040267e+00
1.058826603460610194e+00
5.008922455804405427e-01
1.607152213768697102e+00
7.811536636989636628e-01
8.956032183577492534e-01
1.471757731264751179e+00
3.320241929097633715e-01
4.621683244221624354e-01
1.269115025898800875e+00
2.751401717133600613e-02
1.436295545910869276e+00
1.074558924034942908e+00
3.199296000407769736e-01
1.431961612875204626e+00
7.160952385445372714e-01
7.292387091684939815e-01
1.364861650422937611e+00
5.929798278343348938e-01
1.030999442723515402e+00
1.508326880461433817e+00
3.503621753111544890e-01
1.268765529076663512e+00
1.263618153013047252e+00
2.289557480824765956e-01
1.392254794699127329e-01
1.025045343022706001e+00
6.580821424498179972e-01
1.427217962488400715e+00
6.594410645526904702e-01
8.303250030295596940e-01
1.434045619418922168e+00
3.394031416061545348e-01
1.150595431766176846e+00
5.478120560224851721e-01
1.158163088428558890e-01
1.398462502549260078e+00
1.233323874838243572e+00
3.836259200679534853e-01
1.588873279481734402e+00
1.334463223743287186e+00
6.318676999301298114e-01
1.421986464871978439e+00
4.937758928722759677e-01
9.563747490294519649e-01
1.440610262412940656e+00
2.467580755085729827e-01
1.338804819688761194e+00
1.273107651866504542e+00
2.545574532720447092e-01
1.499583471304828164e+00
1.123945529795937093e+00
5.440148953492022210e-01
1.444908256502344335e+00
7.903010533891692280e-01
9.043356779921355448e-01
1.313317466824065916e+00
4.133641672245341736e-01
6.334241509506648438e-01
1.211536311702436919e+00
1.464001005592240334e-01
1.495207210889159199e+00
1.050001718543110835e-02
4.851417581616970787e-01
1.389063948588400210e+00
9.486934105000357498e-01
7.670509098513745849e-01
1.495900110899917923e+00
5.966386781382437832e-01
1.104991562268242911e+00
1.326509436980886081e+00
1.306559149961812050e-01
1.314847418962473702e+00
1.276688256362058516e+00
1.808767467430831555e-01
1.391104424599842071e+00
1.071391949927495091e+00
6.803023886442274293e-01
1.327428650588635017e+00
7.367822769561885865e-01
9.408582563353162787e-01
1.349865582300918243e+00
4.339481427584933604e-01
1.235673464146659128e+00
1.319117533250226071e+00
1.415524271629541031e-01
1.378769153989189755e+00
1.253648770138644064e+00
5.326040485020305804e-01
1.509947851766385130e+00
9.142263907015990565e-01
5.565838377750936816e-01
8.546275856596781129e-01
5.840331987084730336e-01
1.086098077532200890e+00
1.512434542403143789e+00
1.803996650042904437e-01
1.225249019290819419e+00
1.253093781916376326e+00
1.868984752419969031e-01
1.527131646819738231e+00
1.035292581022612568e+00
4.795671955656433116e-01
1.451355502775705020e+00
7.954900174396553059e-01
8.518901997387999803e-01
1.560970619576559582e+00
3.224923496986705218e-01
1.180442524237096391e+00
1.255156855572074903e+00
1.737072881956041315e-01
1.377355889415731838e+00
1.237332139807951981e+00
4.453749673687446564e-01
1.503403133109134426e+00
9.385151255505215229e-01
6.475553857000787561e-01
1.400995737903567573e+00
5.139546232184956098e-01
1.060778998339674928e+00
1.413258829277318496e+00
2.202049004892930317e-01
1.144318280710306501e+00
1.382389956802954734e+00
1.385952023158650848e-01
1.451012539042953131e+00
1.094674161788010691e+00
8.811425001919112043e-01
1.615776015274016819e+00
5.986083736509393294e-01
9.110318937987972321e-01
1.553300993469103997e+00
3.240258494060476724e-01
1.187405585961008869e+00
1.219426876168639096e+00
9.519632444489180279e-02
1.431366540475361715e+00
1.139557104166439405e+00
5.774657065566394243e-01
1.479584975963200266e+00
1.075851995244165638e+00
8.618606228028818927e-01
1.521573741564445248e+00
4.906649367906690817e-01
1.050094745831272824e+00
1.447264817063021347e+00
2.992590349935022598e-01
1.159853690058203490e+00
1.385508180821763524e+00
1.593588594974811867e-01
1.423663187807572283e+00
1.020435855354687948e+00
5.472813350347915939e-01
1.510030065682903100e+00
7.848901062410396090e-01
8.330444963386097745e-01
1.426519654375620227e+00
3.587885531927546001e-01
1.241443531883422491e+00
1.332044964947235677e+00
1.388201316749496095e-01
1.455912295281288404e+00
1.267361269715318706e+00
4.597871992246359563e-01
1.457662584200603240e+00
9.416833956634996783e-01
6.964468427578577314e-01
3.759779567532050559e-01
6.097870718676841051e-01
1.054385570861329446e+00
1.558548575894031174e+00
1.416290715895172081e-01
1.431882434576389862e+00
1.201775376567222109e+00
1.975476553788446110e-01
1.472639916166581298e+00
1.101468864579246532e+00
6.241934275398881571e-01
1.424330053118795902e+00
7.294006499300175195e-01
8.430338151544071179e-01
1.470232904686607167e+00
3.257114923521384764e-01
1.246342870532680225e+00
1.299489588720517341e+00
6.506273227835113193e-02
1.421776871425122213e+00
1.106658451370346574e+00
4.850756003531313532e-01
1.370758888177522561e+00
8.971644151303503900e-01
6.005724091850439539e-01
1.388082129428276579e+00
5.943771113606670653e-01
1.012985170598780016e+00
1.426754899564912415e+00
2.290943186915371521e-01
1.445695960884812559e+00
1.174594929344949135e+00
2.931498277972720556e-01
1.488240919554208119e+00
1.015290632594487930e+00
4.910140892438845106e-01
1.410006863971485780e+00
1.170809763617824961e+00
9.070721781986300636e-01
1.471096468916426536e+00
4.306452130152236268e-01
1.175820354360526343e+00
1.386443256185990514e+00
8.920413583055947226e-02
1.444936099263740559e+00
1.126029320666023903e+00
4.112083439727860501e-01
1.609756831568478486e+00
8.889790064303489947e-01
6.953819102981305678e-01
1.439166569708314469e+00
3.967407759349115270e-01
1.023840834991173843e+00
1.415527246531742556e+00
1.111334305919757098e-01
1.139980946967488418e+00
1.208518190552370308e+00
1.653102933783047179e-01
1.472885502686207326e+00
1.031900290350981741e+00
5.159481310663696085e-01
1.561417365978224225e+00
8.000128081742514663e-01
9.129145042525663722e-01
1.551873695920896523e+00
3.037468725375018219e-01
1.197745162158364129e+00
1.389539541087528640e+00
2.562680111011380463e-02
1.336178138502325474e+00
1.201239538706752263e+00
4.167401610464980255e-01
1.517396082227481902e+00
9.466603118962263475e-01
7.369158018647558039e-01
1.521281995292137257e+00
1.045102565853089249e+00
9.992863825250548615e-01
1.504973991151374202e+00
1.964050971632853859e-01
1.217289793042820145e+00
1.319594993256933080e+00
1.419670951270700088e-01
1.502249992508202014e+00
1.113564329474246106e+00
6.326808462844094594e-01
1.554513316954550195e+00
7.159183492346208322e-01
9.213516567393259526e-01
1.508775763188869190e+00
2.544867982843510013e-01
1.214350966248232355e+00
1.356004215590310480e+00
1.823592984145460949e-01
1.564279074117602253e+00
1.202372107313746552e+00
4.949560815561824256e-01
1.494916654780550136e+00
7.415639797451342163e-01
7.996477876011331976e-01
1.549031562427964248e+00
7.502702255936780640e-01
9.442369655978003484e-01
1.537801370323727435e+00
1.738967074951237590e-01
1.218941023103152554e+00
1.286875092396654985e+00
2.020371912220668420e-01
1.433876148258258709e+00
1.027115683565814397e+00
6.196772920115177774e-01
1.328078005759341096e+00
8.108579876495909389e-01
9.783865349185143501e-01
1.478830237723519625e+00
4.584643675040044331e-01
1.203364724744417913e+00
1.423397767420601090e+00
3.172206844343807702e-02
1.352538841155556337e+00
1.374795948846206928e+00
3.809975112884484982e-01
1.480719409740490544e+00
8.914287020384126237e-01
7.414470196806675073e-01
1.185942414418501345e+00
4.992008682987477686e-01
1.148862181136749205e+00
1.434558394065210019e+00
1.993224407045428581e-01
1.129086291947280385e+00
1.315054191160747843e+00
1.684089767319810749e-01
1.427279731408265917e+00
1.026964883822965913e+00
5.689932823994454658e-01
1.504906456874278931e+00
7.042408766367810324e-01
8.124322325279161872e-01
1.423542058281049405e+00
3.489381672338657814e-01
1.086935677061264149e+00
1.322852582919085807e+00
2.007238185580699844e-02
1.274010145919675319e+00
1.153221847099839881e+00
6.975140285753291813e-01
1.563266226181011964e+00
9.832997484531746935e-01
8.220337950698317631e-01
1.497677900022704511e+00
5.956658262613913069e-01
1.094991233239994921e+00
1.494809471730042416e+00
1.936139926273864609e-01
1.171279802178789131e+00
1.217855693536804562e+00
2.041766571851609813e-01
1.563848705024425190e+00
1.141600240738844585e+00
4.357146571955119452e-01
1.554326659817795830e+00
7.266284762053284441e-01
8.852656409036693264e-01
1.335357512348407161e+00
3.313461805244418690e-01
1.193583108126968551e+00
1.375842450783507642e+00
6.970794993343855384e-02
1.385296652859663302e+00
1.104996402663325439e+00
3.882800075058024381e-01
1.499303549517248202e+00
1.425090747029304161e+00
7.010946035533077714e-01
1.514771327681316837e+00
4.233377572552188273e-01
1.114168645143014391e+00
1.461164674377705586e+00
2.154710703804384175e-01
1.563379191349773656e+00
1.187921213985999813e+00
2.806285243332500290e-01
1.447283572037494803e+00
1.001735056899378140e+00
6.264002475786123458e-01
1.437649638926683737e+00
7.374751248535726944e-01
8.674488416674268620e-01
1.502095663893656230e+00
3.335146355954979880e-01
1.101284839478198441e+00
1.405962589602958390e+00
1.119236537451922808e-01
1.403576991209341873e+00
1.151547875779366459e+00
5.433432061742491381e-01
1.293538469573599636e-01
8.884683164668655264e-01
8.531755371659481835e-01
1.633837778130890150e+00
6.189326807391818397e-01
8.820176453442624132e-01
1.469464200549540411e+00
7.739203208883492502e-02
1.299046631933594043e+00
1.329446212807112504e+00
1.394634861786250568e-01
1.459520475987348576e+00
1.103520949703419962e+00
1.018042910188530881e+00
1.496838447687641738e+00
7.533716896430278087e-01
8.205525669387153664e-01
1.413989042779274952e+00
4.310212266616166299e-01
5.639310190188756566e-01
1.483622780074553837e+00
1.186160870482736579e-01
1.480572586314768291e+00
1.202292595285752830e+00
4.571687061328907897e-01
1.578962001723919872e+00
8.978699606646772802e-01
5.907789135049569262e-01
1.442754426908612997e+00
4.815002038965042752e-01
9.603341048206884834e-01
1.462309662047875491e+00
3.624455229210879481e-02
1.382607201338272640e+00
1.425559473159262458e+00
1.877763439879939489e-01
1.455886164442400599e+00
9.696702961240308838e-01
5.160582821986001711e-01
1.450652183346067270e+00
7.610367447271983998e-01
9.226533965211730637e-01
1.420135389700408535e+00
3.203457316194347482e-01
1.145405884638683203e+00
1.355578641584582300e+00
4.725523884142714820e-02
1.297366576032614516e+00
1.200551628396751669e+00
3.340493757181795531e-01
1.438282751214144284e+00
9.052856448101216369e-01
7.113165606066077506e-01
1.618488762650538204e+00
5.452620884619847619e-01
9.291756797348020847e-01
1.433474706857883252e+00
1.390184518950750014e-01
1.338821517168837127e+00
1.141950737021329987e+00
2.821387622700734510e-01
1.306674601510940725e+00
1.073210006942963535e+00
6.141261930757704324e-01
1.541246992434335050e+00
1.237551619814729831e+00
9.059344036380301279e-01
1.534802131027647842e+00
4.627046071792087489e-01
1.191215567364293237e+00
1.333935062498951218e+00
3.221359159384256515e-02
1.362942239806654854e+00
1.165277953415044587e+00
3.391818892284204079e-01
1.568734266182216119e+00
9.341416474674103521e-01
6.384350033146920511e-01
1.541542983168970204e+00
4.646999265987585281e-01
1.085905347063699011e+00
1.486713888305204234e+00
1.598178613707075535e-01
1.221415874694347314e+00
5.896609084946281554e-01
2.768956587061002228e-01
4.436939706154851559e-01
1.063773925439977619e+00
6.618596448425916323e-01
1.486461797685334707e+00
7.321401902376671877e-01
1.046535469588961487e+00
1.508006696462462770e+00
3.655095730928142883e-01
1.089356701129338134e+00
1.362257123359864375e+00
1.206930579769594641e-02
1.294644687473744504e+00
1.249433462331368760e+00
2.629039858464728985e-01
1.615206551454655859e+00
8.273577142286617780e-01
6.612389370933545729e-01
1.562640553369649021e+00
4.335241590490952479e-01
1.056647428201573646e+00
1.608949295700240256e+00
2.437544630545736279e-01
1.261033214814126557e+00
1.326865139189352227e+00
1.881338915989307359e-01
1.497761815583126488e+00
1.129811123557116881e+00
6.287553262856532266e-01
1.509079182554368348e+00
6.287182496947092414e-01
8.907442941305491191e-01
1.476059784986614165e+00
3.778271985486036932e-01
1.065929405195883195e+00
1.331921027686724601e+00
2.105822547601821776e-02
1.548623808255847223e+00
1.064051154204072702e+00
3.955907844464460199e-01
1.476941544202881706e+00
9.535716329834310612e-01
7.266815308574615662e-01
1.434712100802428836e+00
5.441606262723797105e-01
1.172500604435761540e+00
6.125031563375925581e-01
1.384999513806037807e-01
1.168881920284598364e+00
4.237088157858631687e-01
2.277668541679332970e-01
1.250923191999879558e+00
1.073614442262139423e+00
4.740929977530718431e-01
1.364929979384380543e+00
6.840736313857865847e-01
9.101614008675932288e-01
1.511947771885751246e+00
4.806436180400824876e-01
1.223372718295893113e+00
1.381057119634243602e+00
4.797820876310718297e-02
1.275854291797481777e+00
1.207233525075595892e+00
3.425905755219809667e-01
1.531077683944652934e+00
8.809517839200244893e-01
6.852943709368095604e-01
1.619916988034453276e+00
6.737289065837631652e-01
1.100459550067845571e+00
1.415154315665118068e+00
1.516657144767321885e-01
1.342244957001896610e+00
1.314396819482041234e+00
1.228212394730541640e-01
1.434715928895175407e+00
1.031142325647198765e+00
6.559927771089336668e-01
5.990133441322641472e-01
6.839072226789089104e-01
8.024685771475690288e-01
1.421306023973365029e+00
2.472767161512149370e-01
1.309727047294605651e+00
1.281285244579797311e+00
5.903749522703947289e-02
1.339825957649064758e+00
1.016189831455375003e+00
3.670011378147626790e-01
1.353550949613978371e+00
8.055400739444076308e-01
7.852894718890655046e-01
1.568233083126481686e+00
5.262449802186524028e-01
9.532361392813542000e-01
1.400118237970801927e+00
1.432824118378802913e-01
1.224120053120406393e+00
1.172226325592214291e+00
2.367622103708221237e-01
1.471311436246955040e+00
1.211672180703416757e+00
6.862184477763993984e-01
1.602040037390376925e+00
6.578244914623453399e-01
8.170586805877168013e-01
1.445333585492398099e+00
5.107252111860790533e-01
1.378947100499244405e+00
1.433171332870833092e+00
3.220729450990296450e-02
1.382254499845312123e+00
1.053566186914715264e+00
2.230246468314999730e-01
1.506454209149706180e+00
8.288863932529915157e-01
7.755878706402846712e-01
1.548262799292468239e+00
6.816867443761286394e-01
9.790495760151088911e-01
1.498851020701628123e+00
1.211478575091963078e-01
1.196542294687698460e+00
1.306410815840203687e+00
1.694088062301048470e-01
1.457951108736354806e+00
9.874106884036568665e-01
5.996386978233048115e-01
1.342652849157286221e+00
1.068647826474361295e+00
8.892012497762467049e-01
1.505932426344135378e+00
3.070681777351838559e-01
1.070209987277001451e+00
1.181930249935226884e+00
1.458703163228440847e-01
1.467624383298747670e+00
1.174884787915231099e+00
3.316358434575047975e-01
1.504550999363663877e+00
8.853179819071860246e-01
6.856865077822428267e-01
1.405113187235551342e+00
6.458265726257559347e-01
9.872842880654608688e-01
1.417464965402887689e+00
2.639754917466352602e-01
1.344731960544241378e+00
1.271617915276833211e+00
6.388162704072543330e-02
1.585449808642004799e+00
1.035864432133996704e+00
5.900175390209472237e-01
1.551301525918857838e+00
6.442990780262597417e-01
8.334315491032452394e-01
1.615449450306771118e+00
4.459628252848623631e-01
1.641544083718219638e-01
1.303503427460458219e+00
1.747029184864506701e-01
1.399098000527863705e+00
1.190172858281498325e+00
4.268521921078793357e-01
1.482934570026905652e+00
9.858144413828203723e-01
6.560701417597302187e-01
1.526799419330955754e+00
5.091625172112566045e-01
8.887065530812128245e-01
1.464001052864190466e+00
1.174654303493069263e-01
1.381109076997325324e+00
1.071510959229023285e+00
1.080496618433105516e-01
1.346545170834939853e+00
9.789827666834833853e-01
5.401399748685553615e-01
6.509014234747028116e-01
6.525726723932779860e-01
8.298421692181912057e-01
1.448774438193769720e+00
4.117044887687586474e-01
1.181874709540332580e+00
6.727523545692949414e-01
1.820565436202748605e-02
1.463792574484816145e+00
1.095405314658095763e+00
4.527809874280934177e-01
1.653016109237178899e+00
8.004549833899670119e-01
8.202188082467414265e-01
1.501760302337515007e+00
5.298276555661353138e-01
1.008101225868907047e+00
1.411513596067956344e+00
2.125850726349042541e-01
1.323562407835124688e+00
1.369222142353698102e+00
2.095724175639366860e-01
1.371083982156646952e+00
1.014156422542064950e+00
5.898138184865112654e-01
1.542830211590600742e+00
6.031289903688714649e-01
9.414128849017888712e-01
1.453229495697200724e+00
3.055074638083629113e-01
1.221381343697051092e+00
1.326587365972017984e+00
4.809348162153058437e-02
1.354640748571972475e+00
1.149078648988161921e+00
4.248331221288296211e-01
1.435619224207931310e+00
8.547041563440035405e-01
7.040742409577750438e-01
1.639852563777969063e+00
6.031365135828500312e-01
9.845321626249688984e-01
1.470046784712311982e+00
7.005107407069567638e-02
1.266940780887683582e+00
1.208823403711005273e+00
2.262139005549338444e-01
1.439131721386064822e+00
9.206887294043333281e-01
5.772030913493145787e-01
1.585918213749866634e+00
7.489706625555199171e-01
7.377692379796088051e-01
1.404615154679610400e+00
2.329089421904013135e-01
1.173609280502116547e+00
1.421399538685498509e+00
5.878391197503242405e-02
1.394744087752449957e+00
1.195328839002617327e+00
3.906488059950967706e-01
1.406259318343644260e+00
9.534171141058188637e-01
6.642213227726168068e-01
1.523445662505958476e+00
4.875056894479398162e-01
9.487569236942345885e-01
1.298261024883688330e+00
1.534981524980983392e-01
1.262860172363161393e+00
1.187048398324535237e+00
4.125798012243567237e-02
1.482140807790594872e+00
1.214903424536063037e+00
5.213905068663782227e-01
1.571956606851148575e+00
6.455668811195102164e-01
7.931580391603095803e-01
1.563088224872211551e+00
2.854103183551106038e-01
1.276464007079443963e+00
1.411782051509084646e+00
2.972006934200329895e-02
1.235722013511164397e+00
1.238823515768030958e+00
2.635283325162961487e-01
1.292161482427334418e+00
7.777232339764612590e-01
7.001532702944673892e-01
1.436531781482882630e+00
6.314690594880860708e-01
1.157886758409286898e+00
1.276532051334957840e+00
1.210121705057772001e-01
1.250569177491893669e+00
1.255828008096464332e+00
1.508131022387216857e-01
1.413646300612115603e+00
8.897307404005484477e-01
5.668262059017356025e-01
1.560511070206580975e+00
6.569830452119962416e-01
1.031771338920451475e+00
1.503470585184039088e+00
4.163734139710471571e-01
1.085424095154036150e+00
1.382537248677574881e+00
4.792347896772373994e-03
1.284417545614250589e+00
1.227561729579790706e+00
3.901866210415604885e-01
1.536078498695391925e+00
8.039057366717684561e-01
7.047201859605269902e-01
1.481759016731790668e+00
6.314702332556351161e-01
1.020951028888402279e+00
1.464851120791629269e+00
1.876041152904114884e-01
1.363028838878875382e+00
1.250561905367032489e+00
2.295597148267553844e-01
1.524876132925772509e+00
1.127079726897629586e+00
4.808838133874193121e-01
1.537581211312466278e+00
8.722023167602398486e-01
8.570039406322104147e-01
1.591681531690315010e+00
2.696982916188319646e-01
1.085738903711596759e+00
1.366847706449131783e+00
7.969936163811847107e-02
1.296223836588748624e+00
1.149730576058654918e+00
3.904882103792378656e-01
1.634129797932808881e+00
9.738556604964840879e-01
7.662412253683352770e-01
1.565248976042330264e+00
6.734794306537522646e-01
1.103104513283691634e+00
1.282254756129625806e+00
1.382580736688966694e-01
1.156906443681468222e+00
1.224025412049222217e+00
5.703978641922048676e-02
1.262800623610361717e+00
1.078670387869371972e+00
6.945410233994352422e-01
1.497964460131097297e+00
7.049968222421054698e-01
9.012013704725293506e-01
1.513759800932837685e+00
3.433431937234866504e-01
1.181648602081455612e+00
1.260951419850748767e+00
9.420614000822559453e-02
1.387652941509529780e+00
1.067436276482866209e+00
3.616624775004503856e-01
8.609985059629937654e-01
9.760118733718003980e-01
7.242244684593521775e-01
1.488245701540708232e+00
6.454243812744492326e-01
1.039343400118087901e+00
1.386988759208098276e+00
2.103204373399705507e-01
1.290948035932729887e+00
1.393226978760141677e+00
1.581240971894367631e-01
1.371903037991587748e+00
1.083155305670651103e+00
5.531655512736505242e-01
1.389323185812087580e+00
8.151171467561737494e-01
8.539265617001146058e-01
1.323086897189087674e+00
4.974050861547310576e-01
1.094552865376540174e+00
1.362195236947993937e+00
2.818393039172367720e-01
1.327769329688667233e+00
1.230349479250332445e+00
2.635612362471820291e-01
1.506381203948054193e+00
9.793645107904486169e-01
8.819592569184678821e-01
1.493002985447881237e+00
6.133222932291475527e-01
1.095395043983710348e+00
1.396152159260769965e+00
1.574479792092715880e-01
1.172666326680210425e+00
1.220322003141873113e+00
2.050067472271016322e-01
1.477352813249602548e+00
9.976108226548219271e-01
7.294168544076411465e-01
1.540321786361210421e+00
7.617932096586699231e-01
7.847837749123319773e-01
7.785118134058549577e-01
2.383991222712026625e-01
1.170808076125734676e+00
1.385459050689964666e+00
3.426563458243153670e-02
1.449471046613196590e+00
1.109093917939036000e+00
3.899543515165659335e-01
1.442002620104839261e+00
8.532208583834769433e-01
7.381928082238869981e-01
1.539315003923920511e+00
5.381993931811618337e-01
9.921669643431997310e-01
1.422268161042075985e+00
1.931478451982801825e-01
1.099735451333685221e+00
1.202863757182955018e+00
8.834465531580290576e-02
1.494262837131136168e+00
1.098048394891848467e+00
5.580567585108532347e-01
1.505963959613020098e+00
6.649551038203670439e-01
9.122978344521577299e-01
1.373089740062926056e+00
4.204526307082428471e-01
1.138099384886345211e+00
1.378636693442486960e+00
1.940508304533187234e-01
1.318522722764625010e+00
1.130222523575386884e+00
4.056230000891145049e-01
1.510309843111035333e+00
1.639040590249980944e+00
6.384762453227899037e-01
1.525135301795588205e+00
5.493589576824067233e-01
9.987068754585407548e-01
1.348714497933471979e+00
2.530527242564427071e-01
1.288577930448537634e+00
1.250954669444742207e+00
2.421572995675304041e-01
1.498574065459150395e+00
1.078909279534880916e+00
5.658043314418782499e-01
5.787549270996930062e-01
7.038636909127092833e-01
7.965451133682137641e-01
1.469285965245517689e+00
2.773823065466092253e-01
1.227716414567378234e+00
1.381343244393274716e+00
1.094932682199968726e-01
1.358738688716781606e+00
1.118030209044819978e+00
4.800553622920319952e-01
1.510452363611534343e+00
8.345275667339071557e-01
8.870642388627558717e-01
1.502415931424622597e+00
6.850202977054019593e-01
1.137323066544798200e+00
1.438620310914654921e+00
1.770163668778585719e-01
1.286991077830861530e+00
1.311356049514827538e+00
1.670252437665200596e-01
1.444887029077689844e+00
1.049059018378267316e+00
4.360371534172697294e-01
1.527892447198182513e+00
5.910597775991890401e-01
8.838284913609399940e-01
1.539877945862123010e+00
4.517790097134632976e-01
1.204178987841519444e+00
1.285291386980711215e+00
4.227286416240882971e-02
1.293821291371391125e+00
1.134617642636599699e+00
3.119561459612423260e-01
1.489080531445567512e+00
8.666330982070077349e-01
7.789633749168012322e-01
1.362491195813966049e+00
5.161681137484400717e-01
1.085188083570260309e+00
1.423683436557823923e+00
2.240030253947908334e-01
1.253592763948204958e+00
1.167043498554812819e+00
1.787230716516243212e-01
1.408158241479984696e+00
1.066070587000547576e+00
6.876369091734166883e-01
1.444489422475245588e+00
6.411138127161559730e-01
8.917385315955480563e-01
1.419562439472737303e+00
3.224741890450372739e-01
1.128874867834442242e+00
1.413349083717109655e+00
4.845384304871008796e-02
1.389834801588227142e+00
1.236520016937465272e+00
5.060066577459796378e-01
1.466494118164147098e+00
9.936902648885346245e-01
7.588756522353455880e-01
1.548441112668422548e+00
6.058210296920538696e-01
9.488579697481364095e-01
1.391356699996524560e+00
7.596154037728064523e-02
1.564401217808750535e-02
1.364451188156997841e+00
1.255534755656562695e-01
1.242217004915880718e+00
1.036559724076291156e+00
6.965556004699349213e-01
1.468819571385274303e+00
7.727677186729664527e-01
8.424247596185022724e-01
1.447510255700172888e+00
3.337120447946448909e-01
1.170702655772288381e+00
1.306825599320915465e+00
1.521786551132555364e-02
1.362090159423113844e+00
1.352878315092611361e+00
3.494413137921668633e-01
1.407892845014567129e+00
9.383324968625019746e-01
6.694621720607482063e-01
1.501308057522985351e+00
5.570731627038849609e-01
1.084273002645793182e+00
1.290577022505706495e+00
9.496954965588096098e-02
1.275006409894401394e+00
1.416363421869170081e+00
1.315401371352249438e-01
1.275151512872632731e+00
1.007894978919748885e+00
5.692697339210250895e-01
1.607596767966925855e+00
7.328806365616665763e-01
8.367423202952494199e-01
1.488731595235476934e+00
3.234495266512738554e-01
1.164729692320452870e+00
1.305867031293377778e+00
9.918800888209927669e-02
1.129765907280371184e+00
1.304123993409290971e+00
2.914351476764087123e-01
1.291559101999796066e+00
8.165350616466854339e-01
7.840961203957181880e-01
1.412063838466391941e+00
5.328416292723932024e-01
1.069399338147487999e+00
1.542674080572302708e+00
1.549204148426059913e-01
1.278678480708991039e+00
1.193578699008501998e+00
1.125817451685635628e-01
1.475538791251918003e+00
9.722918157764738334e-01
5.966248485756880937e-01
1.437242058725910265e+00
5.681940472009674448e-01
8.235693391300605848e-01
1.575960014458748448e+00
3.425368458306279340e-01
1.338998060477490482e+00
1.343837425686085663e+00
4.683267208755986788e-02
1.287706796297402034e+00
1.126766960891666169e+00
3.467841024997582733e-01
1.351388472217357695e+00
9.309255036482068091e-01
6.556522569583146387e-01
1.512835179622492143e+00
3.845625775946977520e-01
1.030100386231876053e+00
1.447238345331949061e+00
1.056129742855133613e-01
1.218718478501623403e+00
1.263091981591442758e+00
1.479961776344681790e-01
1.460996723248345397e+00
1.109347211049810156e+00
5.840921622217619680e-01
1.603343883692328831e+00
7.326227731999652715e-01
8.744187626902022448e-01
1.601119791347751953e+00
4.419677592739093552e-01
1.141928259431432169e+00
1.401454382044011737e+00
1.319580814378654154e-01
1.222412789288530588e+00
1.068875911508379462e+00
3.283151524639520424e-01
1.430073016648309991e+00
8.819561898983874215e-01
8.150962507779397903e-01
1.578835865788410731e+00
8.034542322669478986e-01
9.126909763962338662e-01
1.294993700718312324e+00
7.875445767055525015e-02
1.489605509027631447e+00
1.275771494080979673e+00
1.207375385398720413e-01
1.479956013438838758e+00
1.089337190775285569e+00
4.955274002191721872e-01
1.519548312277286151e+00
6.080334071278348240e-01
8.803013699166887251e-01
1.606629510651416126e+00
3.303380155163278542e-01
1.174518372374571129e+00
1.446084269574817061e+00
8.684908524861474632e-02
1.396083419990323593e+00
1.156734117465811451e+00
4.596411124453855246e-01
6.381959653613302752e-01
7.533013755609793138e-01
7.199108257745905348e-01
1.620539811407879949e+00
4.719005909240741592e-01
9.267806443258248539e-01
1.397686635833510049e+00
3.750448307147510874e-01
1.229243247716071075e+00
1.345363952364206250e+00
9.407619712055183270e-02
1.397989933070461932e+00
1.117844358174992170e+00
4.383297566292865266e-01
1.568079369186694771e+00
7.108801253755115956e-01
7.896331682329476020e-01
1.504941148555618113e+00
2.335977301516301008e-01
1.169250060106728606e+00
1.425849152771392792e+00
4.512326676934946129e-02
4.175934002915889787e-01
1.225233926709216714e+00
2.792556530778770862e-01
1.605476337649439644e+00
9.202542369507371589e-01
7.749902300471761540e-01
1.547551692024328851e+00
6.970112141468998157e-01
9.041761274800219628e-01
1.488422604468146559e+00
2.020968651713092035e-01
1.398529211714195641e+00
1.255795330824680978e+00
2.014796926001920230e-01
1.439740199485810779e+00
1.058867211812336118e+00
5.928255162385087651e-01
1.309464629599459140e-02
8.092431966523258025e-01
9.073434407025104953e-01
1.408132671611643572e+00
3.317717535368892579e-01
1.084049075188457500e+00
1.289540568511647889e+00
3.064612559528620550e-02
1.361251251269071760e+00
9.909676974341676825e-01
3.098046868295461498e-01
1.539981882448066219e+00
9.593718151192088817e-01
5.446435644989500169e-01
1.535097677987609321e+00
5.592675733549420380e-01
1.085079544210436397e+00
1.470370632406829525e+00
2.264480275435465650e-01
1.268034602631201047e+00
1.454028846419660459e+00
1.290552833284933365e-01
1.535215143316066122e+00
1.112626055440228745e+00
5.342131682011945770e-01
1.468252404958474644e+00
8.638005001879519584e-01
1.002978939628916599e+00
1.505342364858656357e+00
3.927510773240438513e-01
1.048572838722437339e+00
1.406784350416741436e+00
1.242652713742090076e-01
1.287852337946752135e+00
1.116960330196432372e+00
7.045836901066402369e-01
1.493455680647389316e+00
8.866574373257040120e-01
8.139104341497682693e-01
1.603970844818860320e+00
5.670958302750130908e-01
1.002284351056689893e+00
1.399291462402760589e+00
2.216052313224996517e-01
1.291877987993560684e+00
1.222166393283191654e+00
2.751079362117250238e-01
1.469643686285384110e+00
1.042093119603159534e+00
4.612098823532116976e-01
1.455930969092421368e+00
8.734516370547886766e-01
8.367197060097710803e-01
1.358184132640670061e+00
4.986447841390007074e-01
1.164249871993076280e+00
2.065478600087718442e-01
1.648426290340337941e-01
1.299520804185189338e+00
1.143733325920541999e+00
3.919288320146879223e-01
1.521254657786108577e+00
9.128087380644940296e-01
6.469258054443748351e-01
1.605533596747540370e+00
4.749176226021814551e-01
9.647897292990480489e-01
1.463008458801078548e+00
3.732316673253024408e-01
1.297740858214489590e+00
1.257963602651533730e+00
2.591710660833960178e-01
1.393957213555886643e+00
1.098784950541491501e+00
5.459244901584627829e-01
1.485366499332876788e+00
7.092240869223346289e-01
7.523904943092115660e-01
1.424720726187024722e+00
3.715643122509899587e-01
1.201373759640502525e+00
1.365387359724903327e+00
1.086235214356424256e-01
1.362495692840773653e+00
1.187513028480047250e+00
3.592219430637554334e-01
1.560976549898933863e+00
7.723834124847236415e-01
7.179513441325048317e-01
1.559669459228589572e+00
6.663218300949254047e-01
1.043426341826794168e+00
1.419284798137825154e+00
2.947440210170776953e-01
1.329786658482425610e+00
1.319199393588941449e+00
1.741014692844438660e-01
1.457382385416544857e+00
1.087205372750104315e+00
5.818647538200510949e-01
1.510964468432724805e+00
1.418473629128634617e+00
6.982136633699312922e-01
1.487272320010335935e+00
3.323381060372174733e-01
1.248049396961626423e+00
1.386295839061765900e+00
8.222354821581485951e-02
1.401216937660208828e+00
1.340131959076468204e+00
2.781617078565781220e-01
1.494342965138759638e+00
8.613959517973033275e-01
8.086621660154241775e-01
1.503103450060580659e+00
3.811148190735956232e-01
1.107266617623862359e+00
1.386178421253468240e+00
9.410052424301149077e-02
1.292499956750596590e+00
1.308144350082182772e+00
1.406554955454215883e-01
1.443184036821258287e+00
1.077520174292097677e+00
5.094888642912595023e-01
1.457105786468304132e+00
7.625847236320605349e-01
7.634241875377905107e-01
1.469123735740200054e+00
2.493228852978532917e-01
1.095853127079596590e+00
1.356779668374846093e+00
8.950181263950839072e-02
1.413117574190708492e+00
1.187211734229501436e+00
3.956246445202244444e-01
1.511787550493662424e+00
8.087285715417481535e-01
7.776273027558351369e-01
1.438050487132157551e+00
5.368646608904247275e-01
1.109915268764224638e+00
1.407058188304841861e+00
3.542078091451863475e-01
1.291882950438647093e+00
1.276280293054106174e+00
2.444696435810118640e-01
1.433783812659702450e+00
8.876743719121675813e-01
6.474936752046503985e-01
1.336684260761669352e+00
9.447078479795705253e-01
1.473333872715934856e+00
9.076533543555476147e-01
3.303872211461241215e-01
1.118212788652748424e+00
1.309005091063770942e+00
4.511180578677195796e-02
1.141106645060300240e+00
1.088348006377634070e+00
3.367859350338172630e-01
1.503458607323505891e+00
8.504138625260865281e-01
7.284808893766996363e-01
1.488692814277434717e+00
5.903367695468285659e-01
1.193182355389563298e+00
1.435956536959377416e+00
1.916620310950534201e-01
1.266796758348331720e+00
1.305468298724634435e+00
2.694897954027470344e-01
1.493846153644472041e+00
1.031967520449004416e+00
6.264472670225668116e-01
1.497441528716071613e+00
6.890772137768041983e-01
8.962747539937372387e-01
1.422135948328271837e+00
9.120978702645452518e-01
1.166434377819686619e+00
1.371199227125671438e+00
7.308708171786491847e-02
1.231163450968637330e+00
1.161835425141714673e+00
4.701203782812898302e-01
1.475340908737102552e+00
9.360309848202581495e-01
7.181051753451115349e-01
1.444641965773471259e+00
4.790308020689755253e-01
1.042145506706140923e+00
1.489826420104013227e+00
2.379767547949122042e-01
1.314211693044065710e+00
1.217629697267604172e+00
4.566795094180907399e-02
1.285079577240688442e+00
1.048943139854841666e+00
5.209388172406607120e-01
1.582533848819432931e+00
7.953187500732107340e-01
8.734829711304591404e-01
1.430439397677265134e+00
4.953118786207111324e-01
1.159852877769901980e+00
1.335896455237200797e+00
7.883224568760008322e-02
1.374566141025273414e+00
1.014122943256230425e+00
4.417853513943531540e-01
1.330196602386890747e+00
9.804338063624050692e-01
8.678878278362684995e-01
1.464599485881246332e+00
5.353010811320625395e-01
1.270476428452786077e+00
1.445599964295784412e+00
1.245925630432385550e-01
1.279968713453491391e+00
1.218318690246990688e+00
2.389021411164344091e-02
1.473380512623142513e+00
1.003879451725851135e+00
6.629180404072402277e-01
1.552658612659230108e+00
7.934364420282211672e-01
7.465732575631230938e-01
1.445628908599676965e+00
2.730176118405659991e-01
1.117265527862348673e+00
1.329082863387293978e+00
5.892884237893095123e-04
1.350287595113510486e+00
1.146244788947212268e+00
4.473481309115560633e-01
1.539352356397915011e+00
8.758106074372151717e-01
5.868261718281317929e-01
1.473479508939655513e+00
5.102326807369593764e-01
1.028818796224826082e+00
1.499497726609792636e+00
2.429644182461888069e-01
1.418783795830983241e+00
1.221269009804787586e+00
1.112069189645265438e-01
1.575483742715380497e+00
1.093205706403939548e+00
5.927659489362453460e-01
1.485642509409927925e+00
7.367638479090441450e-01
8.525611480725933111e-01
1.560169172588082631e+00
3.012326872804756972e-01
2.251515117753251083e-01
1.272226897404681312e+00
1.479309187221958082e-02
1.254113867191299470e+00
1.194897399637136814e+00
3.725856056172921482e-01
1.395917355311178110e+00
9.568733763020096372e-01
6.748597693253649554e-01
1.551416944864461911e+00
4.606820779981332104e-01
1.099571631525790405e+00
1.361187054688285603e+00
8.192231573396331623e-02
1.211013117501368974e+00
1.337729065870070899e+00
1.833087353216167059e-01
1.484447053845129094e+00
1.093065196221674418e+00
5.199199207574599635e-01
1.563575731007525116e+00
6.495121993997662324e-01
7.314863804254267965e-01
1.533911537601199138e+00
2.770449174469465925e-01
1.044293654763014390e+00
1.342663933467071136e+00
5.682523354755621148e-02
1.325822341924223657e+00
1.141181830292546939e+00
2.980872021019561613e-01
1.368289818416673187e+00
8.624852951643121601e-01
7.127384571234373078e-01
1.432683554512816704e+00
6.645356946948430821e-01
8.805755243939948906e-01
1.470401036753621105e+00
2.759213891850054723e-01
1.214016585829144956e+00
1.141187858416514045e+00
1.226760377640214311e-01
4.260196850384075085e-02
1.091983806852750094e+00
5.326783295633182869e-01
1.503716868500519555e+00
6.223064772013260360e-01
9.052548453728305189e-01
1.536154484246406327e+00
4.397707729546618816e-01
1.068625762249196365e+00
1.363103430028760998e+00
2.004021957052292205e-02
1.333375784071360259e+00
1.240831023622277263e+00
3.174483001142758831e-01
9.161053229137557097e-02
8.247604685632582422e-01
8.075033644444429282e-01
1.672366682763264167e+00
5.726496089407491219e-01
1.653764263833255699e+00
1.252531425907855267e+00
7.277035904694591217e-02
1.332379518516185080e+00
1.203999022487712178e+00
1.004281105239920174e-01
1.372495819972513242e+00
1.102694096267019752e+00
5.008095628103664820e-01
1.483314217093029797e+00
8.670028702909482465e-01
7.980892235225131026e-01
1.491482620787314861e+00
4.492741314395194974e-01
1.195885044774526396e+00
1.365458766653915301e+00
1.271848862408506420e-01
1.387563424354607111e+00
1.152012813988251283e+00
3.923796038594234425e-01
1.592812841907708554e+00
9.270932914319349738e-01
8.038242685266951959e-01
1.472420704579990192e+00
5.545398021293430624e-01
9.213953708629937234e-01
1.407620906576843689e+00
1.867360340442456579e-01
1.184697664463185474e+00
1.216587460678418164e+00
2.208334637816966872e-01
1.456251658308806540e+00
1.175791603776448868e+00
5.831421249989179323e-01
1.422190527821537431e+00
7.917701631568874188e-01
8.249160232137061621e-01
1.542392473459259339e+00
3.976575971010329336e-01
1.206332447803764918e+00
1.230387288554193548e+00
1.485607835688748657e-01
4.164589114649491775e-02
1.059198762302992369e+00
5.236756339553267914e-01
1.561862877462074417e+00
8.482462664554643039e-01
7.099197000988687334e-01
1.465080284924533682e+00
4.123205923900106207e-01
1.070572783828600105e+00
1.536570754319042775e+00
9.180891878488812996e-02
1.177757264467393483e+00
1.335371923284025986e+00
1.426838844395237338e-01
1.354528309717434098e+00
1.123696804736824983e+00
5.850757450762892331e-01
1.311202351999247728e+00
6.104838427768668474e-01
9.173258659279925897e-01
1.601179979894475469e+00
4.123095029539692313e-01
1.174737747736654292e+00
1.318588842875481948e+00
3.406977381518820625e-02
1.119608493197938648e+00
1.118483297759166328e+00
2.962433141180408902e-01
1.511080898682216622e+00
9.559986194966492157e-01
6.494033658711292345e-01
1.613251244615443447e+00
6.074677471556806374e-01
1.027299358961719422e+00
1.464478838195364396e+00
2.221052227742811580e-01
1.093452611042145417e+00
1.422251372403910530e+00
3.039411204997970462e-01
1.463218518837356097e+00
1.178597954938065184e+00
6.194299558741277467e-01
1.499410828708563903e+00
8.075766717797401295e-01
7.769517574523798764e-01
1.415780152073322862e+00
4.809199879388328935e-01
1.243315102453428134e+00
1.295431733334745816e+00
4.428340794065802055e-02
1.347900589163814500e+00
1.023967083086295915e+00
4.379608056492683144e-01
1.545740933591242650e+00
9.191012074858618819e-01
1.128386196323863500e+00
1.466290473370856828e+00
5.798879429439076638e-01
1.089272273981819028e+00
1.519188339155594702e+00
1.350162497125747818e-01
1.176001993532044709e+00
1.324262203219163991e+00
3.797986410083638575e-01
1.513304845519206410e+00
1.067157449330788488e+00
4.982790491662300592e-01
1.415994507372148270e+00
7.689977552697713215e-01
8.875607387436128537e-01
1.391962293952848650e+00
3.266555899601550905e-01
1.132964462298283514e+00
1.422533489367577175e+00
6.597126248466763689e-04
6.700494707020983043e-01
1.092516468379134409e+00
2.935393857977784404e-01
1.471178438578959247e+00
8.233744780975544852e-01
9.227712906087194300e-01
1.608009804602421378e+00
4.545451284004978221e-01
1.042008740474621664e+00
1.538690490654812448e+00
4.946550265009286296e-03
1.271402869847673367e+00
1.165998336914684907e+00
1.936049953429547776e-01
1.286643211983459212e+00
1.089099242219264019e+00
6.830523470646842066e-01
1.451174696890022764e+00
7.039742012215018940e-01
9.261450256152440330e-01
1.405680372898281849e+00
3.567709542069123496e-01
1.349545204450947722e+00
1.208006602734220669e+00
4.754911469031478793e-02
1.336087359052761769e+00
1.025469038397943233e+00
5.752147186429834580e-01
1.527764392785651459e+00
8.177980424594960551e-01
8.003220129786177139e-01
1.440063068642001509e+00
5.175196393517439430e-01
1.095893762702692342e+00
1.539415300163870848e+00
3.275392058924201932e-01
1.418655223516326336e+00
1.294961843170578497e+00
6.351204536823802649e-02
1.317401513207169250e+00
1.062385981657408829e+00
6.796582437839068236e-01
1.448346239202521701e+00
6.984473396096857467e-01
7.058664699796284303e-01
1.517549562001517804e+00
3.998181883953171312e-01
1.305046340584574027e+00
1.389780869950568709e+00
1.117952637822100942e-01
1.403333793538546592e+00
1.164867350710555804e+00
3.287747313294571705e-01
1.298965311376186538e+00
1.332114292586464188e+00
7.323041825443314945e-01
1.438085487838796084e+00
4.872307373810958464e-01
1.004468009131185946e+00
1.453905433422154170e+00
3.312682562928422891e-01
1.207370743187617945e+00
1.174029043113826720e+00
1.309391108601236087e-01
1.413398712576239946e+00
1.069221601484802608e+00
5.381230233181026890e-01
1.469016670220480769e+00
7.496065132201534809e-01
8.537206458885726601e-01
1.410535880458869906e+00
3.658067350345287072e-01
1.111241606273453586e+00
1.492775654778909500e+00
6.979823040363730691e-02
1.349131270245062408e+00
1.201781022885901606e+00
3.520294059911057705e-01
1.611324568623161424e+00
8.622552656027785423e-01
7.406022201327983057e-01
1.529306980284470541e+00
4.874083428639974236e-01
1.154049307427547300e+00
1.373822846643971252e+00
1.349531070519429388e-01
1.380246476154134427e+00
1.199602439502926554e+00
5.077101633718601459e-01
1.535425182123590027e+00
1.590523386460030109e+00
5.724300520067084896e-01
1.476228463821314341e+00
5.803843796107946984e-01
8.859446359158502649e-01
1.522723241697099716e+00
4.399324956952495036e-01
1.121347886142890715e+00
1.340382144903854211e+00
6.400512549309139536e-03
1.433577690242303193e+00
1.204002683607311219e+00
5.303095902154587593e-01
1.397190532615032010e+00
1.009497578240319049e+00
7.695353399084450263e-01
1.531805119017784156e+00
4.670900557964138278e-01
1.033092111405577773e+00
1.506024895867862146e+00
1.914775037182147033e-01
1.275670273112171627e+00
1.255707473309079392e+00
2.874163374431092377e-01
1.559865598365632655e+00
9.613238901554912452e-01
6.043799721600009445e-01
1.611427783169139705e+00
6.697675730975934938e-01
8.297270703612126264e-01
1.502201141884806690e+00
5.359512923030366194e-01
1.129296684150861818e+00
1.364249642764707282e+00
2.909695887232845862e-02
1.489158719760611316e+00
1.091362969261506999e+00
3.835807963062560777e-01
1.437266044719766045e+00
8.460835000261072159e-01
6.962859089828048464e-01
1.438787833187066934e+00
6.264635893752626972e-01
1.055927471327770650e+00
1.352656431882066856e+00
2.149620217427676838e-01
7.353957543056763857e-01
1.276736818320792333e+00
2.562975128342748210e-01
1.337180544032651852e+00
1.032515542478252613e+00
5.023674286399413269e-01
1.389288214468697769e+00
7.004479707275221845e-01
8.463533977543734599e-01
1.522141426089923755e+00
3.908779046740638585e-01
1.154928835990258973e+00
1.362599866507684609e+00
3.855956768994464601e-02
1.379292443402041934e+00
1.049713945661450376e+00
4.906795408603493724e-01
1.509235658148389003e+00
9.495524479636830995e-01
6.533665285966885339e-01
1.485997974210865991e+00
5.984606550049309526e-01
1.111398739978201489e+00
1.402710325979006800e+00
1.308467274925923796e-01
1.307656511707688374e+00
1.366777891797925193e+00
1.728375351000419405e-02
1.372122793194103130e+00
1.058370328818948325e+00
5.180551175942619269e-01
1.621730406958177939e+00
7.001283322832421163e-01
9.010502013703157731e-01
1.424730633913467326e+00
5.743733259849231887e-01
6.541727454096482042e-01
1.336371998920224957e+00
6.765995186139053819e-02
1.411283822606312022e+00
1.046395342811167861e+00
3.309095364074742252e-01
1.442383148220321987e+00
8.297319643491023466e-01
6.895661910254623495e-01
1.376395899798737332e+00
4.990886939418405222e-01
1.162303271763245771e+00
1.503268029614130308e+00
7.150071426593027080e-02
1.299951529655145599e+00
1.186774667887275481e+00
1.684609915424209736e-01
1.424693437301914667e+00
1.158389300738372540e+00
5.980765377412035066e-01
1.423394854778766261e+00
8.197142137180948307e-01
8.299892520900676862e-01
1.524049041167694796e+00
3.518817321719825975e-01
1.214960250648659867e+00
1.428307802769315016e+00
1.557636921918605921e-01
1.399500879277941978e+00
1.126018934285715201e+00
3.978315869772859337e-01
1.465834788231841435e+00
7.689381313302738885e-01
8.106406905272126595e-01
1.481857565822259470e+00
5.748563629594637403e-01
1.114989565469996169e+00
1.384492530474236149e+00
3.300485683026943562e-01
1.332380036318065342e+00
1.229569003665391680e+00
2.317751719588556636e-01
1.367376752772774262e+00
1.131643158518646386e+00
6.545648380961032187e-01
1.637475295287308619e+00
7.084176046393889647e-01
9.686553386232621410e-01
1.508947821711381199e+00
3.642647810923394514e-01
1.211181807772781838e+00
1.297447686732374095e+00
4.761943087158435062e-02
1.444011923940879294e+00
1.174757311042793573e+00
3.716644648729606759e-01
1.350419552901088949e+00
9.105286180209478664e-01
7.048346419259232665e-01
1.398476313124604520e+00
3.783566828076207478e-01
1.098393562269808221e+00
1.406296796992150044e+00
2.881532727532942761e-01
1.356356186420203613e+00
1.189967761764493703e+00
1.198098327295230303e-01
3.796440587033419467e-01
1.004686971508983451e+00
5.314267749092272952e-01
1.505316543813919328e+00
6.092873411913510839e-01
9.329734075130081683e-01
1.563687081074969898e+00
2.730677055636980821e-01
1.107579943536417755e+00
1.392697756778336293e+00
2.167778932811601639e-02
1.297051414712199868e+00
1.264303630355975594e+00
4.800271544196507145e-01
1.383069123375437082e+00
9.100118793477771639e-01
7.554395550484269695e-01
1.521865069179993757e+00
5.670355608498531819e-01
1.008909174092116556e+00
1.437180640887453231e+00
1.167542430950666288e-01
1.243480298137499940e+00
1.379500828826614844e+00
2.144770059369439930e-01
5.445843909682235306e-01
1.031109634471469416e+00
4.621414969164958642e-01
1.477907584891608561e+00
6.557141169712690232e-01
8.990039910297989989e-01
1.506073835141392925e+00
4.698482455135346569e-01
1.167833139460512371e+00
1.373276717861066532e+00
1.651610142260052372e-01
1.355267762020823552e+00
1.164615612567556857e+00
4.555419546986123613e-01
1.561686722954062079e+00
1.109688810168615758e+00
7.565786177144142588e-01
1.570976827896166661e+00
5.236592358131608727e-01
9.593392235170196125e-01
1.427971027951669969e+00
1.449983512433889177e-01
1.272715122201208970e+00
1.348498692605726523e+00
2.252194211917683264e-01
1.523182476228230664e+00
1.049253282011078925e+00
7.000320510833120125e-01
1.426913366736390465e+00
6.376507971245073403e-01
1.439637222840337794e+00
1.489549037020463595e+00
3.221398140775221242e-01
1.144210752948156884e+00
1.444883007105363770e+00
7.867306319402116166e-02
1.411639659322299067e+00
1.159301682746843642e+00
3.347606920519568541e-01
1.524237095435845291e+00
7.891133888079506775e-01
7.520875414651877477e-01
1.401873020611511977e+00
6.209216261679523230e-01
1.077307400198939336e+00
1.370643507768634528e+00
2.302675500828236799e-01
1.321197837686825860e+00
1.282796346450714164e+00
2.018534279086584282e-01
1.505868421828297832e+00
9.687397936504560381e-01
5.338499384806753012e-01
1.554712650614457958e+00
7.754823403201397403e-01
1.030670840105806008e+00
1.468054303494093160e+00
3.785892218062774650e-01
1.166638757724788089e+00
1.297774124558289888e+00
1.179660123270099420e-01
1.326454810868188172e+00
1.092182994566757603e+00
3.237949583919569330e-01
1.360537917979674827e+00
8.450960641307995180e-01
7.008969572107572876e-01
1.595145245565794845e+00
6.587613798768010565e-01
1.021133712017304962e+00
1.419110964187195290e+00
3.230139908887068034e-01
2.179804256012314867e-01
1.293342548734997433e+00
2.043412634926582150e-01
1.681456722462428610e+00
9.988139856005420203e-01
5.565354082373489275e-01
1.499671822833034573e+00
6.904586235262171190e-01
9.173807837565669532e-01
1.490845799641962177e+00
2.915454828477480609e-01
1.098942133184197756e+00
1.394246209103450429e+00
1.483212228462894161e-02
1.351373177779265911e+00
1.104746369775817527e+00
4.963785034294478926e-01
1.408584295539248910e+00
9.839658119166171391e-01
7.205532243483105947e-01
1.581490520816360545e+00
8.702928251362677114e-01
1.160650616141452485e+00
1.345422716418595677e+00
2.587821519514180713e-01
1.421541819884392988e+00
1.312999240692394487e+00
2.812594148564843133e-01
1.477447604064715314e+00
8.158395983694087805e-01
4.406685262093716915e-01
1.498370993772352167e+00
7.388525097133111785e-01
9.365903267760912199e-01
1.403149554251941211e+00
3.068273454602334915e-01
1.173007089089932231e+00
1.411538449490797653e+00
2.378650440110183228e-02
1.406881996797176848e+00
1.209315569720721850e+00
3.292165597522821452e-01
1.328159755277813492e+00
7.356763019414597204e-01
7.912329181871995409e-01
1.388889335767614641e+00
6.155275899865493283e-01
4.352662683179897019e-01
1.368920382234109390e+00
2.489258845589290281e-01
1.180693557188444709e+00
1.163733982047380877e+00
2.168731857928807294e-01
1.446555887633049320e+00
9.324953694279483063e-01
5.037358525130988252e-01
1.600333640992091633e+00
5.823084792522045250e-01
8.737080114919367757e-01
1.381412972495099201e+00
2.996233118232865533e-01
1.074398784555438136e+00
2.957684666698974160e-02
