# {'window': 100, 'n_steps': 6, 'q': 0.003352302826863355, 'contam': 0.9786257197457491, 'thres': 0.7543333472674092}
5.701294541358947754e-02
2.479195594787597656e-03
1.795901358127593994e-02
3.034892678260803223e-02
1.214009523391723633e-02
4.005463421344757080e-02
1.095950603485107422e-03
4.350394010543823242e-02
2.102920413017272949e-02
3.487162292003631592e-02
6.889265775680541992e-02
8.388894796371459961e-02
1.091875955462455750e-01
2.271866798400878906e-02
1.929509639739990234e-02
5.591320991516113281e-02
6.853479146957397461e-02
3.655952215194702148e-02
2.291125431656837463e-02
6.281018257141113281e-02
1.709216833114624023e-02
4.457894712686538696e-02
4.350131750106811523e-02
8.238732814788818359e-03
2.452366799116134644e-02
3.844657540321350098e-02
5.410528182983398438e-02
9.614323079586029053e-02
3.381657600402832031e-02
4.278588294982910156e-02
4.156507551670074463e-02
1.877844333648681641e-02
5.952727794647216797e-02
3.156244754791259766e-02
2.591381967067718506e-02
6.434321403503417969e-04
5.364257097244262695e-02
9.939014911651611328e-02
1.366120576858520508e-02
6.942731142044067383e-02
1.037088781595230103e-01
3.610235452651977539e-02
1.961708068847656250e-02
2.600671350955963135e-02
7.280528545379638672e-02
2.427184581756591797e-02
2.422942221164703369e-02
3.046566247940063477e-02
4.605662822723388672e-02
3.141678869724273682e-03
2.662086486816406250e-02
3.190094232559204102e-02
8.530601859092712402e-03
1.781937479972839355e-02
4.592877626419067383e-02
6.606464087963104248e-02
2.806279063224792480e-02
2.926206588745117188e-02
6.223174929618835449e-02
6.398347020149230957e-02
1.440227031707763672e-03
1.065830588340759277e-01
7.512740045785903931e-02
3.193199634552001953e-03
1.951169967651367188e-02
1.005815677344799042e-01
3.814947605133056641e-02
1.046484708786010742e-02
4.856912419199943542e-02
7.462322711944580078e-02
2.486753463745117188e-02
3.140120580792427063e-02
7.307350635528564453e-03
5.814784765243530273e-02
6.828457117080688477e-04
6.067076325416564941e-02
4.741609096527099609e-02
3.346108645200729370e-02
1.197469234466552734e-02
5.180907249450683594e-02
8.140362799167633057e-02
2.526584267616271973e-02
4.399222135543823242e-02
2.787899971008300781e-02
4.906132817268371582e-02
2.824908494949340820e-02
1.868039369583129883e-03
5.869667232036590576e-02
2.931529283523559570e-02
4.186975955963134766e-02
5.916579812765121460e-02
4.235482215881347656e-02
9.402590990066528320e-02
9.403508063405752182e-02
5.801242589950561523e-02
3.128045797348022461e-02
2.463534474372863770e-03
1.177489757537841797e-03
5.803763866424560547e-03
2.868665754795074463e-02
2.669468522071838379e-02
4.401004314422607422e-02
8.148685097694396973e-03
1.311123371124267578e-03
3.854537010192871094e-02
2.294279634952545166e-02
3.489074110984802246e-02
4.632794857025146484e-02
4.418632388114929199e-02
4.206125438213348389e-02
4.003190994262695312e-02
1.081408858299255371e-01
5.352616310119628906e-02
6.403326988220214844e-04
1.930296421051025391e-02
8.351858705282211304e-02
6.926655769348144531e-03
2.217173576354980469e-03
7.643107697367668152e-02
3.498125076293945312e-02
5.385589599609375000e-02
4.038912802934646606e-02
5.211442708969116211e-02
3.807926177978515625e-02
2.349681407213211060e-02
3.061750531196594238e-02
4.425168037414550781e-03
3.742837905883789062e-02
1.471811532974243164e-02
1.858472824096679688e-04
5.731791257858276367e-03
9.368389844894409180e-03
4.158884286880493164e-02
6.280538439750671387e-02
9.260393679141998291e-02
2.304047346115112305e-02
8.533200621604919434e-02
8.329530805349349976e-02
7.783043384552001953e-02
7.904559373855590820e-02
7.748866081237792969e-02
4.852664470672607422e-02
4.222363233566284180e-02
8.716929890215396881e-02
4.055076837539672852e-02
4.467904567718505859e-02
8.565325289964675903e-03
1.716613769531250000e-05
3.033334016799926758e-02
1.403370127081871033e-02
4.780551791191101074e-02
1.887553930282592773e-02
5.416788160800933838e-03
4.760861396789550781e-03
4.963934421539306641e-02
4.241146147251129150e-02
2.377194166183471680e-02
8.995312452316284180e-02
5.094689130783081055e-02
5.546090006828308105e-02
1.751488447189331055e-02
3.128191828727722168e-02
9.277553856372833252e-02
1.815998554229736328e-02
4.348218441009521484e-02
7.140171155333518982e-02
9.899616241455078125e-03
1.232188940048217773e-02
2.224527299404144287e-02
4.913014173507690430e-02
2.998793125152587891e-02
1.736201345920562744e-02
5.562257766723632812e-02
5.647313594818115234e-02
2.390801906585693359e-02
6.131321191787719727e-03
1.508188247680664062e-02
4.238369315862655640e-02
4.480540752410888672e-03
5.376708507537841797e-02
1.025335490703582764e-02
1.252055168151855469e-02
3.875643014907836914e-02
6.019026041030883789e-02
6.186851859092712402e-02
3.903794288635253906e-02
8.009892702102661133e-02
6.806375086307525635e-02
9.079039096832275391e-03
5.294680595397949219e-04
4.570786654949188232e-02
4.655534029006958008e-02
1.681196689605712891e-02
3.348873555660247803e-02
6.100231409072875977e-02
3.767514228820800781e-02
8.248016238212585449e-04
4.879826307296752930e-02
2.766090631484985352e-02
1.556154340505599976e-02
2.304384112358093262e-02
4.616361856460571289e-02
2.401159703731536865e-02
3.287574648857116699e-02
6.772196292877197266e-02
4.256758093833923340e-02
4.463762044906616211e-03
4.019159078598022461e-02
5.204421281814575195e-02
4.534567892551422119e-02
7.790517807006835938e-02
2.243956923484802246e-02
7.199551165103912354e-02
1.677179336547851562e-02
6.032401323318481445e-02
1.059562154114246368e-01
3.185743093490600586e-02
6.592804193496704102e-02
5.626628920435905457e-02
7.714408636093139648e-02
2.940386533737182617e-02
4.079617559909820557e-03
1.616525650024414062e-02
1.067042350769042969e-02
4.480354487895965576e-03
4.578500986099243164e-03
4.708021879196166992e-02
1.239033043384552002e-02
1.524835824966430664e-02
1.126267313957214355e-01
5.978807806968688965e-03
4.030993580818176270e-02
6.779551506042480469e-03
8.367955684661865234e-02
3.403563797473907471e-02
5.258560180664062500e-03
8.994460105895996094e-03
6.696397066116333008e-02
6.348896026611328125e-02
1.060229539871215820e-02
1.089026853442192078e-01
4.481017589569091797e-03
2.792149782180786133e-02
5.862815678119659424e-02
5.934298038482666016e-03
6.022399663925170898e-02
3.632584586739540100e-02
3.048145771026611328e-02
5.428862571716308594e-02
2.251880615949630737e-02
2.159610390663146973e-02
2.816355228424072266e-02
5.570870637893676758e-02
1.417526602745056152e-02
7.350075244903564453e-02
1.671345531940460205e-02
1.942315697669982910e-02
2.328318357467651367e-02
6.387677788734436035e-02
5.388471484184265137e-02
9.347379207611083984e-03
3.027886152267456055e-02
1.008656397461891174e-01
6.989049911499023438e-02
4.161953926086425781e-02
6.961575150489807129e-02
1.787024736404418945e-02
7.078248262405395508e-02
5.225827172398567200e-02
5.534255504608154297e-02
7.253050804138183594e-03
1.602684706449508667e-02
4.196506738662719727e-02
2.999156713485717773e-02
1.175250113010406494e-02
9.068101644515991211e-03
1.834720373153686523e-02
4.484802484512329102e-02
1.865836977958679199e-02
5.022054910659790039e-02
4.631027579307556152e-02
3.699213266372680664e-03
3.348517417907714844e-02
2.935755252838134766e-02
1.654644310474395752e-02
4.169648885726928711e-02
6.878376007080078125e-04
1.100755706429481506e-01
3.033792972564697266e-02
6.135094165802001953e-02
9.857802093029022217e-02
8.443832397460937500e-03
8.364182710647583008e-02
8.565519563853740692e-02
9.672290086746215820e-02
3.456950187683105469e-02
1.199170947074890137e-03
3.465849161148071289e-02
3.800284862518310547e-02
1.340284943580627441e-02
4.940935969352722168e-02
9.792983531951904297e-03
1.794859021902084351e-02
9.938001632690429688e-03
6.922847032546997070e-02
6.648260354995727539e-02
7.690221071243286133e-03
5.557280778884887695e-02
6.194913387298583984e-02
5.283384025096893311e-02
3.720092773437500000e-02
1.627022027969360352e-02
6.599462777376174927e-02
1.333010196685791016e-02
4.329514503479003906e-02
6.268163025379180908e-02
1.699286699295043945e-02
3.012782335281372070e-02
4.960700869560241699e-02
4.708641767501831055e-02
3.123348951339721680e-02
5.143352411687374115e-02
5.026876926422119141e-02
8.492052555084228516e-03
7.643789052963256836e-03
2.112632989883422852e-02
1.076173782348632812e-02
4.019722342491149902e-02
2.043691277503967285e-02
2.274978160858154297e-02
4.987554252147674561e-02
1.930657029151916504e-02
3.318870067596435547e-02
6.628921627998352051e-02
3.026750683784484863e-02
2.646291255950927734e-02
6.836542487144470215e-02
4.313163459300994873e-02
2.961933612823486328e-02
8.467614650726318359e-03
1.397855430841445923e-01
3.230673074722290039e-02
4.339468479156494141e-02
4.434406012296676636e-02
4.046469926834106445e-02
6.434023380279541016e-02
1.287136226892471313e-02
2.210479974746704102e-02
3.583186864852905273e-02
2.973663806915283203e-02
2.595031261444091797e-02
3.899860382080078125e-02
2.733122557401657104e-02
3.577515482902526855e-02
3.387504816055297852e-02
4.821184277534484863e-02
3.211572766304016113e-02
6.130814552307128906e-02
6.256297230720520020e-02
7.426407933235168457e-02
6.680512428283691406e-02
7.312500476837158203e-02
8.176543563604354858e-02
5.294847488403320312e-02
1.800280809402465820e-02
7.910483330488204956e-02
4.504567384719848633e-02
2.979242801666259766e-02
8.821219205856323242e-03
1.267731189727783203e-03
7.516694068908691406e-02
6.048977747559547424e-02
1.145619153976440430e-02
6.309086084365844727e-02
1.908163726329803467e-02
4.418531060218811035e-02
1.585310697555541992e-02
5.260944366455078125e-03
2.435234189033508301e-02
4.911422729492187500e-05
3.581717610359191895e-02
2.366024255752563477e-02
7.825350761413574219e-02
6.194597482681274414e-02
3.763419389724731445e-02
2.786117792129516602e-02
8.724921941757202148e-02
9.143387526273727417e-02
4.350316524505615234e-02
1.575076580047607422e-02
4.676994681358337402e-02
1.073622703552246094e-02
5.046474933624267578e-02
4.306175187230110168e-02
2.232515811920166016e-02
2.490377426147460938e-02
3.454772010445594788e-02
6.341809034347534180e-02
1.199936866760253906e-02
1.429061591625213623e-02
6.837746500968933105e-02
9.178727865219116211e-02
1.269313693046569824e-02
5.887869000434875488e-02
1.330775022506713867e-02
2.731756865978240967e-02
6.040036678314208984e-03
7.230103015899658203e-03
4.474997520446777344e-02
3.245089948177337646e-02
1.574414968490600586e-02
5.106469988822937012e-02
7.282152771949768066e-02
4.433751106262207031e-03
5.606526136398315430e-02
5.988517403602600098e-02
3.238439559936523438e-02
2.287149429321289062e-03
9.294530004262924194e-02
5.041122436523437500e-02
2.386045455932617188e-02
3.257781267166137695e-02
3.039199113845825195e-02
4.023712873458862305e-02
3.332330286502838135e-02
3.286316990852355957e-02
4.476267099380493164e-02
2.430983632802963257e-02
5.671203136444091797e-03
4.600834846496582031e-02
1.925593614578247070e-02
2.831205725669860840e-02
4.533159732818603516e-02
1.140677928924560547e-01
7.248653471469879150e-02
2.962434291839599609e-02
6.919407844543457031e-02
5.973164737224578857e-02
5.522906780242919922e-03
4.547882080078125000e-02
6.539486348628997803e-02
6.064784526824951172e-02
2.810066938400268555e-02
4.588963836431503296e-02
3.183048963546752930e-02
5.250716209411621094e-02
4.517650231719017029e-02
8.749961853027343750e-05
1.944118738174438477e-02
1.891281455755233765e-02
2.124536037445068359e-02
8.087456226348876953e-03
6.816506385803222656e-02
1.505097746849060059e-02
7.036125659942626953e-02
2.808107435703277588e-02
5.680292844772338867e-03
3.502100706100463867e-02
3.045237064361572266e-02
5.865797400474548340e-02
3.388452529907226562e-02
3.241157531738281250e-02
7.401487231254577637e-02
7.070285081863403320e-02
4.435580968856811523e-02
3.156758844852447510e-02
2.356731891632080078e-02
1.880741119384765625e-02
5.986355990171432495e-02
1.457780599594116211e-02
4.219764471054077148e-02
2.051514387130737305e-02
2.884477376937866211e-02
4.899102449417114258e-02
2.628671377897262573e-02
3.672549128532409668e-02
2.454692125320434570e-02
1.254986226558685303e-02
7.363140583038330078e-03
3.950583934783935547e-02
8.119225502014160156e-03
2.040386199951171875e-02
4.497808218002319336e-02
8.184227347373962402e-02
6.326143443584442139e-02
2.193850278854370117e-02
3.078392148017883301e-02
3.016690909862518311e-02
2.132785320281982422e-02
5.142873525619506836e-02
8.965612575411796570e-02
1.548689603805541992e-02
3.018581867218017578e-02
7.125546410679817200e-02
5.564385652542114258e-02
1.827007532119750977e-02
4.816875606775283813e-02
7.347446680068969727e-02
6.511884927749633789e-02
6.211824715137481689e-03
4.309841990470886230e-02
8.220911026000976562e-02
3.143814206123352051e-02
4.726326465606689453e-02
1.785331964492797852e-02
4.379618167877197266e-02
3.949999809265136719e-04
4.022717475891113281e-04
4.790642857551574707e-02
3.706018626689910889e-02
1.865857839584350586e-02
6.652960181236267090e-02
6.347069144248962402e-02
4.977661371231079102e-02
3.730696439743041992e-02
9.853596612811088562e-02
2.870100736618041992e-02
4.371935129165649414e-02
2.716124057769775391e-02
4.739820957183837891e-02
4.295444488525390625e-02
6.576978974044322968e-02
6.202340126037597656e-03
3.176999092102050781e-02
2.192757278680801392e-02
3.939598798751831055e-03
4.846960306167602539e-02
8.183254301548004150e-02
2.918294072151184082e-02
5.166083574295043945e-02
3.114731609821319580e-02
2.811381220817565918e-02
3.531742095947265625e-02
1.629295945167541504e-02
4.659363627433776855e-02
3.239983320236206055e-02
5.439528822898864746e-02
3.663770854473114014e-02
5.301117897033691406e-03
3.822839260101318359e-02
9.019418433308601379e-02
5.637329816818237305e-02
1.798927783966064453e-03
5.127933621406555176e-02
6.055527925491333008e-02
4.230177402496337891e-02
6.147410161793231964e-02
1.921433210372924805e-02
4.269963502883911133e-02
7.398411631584167480e-03
9.104698896408081055e-03
4.007458686828613281e-02
4.279836267232894897e-02
2.797570824623107910e-02
2.780389785766601562e-02
3.820945322513580322e-02
1.081240177154541016e-02
2.777785062789916992e-02
6.178784370422363281e-02
6.578676402568817139e-02
4.301995038986206055e-02
5.474394559860229492e-02
8.052842319011688232e-02
2.794265747070312500e-02
3.068614006042480469e-02
3.893300890922546387e-03
3.996562957763671875e-02
2.144229412078857422e-02
5.770957842469215393e-02
2.823227643966674805e-02
3.055578470230102539e-02
3.462326526641845703e-02
3.711330890655517578e-02
8.909171819686889648e-02
1.233943551778793335e-02
4.605773091316223145e-02
5.401724576950073242e-02
3.717249631881713867e-02
4.737946391105651855e-02
2.472066879272460938e-02
1.750813424587249756e-02
6.467515230178833008e-02
3.909844160079956055e-02
1.853176951408386230e-02
4.995368421077728271e-02
5.946379899978637695e-02
7.135003805160522461e-02
5.374783277511596680e-02
5.798476934432983398e-02
4.820787906646728516e-02
5.086722970008850098e-02
1.785153150558471680e-02
1.554161310195922852e-02
9.366945549845695496e-02
2.763915061950683594e-02
1.308041810989379883e-02
3.453730419278144836e-02
2.580726146697998047e-02
2.932703495025634766e-02
2.531162649393081665e-02
1.475504040718078613e-02
1.036127209663391113e-01
6.540382653474807739e-02
1.222014427185058594e-02
5.631202459335327148e-02
5.808758735656738281e-02
1.465976238250732422e-03
1.238489151000976562e-02
1.216730475425720215e-02
2.853418886661529541e-02
3.581094741821289062e-02
3.965413570404052734e-02
6.434069573879241943e-02
3.286325931549072266e-02
4.399883747100830078e-02
6.700941920280456543e-02
1.193964481353759766e-02
8.320015668869018555e-02
4.861345887184143066e-02
4.163777828216552734e-02
4.509520530700683594e-02
1.553282141685485840e-03
6.325316429138183594e-02
1.098048686981201172e-02
1.470030844211578369e-02
1.813268661499023438e-02
1.952195167541503906e-02
5.068808794021606445e-03
3.520545363426208496e-02
3.054541349411010742e-02
4.001677036285400391e-02
2.878689765930175781e-02
6.637310981750488281e-02
6.697091460227966309e-02
2.836522459983825684e-02
5.896914005279541016e-02
6.501880288124084473e-02
6.819543987512588501e-02
7.990479469299316406e-03
3.551727533340454102e-02
8.316665887832641602e-02
4.483586549758911133e-02
8.575320243835449219e-04
7.071827724575996399e-02
4.517900943756103516e-02
6.129145622253417969e-03
6.406657397747039795e-03
4.669010639190673828e-03
5.435746908187866211e-02
2.993860840797424316e-02
6.865113973617553711e-03
8.664351701736450195e-02
2.344404160976409912e-02
2.154576778411865234e-02
1.908761262893676758e-02
3.338840603828430176e-02
2.857819199562072754e-02
1.915365457534790039e-02
4.733750224113464355e-02
1.047194302082061768e-01
7.164335250854492188e-02
3.311336040496826172e-02
6.457803398370742798e-02
7.819652557373046875e-03
5.321204662322998047e-02
4.155110567808151245e-02
2.560877799987792969e-02
2.099704742431640625e-02
6.005595251917839050e-02
5.693697929382324219e-02
1.801270246505737305e-02
3.490971028804779053e-02
4.148358106613159180e-02
3.892558813095092773e-02
5.025565624237060547e-03
1.755627989768981934e-02
5.631166696548461914e-02
3.590907156467437744e-02
2.169162034988403320e-03
3.712224960327148438e-02
6.735593080520629883e-03
1.517578959465026855e-02
3.598052263259887695e-02
3.271758556365966797e-02
1.575961709022521973e-03
1.914143562316894531e-02
5.153590440750122070e-02
8.496551215648651123e-02
3.433722257614135742e-02
5.463904142379760742e-02
9.657172113656997681e-02
8.972167968750000000e-02
5.765712261199951172e-02
5.759302526712417603e-02
3.176212310791015625e-03
5.694007873535156250e-02
4.163427278399467468e-02
4.300069808959960938e-02
1.155167818069458008e-02
1.849794387817382812e-02
5.155369639396667480e-02
1.995182037353515625e-02
3.913033008575439453e-02
3.937125205993652344e-03
5.416476726531982422e-02
7.475823163986206055e-02
4.561126232147216797e-03
5.290603637695312500e-02
6.380668282508850098e-02
8.545362949371337891e-02
1.662313938140869141e-03
3.315454721450805664e-02
3.472904860973358154e-02
2.048647403717041016e-02
2.476966381072998047e-02
2.836206555366516113e-02
2.446758747100830078e-02
1.641082763671875000e-02
6.226065009832382202e-02
2.803695201873779297e-02
1.126499176025390625e-01
4.427283629775047302e-02
2.264052629470825195e-02
3.525400161743164062e-02
4.623942077159881592e-03
3.744837641716003418e-02
3.189903497695922852e-02
2.797204256057739258e-02
2.252885699272155762e-02
7.825851440429687500e-03
2.198866009712219238e-02
3.309062123298645020e-02
6.434869766235351562e-02
4.529619216918945312e-02
7.350653409957885742e-03
1.753646135330200195e-02
7.636144757270812988e-02
8.996476233005523682e-02
7.225126028060913086e-02
2.921003103256225586e-02
9.493150562047958374e-02
1.539146900177001953e-02
8.803009986877441406e-03
6.833615154027938843e-02
1.833802461624145508e-02
8.183181285858154297e-03
9.716674685478210449e-03
2.000880241394042969e-02
4.552704095840454102e-02
1.035552471876144409e-02
3.784283995628356934e-02
3.754258155822753906e-02
3.924511373043060303e-02
3.950464725494384766e-02
1.185387372970581055e-02
1.373763382434844971e-02
3.020447492599487305e-02
5.294477939605712891e-02
5.965024232864379883e-02
6.638300418853759766e-02
7.212883234024047852e-02
3.887075185775756836e-02
9.270439296960830688e-02
2.857375144958496094e-02
2.967458963394165039e-02
5.571398138999938965e-02
2.434766292572021484e-02
4.619753360748291016e-02
8.172169514000415802e-02
4.630649089813232422e-02
5.555057525634765625e-02
1.765865832567214966e-02
3.542453050613403320e-02
3.122740983963012695e-02
2.832879871129989624e-02
6.537735462188720703e-04
3.116023540496826172e-02
3.725337982177734375e-02
7.123619318008422852e-03
7.488489151000976562e-02
3.026945888996124268e-02
8.924394845962524414e-03
6.902271509170532227e-02
5.827134847640991211e-02
6.099276244640350342e-02
5.586814880371093750e-02
4.988169670104980469e-02
3.442464768886566162e-02
8.313775062561035156e-03
3.856056928634643555e-02
5.304919183254241943e-02
2.417844533920288086e-02
4.393279552459716797e-03
8.175493404269218445e-02
3.911972045898437500e-02
1.834690570831298828e-02
4.583684727549552917e-02
3.986692428588867188e-02
1.435977220535278320e-02
3.136678040027618408e-02
4.992642998695373535e-02
1.601517200469970703e-02
2.999535202980041504e-02
1.113802194595336914e-02
4.529261589050292969e-02
5.920891463756561279e-02
4.260477423667907715e-02
5.581378936767578125e-02
6.140881776809692383e-02
4.636162519454956055e-02
3.802692890167236328e-02
1.803904771804809570e-02
5.885773897171020508e-02
2.592194080352783203e-02
8.020943403244018555e-02
9.317972511053085327e-02
5.078363418579101562e-02
3.364300727844238281e-02
8.367685973644256592e-02
7.003170251846313477e-02
1.421904563903808594e-02
1.442422717809677124e-02
1.592367887496948242e-02
3.355777263641357422e-02
6.522467732429504395e-02
3.715574741363525391e-03
5.435872077941894531e-02
2.453504502773284912e-02
4.592189192771911621e-02
3.338277339935302734e-03
5.067333579063415527e-02
3.668329119682312012e-02
2.972632646560668945e-02
7.540905475616455078e-02
9.109173715114593506e-02
6.377416849136352539e-02
3.702744841575622559e-02
5.731680244207382202e-02
2.773481607437133789e-02
3.146541118621826172e-02
6.718610972166061401e-02
6.858646869659423828e-03
2.676719427108764648e-02
3.520108014345169067e-02
4.802775382995605469e-02
2.167880535125732422e-02
9.727716445922851562e-03
3.623056411743164062e-02
5.688536167144775391e-02
8.186750113964080811e-03
5.020841956138610840e-02
7.424384355545043945e-02
4.891064763069152832e-02
8.441120386123657227e-03
1.811927556991577148e-02
2.999816834926605225e-02
5.323559045791625977e-03
5.021762847900390625e-02
2.971747517585754395e-02
1.431380212306976318e-02
6.427931785583496094e-02
2.954164147377014160e-02
1.480503380298614502e-01
7.102012634277343750e-03
4.462236166000366211e-02
7.845669984817504883e-02
2.548080682754516602e-02
2.393615245819091797e-02
3.366233780980110168e-02
1.040294170379638672e-01
6.463760137557983398e-02
5.049758777022361755e-02
4.781532287597656250e-02
5.442327260971069336e-02
4.929950088262557983e-02
9.187817573547363281e-03
2.426457405090332031e-02
4.101823270320892334e-02
2.575352787971496582e-02
2.063512802124023438e-02
3.328007459640502930e-02
1.005187630653381348e-02
4.671132564544677734e-02
7.585525512695312500e-02
3.908702731132507324e-02
7.372659444808959961e-02
6.328743696212768555e-02
1.291266828775405884e-01
4.350572824478149414e-02
7.381594181060791016e-02
9.588252380490303040e-02
2.697706222534179688e-04
3.677606582641601562e-05
3.021210804581642151e-02
2.785098552703857422e-02
1.461994647979736328e-02
3.117252141237258911e-02
1.485842466354370117e-02
1.256716251373291016e-02
1.346401125192642212e-02
2.088376879692077637e-02
5.369997024536132812e-02
3.680765628814697266e-02
3.965973854064941406e-03
6.736814975738525391e-03
4.949167370796203613e-03
5.395182967185974121e-02
3.177195787429809570e-02
2.405631542205810547e-02
4.765689373016357422e-02
3.010165691375732422e-02
3.442168235778808594e-02
2.202697098255157471e-02
2.315765619277954102e-02
5.254447460174560547e-02
6.227900832891464233e-02
8.302390575408935547e-03
4.395771026611328125e-02
6.128098443150520325e-02
4.502207040786743164e-02
5.063778162002563477e-02
2.497828006744384766e-02
7.618159055709838867e-02
1.381033658981323242e-02
1.287140697240829468e-02
1.501074433326721191e-02
5.908429622650146484e-02
2.214550971984863281e-03
3.387638926506042480e-02
4.538619518280029297e-02
6.931114196777343750e-02
7.465697824954986572e-02
4.783928394317626953e-03
1.027275919914245605e-01
7.444337010383605957e-02
1.761281490325927734e-02
3.661826252937316895e-02
8.680648356676101685e-02
7.529145479202270508e-02
1.727712154388427734e-02
6.075475364923477173e-02
1.262772083282470703e-02
4.608631134033203125e-03
5.503296852111816406e-02
1.270294189453125000e-03
4.028433561325073242e-02
6.817397475242614746e-02
1.053428649902343750e-02
8.104622364044189453e-02
5.247738957405090332e-02
1.271122694015502930e-02
2.367448806762695312e-02
1.209614425897598267e-02
3.693759441375732422e-02
4.706054925918579102e-02
5.793124437332153320e-04
6.820052862167358398e-03
2.992904186248779297e-02
7.517760992050170898e-02
5.956083536148071289e-02
2.275907993316650391e-02
6.585156917572021484e-02
9.593390673398971558e-02
9.575510025024414062e-02
3.753447532653808594e-02
7.569430768489837646e-02
1.087778806686401367e-02
3.594160079956054688e-04
6.057797372341156006e-02
1.315164566040039062e-02
2.440208196640014648e-02
2.495416626334190369e-02
7.037371397018432617e-02
6.726169586181640625e-02
1.549696922302246094e-02
3.378894925117492676e-02
2.847433090209960938e-02
2.467492222785949707e-02
2.234226465225219727e-02
1.647448539733886719e-02
3.451526165008544922e-02
2.008303999900817871e-02
5.126851797103881836e-02
3.525909781455993652e-02
4.391855001449584961e-02
6.938934326171875000e-02
1.068184077739715576e-01
4.979616403579711914e-02
8.814203739166259766e-02
4.358273744583129883e-02
8.085244148969650269e-02
2.202606201171875000e-02
3.400862216949462891e-02
7.930280454456806183e-02
1.182734966278076172e-02
8.195757865905761719e-03
2.264509350061416626e-02
1.122516393661499023e-02
5.959975719451904297e-02
1.330913975834846497e-02
4.210212826728820801e-02
4.505717754364013672e-02
8.537332713603973389e-02
4.936057329177856445e-02
2.392178773880004883e-02
4.553505778312683105e-02
4.547575116157531738e-02
1.776677370071411133e-02
4.231345653533935547e-02
5.879363417625427246e-02
2.194970846176147461e-02
2.868488430976867676e-02
1.125150993466377258e-01
5.778026580810546875e-02
6.547397375106811523e-02
1.034223847091197968e-01
2.917575836181640625e-02
3.496783971786499023e-02
8.544996380805969238e-03
3.427821397781372070e-02
2.199429273605346680e-02
1.554891467094421387e-02
3.090685606002807617e-02
2.799630165100097656e-03
1.615940779447555542e-02
2.370157837867736816e-02
3.695702552795410156e-02
1.834329962730407715e-02
4.475265741348266602e-03
3.645855188369750977e-02
3.974522650241851807e-02
1.886191964149475098e-02
7.694667577743530273e-02
1.278239488601684570e-02
3.020395338535308838e-02
7.468461990356445312e-04
6.548449397087097168e-02
6.452073156833648682e-02
1.821571588516235352e-02
7.462662458419799805e-02
2.534242719411849976e-02
5.424892902374267578e-02
1.678401231765747070e-02
6.516935676336288452e-02
4.664534330368041992e-02
1.069277524948120117e-02
7.813611999154090881e-02
5.030035972595214844e-03
1.055333614349365234e-01
2.880553156137466431e-02
9.462535381317138672e-04
3.878414630889892578e-02
4.615381360054016113e-02
1.612186431884765625e-03
8.486688137054443359e-02
1.401236653327941895e-02
6.058216094970703125e-03
6.842756271362304688e-02
5.773779749870300293e-02
2.870053052902221680e-02
7.601976394653320312e-03
6.893032789230346680e-02
5.659048259258270264e-02
2.328813076019287109e-03
1.106858253479003906e-03
8.592727407813072205e-02
4.523533582687377930e-02
5.097341537475585938e-02
1.655737310647964478e-02
4.658722877502441406e-02
4.920315742492675781e-02
1.489741727709770203e-02
2.091890573501586914e-02
5.209386348724365234e-03
7.913485169410705566e-04
4.812285304069519043e-02
4.928600788116455078e-02
1.162138581275939941e-02
1.395684480667114258e-02
3.596943616867065430e-02
1.250931620597839355e-02
4.117786884307861328e-03
5.503755807876586914e-02
4.318222403526306152e-02
6.767794489860534668e-02
6.788539886474609375e-02
2.992621064186096191e-02
8.741900324821472168e-02
2.741479873657226562e-02
3.708845376968383789e-02
2.966462820768356323e-02
2.590841054916381836e-02
2.570122480392456055e-02
2.553241699934005737e-02
6.809991598129272461e-02
3.181338310241699219e-02
6.058323755860328674e-02
5.595731735229492188e-02
5.359053611755371094e-02
7.300481200218200684e-03
5.545714497566223145e-02
6.546586751937866211e-02
5.989181995391845703e-02
6.443232297897338867e-03
5.006015300750732422e-03
6.446823477745056152e-02
1.034098863601684570e-02
2.439886331558227539e-02
4.299324750900268555e-02
9.552098810672760010e-02
9.615206718444824219e-02
1.363343000411987305e-02
7.498423755168914795e-02
3.665983676910400391e-03
6.035089492797851562e-02
8.582031726837158203e-02
5.225163698196411133e-02
2.499783039093017578e-02
7.494352012872695923e-02
4.952132701873779297e-02
4.643213748931884766e-02
1.471501588821411133e-02
4.543793201446533203e-02
4.406565427780151367e-02
3.647188842296600342e-02
4.863336682319641113e-02
2.238088846206665039e-02
6.026715040206909180e-03
8.194535970687866211e-03
6.325763463973999023e-02
4.638746380805969238e-03
4.769945144653320312e-02
3.218954801559448242e-02
9.630897641181945801e-02
6.785777211189270020e-02
3.768497705459594727e-02
5.678600072860717773e-02
6.518715620040893555e-02
4.149848222732543945e-02
1.939177513122558594e-02
1.058999225497245789e-01
1.151931285858154297e-02
3.349721431732177734e-03
5.182161554694175720e-02
2.118706703186035156e-03
4.106861352920532227e-02
7.176496088504791260e-03
6.252253055572509766e-02
3.570628166198730469e-02
2.929280698299407959e-02
7.600960135459899902e-02
1.294332742691040039e-02
1.188607513904571533e-02
2.116852998733520508e-02
2.514696121215820312e-02
1.330620050430297852e-02
4.623803496360778809e-02
5.882292985916137695e-02
8.007490634918212891e-02
3.883746266365051270e-02
6.371450424194335938e-02
6.637102365493774414e-02
8.522237092256546021e-02
1.261466741561889648e-02
3.838419914245605469e-03
3.762295842170715332e-02
1.896643638610839844e-02
1.126772165298461914e-02
5.014390870928764343e-02
3.671938180923461914e-02
4.624861478805541992e-02
6.046845763921737671e-02
3.968507051467895508e-02
6.220400333404541016e-02
1.669313758611679077e-02
1.889377832412719727e-03
8.608019351959228516e-02
1.311944425106048584e-02
3.541737794876098633e-03
2.522230148315429688e-03
7.960677146911621094e-03
7.162094116210937500e-04
7.770061492919921875e-03
3.887736797332763672e-02
3.921566903591156006e-02
3.365623950958251953e-02
3.425636887550354004e-02
1.201050803065299988e-01
5.829274654388427734e-02
5.370229482650756836e-02
1.267297007143497467e-01
5.123037099838256836e-02
8.315253257751464844e-02
5.104811489582061768e-02
1.010537147521972656e-02
4.227060079574584961e-02
1.501020044088363647e-03
4.707789421081542969e-02
2.828198671340942383e-02
1.163271814584732056e-02
6.977704167366027832e-02
4.671591520309448242e-02
9.976230561733245850e-03
4.902830719947814941e-02
4.320114850997924805e-02
3.890910744667053223e-02
2.319997549057006836e-02
6.482285261154174805e-02
7.109320163726806641e-02
3.499829769134521484e-02
3.792053461074829102e-02
5.230638384819030762e-02
6.788527220487594604e-02
2.500933408737182617e-02
8.317649364471435547e-03
1.147272884845733643e-01
2.387684583663940430e-02
4.088479280471801758e-02
6.889224052429199219e-02
5.414855480194091797e-02
4.039549827575683594e-02
2.574989572167396545e-02
3.929215669631958008e-02
3.082722425460815430e-02
2.403032779693603516e-02
4.506382346153259277e-02
2.279400825500488281e-03
2.932859957218170166e-02
2.153912186622619629e-02
2.772068977355957031e-02
4.357990622520446777e-02
3.682273626327514648e-02
7.004410028457641602e-02
6.103354692459106445e-02
1.276495009660720825e-01
6.964147090911865234e-03
4.979389905929565430e-02
6.610518693923950195e-02
1.423549652099609375e-02
4.234808683395385742e-02
6.000468134880065918e-02
7.577723264694213867e-02
8.585393428802490234e-03
4.678130149841308594e-02
5.352282524108886719e-02
2.426624298095703125e-03
4.999965429306030273e-03
3.118932247161865234e-03
3.080534934997558594e-02
6.571739912033081055e-03
9.278953075408935547e-03
4.782080650329589844e-04
1.006145775318145752e-02
4.458826780319213867e-02
2.789908647537231445e-02
7.679134607315063477e-03
1.152673363685607910e-02
5.460757017135620117e-02
3.099533915519714355e-02
4.240740835666656494e-02
4.348415136337280273e-02
1.056554913520812988e-01
6.243643164634704590e-02
3.742969036102294922e-02
6.562125682830810547e-02
1.263558045029640198e-01
3.777980804443359375e-02
2.683335542678833008e-02
2.288409322500228882e-02
1.140266656875610352e-02
1.807039976119995117e-02
2.337418496608734131e-03
1.144164800643920898e-02
5.643230676651000977e-02
4.088868945837020874e-02
1.749277114868164062e-02
6.568270921707153320e-02
2.868771553039550781e-04
9.774902462959289551e-02
8.173704147338867188e-03
3.341652452945709229e-02
5.833566188812255859e-03
5.645620822906494141e-02
7.224479317665100098e-02
1.369668096303939819e-01
4.218941926956176758e-02
1.064146161079406738e-01
1.073827147483825684e-01
1.639813184738159180e-02
1.244962215423583984e-03
3.550760447978973389e-02
4.443895816802978516e-02
1.997733116149902344e-02
5.078370869159698486e-02
5.886459350585937500e-02
3.184247016906738281e-02
1.842707395553588867e-02
4.405212402343750000e-02
6.404042243957519531e-03
3.396628051996231079e-02
2.480903267860412598e-02
2.714788913726806641e-02
2.803143858909606934e-02
1.461589336395263672e-02
5.727189779281616211e-02
3.399996459484100342e-02
6.939320266246795654e-02
4.551160335540771484e-02
5.220526456832885742e-02
2.685748040676116943e-02
3.760719299316406250e-02
5.801284313201904297e-02
8.525723218917846680e-02
1.293265819549560547e-02
1.824796199798583984e-02
6.462146341800689697e-02
2.238076925277709961e-02
1.263260841369628906e-02
7.886825315654277802e-02
4.438048601150512695e-02
3.753507137298583984e-02
4.448795691132545471e-02
6.334567070007324219e-02
4.118144512176513672e-02
3.128581494092941284e-02
1.055702567100524902e-02
2.886593341827392578e-03
3.178407996892929077e-02
3.198954463005065918e-02
6.260907649993896484e-02
4.230213165283203125e-02
3.302246332168579102e-02
1.912730932235717773e-02
7.873407006263732910e-02
4.354700446128845215e-02
1.073205471038818359e-02
4.345193505287170410e-02
2.811659872531890869e-02
4.267483949661254883e-02
1.560097932815551758e-02
8.390650898218154907e-02
5.007338523864746094e-02
5.524778366088867188e-02
6.928001716732978821e-02
2.743262052536010742e-02
3.292292356491088867e-02
2.538576722145080566e-03
1.495021581649780273e-02
1.172459125518798828e-02
2.714917063713073730e-03
7.455936074256896973e-02
2.671802043914794922e-02
4.068650305271148682e-02
2.921652793884277344e-02
6.029134988784790039e-02
4.077440500259399414e-02
5.284473299980163574e-02
5.400168895721435547e-02
7.022771239280700684e-02
6.870636343955993652e-02
4.040968418121337891e-02
1.037257909774780273e-01
6.149357557296752930e-02
2.067250013351440430e-02
5.487120151519775391e-02
9.083083271980285645e-02
8.246541023254394531e-03
1.373714208602905273e-02
4.155929014086723328e-02
4.059469699859619141e-02
3.171241283416748047e-02
3.478854894638061523e-03
7.119792699813842773e-02
1.468729972839355469e-02
3.182384371757507324e-02
6.891041994094848633e-03
3.938519954681396484e-02
8.478850126266479492e-03
1.349151134490966797e-04
5.931961536407470703e-02
5.167038738727569580e-02
3.276512026786804199e-02
5.627793073654174805e-02
5.417141318321228027e-02
8.123447000980377197e-02
9.465932846069335938e-03
5.290573835372924805e-02
6.775940209627151489e-02
2.878957986831665039e-02
1.854330301284790039e-02
5.297610908746719360e-02
4.602313041687011719e-02
6.184589862823486328e-02
4.224317520856857300e-02
5.843651294708251953e-02
7.919043302536010742e-02
5.162465199828147888e-02
1.598006486892700195e-02
9.421885013580322266e-03
3.534600138664245605e-03
2.818933129310607910e-02
5.172759294509887695e-02
1.901993155479431152e-02
3.173112869262695312e-02
1.643592119216918945e-02
3.104975819587707520e-02
7.522702217102050781e-04
2.399069070816040039e-02
4.440832138061523438e-02
5.525477230548858643e-02
6.352454423904418945e-02
3.741455078125000000e-02
1.216874569654464722e-01
1.587820053100585938e-02
5.276155471801757812e-02
6.110113859176635742e-02
8.810579776763916016e-03
3.979301452636718750e-02
5.812513083219528198e-02
4.762500524520874023e-02
3.647953271865844727e-02
3.852170705795288086e-02
7.156866788864135742e-02
4.165875911712646484e-02
4.439434409141540527e-02
7.084175944328308105e-02
5.121529102325439453e-03
4.497939348220825195e-02
2.869537472724914551e-02
3.773343563079833984e-02
5.924001336097717285e-03
6.789228320121765137e-02
4.852056503295898438e-02
4.483115673065185547e-02
4.806424677371978760e-02
6.938844919204711914e-02
1.012867093086242676e-01
4.774748533964157104e-02
3.883385658264160156e-02
3.969246149063110352e-02
4.495298117399215698e-02
3.434771299362182617e-02
6.753981113433837891e-03
6.564453989267349243e-02
1.346898078918457031e-02
4.531574249267578125e-02
4.627060145139694214e-02
1.721924543380737305e-02
1.353186368942260742e-02
3.254637122154235840e-02
1.779150962829589844e-02
2.609729766845703125e-02
4.670152068138122559e-02
6.547272205352783203e-04
4.361295700073242188e-02
2.477498352527618408e-02
2.071085572242736816e-02
9.504318237304687500e-03
5.200880765914916992e-02
3.817200660705566406e-02
3.237205743789672852e-02
2.482622861862182617e-03
1.179730966687202454e-01
2.818483114242553711e-02
1.700544357299804688e-02
7.804847508668899536e-02
3.033053874969482422e-02
5.046063661575317383e-02
8.131477236747741699e-02
9.095096588134765625e-02
2.801722288131713867e-02
1.376803964376449585e-02
6.522893905639648438e-02
1.513415575027465820e-02
5.028337985277175903e-02
1.225614547729492188e-02
3.424751758575439453e-02
2.159978449344635010e-02
7.845252752304077148e-03
2.574896812438964844e-02
3.488434851169586182e-02
2.683553099632263184e-02
2.261662483215332031e-02
9.775829315185546875e-02
4.489563405513763428e-02
6.299972534179687500e-02
3.154674172401428223e-02
1.043125167489051819e-01
7.554167509078979492e-02
5.958372354507446289e-02
6.877754628658294678e-02
4.635053873062133789e-02
9.122848510742187500e-03
4.626057296991348267e-02
7.381141185760498047e-03
6.663948297500610352e-02
1.127318292856216431e-02
7.025104761123657227e-02
9.475481510162353516e-02
5.082055926322937012e-03
1.733750104904174805e-03
2.757066488265991211e-02
2.016250789165496826e-02
7.070928812026977539e-03
5.184322595596313477e-02
1.895567774772644043e-02
1.275482773780822754e-02
1.664990186691284180e-02
4.074117541313171387e-02
4.473787546157836914e-02
1.928144693374633789e-02
6.199371814727783203e-02
5.196690559387207031e-02
4.103481769561767578e-02
2.477663755416870117e-02
8.631644025444984436e-02
8.076310157775878906e-03
2.515745162963867188e-02
6.602674350142478943e-02
2.946257591247558594e-04
2.603429555892944336e-02
2.293932437896728516e-02
3.354948759078979492e-02
8.274859189987182617e-02
4.742741584777832031e-03
8.037993311882019043e-02
4.204767942428588867e-02
2.504141628742218018e-02
3.966626524925231934e-02
2.382874488830566406e-02
5.672091245651245117e-02
3.075087070465087891e-02
1.807725429534912109e-02
7.094278931617736816e-02
1.140238344669342041e-02
5.347102880477905273e-02
5.137565732002258301e-02
4.882904887199401855e-02
5.058604478836059570e-02
7.329821586608886719e-02
1.177845709025859833e-01
4.100084304809570312e-03
1.333636045455932617e-02
5.823052674531936646e-02
5.700945854187011719e-02
2.124547958374023438e-02
4.244782030582427979e-03
6.358152627944946289e-02
2.670627832412719727e-02
1.350645720958709717e-02
2.403834462165832520e-02
3.481537103652954102e-02
1.438434422016143799e-02
2.922564744949340820e-03
5.376839637756347656e-02
1.166461408138275146e-02
5.883610248565673828e-02
3.152221441268920898e-02
5.263215303421020508e-02
6.031087040901184082e-02
1.658493280410766602e-02
8.377501368522644043e-02
2.205085754394531250e-02
1.156187057495117188e-02
3.843873739242553711e-02
1.140121221542358398e-01
3.721433877944946289e-02
1.123321056365966797e-02
8.006933704018592834e-02
5.813992023468017578e-02
7.785838842391967773e-02
2.885207906365394592e-02
1.709753274917602539e-02
7.589781284332275391e-02
1.142018288373947144e-02
2.826866507530212402e-02
7.757484912872314453e-03
8.268902450799942017e-02
1.897069811820983887e-02
5.405938625335693359e-02
2.643011510372161865e-02
1.341545581817626953e-02
1.499217748641967773e-02
1.484736800193786621e-02
4.474903643131256104e-02
4.176151752471923828e-02
1.442077755928039551e-02
7.961735874414443970e-02
3.945547342300415039e-02
6.272727251052856445e-02
1.070264317095279694e-01
9.552597999572753906e-03
8.024960756301879883e-02
4.558879882097244263e-02
9.212493896484375000e-03
3.495943546295166016e-02
1.432177796959877014e-02
4.009723663330078125e-02
5.196082592010498047e-02
8.205026388168334961e-03
3.822150826454162598e-02
5.469441413879394531e-03
2.061781287193298340e-02
1.261660456657409668e-02
3.463512659072875977e-02
2.742911875247955322e-02
8.624792098999023438e-03
5.584686994552612305e-02
4.024836421012878418e-02
6.553074717521667480e-02
5.750024318695068359e-02
6.547412276268005371e-02
1.319315806031227112e-01
2.883678674697875977e-02
2.035003900527954102e-02
7.849836349487304688e-02
2.693837881088256836e-02
9.302794933319091797e-03
6.988881342113018036e-02
1.607376337051391602e-02
6.278437376022338867e-02
1.430126279592514038e-02
2.354019880294799805e-02
7.503008842468261719e-02
2.225573360919952393e-02
2.138057351112365723e-02
2.733123302459716797e-02
4.607686400413513184e-02
2.211508154869079590e-02
2.604156732559204102e-02
3.830125927925109863e-02
1.250079274177551270e-02
1.901984214782714844e-04
3.325882554054260254e-02
3.909292817115783691e-02
8.500796556472778320e-02
3.832837939262390137e-02
2.878314256668090820e-02
1.070868372917175293e-01
1.713895797729492188e-02
1.033746190369129181e-01
3.943204879760742188e-03
1.144576072692871094e-02
5.921795964241027832e-02
3.490620851516723633e-02
2.889519929885864258e-02
8.142061531543731689e-03
2.787703275680541992e-02
3.448700904846191406e-02
5.806875973939895630e-02
2.524307370185852051e-02
3.424036502838134766e-02
4.362024366855621338e-02
2.108782529830932617e-03
4.528182744979858398e-02
9.484206140041351318e-02
1.299867033958435059e-02
1.760953664779663086e-02
1.718729734420776367e-02
4.080560803413391113e-02
3.573054075241088867e-02
3.211531043052673340e-02
5.948078632354736328e-02
4.064691066741943359e-02
5.063414573669433594e-02
1.014767959713935852e-01
7.163286209106445312e-04
4.438406229019165039e-02
6.839055940508842468e-02
1.678514480590820312e-02
5.122852325439453125e-02
7.410242781043052673e-02
2.278172969818115234e-02
3.609919548034667969e-02
1.449402421712875366e-02
2.248403429985046387e-02
3.474408388137817383e-02
8.100694417953491211e-02
4.582801461219787598e-02
5.364924669265747070e-02
3.859753906726837158e-02
1.308280229568481445e-02
3.691315650939941406e-02
2.672502398490905762e-02
9.557503461837768555e-02
2.772456407546997070e-02
7.043460011482238770e-02
6.768590956926345825e-02
3.593343496322631836e-02
5.863577127456665039e-02
5.833911150693893433e-02
1.468139886856079102e-02
3.426647186279296875e-02
5.445932596921920776e-02
3.261029720306396484e-02
1.313477754592895508e-02
3.236502408981323242e-03
2.764761447906494141e-02
2.342408895492553711e-02
2.972448617219924927e-02
1.950904726982116699e-02
4.059588909149169922e-02
1.706767082214355469e-02
1.612335443496704102e-03
5.697935819625854492e-02
3.994986414909362793e-03
4.979020357131958008e-02
2.883559465408325195e-02
5.734077095985412598e-02
7.585439085960388184e-02
9.443104267120361328e-03
7.562929391860961914e-02
4.517453908920288086e-02
4.990339279174804688e-02
4.001057147979736328e-02
8.863180875778198242e-02
3.456294536590576172e-02
3.381127119064331055e-02
7.959602400660514832e-02
3.030389547348022461e-02
6.540119647979736328e-03
1.946607232093811035e-02
1.964247226715087891e-02
5.559790134429931641e-02
4.581848531961441040e-02
2.612581849098205566e-02
5.202579498291015625e-02
4.044070839881896973e-03
2.609199285507202148e-02
3.770792484283447266e-02
7.310241460800170898e-03
1.333341002464294434e-02
4.967063665390014648e-02
9.774041175842285156e-02
9.652379155158996582e-02
2.439165115356445312e-02
3.847879171371459961e-02
6.201350688934326172e-02
1.052783727645874023e-01
1.502275466918945312e-02
8.690969645977020264e-02
5.953842401504516602e-02
5.490094423294067383e-02
3.367881476879119873e-02
8.273482322692871094e-03
3.878951072692871094e-03
1.889373362064361572e-02
5.510474145412445068e-01
8.143864646553993225e-01
1.307181678712368011e-01
2.700868248939514160e-02
1.779484152793884277e-01
8.245292752981185913e-01
8.500330895185470581e-01
5.496838986873626709e-01
6.925401985645294189e-01
5.501708090305328369e-01
3.588819503784179688e-02
3.497191667556762695e-01
4.879131913185119629e-01
9.212648868560791016e-02
2.461087107658386230e-01
1.743192672729492188e-01
6.503469645977020264e-01
8.008031919598579407e-01
5.543617904186248779e-01
6.782892090268433094e-01
7.493867129087448120e-01
5.325634405016899109e-01
1.958546881796792150e-01
6.521005183458328247e-02
3.225711514241993427e-01
2.841336727142333984e-01
2.712354734539985657e-01
2.513430230319499969e-01
2.849630564451217651e-01
7.378867566585540771e-01
6.528083384037017822e-01
6.273492276668548584e-01
6.941982805728912354e-01
7.283609360456466675e-01
4.485290050506591797e-01
1.010304689407348633e-01
1.779670119285583496e-01
3.080832958221435547e-01
2.555013895034790039e-01
3.535244464874267578e-01
1.668508052825927734e-01
5.522243082523345947e-01
7.162931635975837708e-01
5.726912319660186768e-01
6.414779764600098133e-01
6.549491137266159058e-01
5.500002428889274597e-01
1.961899643065407872e-01
5.775734037160873413e-02
3.645555009134113789e-01
2.922168672084808350e-01
2.715472653508186340e-01
3.400433026254177094e-01
2.560358494520187378e-01
7.771410644054412842e-01
6.750145852565765381e-01
6.303921341896057129e-01
7.378104031085968018e-01
7.282132953405380249e-01
4.678094387054443359e-01
1.233419179916381836e-01
1.827084422111511230e-01
3.336088061332702637e-01
2.547726631164550781e-01
3.474003672599792480e-01
1.709246039390563965e-01
5.602065622806549072e-01
7.162931635975837708e-01
5.891450941562652588e-01
6.414779764600098133e-01
6.548871248960494995e-01
5.610083863139152527e-01
1.937069540144875646e-01
4.755885154008865356e-02
3.800046970136463642e-01
2.921567261219024658e-01
2.720725610852241516e-01
3.406290970742702484e-01
2.560101598501205444e-01
7.771484553813934326e-01
6.750112473964691162e-01
6.271959543228149414e-01
7.440796196460723877e-01
7.282132953405380249e-01
4.536859989166259766e-01
1.233419179916381836e-01
1.827084422111511230e-01
3.048462271690368652e-01
2.613298296928405762e-01
3.639104366302490234e-01
1.356456279754638672e-01
5.602206289768218994e-01
7.162931635975837708e-01
5.891450941562652588e-01
6.414779764600098133e-01
6.548871248960494995e-01
5.610083863139152527e-01
1.931438540341332555e-01
5.029808729887008667e-02
3.800046970136463642e-01
2.969502210617065430e-01
5.382271111011505127e-01
1.785481721162796021e-01
2.512256354093551636e-01
6.686563193798065186e-01
1.462552845478057861e-01
2.565431594848632812e-01
2.405350208282470703e-01
5.417120456695556641e-02
1.941621899604797363e-01
7.372784614562988281e-02
7.156282663345336914e-02
2.222408056259155273e-01
1.710066795349121094e-01
8.639988303184509277e-02
1.026002392172813416e-01
1.325404644012451172e-01
1.525104045867919922e-01
5.324743688106536865e-02
1.541803479194641113e-01
1.253278851509094238e-01
6.553041934967041016e-02
5.817073583602905273e-02
4.428571462631225586e-02
8.401557803153991699e-02
5.360883474349975586e-02
6.609505414962768555e-02
3.827214986085891724e-02
1.397770643234252930e-02
6.270790100097656250e-02
1.523375511169433594e-03
2.604728937149047852e-02
1.419014334678649902e-01
3.406666219234466553e-02
1.367619633674621582e-02
6.572431325912475586e-02
4.312667250633239746e-02
7.340514659881591797e-02
5.995035171508789062e-04
3.577977418899536133e-03
8.704115450382232666e-02
3.244829177856445312e-02
8.134210109710693359e-02
1.254803091287612915e-01
7.237672805786132812e-03
8.728361129760742188e-02
9.124219417572021484e-02
2.311807870864868164e-02
4.512572288513183594e-02
2.933838963508605957e-02
3.825259208679199219e-02
6.310290098190307617e-02
2.232730388641357422e-02
3.505814075469970703e-02
7.758992910385131836e-02
1.777932047843933105e-03
5.000519752502441406e-02
6.052792072296142578e-03
4.937171936035156250e-03
1.414218544960021973e-02
2.705615758895874023e-02
5.784630775451660156e-05
5.927549302577972412e-02
6.564480066299438477e-02
4.068884253501892090e-02
9.518074989318847656e-02
4.922372102737426758e-02
3.059762716293334961e-02
1.194173134863376617e-01
6.396633386611938477e-02
3.026407957077026367e-02
1.050137970596551895e-01
4.144966602325439453e-02
4.121512174606323242e-02
6.800686568021774292e-02
1.896268129348754883e-02
6.163209676742553711e-02
1.341590285301208496e-02
6.531712412834167480e-02
1.731735467910766602e-02
5.361474305391311646e-02
2.342134714126586914e-03
1.279485225677490234e-02
4.946345090866088867e-02
5.832731723785400391e-02
1.174932718276977539e-02
7.502761483192443848e-02
4.927097260951995850e-02
4.062211513519287109e-02
5.226880311965942383e-02
5.462639033794403076e-02
9.643679857254028320e-02
7.014513015747070312e-03
1.174117457121610641e-01
5.045682191848754883e-02
3.543615341186523438e-03
4.699895530939102173e-02
5.112230777740478516e-02
4.089528322219848633e-02
5.445830523967742920e-03
1.685857772827148438e-03
4.532104730606079102e-02
2.612989395856857300e-02
5.234700441360473633e-02
2.921980619430541992e-02
2.862453460693359375e-03
2.500250935554504395e-02
5.575418472290039062e-04
6.831336021423339844e-02
1.938676834106445312e-02
9.472775459289550781e-02
4.736649990081787109e-02
8.768291771411895752e-02
5.874711275100708008e-02
4.414719343185424805e-02
4.681643843650817871e-02
4.975688457489013672e-02
6.026953458786010742e-02
7.193684577941894531e-03
1.097214221954345703e-02
3.458118438720703125e-02
6.898115947842597961e-02
3.535735607147216797e-02
3.540813922882080078e-03
5.186750739812850952e-02
2.286553382873535156e-02
7.299673557281494141e-02
2.048492431640625000e-03
3.333833813667297363e-02
3.568285703659057617e-02
3.493748605251312256e-02
3.889590501785278320e-02
8.544564247131347656e-03
3.061532974243164062e-03
3.689190745353698730e-02
6.107378005981445312e-02
1.105546951293945312e-02
5.384434759616851807e-02
5.352324247360229492e-02
6.656315922737121582e-02
9.026108682155609131e-02
3.621017932891845703e-02
2.751895785331726074e-02
5.855558812618255615e-02
2.352523803710937500e-02
5.402296781539916992e-02
2.358356863260269165e-02
1.160585880279541016e-02
4.684597253799438477e-02
3.035815060138702393e-02
3.254210948944091797e-02
4.777950048446655273e-02
1.102223992347717285e-02
